Array para T1:
Array para T2:
Array para T3:
Array para T4:
Array para T5:
Media do array: 

[array([ 5.8,  6.8,  5.6,  6.2,  7.8,  5.8,  5.2,  6.2,  6.2,  8.4,  5.6,
        7.4,  6.4,  6.6,  9. ,  8. ,  8.8,  9.2,  7.6,  5.8,  5.4,  7.6,
        5.6,  6. , 10.2,  7.2,  6.8,  7. ,  8.2,  7.6,  7. , 10.8,  8.2,
        5.6,  7.4,  6. ,  5.8,  6.6,  8.4,  6. ,  6. ,  8.4,  8.8,  6.4,
        8.6,  5.8,  6.6,  6.6,  6.6,  6.4,  5.6,  6.6,  6. ,  7.4,  6.4,
        6.6,  7.2,  7.2,  5.6,  6.8,  6. ,  8.4,  8.8,  8. ,  8.8,  7.4,
        8. ,  8. ,  6. ,  5.4])]

Valor minimo: 
5.2

Valor maximo: 
10.8

Valor medio: 
7.031428571428571

Valor da soma: 
492.2

95 percentil: 
5.3311

99 percentil: 
5.33662

