Array para T1:
Array para T2:
Array para T3:
Array para T4:
Array para T5:
Media do array: 

[array([ 6.4,  7.6,  6.2,  6.6,  9.4,  6.4,  6. ,  6.8,  6.8,  9.8,  6.6,
        8.6,  6.8,  6.8, 11. ,  9.6, 11. , 11. ,  8.8,  6.6,  6.6,  8.8,
        6.2,  6.6, 11.4,  8. ,  7.2,  7.8,  9.2,  9. ,  7.6, 12. ,  9.6,
        6. ,  8. ,  6.4,  6.6,  7.2,  9.8,  6.4,  6.8,  9.8,  9.6,  7.6,
        9.8,  6.6,  7.4,  7.6,  7.2,  6.8,  6. ,  7.6,  6.2,  9. ,  7. ,
        7.2,  7.8,  7.8,  6. ,  7.6,  6.8,  9.4, 10. ,  9.6,  9.8,  7.6,
        9.4,  9.4,  6.8,  6.2])]

Valor minimo: 
6.0

Valor maximo: 
12.0

Valor medio: 
7.937142857142856

Valor da soma: 
555.5999999999999

95 percentil: 
6.0

99 percentil: 
6.0

