Array para T1:
Array para T2:
Array para T3:
Array para T4:
Array para T5:
Media do array: 

[array([15.6, 13. , 15.2, 16.6,  7.4, 17.6, 17.4,  7.8,  7.8, 19.6, 22.2,
       16. , 16.4, 14.2, 10.8, 11.6, 11.8, 17.4, 21.2, 34.8, 22. , 25.4,
       26.8, 38.4, 28.8, 31.4, 36. , 37.6, 32.4, 42.2, 42.8, 36. , 41. ,
       47.6, 48.6, 49.8, 49.8, 48.4, 54.8, 58. , 56.8, 57.6, 54.2, 57.6,
       60. , 61.6, 50.4, 40.4, 43.4, 47. , 47. , 50. , 57.6, 55. , 57.2,
       64.6, 68.8, 76.8, 68.2, 73.6, 77.2, 72.6, 75. , 68.4, 72.6, 77.6,
       72.6, 71. , 74.6, 74.4])]

Valor minimo: 
7.4

Valor maximo: 
77.6

Valor medio: 
42.79999999999999

Valor da soma: 
2995.9999999999995

95 percentil: 
7.6622

99 percentil: 
7.67324

