Array para T1:
Array para T2:
Array para T3:
Array para T4:
Array para T5:
Media do array: 

[array([6.2, 6.2, 6.2, 6.2, 6.4, 6.2, 6. , 6.2, 6.2, 6.2, 6.4, 6.2, 6.2,
       6.2, 6.2, 5.8, 5.8, 6. , 5.8, 6.2, 6.4, 6. , 6. , 6. , 6. , 6. ,
       5.8, 6. , 5.8, 5.8, 6. , 5.8, 6.2, 6.2, 5.8, 5.8, 5.8, 6. , 6. ,
       6. , 5.8, 6. , 5.8, 5.8, 6. , 6. , 6.2, 6.2, 6. , 6.2, 6.2, 6.4,
       6. , 5.6, 6.4, 6.2, 6. , 6. , 6. , 6.2, 6. , 6. , 6.2, 6. , 6.2,
       5.8, 6. , 5.8, 6. , 6. , 6. , 6. , 5.8, 5.4, 6. , 6. , 6. , 6.2,
       6. , 6. , 6.2, 6. , 6.2, 6.2, 5.6, 6. , 5.8, 5.8, 6.2, 6. , 6. ,
       6. , 6.4, 6.4, 5.8, 5.8, 5.6, 6.2, 6.2, 6. , 6. , 5.8, 6. , 6. ,
       5.6, 6. , 6. , 6. , 6.2, 5.6, 5.8, 6.2, 6. , 6.2, 6. , 6. , 6. ,
       6. , 6.2, 6.2, 6.2, 6.4, 6. , 5.8, 5.8, 6. , 6.4, 6.4, 5.6, 6.2,
       6. , 5.8, 5.8, 5.6, 6.2, 6.2, 6. , 5.8, 5.6, 5.8, 6.2, 6. , 6. ,
       6.2, 6. , 6.4, 6.4, 6.2, 6.2, 6. , 6.2, 6.2, 6. , 6.4, 6.6, 6.2,
       6.4, 6.2, 6. , 6.2, 6. , 6.4, 6.4, 6. , 6. , 6.4, 6. , 6. , 6.4,
       6.4, 6. , 6.4, 6. , 6.2, 6.2, 6.2, 6. , 6.4, 6.2, 6.2, 6. , 6.4,
       6. , 5.8, 5.8, 6. , 6. , 6.2, 6. , 6.2, 5.6, 6. , 5.8, 6. , 5.8,
       6. , 5.6, 5.8, 5.8, 6. , 5.8, 6. , 6. , 6. , 6.2, 6. , 6.2, 5.6,
       5.8, 5.8, 5.8, 6. , 6. , 6. , 5.8, 6. , 6.2, 6. , 6. , 5.8, 6. ,
       6. , 6. , 5.8, 6. , 6. , 6. , 6. , 6. , 6. , 6.2, 6.2, 6.4, 6.2,
       5.8, 5.8, 5.8, 5.8, 6. , 6. , 6. , 6.2, 5.8, 6. , 6. , 6. , 6. ,
       6. , 6.2, 5.8, 6. , 6. , 6. , 5.8, 5.6, 6. , 6. , 5.8, 6. , 5.8,
       6. , 5.8, 6. , 6. , 6.2, 5.8, 6. , 6. , 5.6, 6. , 6. , 6. , 6.2,
       6. , 6.2, 6. , 6. , 5.8, 6. , 5.8, 6. , 6. , 6. , 6.2, 6.2, 6.4,
       6. , 5.8, 6. , 6.4, 5.8, 6.2, 6.2, 6.2, 6.6, 6.4, 6. , 5.8, 6.4,
       6.2, 6.2, 6.2, 5.8, 6.2, 6. , 6.2, 6. , 6.2, 6.2, 6.2, 6. , 6.2,
       5.8, 6. , 6. , 6. , 6. , 6. , 6.2, 6.2, 6. , 5.8, 5.8, 6. , 6. ,
       6. , 6. , 6. , 5.6, 6. , 6. , 6. , 6.2, 6.4, 6.4, 5.8, 6. , 6.2,
       6.4, 5.8, 5.8, 6. , 6. , 5.6, 5.8, 5.8, 5.6, 5.8, 5.8, 5.8, 5.8,
       6. , 5.8, 6. , 6. , 5.8, 5.8, 6. , 6. , 6. , 6. , 6.2, 6.4, 5.8,
       6. , 5.8, 6. , 6. , 5.8, 5.8, 6. , 6. , 5.8, 6. , 6.2, 6.2, 6.2,
       6. , 5.8, 6.2, 6.4, 5.8, 6. , 6. , 6.2, 5.8, 6.2, 6.2, 5.8, 5.8,
       6. , 5.8, 6.4, 5.8, 6. , 6. , 5.8, 6. , 6. , 6.2, 5.6, 5.8, 5.8,
       6. , 5.8, 6. , 5.8, 6. , 5.6, 5.8, 5.6, 6. , 6.2, 6. , 5.8, 5.8,
       6.2, 6. , 6. , 5.8, 6. , 6.2, 6. , 5.8, 6. , 6. , 5.4, 5.8, 6. ,
       6. , 6. , 6. , 6. , 5.8, 6. , 6.2, 6. , 6. , 6. , 6. , 5.8, 6.2,
       6.2, 6.2, 5.8, 6.4, 6. , 6.2, 6. , 6. , 5.8, 6.2, 5.8, 6. , 6. ,
       6. , 5.8, 5.8, 5.8, 6. , 5.6, 6.2, 6.2, 6.2, 5.8, 5.8, 5.8, 5.6,
       5.8, 6. , 6. , 6.2, 6.2, 5.8, 6. , 6. , 6.4, 6.2, 5.6, 5.8, 6.2,
       6.2, 6.2, 5.8, 5.8, 6. , 6. , 6. , 6.2, 6. , 6. , 6. , 6. , 6.2,
       5.8, 6. , 6. , 5.4, 6. , 6. , 6. , 6. , 5.8, 5.8, 6. , 5.8, 6. ,
       6. , 5.8, 5.8, 6.2, 5.6, 6. , 6. , 6.2, 6.2, 5.8, 6. , 5.8, 5.6,
       6. , 6.4, 6. , 6. , 5.8, 6. , 6. , 6. , 6.2, 5.8, 6. , 6. , 6. ,
       6. , 6. , 6.2, 6. , 6.2, 6. , 5.6, 6. , 6. , 6.2, 6.2, 5.8, 6. ,
       5.8, 6. , 6.6, 6.6, 5.8, 6. , 6.2, 6.2, 6.2, 6. , 6. , 6. , 6. ,
       6.2, 5.8, 6. , 5.8, 6.2, 6.2, 6. , 5.8, 6. , 6.2, 6. , 5.6, 6. ,
       5.8, 5.8, 5.8, 6.4, 6.2, 6. , 6. , 6.2, 6. , 6.2, 6. , 6.2, 5.6,
       6. , 5.8, 6.4, 6.2, 6.2, 6.2, 5.8, 5.8, 6. , 6. , 5.6, 5.6, 6. ,
       5.6, 6. , 6.2, 5.6, 6.4, 6.4, 6. , 5.6, 5.8, 5.8, 5.8, 6. , 5.8,
       5.8, 6. , 6. , 6. , 5.8, 6. , 6.2, 5.6, 6.2, 6. , 5.8, 6. , 6. ,
       5.8, 6. , 6. , 5.8, 6. , 6. , 6. , 6. , 5.8, 6. , 6. , 6.2, 5.8,
       6.2, 6. , 5.8, 5.8, 6.2, 6. , 5.8, 6. , 6. , 5.8, 6. , 6. , 5.8,
       6. , 6.2, 6.2, 5.8, 6. , 5.8, 6. , 6.2, 6.6, 6.2, 6. , 5.8, 6. ,
       6. , 6.2, 6.4, 6. , 6.2, 6.4, 6.4, 6.4, 6.4, 6.2, 6. , 6. , 5.8,
       6. , 6. , 6.2, 6. , 6. , 6.2, 6.2, 6.2, 5.6, 6. , 6.2, 5.8, 6.4,
       6. , 6.4, 6. , 5.6, 5.8, 6. , 5.8, 6.2, 6. , 5.8, 6. , 5.6, 5.6,
       6. , 6. , 6. , 5.8, 6.2, 5.8, 6. , 6. , 5.8, 5.8, 6. , 5.8, 5.8,
       5.8, 6.2, 6.2, 6.2, 5.8, 6. , 5.8, 6. , 6. , 6.2, 6.2, 6. , 6. ,
       6. , 5.8, 6.2, 6.2, 6. , 6. , 5.8, 5.6, 5.8, 5.8, 6. , 6. , 6. ,
       6. , 6. , 6. , 6.2, 6. , 6.4, 6.2, 6.2, 6. , 6. , 6. , 6. , 6. ,
       6. , 6. , 5.8, 5.8, 5.8, 5.6, 6. , 6. , 6.2, 6. , 6. , 6. , 6. ,
       6. , 6. , 5.6])]

Valor minimo: 
5.4

Valor maximo: 
6.6

Valor medio: 
6.003636363636364

Desvio Padrao: 
0.19918606514466788

Valor da soma: 
4622.8

95 percentil: 
5.6

99 percentil: 
5.6

