Array para T1:
Array para T2:
Array para T3:
Array para T4:
Array para T5:
Media do array: 

[array([  4.2,   3.8,   3.6,   5.2,   5.6,   5. ,   8.4,   8. ,   7.4,
         8.6,   8.4,   7.8,  10.4,  10.2,   9.6,  10.2,   9.8,   9.4,
        12.4,  12.2,  12. ,  11.6,  11. ,  11. ,  13.8,  13.8,  13.8,
        13.4,  13.2,  12.4,  15.2,  14.8,  15.2,  15.2,  15. ,  13.8,
        16.8,  16.2,  16.6,  16.6,  16. ,  15.4,  17.4,  17.8,  18.2,
        18. ,  17.8,  16.8,  19. ,  18.8,  19.6,  19.4,  19.8,  19. ,
        20.4,  20.6,  21. ,  21.2,  21.4,  20.2,  21.6,  22.2,  22.8,
        22.6,  22.8,  22.2,  23. ,  23.6,  24.6,  24.2,  24.4,  23.6,
        24.6,  25.2,  26. ,  25.4,  26. ,  25.2,  25.6,  26.6,  27.6,
        27.2,  27.4,  27. ,  27.2,  28. ,  29. ,  28.8,  28.8,  28.4,
        28.6,  29.4,  30.2,  29.6,  30.4,  29.4,  29.6,  31. ,  31.8,
        31.6,  32.4,  31.6,  31. ,  32.6,  33.2,  32.8,  33.6,  33. ,
        33. ,  33.8,  34.2,  34.4,  35.2,  34.6,  34.6,  35.2,  36.2,
        35.8,  36.4,  36.4,  36.2,  37. ,  37.8,  37.4,  38. ,  37.8,
        37.6,  38.6,  39.2,  39. ,  39.2,  39.4,  39.2,  39.8,  40.6,
        40.4,  40.8,  40.8,  40.4,  41. ,  42.2,  41.8,  42.6,  42.4,
        42.2,  42.6,  43.6,  43.2,  43.4,  44. ,  43.6,  43.8,  45. ,
        44.8,  45.4,  45.4,  45.4,  46.2,  47.2,  46.8,  47.6,  48. ,
        48. ,  47.6,  48.4,  48.8,  49.2,  50.2,  49.8,  49. ,  50.2,
        50.4,  51. ,  51.4,  51.6,  51.2,  51.2,  51.6,  52.2,  53.2,
        53.4,  53.2,  53.2,  53.4,  53.8,  55. ,  55.6,  55.2,  55.2,
        54.6,  55.4,  56.4,  57.2,  57. ,  56.8,  56.8,  56.2,  57.8,
        58.4,  58.2,  58.4,  58.2,  57.6,  58.8,  60. ,  59.6,  60. ,
        59.6,  59.4,  60.2,  61.6,  61. ,  61.4,  60.8,  60.4,  61.4,
        63.2,  62.8,  62.8,  62.8,  62. ,  63.4,  65. ,  64.4,  64.2,
        64. ,  63.4,  64.4,  66.2,  65.8,  66. ,  65.6,  65.2,  65.6,
        67.6,  67.4,  68. ,  67.6,  67. ,  67.2,  69. ,  68.6,  69. ,
        69. ,  68.6,  69. ,  70.2,  70.6,  70.4,  70.6,  70.4,  70.8,
        71.8,  71.6,  71.8,  71.8,  71.8,  71.8,  73.4,  73.2,  73. ,
        73.2,  73.2,  73.6,  75. ,  74.6,  75. ,  74.4,  74.6,  74.6,
        76.6,  76. ,  76.6,  75.6,  75.6,  76.2,  78. ,  77.6,  77.8,
        77.2,  77.4,  77.2,  79.2,  78.8,  79. ,  78.4,  79. ,  79. ,
        81.2,  81.2,  81. ,  80.4,  80.4,  80.6,  82.4,  82.6,  82.8,
        82.2,  82. ,  82.2,  84.4,  84.2,  84.6,  84. ,  84.2,  84. ,
        85.4,  85.8,  86. ,  85.6,  86.2,  85.4,  86.8,  87.4,  87.8,
        86.6,  87.2,  86.8,  88. ,  89. ,  89.2,  88.6,  89.2,  88.6,
        89.6,  90.4,  91. ,  90.2,  90.2,  90.4,  90.8,  92. ,  92.2,
        91.8,  91.8,  91.8,  92.4,  93.4,  94. ,  93.6,  94. ,  93.6,
        94.2,  94.8,  95.6,  94.8,  95.4,  95. ,  95.4,  95.8,  96.6,
        96.4,  96.6,  96.4,  96.8,  97.4,  98.4,  98. ,  97.8,  98. ,
        98.6,  98.8,  99.6,  99.2,  99.4,  99.4, 100. , 100.4, 101.4,
       100.8, 101. , 100.4, 101.4, 101.4, 102.2, 101.8, 102. , 102. ,
       102.2, 102.8, 103.6, 103.8, 103.6, 103.2, 103.8, 104.4, 105. ,
       104.6, 105. , 104.8, 105.4, 105.8, 106.8, 105.8, 106.2, 106.6,
       106.8, 106.8, 108. , 107.6, 107.8, 108.2, 108.4, 108.4, 109.4,
       109.4, 108.8, 109.2, 109.6, 109.8, 110.4, 110.2, 110. , 110. ,
       110.4, 110.2, 111.4, 111.4, 111. , 110.8, 112. , 112. , 113.4,
       113.6, 113.6, 112.6, 113.4, 113.8, 114.8, 115.2, 114.8, 114.4,
       114.8, 115. , 115.6, 116.4, 116.8, 116.2, 116.8, 116.8, 117.6,
       118.2, 118.2, 118. , 118.4, 117.6, 117.8, 118.8, 117.6, 117.6,
       117.8, 117.4, 118.4, 119.4, 119.4, 118.8, 119.8, 119.8, 120.4,
       121.6, 121.4, 121.6, 122. , 121.8, 122.2, 123.2, 123.8, 124.2,
       125. , 124.6, 124.8, 125.2, 125.6, 125.2, 126.2, 126. , 126.2,
       126.4, 126.6, 126.6, 127.4, 127. , 128. , 128. , 128.2, 128.8,
       128.8, 128.6, 129. , 129.4, 129.6, 129.4, 130. , 129.8, 130. ,
       129.8, 130.8, 130.4, 131.2, 131.4, 131.6, 132.2, 132.2, 132. ,
       133.4, 133. , 133.8, 134. , 133.4, 134. , 135.2, 134.6, 135.4,
       135.4, 135.4, 135.2, 136.2, 136.2, 137. , 137. , 137.2, 137.2,
       137.8, 137.6, 138.6, 138.4, 138.6, 138.8, 139.4, 139.4, 139.8,
       140.2, 140. , 140.4, 140.8, 140.6, 141.8, 141.6, 142. , 141.8,
       142.8, 142.6, 143. , 143. , 143.4, 143.4, 144.2, 144.2, 144.8,
       144.6, 145. , 144.8, 145.2, 145.2, 146.2, 146.2, 146.4, 147. ,
       146.8, 147. , 147.4, 147.4, 148.4, 148.4, 148.6, 148.8, 148.8,
       149. , 149.8, 150.2, 150.4, 150.2, 150. , 150. , 151.4, 151.6,
       151.4, 151.6, 151.2, 151.4, 152.4, 152.6, 152.8, 152.4, 152.6,
       153.2, 154.2, 154.6, 154.6, 154.8, 154.6, 155.2, 155.8, 156.2,
       156.6, 156.4, 156. , 156. , 157. , 158. , 157.8, 157.4, 157.8,
       158. , 158.2, 159.2, 159.6, 159. , 159.4, 159.6, 160. , 160.2,
       160.6, 160.6, 160.2, 160.6, 161. , 162. , 162.4, 162. , 162. ,
       162.2, 163. , 163.4, 163.6, 163.8, 163.2, 163.6, 164.2, 164.4,
       164.6, 165.2, 165. , 165.2, 166. , 166.2, 166.4, 166.6, 166.4,
       166.6, 167.4, 168. , 167.4, 168. , 167.6, 168. , 168.4, 169.2,
       169. , 169.4, 169.2, 169.4, 170.2, 170.6, 170.4, 170.6, 170.4,
       170.8, 171.6, 172.4, 171.8, 172.2, 172. , 171.8, 173.2, 174.2,
       173.6, 173.6, 173.4, 173.6, 174.4, 176. , 175.2, 175.6, 175.2,
       175.6, 176.4, 177. , 176.4, 176.8, 177. , 177. , 177.6, 178.6,
       178.4, 178.4, 178.6, 178.6, 179.4, 180.4, 179.8, 180. , 180.4,
       179.6, 180.8, 181.8, 181.6, 181.6, 181.2, 181.2, 182.2, 183.2,
       183.2, 183.2, 182.8, 182.6, 183.8, 185. , 185. , 185. , 185. ,
       184.2, 185.4, 186.2, 186.2, 186.4, 186.2, 186. , 187. , 187.4,
       187.6, 187.8, 188.2, 187.8, 188.2, 189.2, 189.2, 188.8, 189. ,
       189. , 190. , 190.6, 190.6, 190.8, 190.6, 190.4, 190.8, 191.8,
       192. , 192.2, 192.4, 191.8, 192.4, 193.4, 193.6, 193.6, 193.8,
       193.6, 194.2, 194.8, 195.4, 195.2, 195.2, 195.2, 195.8, 196.4,
       196.4, 196.8, 196.8, 197. , 197.4, 197.6, 197.8, 198.2, 198.6,
       198. , 198.6, 199.2, 199.6, 199.8])]

Valor minimo: 
3.6

Valor maximo: 
199.8

Valor medio: 
103.50077922077922

Desvio Padrao: 
55.65753936084943

Valor da soma: 
79695.6

95 percentil: 
7.8610999999999995

99 percentil: 
7.92262

