Array para T1:
Array para T2:
Array para T3:
Array para T4:
Array para T5:
Media do array: 

[array([6.8, 6.6, 7.2, 6.8, 7. , 6.8, 7. , 6.4, 6.6, 6.6, 6.4, 6.4, 6.4,
       6.2, 6.4, 6.2, 6. , 6.4, 6.4, 6.2, 6.2, 6.4, 6. , 5.8, 6.2, 6.2,
       6. , 6. , 6.2, 6. , 6.2, 6.2, 6.4, 6.2, 6. , 6. , 6. , 6.2, 6.2,
       6.2, 6.4, 6.4, 5.6, 5.8, 6.2, 5.6, 5.8, 6.2, 6.4, 6. , 6. , 5.8,
       6.2, 6.4, 6. , 6.2, 5.8, 6. , 6. , 6.2, 6.2, 5.8, 6. , 5.8, 6.2,
       5.8, 5.8, 5.8, 6. , 6.2, 5.8, 6. , 5.8, 6.2, 6. , 6. , 6. , 6. ,
       5.8, 6. , 6.4, 6.4, 6.4, 6.4, 5.6, 5.8, 6.2, 6.2, 6.2, 6.4, 6.6,
       6. , 6.2, 6. , 5.6, 5.8, 6.2, 6.4, 6.4, 5.8, 6. , 6. , 6. , 6. ,
       6.4, 6.4, 6. , 6. , 5.6, 6.2, 6.2, 6.2, 6.2, 6. , 6. , 6.2, 5.6,
       6. , 6.2, 6. , 6.4, 6.4, 6. , 6. , 5.8, 6. , 6. , 6.2, 6. , 6. ,
       6. , 6.2, 6.2, 6. , 6. , 6. , 5.8, 6. , 6. , 6. , 6. , 6.4, 6.4,
       6.2, 6.2, 6.2, 6. , 6.4, 6.2, 6.4, 6.2, 6. , 6. , 6.2, 6.2, 6. ,
       6.6, 6.6, 6.2, 5.8, 5.8, 6. , 5.8, 6.4, 6.4, 6.2, 5.8, 6.2, 5.8,
       6. , 6.2, 6. , 5.8, 6. , 6. , 6. , 5.8, 6.2, 6.4, 6.2, 6.2, 5.6,
       6.4, 6. , 6. , 5.8, 6.4, 6. , 6. , 6. , 5.8, 5.6, 6. , 6. , 6. ,
       6. , 6.2, 6. , 6. , 6. , 6.4, 6.4, 6. , 5.6, 6.4, 6.2, 6. , 6.4,
       6.6, 6.2, 5.6, 5.8, 6. , 6. , 6.4, 6.2, 5.6, 5.8, 6.4, 6.4, 6.2,
       6.2, 6.2, 6.2, 5.8, 6.4, 6.2, 6. , 6. , 6. , 6. , 6.4, 7. , 6.8,
       6.6, 6.8, 6.6, 6.4, 6.6, 6.4, 6.6, 6.4, 6.4, 6.4, 6.6, 6.8, 6.4,
       6.6, 6. , 6.4, 6.6, 6.6, 6.4, 6.4, 6.4, 6.4, 6.4, 6.4, 6.6, 6.6,
       6. , 5.8, 6.6, 6.6, 6.4, 6.4, 6. , 6.8, 6.6, 6.2, 6.6, 6.6, 7. ,
       6.6, 6.4, 6.6, 6.8, 6.2, 6.2, 6. , 6.4, 6.6, 6.2, 6.2, 6. , 6. ,
       5.8, 6. , 6. , 6.2, 6. , 6.2, 5.8, 5.8, 6. , 6. , 6.2, 6.2, 5.6,
       5.6, 6. , 6. , 6.2, 6.2, 6.2, 5.6, 5.8, 6.2, 6.4, 6.2, 6.2, 5.8,
       5.8, 6. , 6. , 6. , 6.2, 5.8, 6. , 5.8, 6. , 6.4, 6.2, 6. , 5.8,
       6. , 6.2, 6.2, 6.2, 5.8, 5.8, 6. , 6. , 5.8, 5.8, 6. , 5.8, 6. ,
       6. , 6.2, 5.8, 5.8, 5.8, 6. , 6. , 5.8, 6.2, 6. , 6.2, 6. , 6.2,
       5.6, 6.2, 6.2, 6.2, 6.2, 6.2, 6. , 6. , 5.8, 6. , 5.8, 6. , 6.4,
       6. , 6.2, 6. , 6.2, 6.2, 6. , 5.8, 6. , 6. , 6. , 6. , 5.4, 6. ,
       6.2, 6.4, 6.2, 6. , 5.8, 5.8, 5.8, 6.2, 5.8, 6.4, 6. , 6. , 6.2,
       6.2, 6.2, 6.2, 6.4, 6. , 6.2, 6.2, 7. , 6.2, 6.2, 6.2, 6.4, 6.2,
       6.2, 6.4, 5.6, 5.6, 6. , 6. , 6. , 6.2, 6. , 6.2, 6.2, 5.8, 6. ,
       6. , 6. , 6. , 6.2, 5.6, 6. , 6.4, 6.2, 6.2, 6.2, 6. , 6. , 6. ,
       5.8, 6.4, 6.2, 6.2, 6. , 5.6, 6. , 6.4, 6. , 6. , 6.2, 6.2, 6.2,
       6. , 6.2, 6.8, 6.4, 5.8, 6. , 6. , 6.4, 6.2, 6.2, 5.8, 5.8, 5.8,
       6. , 6. , 6. , 6.2, 6. , 6.2, 6.4, 5.8, 6. , 6. , 6.4, 6.2, 6. ,
       6. , 6. , 6. , 5.8, 6.2, 6. , 6. , 6.2, 6.4, 6.2, 6. , 6. , 6.2,
       6. , 5.8, 6. , 6.4, 6. , 6. , 6.4, 6.6, 6.2, 6. , 5.8, 6. , 6.4,
       6.4, 6.2, 5.8, 6.2, 6.2, 6.2, 6. , 6. , 6.2, 5.8, 5.8, 6.2, 5.8,
       6. , 6. , 6.2, 6.6, 6.4, 6.2, 6.4, 6.2, 5.8, 6.4, 6.2, 6. , 6.2,
       6.6, 6.4, 6.2, 6. , 6.2, 6.4, 6. , 5.8, 6. , 6.2, 6.6, 6.4, 6.2,
       6.2, 6.2, 6.4, 6.2, 6.4, 6. , 6. , 6.6, 6.8, 6.4, 6.2, 5.8, 5.8,
       6.8, 6.4, 6. , 6. , 6. , 6.2, 6.4, 5.8, 6. , 5.8, 6.4, 6.2, 6.2,
       6.6, 6.4, 6.2, 6.4, 5.8, 6.2, 6.2, 6.2, 6.4, 6. , 6.2, 6.2, 6. ,
       6. , 6. , 6.2, 5.8, 6.2, 6.2, 6.2, 6. , 6. , 6.4, 6.4, 6. , 6.2,
       6.4, 6.4, 6.4, 6.4, 6.6, 6.6, 6.4, 5.8, 6. , 5.8, 5.6, 6. , 6. ,
       6.2, 5.8, 6.2, 6.2, 6. , 6. , 6.4, 6.2, 6.4, 5.8, 6. , 6. , 6.2,
       6.2, 6.2, 6. , 6.2, 6.2, 6.4, 6. , 6. , 6.4, 6.4, 6.4, 5.8, 6. ,
       6.2, 6.6, 6.2, 6. , 6. , 6.2, 6.2, 6.2, 6.2, 6.4, 6.4, 6. , 5.8,
       6. , 6.2, 6.4, 6.4, 6.6, 6.4, 6.4, 6. , 6.2, 6.6, 6.8, 6.4, 6.4,
       6.4, 6.2, 6. , 6. , 6.2, 6.2, 6.2, 6.2, 6. , 6. , 6. , 6.2, 6.2,
       6.2, 6.2, 6.2, 6. , 6.2, 6.2, 6.4, 6.6, 6. , 6.2, 6.2, 5.8, 6.2,
       6.8, 6.6, 6.4, 6.4, 6. , 6.4, 6.4, 6.6, 6.4, 6. , 6. , 6.2, 6.4,
       6.2, 6.4, 6.2, 6.4, 6.4, 6. , 6.2, 6.2, 6.4, 6.6, 6.2, 6.2, 6.2,
       6. , 6.4, 6.6, 6.4, 6.2, 6.4, 6.4, 6.4, 6.2, 6.6, 6.8, 6.8, 6.6,
       6.4, 6.2, 6.4, 6.4, 6.4, 6.8, 6.8, 6.4, 6. , 6. , 6.2, 6. , 5.8,
       5.8, 6. , 6. , 6. , 6.6, 6.6, 6.2, 6.2, 6.2, 6. , 6.4, 6. , 6.4,
       6. , 6. , 6. , 6. , 6.2, 6. , 6.2, 6.4, 6. , 6.2, 6.2, 5.6, 6. ,
       6.2, 6.2, 6.4, 6.4, 5.8, 6. , 5.8, 6.2, 6.2, 6. , 6. , 6. , 6. ,
       5.8, 5.8, 5.6])]

Valor minimo: 
5.4

Valor maximo: 
7.2

Valor medio: 
6.154805194805196

Desvio Padrao: 
0.2646910003896992

Valor da soma: 
4739.200000000001

95 percentil: 
5.6

99 percentil: 
5.6

