Array para T1:
Array para T2:
Array para T3:
Array para T4:
Array para T5:
Media do array: 

[array([  8.6,   7.6,   6.6,   6. ,   4.4,   4. ,   3.4,  12. ,  11.4,
        10.4,   9.6,   8.4,   8. ,   7.2,  12.6,  12.8,  11.8,  11. ,
        10.6,  10. ,   9.2,  14. ,  13.4,  12.8,  12.2,  11.8,  11.4,
        10.6,  14.8,  14.2,  13.8,  13.6,  12.8,  12.2,  11.2,  15.2,
        14.8,  14.8,  14.4,  14. ,  13.6,  11.8,  15.6,  15.6,  16. ,
        15.8,  15.2,  15.2,  14.2,  16.2,  16.2,  16.6,  16. ,  15.8,
        15.8,  15.4,  17.2,  16.6,  16.6,  17. ,  17. ,  16.8,  16.2,
        17.4,  17.6,  17.8,  17.6,  17.6,  17.2,  17. ,  18. ,  18.2,
        18.2,  18.6,  18.4,  17.6,  17.4,  18.2,  18.2,  18.4,  19. ,
        18.6,  18.8,  17.8,  18.8,  18.8,  19.2,  20. ,  20.4,  19.8,
        19. ,  19. ,  19.8,  19.8,  20.6,  21.2,  21. ,  20. ,  20. ,
        20.8,  20.8,  20.8,  21.8,  22. ,  21.4,  20.6,  20.6,  21.6,
        21.8,  22.8,  23. ,  22.8,  22.2,  21.4,  22. ,  22. ,  23.4,
        23.4,  23.6,  23. ,  22.4,  22.6,  22.6,  23.8,  24. ,  24.6,
        24. ,  23.4,  23.4,  23.6,  24.6,  25. ,  25.2,  25. ,  24.2,
        24. ,  24.2,  24.6,  25.2,  26.2,  26. ,  25.4,  24.8,  24.8,
        25.6,  26.2,  26.6,  27. ,  26.4,  26.4,  26. ,  26.2,  26.8,
        27.6,  28.2,  27.6,  27.4,  27.2,  27.6,  27.6,  28.2,  28.8,
        28.6,  29. ,  28.6,  28.6,  28.8,  29.6,  28.8,  29.2,  30. ,
        29.8,  29.8,  29.4,  29.8,  29.8,  30.4,  30.8,  30.6,  30.4,
        30.4,  31. ,  31. ,  31.2,  31.6,  31.6,  31.6,  31.2,  31.4,
        32.2,  31.6,  31.8,  31. ,  31.4,  31.2,  31.6,  31.6,  31.8,
        31.8,  32.4,  32.4,  32.2,  32.8,  33. ,  32.8,  33.2,  33.4,
        34. ,  33.2,  33. ,  33. ,  34. ,  34.4,  34.4,  35.2,  34.8,
        34.4,  34. ,  34.4,  34.8,  35.4,  36. ,  35.6,  35. ,  34.6,
        35.2,  36. ,  36.2,  36.2,  36.2,  36. ,  36. ,  36.4,  36.8,
        36.4,  37.2,  37. ,  36.2,  36.8,  37.6,  38. ,  38.2,  38. ,
        38. ,  37.4,  36.8,  38.2,  39.4,  39. ,  39.2,  38.8,  38.6,
        37.8,  38.8,  40. ,  40.2,  40.6,  40. ,  39.8,  38.8,  39.6,
        40.6,  40.8,  41.4,  41. ,  40.4,  40. ,  39.6,  41. ,  41.2,
        42.2,  42.2,  41.6,  41.4,  41.4,  42.2,  42. ,  43.2,  43.6,
        43.4,  42.6,  42.4,  43.2,  43.2,  44.2,  44.4,  44.4,  44. ,
        43.8,  43.8,  44. ,  43.8,  45. ,  45. ,  44.8,  44.4,  44.8,
        44.6,  44.8,  45.6,  45.6,  45.4,  45. ,  45.2,  45.4,  45. ,
        46. ,  46.4,  46.2,  45.8,  45.8,  46. ,  45.6,  46.6,  46.2,
        46.6,  47. ,  46.6,  46.6,  46.2,  47.2,  47.4,  47.8,  47.4,
        46.8,  47.2,  47.4,  48.2,  48.4,  48.8,  48.4,  48. ,  48. ,
        48.4,  48.6,  48.8,  49.4,  49.2,  48.8,  48.4,  48.6,  49.2,
        49.4,  50. ,  50. ,  49.4,  49.8,  49. ,  49.8,  49.8,  50.8,
        50.8,  49.4,  50.2,  49.8,  50.6,  50.6,  51.4,  51. ,  51. ,
        51. ,  50.4,  51.4,  51.6,  52.4,  52. ,  51.4,  51.8,  50. ,
        51.4,  52.2,  53. ,  53. ,  52.6,  52.4,  52.2,  52.8,  52.8,
        53.8,  54. ,  53.6,  53.6,  52.6,  53. ,  53.8,  53.8,  54.8,
        54.6,  54.4,  53.4,  53.4,  54. ,  54.6,  55.2,  54.6,  54.4,
        53.8,  54.4,  55. ,  55.2,  56.2,  56. ,  56. ,  55.4,  55.8,
        55.6,  56.6,  57.6,  57.4,  57.6,  56.8,  56.4,  56. ,  56.8,
        57.8,  58.4,  58.2,  57.6,  57.4,  57.2,  57.2,  58.4,  59. ,
        59.2,  58.2,  58.2,  58.2,  58.2,  59.2,  59.8,  59.6,  59.2,
        58.6,  59.4,  59.6,  60. ,  60.2,  61. ,  60.2,  59.6,  59.8,
        60. ,  60.8,  61. ,  61.4,  60.4,  60. ,  60.6,  60.8,  61.2,
        61.6,  62.8,  62. ,  61. ,  61.2,  61. ,  62.2,  62.2,  63. ,
        61.2,  61.6,  61.6,  62. ,  62.4,  63.2,  64. ,  63. ,  62.4,
        63. ,  62.8,  63.6,  63.6,  64.8,  64.2,  63.8,  63.6,  63.4,
        64.4,  64.4,  65.2,  65. ,  64. ,  64.6,  64.4,  65.4,  65.2,
        66.8,  65.6,  64.6,  65.6,  65. ,  66. ,  66. ,  66.8,  67.2,
        66.4,  66.4,  65.8,  66.4,  66.8,  67.8,  67.8,  67. ,  66.6,
        66.6,  67.6,  67.2,  68.2,  68.8,  67.8,  67.6,  67.2,  67.8,
        68.2,  68.8,  69.6,  69. ,  69.2,  68.4,  68.8,  68.8,  69.8,
        69.8,  69.8,  69.2,  69.4,  69.6,  69.6,  69.8,  70.4,  70.6,
        70.8,  70.4,  70.4,  70. ,  71.4,  71.4,  70.8,  70.4,  70.4,
        70.2,  69.2,  70.2,  70.4,  69.6,  69.2,  69.8,  70.4,  70.8,
        71. ,  72.2,  72. ,  72. ,  72.8,  72.6,  72. ,  70.8,  71.2,
        70.8,  71.2,  72. ,  72.6,  72. ,  73. ,  73.4,  73. ,  72.4,
        73.4,  73.6,  73.8,  73.2,  74.8,  74.4,  74.2,  74.6,  74.6,
        74.6,  74.4,  74.6,  75. ,  75.4,  75.4,  75. ,  75. ,  75.2,
        75.6,  75.4,  75.2,  76.6,  76.4,  76.4,  76.8,  77.2,  77.2,
        77.4,  79.2,  79. ,  78.6,  78.6,  78.6,  78.8,  79.2,  81. ,
        80.8,  80.6,  80.6,  79.6,  80.4,  80.6,  81.6,  82. ,  81.8,
        82. ,  81.2,  81.2,  81.4,  82.6,  82.8,  82.6,  83. ,  82.4,
        82.2,  82.4,  83.4,  83.4,  83.6,  84. ,  83.4,  83. ,  82.8,
        83.8,  84.2,  84.6,  84.6,  84.4,  83.8,  83.6,  84.8,  85. ,
        85.2,  84.8,  85.4,  84.6,  84.4,  85.4,  86.2,  86. ,  86.6,
        86.4,  85.8,  85.8,  86.4,  86.8,  87.4,  87.6,  87.4,  87.6,
        87. ,  86.8,  87.4,  87.8,  88.8,  89. ,  88.4,  87.8,  87.8,
        88.4,  88.4,  89.8,  89.4,  89.2,  88.8,  88.2,  89.2,  90. ,
        90.8,  90.6,  90.2,  90. ,  89.6,  89.8,  89.6,  91.2,  92. ,
        91.2,  91.2,  90.4,  90.4,  90.2,  91.6,  92.4,  92. ,  92.4,
        91.6,  92. ,  92.2,  92.4,  93.4,  92.8,  93.6,  93. ,  92.8,
        93.2,  94. ,  94.4,  93.4,  94.8,  93.8,  93.2,  93.6,  95.2,
        95.6,  95. ,  96. ,  95.4,  94.4,  95.4,  96.2,  97. ,  96. ,
        97. ,  96.4,  95.6,  96.2,  97.4,  98.2,  97.2,  98.2,  98. ,
        97. ,  97. ,  97.2,  98.8,  98. ,  98.4,  98.4,  98. ,  98. ,
        98.6, 100.2,  99. ,  99.6,  99.6,  98.6,  99. ,  99.6, 100.2,
       100. , 100.8, 100.2,  99.4,  99.8, 100. , 101.4, 100.4, 101.6,
       101.8, 100.6, 101. , 100.6, 102.2, 100.8, 101.8, 103. , 102. ,
       101.6, 101.4, 102.6, 102.6, 103.2])]

Valor minimo: 
3.4

Valor maximo: 
103.2

Valor medio: 
54.39324675324676

Desvio Padrao: 
26.461517387436544

Valor da soma: 
41882.8

95 percentil: 
8.1222

99 percentil: 
8.245239999999999

