Array para T1:
Array para T2:
Array para T3:
Array para T4:
Array para T5:
Media do array: 

[array([2.4, 1. , 1. , 0.8, 1. , 1.4, 0.6, 0.2, 1. , 1. , 0.8, 0.6, 0.6,
       0.8, 1. , 0.8, 0.8, 0.6, 0.6, 0. , 0.8, 0.8, 0.8, 0.6, 0.4, 0.8,
       1. , 0.4, 0.6, 0.4, 0.4, 0.4, 0.2, 0.8, 0.8, 0.4, 0. , 1.2, 0.6,
       0.4, 1. , 0.8, 1. , 0.6, 1. , 0.8, 0.6, 1.4, 0.8, 0.6, 0.6, 0.4,
       0.2, 0.8, 1.6, 0.6, 0.6, 0. , 0.6, 0.4, 0.4, 0.2, 0.4, 0.6, 0.2,
       0.8, 2.6, 0.6, 0.8, 0. ])]

Valor minimo: 
0.0

Valor maximo: 
2.6

Valor medio: 
0.7114285714285714

Desvio Padrao: 
0.44674788580292996

Valor da soma: 
49.8

95 percentil: 
0.0

99 percentil: 
0.0

