Array para T1:
Array para T2:
Array para T3:
Array para T4:
Array para T5:
Media do array: 

[array([10.4,  5.6,  6.2,  6.2,  5.6,  7.2,  6.2,  6.2,  5.8,  6. ,  5.6,
        5.8,  5.6,  5.8,  6.6,  5.6,  5.4,  6.8,  5.6,  6. ,  6. ,  6. ,
        6.4,  7.2,  6.6,  8.4,  6.6,  5.8,  5.8,  6.4,  6.4,  6. ,  6. ,
        5.8,  8. ,  6.4,  6. ,  9.8,  5.8,  6. ,  5.2,  6.2,  5.6,  6. ,
        5.4,  5.8,  8.4,  7.8,  6.2,  7.2,  6.6,  6.4,  6.4,  6. ,  7.6,
        6.2,  9.8,  6.8,  6. ,  6.2,  6. ,  6.2,  7. ,  6. ,  6.8,  5.4,
        8.4,  6.4,  6.2,  6.2])]

Valor minimo: 
5.2

Valor maximo: 
10.4

Valor medio: 
6.457142857142856

Desvio Padrao: 
1.0288094962585819

Valor da soma: 
451.99999999999994

95 percentil: 
5.3311

99 percentil: 
5.33662

