Array para T1:
Array para T2:
Array para T3:
Array para T4:
Array para T5:
Media do array: 

[array([12.8,  6.6,  7.2,  7. ,  6.6,  8.6,  6.8,  6.4,  6.8,  7. ,  6.4,
        6.4,  6.2,  6.6,  7.6,  6.4,  6.2,  7.4,  6.2,  6. ,  6.8,  6.8,
        7.2,  7.8,  7. ,  9.2,  7.6,  6.2,  6.4,  6.8,  6.8,  6.4,  6.2,
        6.6,  8.8,  6.8,  6. , 11. ,  6.4,  6.4,  6.2,  7. ,  6.6,  6.6,
        6.4,  6.6,  9. ,  9.2,  7. ,  7.8,  7.2,  6.8,  6.6,  6.8,  9.2,
        6.8, 10.4,  6.8,  6.6,  6.6,  6.4,  6.4,  7.4,  6.6,  7. ,  6.2,
       11. ,  7. ,  7. ,  6.2])]

Valor minimo: 
6.0

Valor maximo: 
12.8

Valor medio: 
7.168571428571428

Desvio Padrao: 
1.2831370995831002

Valor da soma: 
501.79999999999995

95 percentil: 
6.0

99 percentil: 
6.0

