Array para T1:
Array para T2:
Array para T3:
Array para T4:
Array para T5:
Media do array: 

[array([10.2, 17.2,  8.6, 14.2, 16.4, 10.8, 10.4,  8. ,  9.2,  8. , 14.6,
        9.8, 17. ,  9.4, 12.4, 14.2, 22.6, 14.4, 19.4, 25. , 30. , 23.6,
       25.8, 24.8, 33. , 29.8, 31. , 38.4, 32. , 37.4, 39.4, 40.6, 46.6,
       44.2, 40.8, 47. , 46.6, 46.4, 51.6, 50.8, 54.4, 54. , 54. , 54.4,
       56.4, 58. , 52.4, 26.6, 29.2, 32.8, 37. , 42.4, 45.4, 49.8, 52.6,
       56.4, 67.6, 68.2, 63.2, 66.4, 65.4, 66.6, 69.6, 72. , 70.6, 70. ,
       68.4, 66.4, 66.6, 67.6])]

Valor minimo: 
8.0

Valor maximo: 
72.0

Valor medio: 
39.08571428571428

Desvio Padrao: 
20.431252571309795

Valor da soma: 
2735.9999999999995

95 percentil: 
8.0

99 percentil: 
8.0

