Numero total de amostras 100

Tempo total de processamento: 0:04:52

############## TEMPOS DE PROCESSAMENTO DO EXERCICIO NO JAIL  ####################
Soma 771 segundos
Media 7.71 segundos
Desvio padrão 6.733936441636496 segundos

95% 27.099999999999994 segundos
99% 34.030000000000015 segundos

############## TEMPOS DE PROCESSAMENTO DO EXERCICIO NO JAIL COM DOWNLOAD  ################
Soma 870 segundos
Media 8.7 segundos
Desvio padrão 8.527015890685322 segundos

95% 36.0 segundos
99% 42.010000000000005 segundos

################### TEMPOS DE DOWNLOAD DO EXERCICIO NO JAIL #######################
Soma 99 segundos
Media 0.99 segundos
Desvio padrão 1.9052296449509698 segundos

95% 6.0 segundos
99% 9.0 segundos

############################ TEMPOS DE ESPERA NA FILA ############################
Soma 5962
Media 59.62 segundos
Desvio padrão 30.902355897245116 segundos

95% 106.1 segundos
99% 111.03000000000002 segundos

################### queue_wait_time_list: ######################

[33, 18, 7, 4, 7, 25, 10, 19, 9, 30, 12, 21, 12, 25, 15, 36, 15, 20, 51, 17, 22, 27, 22, 31, 43, 28, 33, 35, 22, 37, 45, 36, 40, 41, 47, 36, 63, 49, 50, 53, 53, 55, 60, 57, 62, 48, 61, 38, 43, 47, 50, 55, 59, 62, 65, 68, 71, 63, 90, 65, 68, 73, 76, 70, 73, 80, 75, 82, 77, 79, 78, 81, 85, 84, 87, 86, 77, 106, 90, 89, 92, 95, 94, 97, 101, 98, 102, 88, 105, 104, 108, 111, 111, 106, 90, 96, 103, 105, 108, 114]

################################################################
################### jail_ex_download_list: ######################

[1, 0, 1, 9, 1, 0, 1, 1, 1, 0, 1, 1, 0, 1, 1, 0, 1, 1, 0, 1, 0, 1, 1, 0, 0, 0, 0, 0, 6, 1, 0, 0, 0, 1, 0, 9, 8, 1, 0, 0, 0, 1, 0, 0, 1, 7, 1, 0, 1, 0, 0, 0, 0, 0, 0, 1, 0, 0, 0, 0, 0, 1, 1, 0, 0, 0, 0, 0, 0, 1, 1, 0, 1, 1, 1, 1, 6, 0, 1, 1, 1, 1, 0, 1, 0, 1, 0, 6, 0, 1, 0, 0, 1, 6, 1, 0, 0, 1, 1, 0]

################################################################
################################################################
################### process_jail_download_list: ######################

[7, 6, 6, 41, 6, 6, 6, 6, 7, 6, 6, 7, 6, 7, 6, 6, 7, 6, 6, 6, 6, 7, 6, 6, 6, 6, 6, 6, 39, 7, 6, 6, 6, 6, 6, 36, 42, 7, 6, 6, 6, 7, 6, 6, 7, 36, 6, 6, 7, 6, 6, 6, 6, 6, 6, 7, 6, 6, 6, 6, 6, 6, 7, 6, 6, 6, 6, 6, 6, 6, 7, 6, 6, 6, 6, 7, 30, 6, 6, 6, 6, 6, 6, 7, 6, 7, 6, 43, 6, 6, 6, 6, 7, 31, 7, 6, 6, 7, 6, 6]

################################################################
################################################################
################### process_jail_list: ######################

[6, 6, 5, 32, 5, 6, 5, 5, 6, 6, 5, 6, 6, 6, 5, 6, 6, 5, 6, 5, 6, 6, 5, 6, 6, 6, 6, 6, 33, 6, 6, 6, 6, 5, 6, 27, 34, 6, 6, 6, 6, 6, 6, 6, 6, 29, 5, 6, 6, 6, 6, 6, 6, 6, 6, 6, 6, 6, 6, 6, 6, 5, 6, 6, 6, 6, 6, 6, 6, 5, 6, 6, 5, 5, 5, 6, 24, 6, 5, 5, 5, 5, 6, 6, 6, 6, 6, 37, 6, 5, 6, 6, 6, 25, 6, 6, 6, 6, 5, 6]

################################################################
Numero total de amostras 100

Tempo total de processamento: 0:04:52

############## TEMPOS DE PROCESSAMENTO DO EXERCICIO NO JAIL  ####################
Soma 771 segundos
Media 7.71 segundos
Desvio padrão 6.733936441636496 segundos

95% 27.099999999999994 segundos
99% 34.030000000000015 segundos

############## TEMPOS DE PROCESSAMENTO DO EXERCICIO NO JAIL COM DOWNLOAD  ################
Soma 870 segundos
Media 8.7 segundos
Desvio padrão 8.527015890685322 segundos

95% 36.0 segundos
99% 42.010000000000005 segundos

################### TEMPOS DE DOWNLOAD DO EXERCICIO NO JAIL #######################
Soma 99 segundos
Media 0.99 segundos
Desvio padrão 1.9052296449509698 segundos

95% 6.0 segundos
99% 9.0 segundos

############################ TEMPOS DE ESPERA NA FILA ############################
Soma 5962
Media 59.62 segundos
Desvio padrão 30.902355897245116 segundos

95% 106.1 segundos
99% 111.03000000000002 segundos

################### queue_wait_time_list: ######################

[33, 18, 7, 4, 7, 25, 10, 19, 9, 30, 12, 21, 12, 25, 15, 36, 15, 20, 51, 17, 22, 27, 22, 31, 43, 28, 33, 35, 22, 37, 45, 36, 40, 41, 47, 36, 63, 49, 50, 53, 53, 55, 60, 57, 62, 48, 61, 38, 43, 47, 50, 55, 59, 62, 65, 68, 71, 63, 90, 65, 68, 73, 76, 70, 73, 80, 75, 82, 77, 79, 78, 81, 85, 84, 87, 86, 77, 106, 90, 89, 92, 95, 94, 97, 101, 98, 102, 88, 105, 104, 108, 111, 111, 106, 90, 96, 103, 105, 108, 114]

################################################################
################### jail_ex_download_list: ######################

[1, 0, 1, 9, 1, 0, 1, 1, 1, 0, 1, 1, 0, 1, 1, 0, 1, 1, 0, 1, 0, 1, 1, 0, 0, 0, 0, 0, 6, 1, 0, 0, 0, 1, 0, 9, 8, 1, 0, 0, 0, 1, 0, 0, 1, 7, 1, 0, 1, 0, 0, 0, 0, 0, 0, 1, 0, 0, 0, 0, 0, 1, 1, 0, 0, 0, 0, 0, 0, 1, 1, 0, 1, 1, 1, 1, 6, 0, 1, 1, 1, 1, 0, 1, 0, 1, 0, 6, 0, 1, 0, 0, 1, 6, 1, 0, 0, 1, 1, 0]

################################################################
################################################################
################### process_jail_download_list: ######################

[7, 6, 6, 41, 6, 6, 6, 6, 7, 6, 6, 7, 6, 7, 6, 6, 7, 6, 6, 6, 6, 7, 6, 6, 6, 6, 6, 6, 39, 7, 6, 6, 6, 6, 6, 36, 42, 7, 6, 6, 6, 7, 6, 6, 7, 36, 6, 6, 7, 6, 6, 6, 6, 6, 6, 7, 6, 6, 6, 6, 6, 6, 7, 6, 6, 6, 6, 6, 6, 6, 7, 6, 6, 6, 6, 7, 30, 6, 6, 6, 6, 6, 6, 7, 6, 7, 6, 43, 6, 6, 6, 6, 7, 31, 7, 6, 6, 7, 6, 6]

################################################################
################################################################
################### process_jail_list: ######################

[6, 6, 5, 32, 5, 6, 5, 5, 6, 6, 5, 6, 6, 6, 5, 6, 6, 5, 6, 5, 6, 6, 5, 6, 6, 6, 6, 6, 33, 6, 6, 6, 6, 5, 6, 27, 34, 6, 6, 6, 6, 6, 6, 6, 6, 29, 5, 6, 6, 6, 6, 6, 6, 6, 6, 6, 6, 6, 6, 6, 6, 5, 6, 6, 6, 6, 6, 6, 6, 5, 6, 6, 5, 5, 5, 6, 24, 6, 5, 5, 5, 5, 6, 6, 6, 6, 6, 37, 6, 5, 6, 6, 6, 25, 6, 6, 6, 6, 5, 6]

################################################################
Numero total de amostras 100

Tempo total de processamento: 0:04:52

############## TEMPOS DE PROCESSAMENTO DO EXERCICIO NO JAIL  ####################
Soma 771 segundos
Media 7.71 segundos
Desvio padrão 6.733936441636496 segundos

95% 27.099999999999994 segundos
99% 34.030000000000015 segundos

############## TEMPOS DE PROCESSAMENTO DO EXERCICIO NO JAIL COM DOWNLOAD  ################
Soma 870 segundos
Media 8.7 segundos
Desvio padrão 8.527015890685322 segundos

95% 36.0 segundos
99% 42.010000000000005 segundos

################### TEMPOS DE DOWNLOAD DO EXERCICIO NO JAIL #######################
Soma 99 segundos
Media 0.99 segundos
Desvio padrão 1.9052296449509698 segundos

95% 6.0 segundos
99% 9.0 segundos

############################ TEMPOS DE ESPERA NA FILA ############################
Soma 5962
Media 59.62 segundos
Desvio padrão 30.902355897245116 segundos

95% 106.1 segundos
99% 111.03000000000002 segundos

################### queue_wait_time_list: ######################

[33, 18, 7, 4, 7, 25, 10, 19, 9, 30, 12, 21, 12, 25, 15, 36, 15, 20, 51, 17, 22, 27, 22, 31, 43, 28, 33, 35, 22, 37, 45, 36, 40, 41, 47, 36, 63, 49, 50, 53, 53, 55, 60, 57, 62, 48, 61, 38, 43, 47, 50, 55, 59, 62, 65, 68, 71, 63, 90, 65, 68, 73, 76, 70, 73, 80, 75, 82, 77, 79, 78, 81, 85, 84, 87, 86, 77, 106, 90, 89, 92, 95, 94, 97, 101, 98, 102, 88, 105, 104, 108, 111, 111, 106, 90, 96, 103, 105, 108, 114]

################################################################
################### jail_ex_download_list: ######################

[1, 0, 1, 9, 1, 0, 1, 1, 1, 0, 1, 1, 0, 1, 1, 0, 1, 1, 0, 1, 0, 1, 1, 0, 0, 0, 0, 0, 6, 1, 0, 0, 0, 1, 0, 9, 8, 1, 0, 0, 0, 1, 0, 0, 1, 7, 1, 0, 1, 0, 0, 0, 0, 0, 0, 1, 0, 0, 0, 0, 0, 1, 1, 0, 0, 0, 0, 0, 0, 1, 1, 0, 1, 1, 1, 1, 6, 0, 1, 1, 1, 1, 0, 1, 0, 1, 0, 6, 0, 1, 0, 0, 1, 6, 1, 0, 0, 1, 1, 0]

################################################################
################################################################
################### process_jail_download_list: ######################

[7, 6, 6, 41, 6, 6, 6, 6, 7, 6, 6, 7, 6, 7, 6, 6, 7, 6, 6, 6, 6, 7, 6, 6, 6, 6, 6, 6, 39, 7, 6, 6, 6, 6, 6, 36, 42, 7, 6, 6, 6, 7, 6, 6, 7, 36, 6, 6, 7, 6, 6, 6, 6, 6, 6, 7, 6, 6, 6, 6, 6, 6, 7, 6, 6, 6, 6, 6, 6, 6, 7, 6, 6, 6, 6, 7, 30, 6, 6, 6, 6, 6, 6, 7, 6, 7, 6, 43, 6, 6, 6, 6, 7, 31, 7, 6, 6, 7, 6, 6]

################################################################
################################################################
################### process_jail_list: ######################

[6, 6, 5, 32, 5, 6, 5, 5, 6, 6, 5, 6, 6, 6, 5, 6, 6, 5, 6, 5, 6, 6, 5, 6, 6, 6, 6, 6, 33, 6, 6, 6, 6, 5, 6, 27, 34, 6, 6, 6, 6, 6, 6, 6, 6, 29, 5, 6, 6, 6, 6, 6, 6, 6, 6, 6, 6, 6, 6, 6, 6, 5, 6, 6, 6, 6, 6, 6, 6, 5, 6, 6, 5, 5, 5, 6, 24, 6, 5, 5, 5, 5, 6, 6, 6, 6, 6, 37, 6, 5, 6, 6, 6, 25, 6, 6, 6, 6, 5, 6]

################################################################
Numero total de amostras 100

Tempo total de processamento: 0:04:52

############## TEMPOS DE PROCESSAMENTO DO EXERCICIO NO JAIL  ####################
Soma 771 segundos
Media 7.71 segundos
Desvio padrão 6.733936441636496 segundos

95% 27.099999999999994 segundos
99% 34.030000000000015 segundos

############## TEMPOS DE PROCESSAMENTO DO EXERCICIO NO JAIL COM DOWNLOAD  ################
Soma 870 segundos
Media 8.7 segundos
Desvio padrão 8.527015890685322 segundos

95% 36.0 segundos
99% 42.010000000000005 segundos

################### TEMPOS DE DOWNLOAD DO EXERCICIO NO JAIL #######################
Soma 99 segundos
Media 0.99 segundos
Desvio padrão 1.9052296449509698 segundos

95% 6.0 segundos
99% 9.0 segundos

############################ TEMPOS DE ESPERA NA FILA ############################
Soma 5962
Media 59.62 segundos
Desvio padrão 30.902355897245116 segundos

95% 106.1 segundos
99% 111.03000000000002 segundos

################### queue_wait_time_list: ######################

[33, 18, 7, 4, 7, 25, 10, 19, 9, 30, 12, 21, 12, 25, 15, 36, 15, 20, 51, 17, 22, 27, 22, 31, 43, 28, 33, 35, 22, 37, 45, 36, 40, 41, 47, 36, 63, 49, 50, 53, 53, 55, 60, 57, 62, 48, 61, 38, 43, 47, 50, 55, 59, 62, 65, 68, 71, 63, 90, 65, 68, 73, 76, 70, 73, 80, 75, 82, 77, 79, 78, 81, 85, 84, 87, 86, 77, 106, 90, 89, 92, 95, 94, 97, 101, 98, 102, 88, 105, 104, 108, 111, 111, 106, 90, 96, 103, 105, 108, 114]

################################################################
################### jail_ex_download_list: ######################

[1, 0, 1, 9, 1, 0, 1, 1, 1, 0, 1, 1, 0, 1, 1, 0, 1, 1, 0, 1, 0, 1, 1, 0, 0, 0, 0, 0, 6, 1, 0, 0, 0, 1, 0, 9, 8, 1, 0, 0, 0, 1, 0, 0, 1, 7, 1, 0, 1, 0, 0, 0, 0, 0, 0, 1, 0, 0, 0, 0, 0, 1, 1, 0, 0, 0, 0, 0, 0, 1, 1, 0, 1, 1, 1, 1, 6, 0, 1, 1, 1, 1, 0, 1, 0, 1, 0, 6, 0, 1, 0, 0, 1, 6, 1, 0, 0, 1, 1, 0]

################################################################
################################################################
################### process_jail_download_list: ######################

[7, 6, 6, 41, 6, 6, 6, 6, 7, 6, 6, 7, 6, 7, 6, 6, 7, 6, 6, 6, 6, 7, 6, 6, 6, 6, 6, 6, 39, 7, 6, 6, 6, 6, 6, 36, 42, 7, 6, 6, 6, 7, 6, 6, 7, 36, 6, 6, 7, 6, 6, 6, 6, 6, 6, 7, 6, 6, 6, 6, 6, 6, 7, 6, 6, 6, 6, 6, 6, 6, 7, 6, 6, 6, 6, 7, 30, 6, 6, 6, 6, 6, 6, 7, 6, 7, 6, 43, 6, 6, 6, 6, 7, 31, 7, 6, 6, 7, 6, 6]

################################################################
################################################################
################### process_jail_list: ######################

[6, 6, 5, 32, 5, 6, 5, 5, 6, 6, 5, 6, 6, 6, 5, 6, 6, 5, 6, 5, 6, 6, 5, 6, 6, 6, 6, 6, 33, 6, 6, 6, 6, 5, 6, 27, 34, 6, 6, 6, 6, 6, 6, 6, 6, 29, 5, 6, 6, 6, 6, 6, 6, 6, 6, 6, 6, 6, 6, 6, 6, 5, 6, 6, 6, 6, 6, 6, 6, 5, 6, 6, 5, 5, 5, 6, 24, 6, 5, 5, 5, 5, 6, 6, 6, 6, 6, 37, 6, 5, 6, 6, 6, 25, 6, 6, 6, 6, 5, 6]

################################################################
Numero total de amostras 100

Tempo total de processamento: 0:04:52

############## TEMPOS DE PROCESSAMENTO DO EXERCICIO NO JAIL  ####################
Soma 771 segundos
Media 7.71 segundos
Desvio padrão 6.733936441636496 segundos

95% 27.099999999999994 segundos
99% 34.030000000000015 segundos

############## TEMPOS DE PROCESSAMENTO DO EXERCICIO NO JAIL COM DOWNLOAD  ################
Soma 870 segundos
Media 8.7 segundos
Desvio padrão 8.527015890685322 segundos

95% 36.0 segundos
99% 42.010000000000005 segundos

################### TEMPOS DE DOWNLOAD DO EXERCICIO NO JAIL #######################
Soma 99 segundos
Media 0.99 segundos
Desvio padrão 1.9052296449509698 segundos

95% 6.0 segundos
99% 9.0 segundos

############################ TEMPOS DE ESPERA NA FILA ############################
Soma 5962
Media 59.62 segundos
Desvio padrão 30.902355897245116 segundos

95% 106.1 segundos
99% 111.03000000000002 segundos

################### queue_wait_time_list: ######################

[33, 18, 7, 4, 7, 25, 10, 19, 9, 30, 12, 21, 12, 25, 15, 36, 15, 20, 51, 17, 22, 27, 22, 31, 43, 28, 33, 35, 22, 37, 45, 36, 40, 41, 47, 36, 63, 49, 50, 53, 53, 55, 60, 57, 62, 48, 61, 38, 43, 47, 50, 55, 59, 62, 65, 68, 71, 63, 90, 65, 68, 73, 76, 70, 73, 80, 75, 82, 77, 79, 78, 81, 85, 84, 87, 86, 77, 106, 90, 89, 92, 95, 94, 97, 101, 98, 102, 88, 105, 104, 108, 111, 111, 106, 90, 96, 103, 105, 108, 114]

################################################################
################### jail_ex_download_list: ######################

[1, 0, 1, 9, 1, 0, 1, 1, 1, 0, 1, 1, 0, 1, 1, 0, 1, 1, 0, 1, 0, 1, 1, 0, 0, 0, 0, 0, 6, 1, 0, 0, 0, 1, 0, 9, 8, 1, 0, 0, 0, 1, 0, 0, 1, 7, 1, 0, 1, 0, 0, 0, 0, 0, 0, 1, 0, 0, 0, 0, 0, 1, 1, 0, 0, 0, 0, 0, 0, 1, 1, 0, 1, 1, 1, 1, 6, 0, 1, 1, 1, 1, 0, 1, 0, 1, 0, 6, 0, 1, 0, 0, 1, 6, 1, 0, 0, 1, 1, 0]

################################################################
################################################################
################### process_jail_download_list: ######################

[7, 6, 6, 41, 6, 6, 6, 6, 7, 6, 6, 7, 6, 7, 6, 6, 7, 6, 6, 6, 6, 7, 6, 6, 6, 6, 6, 6, 39, 7, 6, 6, 6, 6, 6, 36, 42, 7, 6, 6, 6, 7, 6, 6, 7, 36, 6, 6, 7, 6, 6, 6, 6, 6, 6, 7, 6, 6, 6, 6, 6, 6, 7, 6, 6, 6, 6, 6, 6, 6, 7, 6, 6, 6, 6, 7, 30, 6, 6, 6, 6, 6, 6, 7, 6, 7, 6, 43, 6, 6, 6, 6, 7, 31, 7, 6, 6, 7, 6, 6]

################################################################
################################################################
################### process_jail_list: ######################

[6, 6, 5, 32, 5, 6, 5, 5, 6, 6, 5, 6, 6, 6, 5, 6, 6, 5, 6, 5, 6, 6, 5, 6, 6, 6, 6, 6, 33, 6, 6, 6, 6, 5, 6, 27, 34, 6, 6, 6, 6, 6, 6, 6, 6, 29, 5, 6, 6, 6, 6, 6, 6, 6, 6, 6, 6, 6, 6, 6, 6, 5, 6, 6, 6, 6, 6, 6, 6, 5, 6, 6, 5, 5, 5, 6, 24, 6, 5, 5, 5, 5, 6, 6, 6, 6, 6, 37, 6, 5, 6, 6, 6, 25, 6, 6, 6, 6, 5, 6]

################################################################
Numero total de amostras 100

Tempo total de processamento: 0:04:52

############## TEMPOS DE PROCESSAMENTO DO EXERCICIO NO JAIL  ####################
Soma 771 segundos
Media 7.71 segundos
Desvio padrão 6.733936441636496 segundos

95% 27.099999999999994 segundos
99% 34.030000000000015 segundos

############## TEMPOS DE PROCESSAMENTO DO EXERCICIO NO JAIL COM DOWNLOAD  ################
Soma 870 segundos
Media 8.7 segundos
Desvio padrão 8.527015890685322 segundos

95% 36.0 segundos
99% 42.010000000000005 segundos

################### TEMPOS DE DOWNLOAD DO EXERCICIO NO JAIL #######################
Soma 99 segundos
Media 0.99 segundos
Desvio padrão 1.9052296449509698 segundos

95% 6.0 segundos
99% 9.0 segundos

############################ TEMPOS DE ESPERA NA FILA ############################
Soma 5962
Media 59.62 segundos
Desvio padrão 30.902355897245116 segundos

95% 106.1 segundos
99% 111.03000000000002 segundos

################### queue_wait_time_list: ######################

[33, 18, 7, 4, 7, 25, 10, 19, 9, 30, 12, 21, 12, 25, 15, 36, 15, 20, 51, 17, 22, 27, 22, 31, 43, 28, 33, 35, 22, 37, 45, 36, 40, 41, 47, 36, 63, 49, 50, 53, 53, 55, 60, 57, 62, 48, 61, 38, 43, 47, 50, 55, 59, 62, 65, 68, 71, 63, 90, 65, 68, 73, 76, 70, 73, 80, 75, 82, 77, 79, 78, 81, 85, 84, 87, 86, 77, 106, 90, 89, 92, 95, 94, 97, 101, 98, 102, 88, 105, 104, 108, 111, 111, 106, 90, 96, 103, 105, 108, 114]

################################################################
################### jail_ex_download_list: ######################

[1, 0, 1, 9, 1, 0, 1, 1, 1, 0, 1, 1, 0, 1, 1, 0, 1, 1, 0, 1, 0, 1, 1, 0, 0, 0, 0, 0, 6, 1, 0, 0, 0, 1, 0, 9, 8, 1, 0, 0, 0, 1, 0, 0, 1, 7, 1, 0, 1, 0, 0, 0, 0, 0, 0, 1, 0, 0, 0, 0, 0, 1, 1, 0, 0, 0, 0, 0, 0, 1, 1, 0, 1, 1, 1, 1, 6, 0, 1, 1, 1, 1, 0, 1, 0, 1, 0, 6, 0, 1, 0, 0, 1, 6, 1, 0, 0, 1, 1, 0]

################################################################
################################################################
################### process_jail_download_list: ######################

[7, 6, 6, 41, 6, 6, 6, 6, 7, 6, 6, 7, 6, 7, 6, 6, 7, 6, 6, 6, 6, 7, 6, 6, 6, 6, 6, 6, 39, 7, 6, 6, 6, 6, 6, 36, 42, 7, 6, 6, 6, 7, 6, 6, 7, 36, 6, 6, 7, 6, 6, 6, 6, 6, 6, 7, 6, 6, 6, 6, 6, 6, 7, 6, 6, 6, 6, 6, 6, 6, 7, 6, 6, 6, 6, 7, 30, 6, 6, 6, 6, 6, 6, 7, 6, 7, 6, 43, 6, 6, 6, 6, 7, 31, 7, 6, 6, 7, 6, 6]

################################################################
################################################################
################### process_jail_list: ######################

[6, 6, 5, 32, 5, 6, 5, 5, 6, 6, 5, 6, 6, 6, 5, 6, 6, 5, 6, 5, 6, 6, 5, 6, 6, 6, 6, 6, 33, 6, 6, 6, 6, 5, 6, 27, 34, 6, 6, 6, 6, 6, 6, 6, 6, 29, 5, 6, 6, 6, 6, 6, 6, 6, 6, 6, 6, 6, 6, 6, 6, 5, 6, 6, 6, 6, 6, 6, 6, 5, 6, 6, 5, 5, 5, 6, 24, 6, 5, 5, 5, 5, 6, 6, 6, 6, 6, 37, 6, 5, 6, 6, 6, 25, 6, 6, 6, 6, 5, 6]

################################################################
