Numero total de amostras 100

Tempo total de processamento: 0:02:05

############## TEMPOS DE PROCESSAMENTO DO EXERCICIO NO JAIL  ####################
Soma 600 segundos
Media 6.0 segundos
Desvio padr達o 0.8831760866327847 segundos

95% 7.049999999999997 segundos
99% 10.0 segundos

############## TEMPOS DE PROCESSAMENTO DO EXERCICIO NO JAIL COM DOWNLOAD  ################
Soma 739 segundos
Media 7.39 segundos
Desvio padr達o 1.5420440979427272 segundos

95% 11.0 segundos
99% 14.0 segundos

################### TEMPOS DE DOWNLOAD DO EXERCICIO NO JAIL #######################
Soma 139 segundos
Media 1.39 segundos
Desvio padr達o 1.207435298473587 segundos

95% 3.0 segundos
99% 8.0 segundos

############################ TEMPOS DE ESPERA NA FILA ############################
Soma 83889
Media 838.89 segundos
Desvio padr達o 18.337881557039243 segundos

95% 868.0 segundos
99% 870.01 segundos

################### queue_wait_time_list: ######################

[869, 870, 865, 867, 868, 866, 862, 857, 869, 860, 867, 863, 857, 864, 863, 853, 850, 859, 845, 857, 848, 853, 843, 856, 851, 848, 852, 848, 836, 845, 845, 834, 842, 839, 828, 838, 837, 842, 832, 841, 838, 836, 833, 828, 832, 830, 830, 837, 871, 868, 866, 866, 861, 861, 858, 855, 854, 852, 848, 846, 843, 841, 835, 833, 828, 819, 829, 821, 820, 826, 822, 826, 825, 823, 819, 815, 824, 823, 819, 821, 819, 816, 822, 813, 816, 815, 816, 817, 814, 813, 815, 818, 815, 816, 818, 815, 817, 812, 815, 816]

################################################################
################### jail_ex_download_list: ######################

[2, 3, 1, 0, 3, 1, 1, 1, 1, 1, 1, 1, 1, 1, 1, 1, 0, 1, 1, 1, 1, 1, 1, 0, 1, 2, 1, 1, 1, 1, 1, 1, 1, 1, 1, 1, 1, 0, 0, 1, 1, 1, 1, 1, 1, 1, 2, 1, 3, 3, 3, 1, 1, 0, 1, 1, 1, 1, 1, 1, 1, 0, 1, 0, 1, 1, 1, 1, 2, 1, 1, 2, 1, 1, 2, 4, 2, 1, 2, 2, 1, 1, 2, 8, 1, 1, 1, 1, 2, 2, 2, 2, 3, 1, 0, 2, 2, 3, 8, 2]

################################################################
################################################################
################### process_jail_download_list: ######################

[8, 8, 7, 6, 8, 6, 6, 6, 7, 7, 7, 6, 7, 6, 7, 6, 6, 7, 7, 7, 7, 6, 6, 6, 6, 7, 7, 6, 7, 7, 7, 6, 6, 7, 6, 7, 7, 6, 6, 7, 7, 7, 7, 6, 7, 7, 7, 7, 9, 9, 9, 7, 7, 6, 7, 7, 7, 7, 6, 7, 7, 6, 6, 6, 7, 7, 7, 7, 8, 7, 7, 8, 7, 7, 8, 10, 8, 7, 8, 8, 8, 7, 9, 14, 8, 7, 11, 9, 12, 8, 8, 8, 9, 7, 7, 11, 8, 12, 14, 8]

################################################################
################################################################
################### process_jail_list: ######################

[6, 5, 6, 6, 5, 5, 5, 5, 6, 6, 6, 5, 6, 5, 6, 5, 6, 6, 6, 6, 6, 5, 5, 6, 5, 5, 6, 5, 6, 6, 6, 5, 5, 6, 5, 6, 6, 6, 6, 6, 6, 6, 6, 5, 6, 6, 5, 6, 6, 6, 6, 6, 6, 6, 6, 6, 6, 6, 5, 6, 6, 6, 5, 6, 6, 6, 6, 6, 6, 6, 6, 6, 6, 6, 6, 6, 6, 6, 6, 6, 7, 6, 7, 6, 7, 6, 10, 8, 10, 6, 6, 6, 6, 6, 7, 9, 6, 9, 6, 6]

################################################################
