Numero total de amostras 100

Tempo total de processamento: 0:04:50

############## TEMPOS DE PROCESSAMENTO DO EXERCICIO NO JAIL  ####################
Soma 947 segundos
Media 9.47 segundos
Desvio padr達o 9.396227966583186 segundos

95% 30.0 segundos
99% 45.04000000000002 segundos

############## TEMPOS DE PROCESSAMENTO DO EXERCICIO NO JAIL COM DOWNLOAD  ################
Soma 1094 segundos
Media 10.94 segundos
Desvio padr達o 11.5263350636705 segundos

95% 37.0 segundos
99% 55.0 segundos

################### TEMPOS DE DOWNLOAD DO EXERCICIO NO JAIL #######################
Soma 147 segundos
Media 1.47 segundos
Desvio padr達o 2.3767835408383324 segundos

95% 6.049999999999997 segundos
99% 10.030000000000015 segundos

############################ TEMPOS DE ESPERA NA FILA ############################
Soma 4530
Media 45.3 segundos
Desvio padr達o 26.52941763401526 segundos

95% 86.1 segundos
99% 91.02000000000001 segundos

################### queue_wait_time_list: ######################

[15, 1, 24, 2, 13, 17, 2, 0, 2, 22, 13, 6, 5, 26, 8, 7, 14, 11, 18, 35, 10, 25, 12, 13, 14, 20, 24, 20, 24, 28, 14, 26, 31, 34, 31, 23, 25, 36, 37, 36, 35, 38, 42, 44, 40, 47, 46, 28, 33, 35, 38, 42, 56, 55, 50, 62, 48, 54, 53, 59, 51, 55, 56, 67, 56, 67, 59, 62, 64, 65, 57, 79, 67, 67, 56, 81, 68, 69, 71, 73, 74, 66, 66, 77, 76, 93, 78, 83, 85, 88, 86, 88, 77, 90, 75, 79, 78, 83, 91, 78]

################################################################
################### jail_ex_download_list: ######################

[0, 6, 0, 1, 1, 1, 1, 7, 1, 0, 0, 0, 0, 0, 0, 1, 1, 0, 1, 6, 1, 0, 1, 6, 1, 0, 1, 1, 0, 1, 5, 1, 1, 0, 1, 5, 5, 0, 10, 1, 0, 0, 0, 1, 1, 1, 0, 1, 1, 1, 1, 1, 1, 1, 0, 0, 1, 0, 0, 1, 1, 1, 1, 1, 0, 0, 1, 0, 0, 1, 5, 1, 1, 0, 4, 0, 1, 1, 0, 0, 1, 4, 7, 1, 1, 5, 0, 0, 1, 1, 1, 1, 10, 1, 0, 0, 0, 1, 0, 13]

################################################################
################################################################
################### process_jail_download_list: ######################

[6, 34, 6, 6, 6, 7, 7, 37, 7, 6, 6, 6, 6, 6, 6, 6, 6, 6, 6, 55, 7, 6, 7, 35, 6, 6, 7, 7, 6, 6, 33, 6, 7, 6, 6, 37, 35, 6, 55, 7, 6, 6, 6, 7, 6, 7, 6, 6, 6, 7, 7, 6, 6, 6, 6, 6, 6, 6, 6, 7, 7, 7, 6, 7, 6, 6, 7, 6, 6, 6, 34, 7, 6, 6, 33, 6, 7, 7, 6, 6, 6, 33, 36, 7, 7, 22, 6, 6, 6, 7, 6, 6, 42, 6, 6, 6, 6, 6, 6, 39]

################################################################
################################################################
################### process_jail_list: ######################

[6, 28, 6, 5, 5, 6, 6, 30, 6, 6, 6, 6, 6, 6, 6, 5, 5, 6, 5, 49, 6, 6, 6, 29, 5, 6, 6, 6, 6, 5, 28, 5, 6, 6, 5, 32, 30, 6, 45, 6, 6, 6, 6, 6, 5, 6, 6, 5, 5, 6, 6, 5, 5, 5, 6, 6, 5, 6, 6, 6, 6, 6, 5, 6, 6, 6, 6, 6, 6, 5, 29, 6, 5, 6, 29, 6, 6, 6, 6, 6, 5, 29, 29, 6, 6, 17, 6, 6, 5, 6, 5, 5, 32, 5, 6, 6, 6, 5, 6, 26]

################################################################
