Numero total de amostras 100

Tempo total de processamento: 0:22:14

############## TEMPOS DE PROCESSAMENTO DO EXERCICIO NO JAIL  ####################
Soma 1154 segundos
Media 11.54 segundos
Desvio padr達o 2.6169447835214257 segundos

95% 17.049999999999997 segundos
99% 20.010000000000005 segundos

############## TEMPOS DE PROCESSAMENTO DO EXERCICIO NO JAIL COM DOWNLOAD  ################
Soma 1336 segundos
Media 13.36 segundos
Desvio padr達o 2.9950626036862733 segundos

95% 20.0 segundos
99% 22.010000000000005 segundos

################### TEMPOS DE DOWNLOAD DO EXERCICIO NO JAIL #######################
Soma 182 segundos
Media 1.82 segundos
Desvio padr達o 0.8170679286326197 segundos

95% 3.0 segundos
99% 3.010000000000005 segundos

############################ TEMPOS DE ESPERA NA FILA ############################
Soma 61672
Media 616.72 segundos
Desvio padr達o 338.1460359075646 segundos

95% 1098.55 segundos
99% 1136.1000000000001 segundos

################### queue_wait_time_list: ######################

[77, 3, 18, 28, 38, 63, 98, 49, 108, 120, 142, 154, 174, 201, 213, 253, 265, 285, 314, 327, 342, 366, 381, 392, 415, 427, 458, 469, 480, 515, 525, 536, 562, 573, 601, 612, 622, 646, 659, 668, 688, 699, 709, 730, 739, 764, 774, 88, 130, 190, 235, 300, 354, 404, 445, 501, 551, 583, 633, 678, 719, 753, 785, 797, 808, 818, 829, 839, 851, 858, 867, 874, 882, 895, 907, 915, 924, 935, 943, 954, 964, 983, 992, 1017, 1028, 1038, 1060, 1063, 1080, 1091, 1098, 1118, 1126, 1136, 973, 1005, 1047, 1071, 1109, 1146]

################################################################
################### jail_ex_download_list: ######################

[2, 3, 1, 2, 2, 3, 1, 1, 3, 2, 1, 1, 3, 2, 3, 2, 3, 3, 1, 2, 2, 2, 2, 3, 1, 4, 2, 1, 3, 2, 2, 3, 2, 2, 2, 1, 1, 3, 1, 1, 1, 2, 2, 1, 2, 2, 1, 1, 3, 2, 3, 3, 2, 3, 3, 3, 2, 2, 1, 1, 3, 2, 1, 2, 1, 2, 1, 1, 1, 1, 1, 2, 2, 3, 1, 1, 1, 1, 1, 2, 2, 1, 1, 2, 2, 1, 1, 1, 1, 0, 2, 2, 1, 1, 1, 3, 3, 1, 2, 3]

################################################################
################################################################
################### process_jail_download_list: ######################

[12, 17, 12, 11, 13, 16, 12, 16, 14, 12, 12, 22, 18, 14, 23, 14, 22, 16, 15, 17, 14, 16, 13, 14, 14, 20, 13, 13, 22, 12, 13, 17, 13, 12, 13, 12, 12, 15, 11, 12, 13, 12, 12, 11, 16, 12, 12, 12, 14, 13, 20, 16, 14, 13, 14, 16, 12, 20, 15, 11, 12, 13, 14, 13, 12, 13, 11, 14, 9, 11, 9, 10, 14, 14, 10, 11, 12, 10, 13, 12, 11, 11, 15, 13, 12, 10, 5, 10, 12, 9, 13, 10, 11, 12, 11, 14, 15, 11, 11, 16]

################################################################
################################################################
################### process_jail_list: ######################

[10, 14, 11, 9, 11, 13, 11, 15, 11, 10, 11, 21, 15, 12, 20, 12, 19, 13, 14, 15, 12, 14, 11, 11, 13, 16, 11, 12, 19, 10, 11, 14, 11, 10, 11, 11, 11, 12, 10, 11, 12, 10, 10, 10, 14, 10, 11, 11, 11, 11, 17, 13, 12, 10, 11, 13, 10, 18, 14, 10, 9, 11, 13, 11, 11, 11, 10, 13, 8, 10, 8, 8, 12, 11, 9, 10, 11, 9, 12, 10, 9, 10, 14, 11, 10, 9, 4, 9, 11, 9, 11, 8, 10, 11, 10, 11, 12, 10, 9, 13]

################################################################
