Numero total de amostras 100

Tempo total de processamento: 0:06:20

############## TEMPOS DE PROCESSAMENTO DO EXERCICIO NO JAIL  ####################
Soma 683 segundos
Media 6.83 segundos
Desvio padr達o 1.7666635220097797 segundos

95% 10.0 segundos
99% 13.0 segundos

############## TEMPOS DE PROCESSAMENTO DO EXERCICIO NO JAIL COM DOWNLOAD  ################
Soma 758 segundos
Media 7.58 segundos
Desvio padr達o 1.990879202764447 segundos

95% 11.049999999999997 segundos
99% 14.0 segundos

################### TEMPOS DE DOWNLOAD DO EXERCICIO NO JAIL #######################
Soma 75 segundos
Media 0.75 segundos
Desvio padr達o 0.5722761571129799 segundos

95% 1.0499999999999972 segundos
99% 2.010000000000005 segundos

############################ TEMPOS DE ESPERA NA FILA ############################
Soma 10362
Media 103.62 segundos
Desvio padr達o 57.833862053298844 segundos

95% 189.09999999999997 segundos
99% 195.01999999999998 segundos

################### queue_wait_time_list: ######################

[19, 40, 2, 1, 23, 6, 34, 10, 8, 23, 47, 14, 26, 13, 16, 19, 36, 29, 49, 29, 34, 55, 43, 39, 47, 60, 66, 57, 71, 64, 78, 74, 72, 91, 84, 81, 85, 95, 98, 95, 101, 104, 105, 110, 116, 112, 117, 54, 60, 67, 79, 88, 90, 100, 108, 114, 123, 120, 129, 120, 127, 131, 123, 127, 139, 134, 132, 143, 136, 143, 149, 153, 146, 150, 154, 156, 158, 164, 166, 158, 162, 171, 168, 176, 175, 179, 183, 181, 186, 189, 191, 187, 192, 197, 166, 171, 178, 183, 193, 195]

################################################################
################### jail_ex_download_list: ######################

[1, 0, 1, 3, 1, 1, 0, 0, 1, 2, 1, 0, 0, 1, 1, 1, 0, 1, 1, 1, 1, 0, 1, 1, 1, 2, 1, 0, 0, 1, 1, 1, 2, 0, 1, 1, 1, 0, 1, 1, 1, 1, 1, 1, 0, 1, 1, 0, 1, 2, 0, 1, 1, 1, 0, 1, 1, 0, 1, 1, 0, 1, 0, 0, 0, 1, 1, 1, 1, 1, 0, 0, 1, 1, 1, 1, 1, 0, 1, 1, 1, 1, 0, 0, 0, 1, 1, 1, 1, 1, 0, 0, 1, 0, 0, 1, 0, 1, 1, 1]

################################################################
################################################################
################### process_jail_download_list: ######################

[9, 6, 6, 12, 7, 7, 6, 6, 11, 10, 6, 6, 6, 10, 6, 6, 6, 7, 7, 10, 10, 6, 6, 14, 12, 12, 7, 6, 6, 6, 11, 7, 11, 6, 6, 6, 10, 6, 6, 10, 9, 7, 11, 6, 8, 9, 7, 10, 6, 11, 6, 7, 10, 6, 6, 6, 9, 6, 6, 7, 8, 8, 6, 6, 6, 7, 6, 6, 14, 11, 6, 6, 7, 9, 8, 6, 7, 6, 9, 9, 8, 9, 6, 6, 7, 8, 7, 6, 8, 6, 7, 6, 8, 9, 6, 7, 6, 7, 6, 7]

################################################################
################################################################
################### process_jail_list: ######################

[8, 6, 5, 9, 6, 6, 6, 6, 10, 8, 5, 6, 6, 9, 5, 5, 6, 6, 6, 9, 9, 6, 5, 13, 11, 10, 6, 6, 6, 5, 10, 6, 9, 6, 5, 5, 9, 6, 5, 9, 8, 6, 10, 5, 8, 8, 6, 10, 5, 9, 6, 6, 9, 5, 6, 5, 8, 6, 5, 6, 8, 7, 6, 6, 6, 6, 5, 5, 13, 10, 6, 6, 6, 8, 7, 5, 6, 6, 8, 8, 7, 8, 6, 6, 7, 7, 6, 5, 7, 5, 7, 6, 7, 9, 6, 6, 6, 6, 5, 6]

################################################################
