Numero total de amostras 100

Tempo total de processamento: 0:09:04

############## TEMPOS DE PROCESSAMENTO DO EXERCICIO NO JAIL  ####################
Soma 1910 segundos
Media 19.1 segundos
Desvio padr達o 4.9365980188789935 segundos

95% 29.099999999999994 segundos
99% 36.030000000000015 segundos

############## TEMPOS DE PROCESSAMENTO DO EXERCICIO NO JAIL COM DOWNLOAD  ################
Soma 2459 segundos
Media 24.59 segundos
Desvio padr達o 7.099429554548731 segundos

95% 38.099999999999994 segundos
99% 43.0 segundos

################### TEMPOS DE DOWNLOAD DO EXERCICIO NO JAIL #######################
Soma 549 segundos
Media 5.49 segundos
Desvio padr達o 4.778064461683203 segundos

95% 16.049999999999997 segundos
99% 17.02000000000001 segundos

############################ TEMPOS DE ESPERA NA FILA ############################
Soma 125827
Media 1258.27 segundos
Desvio padr達o 90.43073094916352 segundos

95% 1406.1 segundos
99% 1427.1000000000001 segundos

################### queue_wait_time_list: ######################

[1105, 1118, 1107, 1125, 1129, 1137, 1154, 1138, 1150, 1148, 1195, 1197, 1183, 1183, 1219, 1165, 1153, 1177, 1236, 1203, 1194, 1217, 1295, 1229, 1204, 1216, 1287, 1267, 1263, 1230, 1225, 1227, 1286, 1239, 1240, 1289, 1267, 1279, 1271, 1292, 1272, 1204, 1090, 1092, 1119, 1220, 1135, 1138, 1138, 1149, 1160, 1173, 1176, 1203, 1205, 1215, 1228, 1238, 1238, 1265, 1278, 1314, 1297, 1334, 1374, 1406, 1338, 1298, 1339, 1315, 1321, 1354, 1362, 1385, 1403, 1427, 1358, 1378, 1385, 1388, 1413, 1414, 1265, 1287, 1277, 1286, 1298, 1298, 1290, 1316, 1315, 1340, 1339, 1356, 1360, 1384, 1387, 1408, 1406, 1437]

################################################################
################### jail_ex_download_list: ######################

[1, 1, 1, 2, 1, 2, 4, 2, 7, 1, 2, 1, 6, 5, 3, 1, 3, 11, 19, 4, 1, 6, 1, 1, 1, 5, 2, 4, 2, 1, 2, 3, 1, 17, 17, 7, 5, 2, 5, 2, 3, 4, 2, 2, 1, 4, 3, 3, 1, 1, 2, 4, 12, 1, 4, 3, 2, 14, 10, 4, 2, 11, 17, 2, 1, 14, 3, 9, 2, 11, 5, 6, 9, 7, 2, 16, 16, 2, 12, 7, 7, 7, 4, 6, 4, 7, 16, 7, 17, 2, 10, 2, 4, 7, 15, 6, 9, 7, 12, 4]

################################################################
################################################################
################### process_jail_download_list: ######################

[16, 16, 16, 18, 17, 18, 25, 18, 43, 20, 19, 16, 21, 24, 19, 23, 42, 31, 36, 23, 16, 21, 19, 16, 22, 20, 17, 19, 19, 17, 21, 22, 18, 33, 33, 23, 20, 17, 21, 19, 23, 25, 18, 17, 16, 20, 18, 20, 21, 23, 29, 32, 33, 18, 25, 19, 17, 40, 38, 20, 19, 26, 33, 26, 24, 30, 28, 31, 30, 26, 20, 28, 26, 30, 18, 32, 35, 18, 43, 28, 30, 29, 19, 22, 21, 23, 31, 23, 33, 22, 26, 22, 36, 31, 37, 28, 28, 38, 41, 22]

################################################################
################################################################
################### process_jail_list: ######################

[15, 15, 15, 16, 16, 16, 21, 16, 36, 19, 17, 15, 15, 19, 16, 22, 39, 20, 17, 19, 15, 15, 18, 15, 21, 15, 15, 15, 17, 16, 19, 19, 17, 16, 16, 16, 15, 15, 16, 17, 20, 21, 16, 15, 15, 16, 15, 17, 20, 22, 27, 28, 21, 17, 21, 16, 15, 26, 28, 16, 17, 15, 16, 24, 23, 16, 25, 22, 28, 15, 15, 22, 17, 23, 16, 16, 19, 16, 31, 21, 23, 22, 15, 16, 17, 16, 15, 16, 16, 20, 16, 20, 32, 24, 22, 22, 19, 31, 29, 18]

################################################################
