Numero total de amostras 100

Tempo total de processamento: 0:09:54

############## TEMPOS DE PROCESSAMENTO DO EXERCICIO NO JAIL  ####################
Soma 1031 segundos
Media 10.31 segundos
Desvio padr達o 2.3138496061758205 segundos

95% 14.0 segundos
99% 19.010000000000005 segundos

############## TEMPOS DE PROCESSAMENTO DO EXERCICIO NO JAIL COM DOWNLOAD  ################
Soma 1183 segundos
Media 11.83 segundos
Desvio padr達o 2.7930449334015375 segundos

95% 16.0 segundos
99% 20.04000000000002 segundos

################### TEMPOS DE DOWNLOAD DO EXERCICIO NO JAIL #######################
Soma 152 segundos
Media 1.52 segundos
Desvio padr達o 0.8304215796810679 segundos

95% 3.0 segundos
99% 4.0 segundos

############################ TEMPOS DE ESPERA NA FILA ############################
Soma 20610
Media 206.1 segundos
Desvio padr達o 110.69096620772628 segundos

95% 379.05 segundos
99% 394.0400000000001 segundos

################### queue_wait_time_list: ######################

[86, 72, 1, 3, 38, 13, 40, 15, 20, 22, 30, 31, 54, 46, 44, 52, 58, 60, 96, 98, 129, 110, 122, 135, 120, 142, 153, 137, 155, 174, 166, 173, 181, 184, 193, 198, 186, 210, 191, 215, 215, 220, 220, 225, 231, 236, 230, 71, 84, 108, 130, 144, 164, 179, 199, 236, 211, 225, 242, 248, 254, 242, 254, 247, 260, 260, 265, 268, 273, 275, 281, 282, 288, 288, 293, 293, 298, 299, 305, 307, 331, 314, 323, 341, 322, 349, 361, 351, 371, 379, 372, 385, 398, 389, 313, 394, 331, 341, 362, 380]

################################################################
################### jail_ex_download_list: ######################

[3, 2, 4, 3, 1, 2, 1, 1, 2, 2, 2, 2, 1, 1, 1, 1, 2, 2, 2, 2, 1, 2, 1, 1, 1, 2, 2, 1, 2, 1, 2, 1, 1, 1, 0, 3, 1, 1, 0, 1, 1, 1, 1, 1, 1, 2, 1, 3, 3, 2, 1, 2, 2, 1, 3, 1, 0, 1, 1, 0, 1, 2, 1, 2, 0, 1, 2, 1, 3, 2, 2, 1, 1, 1, 1, 1, 1, 1, 1, 1, 3, 2, 2, 0, 2, 2, 2, 1, 1, 1, 1, 2, 4, 1, 1, 1, 3, 3, 2, 2]

################################################################
################################################################
################### process_jail_download_list: ######################

[16, 17, 15, 15, 10, 11, 10, 11, 13, 13, 12, 12, 10, 11, 11, 10, 16, 16, 15, 15, 10, 16, 12, 11, 12, 14, 15, 11, 15, 10, 12, 10, 9, 10, 10, 16, 10, 8, 11, 9, 9, 9, 8, 9, 9, 10, 9, 17, 16, 16, 10, 14, 12, 9, 15, 9, 8, 9, 10, 9, 10, 9, 10, 10, 9, 11, 11, 11, 12, 11, 10, 9, 9, 9, 9, 9, 10, 12, 11, 11, 14, 11, 12, 11, 13, 16, 13, 15, 12, 10, 12, 12, 24, 13, 13, 20, 13, 14, 13, 12]

################################################################
################################################################
################### process_jail_list: ######################

[13, 15, 11, 12, 9, 9, 9, 10, 11, 11, 10, 10, 9, 10, 10, 9, 14, 14, 13, 13, 9, 14, 11, 10, 11, 12, 13, 10, 13, 9, 10, 9, 8, 9, 10, 13, 9, 7, 11, 8, 8, 8, 7, 8, 8, 8, 8, 14, 13, 14, 9, 12, 10, 8, 12, 8, 8, 8, 9, 9, 9, 7, 9, 8, 9, 10, 9, 10, 9, 9, 8, 8, 8, 8, 8, 8, 9, 11, 10, 10, 11, 9, 10, 11, 11, 14, 11, 14, 11, 9, 11, 10, 20, 12, 12, 19, 10, 11, 11, 10]

################################################################
