Numero total de amostras 100

Tempo total de processamento: 0:10:33

############## TEMPOS DE PROCESSAMENTO DO EXERCICIO NO JAIL  ####################
Soma 787 segundos
Media 7.87 segundos
Desvio padr達o 4.239469306410887 segundos

95% 17.049999999999997 segundos
99% 20.160000000000082 segundos

############## TEMPOS DE PROCESSAMENTO DO EXERCICIO NO JAIL COM DOWNLOAD  ################
Soma 973 segundos
Media 9.73 segundos
Desvio padr達o 5.956265608583955 segundos

95% 20.0 segundos
99% 34.18000000000009 segundos

################### TEMPOS DE DOWNLOAD DO EXERCICIO NO JAIL #######################
Soma 186 segundos
Media 1.86 segundos
Desvio padr達o 2.1024747323095228 segundos

95% 4.0 segundos
99% 14.02000000000001 segundos

############################ TEMPOS DE ESPERA NA FILA ############################
Soma 70842
Media 708.42 segundos
Desvio padr達o 97.64068619177152 segundos

95% 827.3 segundos
99% 838.04 segundos

################### queue_wait_time_list: ######################

[400, 434, 456, 475, 544, 577, 610, 617, 624, 637, 643, 652, 660, 657, 653, 663, 688, 668, 673, 677, 671, 682, 690, 680, 696, 700, 692, 706, 713, 710, 704, 715, 719, 712, 723, 728, 730, 725, 736, 727, 735, 739, 743, 744, 748, 753, 752, 708, 389, 415, 525, 561, 632, 647, 660, 667, 675, 686, 698, 717, 702, 720, 732, 739, 747, 757, 756, 774, 754, 762, 759, 769, 764, 767, 783, 779, 774, 796, 779, 792, 782, 786, 802, 791, 802, 808, 823, 818, 827, 818, 842, 833, 825, 837, 786, 822, 834, 794, 808, 838]

################################################################
################### jail_ex_download_list: ######################

[1, 4, 7, 16, 3, 14, 2, 1, 1, 2, 1, 2, 2, 1, 1, 2, 2, 2, 2, 2, 2, 2, 1, 2, 2, 1, 2, 1, 1, 1, 1, 2, 1, 1, 2, 1, 3, 2, 1, 1, 1, 1, 2, 1, 1, 2, 1, 1, 4, 3, 4, 2, 1, 1, 1, 2, 2, 2, 1, 2, 1, 2, 2, 1, 1, 2, 2, 1, 2, 3, 1, 1, 3, 1, 1, 2, 1, 1, 1, 2, 1, 1, 0, 1, 0, 2, 1, 1, 2, 1, 1, 1, 1, 0, 2, 1, 2, 1, 2, 1]

################################################################
################################################################
################### process_jail_download_list: ######################

[20, 23, 20, 52, 20, 34, 9, 9, 8, 8, 7, 11, 8, 8, 8, 8, 8, 8, 8, 9, 8, 9, 9, 9, 8, 7, 9, 8, 7, 7, 8, 7, 7, 7, 7, 7, 9, 8, 7, 6, 7, 8, 8, 8, 8, 7, 6, 7, 12, 21, 20, 18, 7, 8, 8, 8, 9, 8, 8, 8, 7, 8, 8, 8, 8, 7, 7, 7, 7, 9, 8, 9, 9, 10, 7, 8, 9, 11, 7, 8, 7, 9, 10, 7, 9, 13, 8, 9, 10, 8, 7, 7, 11, 6, 9, 7, 9, 10, 13, 8]

################################################################
################################################################
################### process_jail_list: ######################

[19, 19, 13, 36, 17, 20, 7, 8, 7, 6, 6, 9, 6, 7, 7, 6, 6, 6, 6, 7, 6, 7, 8, 7, 6, 6, 7, 7, 6, 6, 7, 5, 6, 6, 5, 6, 6, 6, 6, 5, 6, 7, 6, 7, 7, 5, 5, 6, 8, 18, 16, 16, 6, 7, 7, 6, 7, 6, 7, 6, 6, 6, 6, 7, 7, 5, 5, 6, 5, 6, 7, 8, 6, 9, 6, 6, 8, 10, 6, 6, 6, 8, 10, 6, 9, 11, 7, 8, 8, 7, 6, 6, 10, 6, 7, 6, 7, 9, 11, 7]

################################################################
