Numero total de amostras 100

Tempo total de processamento: 0:02:21

############## TEMPOS DE PROCESSAMENTO DO EXERCICIO NO JAIL  ####################
Soma 573 segundos
Media 5.73 segundos
Desvio padr達o 0.4439594576084623 segundos

95% 6.0 segundos
99% 6.0 segundos

############## TEMPOS DE PROCESSAMENTO DO EXERCICIO NO JAIL COM DOWNLOAD  ################
Soma 687 segundos
Media 6.87 segundos
Desvio padr達o 0.7830070242341378 segundos

95% 8.0 segundos
99% 9.010000000000005 segundos

################### TEMPOS DE DOWNLOAD DO EXERCICIO NO JAIL #######################
Soma 114 segundos
Media 1.14 segundos
Desvio padr達o 0.8368990381163071 segundos

95% 2.0 segundos
99% 4.0 segundos

############################ TEMPOS DE ESPERA NA FILA ############################
Soma 7221
Media 72.21 segundos
Desvio padr達o 13.102133414066582 segundos

95% 92.05 segundos
99% 93.01 segundos

################### queue_wait_time_list: ######################

[90, 93, 94, 93, 87, 84, 92, 93, 89, 90, 93, 91, 81, 91, 87, 90, 89, 89, 87, 86, 80, 87, 85, 81, 84, 82, 81, 76, 80, 80, 78, 77, 74, 68, 78, 73, 76, 75, 70, 71, 75, 73, 68, 71, 66, 68, 69, 89, 92, 85, 85, 83, 84, 80, 79, 77, 76, 73, 70, 71, 69, 65, 66, 63, 60, 65, 66, 60, 64, 60, 65, 64, 63, 62, 57, 61, 61, 60, 55, 59, 57, 58, 52, 58, 56, 55, 55, 53, 59, 56, 54, 53, 51, 50, 61, 57, 55, 54, 53, 50]

################################################################
################### jail_ex_download_list: ######################

[1, 0, 2, 2, 1, 1, 4, 4, 3, 4, 1, 0, 1, 1, 2, 1, 1, 1, 2, 0, 0, 0, 2, 1, 1, 1, 1, 1, 1, 1, 1, 1, 0, 0, 1, 1, 0, 0, 1, 1, 1, 1, 1, 0, 2, 2, 1, 2, 2, 2, 0, 2, 0, 1, 1, 1, 0, 1, 1, 0, 1, 1, 1, 0, 1, 1, 1, 1, 1, 2, 1, 1, 0, 2, 2, 1, 1, 1, 0, 1, 1, 1, 1, 0, 2, 1, 1, 2, 2, 1, 0, 2, 2, 2, 1, 2, 2, 1, 1, 1]

################################################################
################################################################
################### process_jail_download_list: ######################

[6, 6, 8, 7, 7, 6, 9, 9, 9, 10, 6, 6, 7, 7, 7, 7, 7, 7, 7, 6, 6, 6, 8, 7, 6, 7, 6, 7, 7, 7, 7, 7, 6, 6, 7, 7, 6, 6, 6, 7, 7, 6, 6, 6, 7, 7, 6, 7, 7, 7, 6, 8, 6, 6, 6, 7, 6, 7, 7, 6, 6, 7, 7, 6, 7, 7, 7, 7, 7, 8, 7, 6, 6, 8, 7, 7, 7, 7, 6, 7, 7, 7, 7, 6, 7, 7, 7, 7, 8, 7, 6, 7, 8, 8, 7, 8, 8, 7, 7, 7]

################################################################
################################################################
################### process_jail_list: ######################

[5, 6, 6, 5, 6, 5, 5, 5, 6, 6, 5, 6, 6, 6, 5, 6, 6, 6, 5, 6, 6, 6, 6, 6, 5, 6, 5, 6, 6, 6, 6, 6, 6, 6, 6, 6, 6, 6, 5, 6, 6, 5, 5, 6, 5, 5, 5, 5, 5, 5, 6, 6, 6, 5, 5, 6, 6, 6, 6, 6, 5, 6, 6, 6, 6, 6, 6, 6, 6, 6, 6, 5, 6, 6, 5, 6, 6, 6, 6, 6, 6, 6, 6, 6, 5, 6, 6, 5, 6, 6, 6, 5, 6, 6, 6, 6, 6, 6, 6, 6]

################################################################
