Numero total de amostras 100

Tempo total de processamento: 0:02:09

############## TEMPOS DE PROCESSAMENTO DO EXERCICIO NO JAIL  ####################
Soma 552 segundos
Media 5.52 segundos
Desvio padr達o 0.4995998398718718 segundos

95% 6.0 segundos
99% 6.0 segundos

############## TEMPOS DE PROCESSAMENTO DO EXERCICIO NO JAIL COM DOWNLOAD  ################
Soma 644 segundos
Media 6.44 segundos
Desvio padr達o 0.8404760555780278 segundos

95% 8.0 segundos
99% 9.0 segundos

################### TEMPOS DE DOWNLOAD DO EXERCICIO NO JAIL #######################
Soma 92 segundos
Media 0.92 segundos
Desvio padr達o 0.8207313811473276 segundos

95% 2.0 segundos
99% 3.010000000000005 segundos

############################ TEMPOS DE ESPERA NA FILA ############################
Soma 6147
Media 61.47 segundos
Desvio padr達o 15.115855913576311 segundos

95% 84.0 segundos
99% 86.01 segundos

################### queue_wait_time_list: ######################

[84, 85, 85, 82, 73, 84, 76, 87, 82, 81, 83, 86, 84, 83, 81, 81, 78, 80, 78, 75, 80, 79, 71, 75, 72, 74, 72, 69, 73, 65, 66, 66, 54, 69, 65, 61, 68, 66, 62, 58, 57, 62, 61, 60, 59, 60, 58, 82, 78, 76, 76, 75, 68, 70, 67, 64, 63, 64, 58, 52, 56, 46, 48, 53, 52, 55, 56, 57, 54, 55, 54, 52, 53, 48, 53, 49, 45, 50, 49, 51, 46, 40, 36, 48, 44, 43, 44, 34, 43, 38, 36, 41, 37, 37, 46, 42, 40, 40, 38, 35]

################################################################
################### jail_ex_download_list: ######################

[1, 0, 3, 0, 0, 4, 0, 3, 2, 0, 3, 1, 1, 0, 1, 2, 1, 2, 2, 2, 1, 0, 1, 0, 0, 1, 0, 0, 1, 1, 1, 1, 1, 1, 0, 1, 1, 1, 0, 2, 2, 0, 1, 2, 1, 1, 1, 2, 1, 1, 1, 1, 2, 2, 1, 1, 1, 1, 1, 1, 1, 1, 0, 2, 1, 1, 2, 1, 2, 2, 0, 0, 1, 1, 1, 0, 0, 1, 1, 0, 0, 1, 0, 0, 0, 0, 0, 1, 0, 1, 1, 1, 1, 0, 0, 1, 0, 0, 0, 1]

################################################################
################################################################
################### process_jail_download_list: ######################

[7, 6, 9, 6, 5, 9, 6, 8, 8, 6, 9, 7, 6, 6, 6, 8, 6, 7, 7, 7, 6, 6, 6, 6, 5, 6, 6, 5, 6, 6, 7, 7, 6, 6, 5, 6, 7, 6, 6, 7, 7, 6, 7, 7, 6, 6, 7, 8, 6, 7, 7, 6, 7, 7, 7, 7, 6, 7, 6, 6, 7, 6, 6, 8, 6, 6, 8, 7, 8, 7, 6, 6, 6, 7, 7, 6, 6, 7, 6, 6, 6, 6, 5, 6, 5, 6, 6, 7, 6, 6, 7, 6, 6, 5, 6, 6, 6, 6, 6, 6]

################################################################
################################################################
################### process_jail_list: ######################

[6, 6, 6, 6, 5, 5, 6, 5, 6, 6, 6, 6, 5, 6, 5, 6, 5, 5, 5, 5, 5, 6, 5, 6, 5, 5, 6, 5, 5, 5, 6, 6, 5, 5, 5, 5, 6, 5, 6, 5, 5, 6, 6, 5, 5, 5, 6, 6, 5, 6, 6, 5, 5, 5, 6, 6, 5, 6, 5, 5, 6, 5, 6, 6, 5, 5, 6, 6, 6, 5, 6, 6, 5, 6, 6, 6, 6, 6, 5, 6, 6, 5, 5, 6, 5, 6, 6, 6, 6, 5, 6, 5, 5, 5, 6, 5, 6, 6, 6, 5]

################################################################
