Numero total de amostras 100

Tempo total de processamento: 0:09:31

############## TEMPOS DE PROCESSAMENTO DO EXERCICIO NO JAIL  ####################
Soma 1516 segundos
Media 15.16 segundos
Desvio padr達o 0.36660605559646725 segundos

95% 16.0 segundos
99% 16.0 segundos

############## TEMPOS DE PROCESSAMENTO DO EXERCICIO NO JAIL COM DOWNLOAD  ################
Soma 1605 segundos
Media 16.05 segundos
Desvio padr達o 0.4769696007084729 segundos

95% 17.0 segundos
99% 17.010000000000005 segundos

################### TEMPOS DE DOWNLOAD DO EXERCICIO NO JAIL #######################
Soma 89 segundos
Media 0.89 segundos
Desvio padr達o 0.5078385570237849 segundos

95% 2.0 segundos
99% 2.010000000000005 segundos

############################ TEMPOS DE ESPERA NA FILA ############################
Soma 30763
Media 307.63 segundos
Desvio padr達o 103.20907469791598 segundos

95% 467.15 segundos
99% 479.01 segundos

################### queue_wait_time_list: ######################

[100, 116, 130, 145, 186, 155, 160, 166, 175, 218, 183, 196, 181, 191, 207, 235, 214, 225, 238, 245, 224, 235, 259, 301, 248, 267, 270, 279, 280, 289, 290, 301, 319, 300, 303, 316, 343, 331, 353, 332, 353, 256, 149, 147, 158, 171, 170, 193, 204, 202, 212, 227, 268, 247, 258, 277, 290, 299, 312, 363, 397, 352, 375, 406, 386, 373, 417, 383, 394, 428, 438, 405, 439, 415, 459, 426, 448, 457, 470, 467, 479, 480, 316, 343, 364, 374, 331, 342, 365, 384, 396, 407, 418, 428, 435, 447, 449, 459, 470, 479]

################################################################
################### jail_ex_download_list: ######################

[3, 1, 0, 1, 1, 0, 1, 0, 1, 0, 1, 1, 1, 1, 0, 2, 1, 1, 1, 1, 0, 1, 1, 1, 1, 1, 0, 1, 0, 1, 1, 1, 0, 1, 1, 1, 1, 1, 1, 1, 1, 1, 2, 2, 1, 2, 0, 1, 1, 1, 1, 1, 1, 1, 1, 1, 1, 1, 1, 0, 1, 0, 1, 1, 1, 1, 1, 1, 1, 1, 1, 1, 0, 1, 0, 1, 1, 1, 0, 1, 1, 1, 1, 0, 0, 1, 1, 1, 1, 2, 1, 1, 1, 0, 1, 1, 1, 1, 1, 1]

################################################################
################################################################
################### process_jail_download_list: ######################

[18, 16, 16, 16, 16, 16, 16, 15, 16, 15, 16, 16, 16, 16, 16, 17, 16, 16, 16, 16, 16, 16, 16, 16, 16, 16, 16, 17, 15, 16, 16, 16, 15, 16, 16, 16, 16, 16, 16, 17, 16, 16, 17, 17, 17, 17, 16, 16, 16, 16, 16, 16, 16, 16, 16, 17, 16, 16, 16, 15, 16, 16, 16, 16, 16, 16, 16, 16, 16, 16, 16, 16, 15, 16, 16, 16, 16, 16, 15, 16, 16, 17, 16, 16, 15, 16, 16, 16, 16, 17, 16, 16, 16, 16, 16, 16, 16, 16, 16, 17]

################################################################
################################################################
################### process_jail_list: ######################

[15, 15, 16, 15, 15, 16, 15, 15, 15, 15, 15, 15, 15, 15, 16, 15, 15, 15, 15, 15, 16, 15, 15, 15, 15, 15, 16, 16, 15, 15, 15, 15, 15, 15, 15, 15, 15, 15, 15, 16, 15, 15, 15, 15, 16, 15, 16, 15, 15, 15, 15, 15, 15, 15, 15, 16, 15, 15, 15, 15, 15, 16, 15, 15, 15, 15, 15, 15, 15, 15, 15, 15, 15, 15, 16, 15, 15, 15, 15, 15, 15, 16, 15, 16, 15, 15, 15, 15, 15, 15, 15, 15, 15, 16, 15, 15, 15, 15, 15, 16]

################################################################
