Numero total de amostras 100

Tempo total de processamento: 0:08:51

############## TEMPOS DE PROCESSAMENTO DO EXERCICIO NO JAIL  ####################
Soma 1507 segundos
Media 15.07 segundos
Desvio padr達o 0.25514701644346144 segundos

95% 16.0 segundos
99% 16.0 segundos

############## TEMPOS DE PROCESSAMENTO DO EXERCICIO NO JAIL COM DOWNLOAD  ################
Soma 1562 segundos
Media 15.62 segundos
Desvio padr達o 0.4853864439804639 segundos

95% 16.0 segundos
99% 16.0 segundos

################### TEMPOS DE DOWNLOAD DO EXERCICIO NO JAIL #######################
Soma 55 segundos
Media 0.55 segundos
Desvio padr達o 0.49749371855331 segundos

95% 1.0 segundos
99% 1.0 segundos

############################ TEMPOS DE ESPERA NA FILA ############################
Soma 23613
Media 236.13 segundos
Desvio padr達o 98.293708343922 segundos

95% 389.0 segundos
99% 400.05 segundos

################### queue_wait_time_list: ######################

[72, 93, 83, 72, 67, 83, 78, 103, 98, 108, 119, 113, 128, 124, 139, 134, 134, 144, 154, 164, 159, 175, 170, 175, 186, 195, 206, 196, 217, 205, 226, 221, 232, 241, 237, 252, 246, 262, 256, 267, 272, 88, 94, 103, 114, 124, 144, 150, 155, 164, 180, 210, 185, 190, 201, 216, 226, 236, 282, 293, 288, 303, 297, 313, 308, 323, 318, 328, 338, 334, 348, 343, 358, 359, 369, 379, 369, 389, 379, 399, 389, 395, 246, 257, 266, 277, 277, 287, 297, 307, 317, 328, 338, 348, 353, 364, 374, 385, 400, 405]

################################################################
################### jail_ex_download_list: ######################

[1, 0, 1, 1, 1, 1, 0, 1, 1, 0, 0, 0, 1, 0, 1, 1, 1, 0, 1, 1, 1, 0, 1, 1, 0, 1, 1, 0, 0, 1, 1, 1, 0, 1, 0, 1, 1, 0, 1, 1, 1, 0, 0, 1, 0, 0, 1, 0, 0, 1, 0, 1, 1, 1, 0, 1, 0, 1, 1, 0, 0, 1, 1, 0, 0, 1, 1, 0, 1, 0, 0, 1, 1, 0, 1, 0, 1, 1, 0, 0, 1, 0, 0, 0, 1, 0, 0, 1, 0, 1, 1, 0, 1, 0, 1, 0, 1, 0, 0, 1]

################################################################
################################################################
################### process_jail_download_list: ######################

[16, 15, 16, 16, 16, 16, 16, 16, 16, 16, 15, 16, 16, 15, 16, 16, 16, 15, 16, 16, 16, 15, 16, 16, 15, 16, 16, 15, 15, 16, 16, 16, 15, 16, 15, 16, 16, 15, 16, 16, 16, 15, 15, 16, 16, 15, 16, 15, 15, 16, 15, 16, 16, 16, 15, 16, 15, 16, 16, 15, 15, 16, 16, 15, 15, 16, 16, 15, 16, 15, 15, 16, 16, 15, 16, 15, 16, 16, 15, 15, 16, 15, 15, 15, 16, 16, 15, 16, 15, 16, 16, 15, 16, 16, 16, 15, 16, 16, 15, 16]

################################################################
################################################################
################### process_jail_list: ######################

[15, 15, 15, 15, 15, 15, 16, 15, 15, 16, 15, 16, 15, 15, 15, 15, 15, 15, 15, 15, 15, 15, 15, 15, 15, 15, 15, 15, 15, 15, 15, 15, 15, 15, 15, 15, 15, 15, 15, 15, 15, 15, 15, 15, 16, 15, 15, 15, 15, 15, 15, 15, 15, 15, 15, 15, 15, 15, 15, 15, 15, 15, 15, 15, 15, 15, 15, 15, 15, 15, 15, 15, 15, 15, 15, 15, 15, 15, 15, 15, 15, 15, 15, 15, 15, 16, 15, 15, 15, 15, 15, 15, 15, 16, 15, 15, 15, 16, 15, 15]

################################################################
