Numero total de amostras 100

Tempo total de processamento: 0:05:53

############## TEMPOS DE PROCESSAMENTO DO EXERCICIO NO JAIL  ####################
Soma 620 segundos
Media 6.2 segundos
Desvio padr達o 1.019803902718557 segundos

95% 8.0 segundos
99% 10.030000000000015 segundos

############## TEMPOS DE PROCESSAMENTO DO EXERCICIO NO JAIL COM DOWNLOAD  ################
Soma 704 segundos
Media 7.04 segundos
Desvio padr達o 1.1909659944767526 segundos

95% 9.0 segundos
99% 11.030000000000015 segundos

################### TEMPOS DE DOWNLOAD DO EXERCICIO NO JAIL #######################
Soma 84 segundos
Media 0.84 segundos
Desvio padr達o 0.5238320341483518 segundos

95% 1.0499999999999972 segundos
99% 2.010000000000005 segundos

############################ TEMPOS DE ESPERA NA FILA ############################
Soma 83474
Media 834.74 segundos
Desvio padr達o 46.91388280669167 segundos

95% 911.0999999999999 segundos
99% 920.0 segundos

################### queue_wait_time_list: ######################

[763, 758, 754, 763, 766, 773, 770, 774, 772, 779, 781, 778, 785, 787, 784, 786, 789, 793, 795, 796, 799, 802, 803, 806, 808, 809, 814, 817, 821, 824, 820, 830, 833, 830, 837, 838, 836, 842, 842, 844, 850, 848, 852, 855, 855, 858, 861, 845, 756, 760, 765, 770, 775, 780, 790, 793, 799, 806, 814, 817, 823, 832, 839, 852, 858, 861, 864, 864, 867, 867, 869, 869, 873, 873, 875, 873, 877, 877, 878, 880, 883, 886, 885, 889, 893, 892, 903, 906, 904, 907, 913, 917, 920, 920, 882, 888, 899, 911, 916, 839]

################################################################
################### jail_ex_download_list: ######################

[0, 1, 2, 1, 1, 0, 1, 1, 1, 0, 1, 0, 1, 1, 1, 1, 1, 0, 1, 1, 1, 1, 1, 1, 1, 1, 1, 1, 1, 1, 1, 1, 1, 0, 0, 1, 1, 0, 1, 3, 0, 1, 1, 1, 1, 1, 0, 1, 2, 1, 1, 0, 0, 1, 1, 0, 1, 0, 1, 1, 1, 1, 1, 1, 1, 1, 1, 1, 0, 0, 1, 1, 0, 0, 1, 1, 0, 1, 1, 0, 1, 1, 1, 0, 1, 1, 1, 1, 0, 2, 1, 1, 1, 1, 1, 1, 1, 2, 1, 1]

################################################################
################################################################
################### process_jail_download_list: ######################

[6, 8, 8, 7, 7, 6, 7, 7, 7, 6, 7, 6, 6, 7, 6, 7, 7, 6, 7, 7, 7, 7, 7, 7, 9, 9, 7, 7, 7, 9, 7, 7, 7, 6, 6, 7, 6, 6, 7, 9, 6, 7, 7, 6, 6, 7, 6, 7, 8, 7, 7, 6, 6, 7, 7, 6, 7, 6, 6, 7, 10, 7, 6, 7, 7, 6, 7, 7, 6, 6, 7, 7, 6, 6, 7, 7, 6, 7, 7, 6, 7, 7, 7, 7, 14, 11, 7, 8, 6, 10, 7, 7, 7, 7, 6, 7, 9, 9, 7, 8]

################################################################
################################################################
################### process_jail_list: ######################

[6, 7, 6, 6, 6, 6, 6, 6, 6, 6, 6, 6, 5, 6, 5, 6, 6, 6, 6, 6, 6, 6, 6, 6, 8, 8, 6, 6, 6, 8, 6, 6, 6, 6, 6, 6, 5, 6, 6, 6, 6, 6, 6, 5, 5, 6, 6, 6, 6, 6, 6, 6, 6, 6, 6, 6, 6, 6, 5, 6, 9, 6, 5, 6, 6, 5, 6, 6, 6, 6, 6, 6, 6, 6, 6, 6, 6, 6, 6, 6, 6, 6, 6, 7, 13, 10, 6, 7, 6, 8, 6, 6, 6, 6, 5, 6, 8, 7, 6, 7]

################################################################
