Numero total de amostras 100

Tempo total de processamento: 0:14:49

############## TEMPOS DE PROCESSAMENTO DO EXERCICIO NO JAIL  ####################
Soma 798 segundos
Media 7.98 segundos
Desvio padr達o 1.5230233090796736 segundos

95% 11.0 segundos
99% 12.010000000000005 segundos

############## TEMPOS DE PROCESSAMENTO DO EXERCICIO NO JAIL COM DOWNLOAD  ################
Soma 891 segundos
Media 8.91 segundos
Desvio padr達o 1.697615975419647 segundos

95% 12.0 segundos
99% 14.010000000000005 segundos

################### TEMPOS DE DOWNLOAD DO EXERCICIO NO JAIL #######################
Soma 93 segundos
Media 0.93 segundos
Desvio padr達o 0.51487862647424 segundos

95% 1.0499999999999972 segundos
99% 2.0200000000000102 segundos

############################ TEMPOS DE ESPERA NA FILA ############################
Soma 39261
Media 392.61 segundos
Desvio padr達o 200.1895049696662 segundos

95% 684.25 segundos
99% 707.0600000000001 segundos

################### queue_wait_time_list: ######################

[52, 69, 8, 78, 17, 25, 35, 61, 44, 86, 105, 116, 127, 149, 159, 177, 190, 200, 219, 231, 239, 252, 258, 264, 277, 287, 299, 306, 312, 325, 332, 339, 352, 357, 364, 376, 382, 396, 402, 407, 420, 428, 436, 449, 455, 468, 474, 96, 139, 167, 210, 245, 271, 293, 319, 345, 370, 389, 412, 443, 461, 479, 492, 498, 486, 504, 510, 516, 523, 529, 536, 541, 547, 555, 561, 568, 574, 581, 587, 593, 599, 610, 616, 629, 634, 640, 653, 659, 665, 678, 684, 689, 701, 707, 604, 623, 646, 672, 695, 713]

################################################################
################### jail_ex_download_list: ######################

[2, 0, 2, 1, 1, 1, 1, 1, 2, 1, 1, 1, 1, 1, 0, 4, 1, 1, 1, 1, 1, 1, 1, 1, 2, 1, 1, 1, 1, 1, 1, 0, 0, 1, 1, 1, 0, 1, 1, 1, 1, 1, 1, 1, 1, 1, 0, 1, 1, 1, 1, 1, 0, 1, 1, 1, 1, 1, 1, 1, 1, 1, 1, 1, 1, 1, 1, 1, 1, 1, 1, 1, 1, 0, 1, 0, 1, 0, 1, 1, 0, 1, 1, 1, 1, 1, 1, 1, 1, 0, 0, 1, 1, 0, 1, 1, 1, 1, 1, 1]

################################################################
################################################################
################### process_jail_download_list: ######################

[11, 10, 11, 10, 10, 12, 10, 10, 10, 12, 13, 12, 14, 12, 10, 15, 12, 12, 13, 10, 8, 8, 7, 9, 12, 8, 8, 8, 9, 8, 9, 8, 7, 8, 8, 8, 9, 8, 7, 8, 9, 10, 9, 8, 8, 8, 7, 11, 12, 11, 11, 9, 8, 8, 8, 9, 8, 8, 9, 8, 8, 9, 7, 8, 8, 8, 8, 8, 8, 9, 7, 8, 9, 8, 9, 8, 9, 7, 8, 8, 7, 8, 8, 7, 8, 8, 8, 8, 9, 7, 7, 8, 8, 7, 8, 8, 8, 8, 8, 8]

################################################################
################################################################
################### process_jail_list: ######################

[9, 10, 9, 9, 9, 11, 9, 9, 8, 11, 12, 11, 13, 11, 10, 11, 11, 11, 12, 9, 7, 7, 6, 8, 10, 7, 7, 7, 8, 7, 8, 8, 7, 7, 7, 7, 9, 7, 6, 7, 8, 9, 8, 7, 7, 7, 7, 10, 11, 10, 10, 8, 8, 7, 7, 8, 7, 7, 8, 7, 7, 8, 6, 7, 7, 7, 7, 7, 7, 8, 6, 7, 8, 8, 8, 8, 8, 7, 7, 7, 7, 7, 7, 6, 7, 7, 7, 7, 8, 7, 7, 7, 7, 7, 7, 7, 7, 7, 7, 7]

################################################################
