Numero total de amostras 100

Tempo total de processamento: 0:36:25

############## TEMPOS DE PROCESSAMENTO DO EXERCICIO NO JAIL  ####################
Soma 1835 segundos
Media 18.35 segundos
Desvio padr達o 5.250476168882209 segundos

95% 28.0 segundos
99% 30.0 segundos

############## TEMPOS DE PROCESSAMENTO DO EXERCICIO NO JAIL COM DOWNLOAD  ################
Soma 2189 segundos
Media 21.89 segundos
Desvio padr達o 5.999824997447842 segundos

95% 31.049999999999997 segundos
99% 34.0 segundos

################### TEMPOS DE DOWNLOAD DO EXERCICIO NO JAIL #######################
Soma 354 segundos
Media 3.54 segundos
Desvio padr達o 1.5061208450851478 segundos

95% 6.0 segundos
99% 7.010000000000005 segundos

############################ TEMPOS DE ESPERA NA FILA ############################
Soma 108468
Media 1084.68 segundos
Desvio padr達o 577.306571589134 segundos

95% 1913.6999999999998 segundos
99% 1976.22 segundos

################### queue_wait_time_list: ######################

[5, 132, 30, 46, 78, 154, 179, 232, 254, 271, 315, 337, 367, 419, 439, 498, 522, 547, 602, 632, 659, 696, 712, 752, 775, 801, 844, 865, 881, 929, 946, 969, 1019, 1042, 1089, 1110, 1130, 1154, 1175, 1194, 1218, 1233, 1247, 1268, 1293, 1317, 1330, 103, 204, 296, 387, 469, 575, 681, 736, 819, 908, 988, 1068, 1141, 1206, 1257, 1307, 1346, 1359, 1382, 1400, 1413, 1426, 1442, 1468, 1484, 1508, 1536, 1567, 1591, 1617, 1639, 1661, 1683, 1703, 1753, 1772, 1797, 1807, 1821, 1848, 1860, 1869, 1900, 1913, 1927, 1963, 1976, 1729, 1786, 1836, 1886, 1950, 1998]

################################################################
################### jail_ex_download_list: ######################

[5, 3, 3, 4, 6, 3, 7, 5, 3, 2, 7, 6, 3, 5, 3, 2, 4, 4, 3, 5, 5, 2, 2, 4, 3, 4, 5, 2, 4, 3, 5, 4, 5, 4, 4, 3, 2, 3, 5, 3, 1, 3, 1, 8, 2, 3, 4, 5, 3, 4, 6, 5, 3, 3, 4, 5, 5, 5, 5, 2, 3, 1, 1, 1, 4, 3, 2, 2, 2, 6, 1, 4, 5, 3, 4, 4, 5, 3, 5, 4, 3, 3, 3, 2, 3, 2, 2, 1, 4, 3, 3, 7, 3, 1, 6, 2, 3, 3, 2, 3]

################################################################
################################################################
################### process_jail_download_list: ######################

[27, 24, 18, 34, 27, 27, 27, 23, 19, 27, 24, 31, 22, 22, 32, 26, 27, 30, 31, 29, 24, 18, 25, 25, 28, 20, 23, 18, 29, 18, 25, 21, 25, 27, 23, 22, 13, 23, 21, 14, 16, 16, 12, 27, 15, 15, 18, 30, 30, 21, 34, 30, 29, 17, 18, 26, 23, 33, 23, 14, 14, 13, 12, 15, 24, 20, 15, 15, 18, 27, 18, 26, 29, 33, 25, 28, 24, 24, 24, 21, 28, 21, 16, 11, 16, 17, 13, 11, 19, 15, 15, 25, 15, 24, 26, 13, 14, 16, 15, 18]

################################################################
################################################################
################### process_jail_list: ######################

[22, 21, 15, 30, 21, 24, 20, 18, 16, 25, 17, 25, 19, 17, 29, 24, 23, 26, 28, 24, 19, 16, 23, 21, 25, 16, 18, 16, 25, 15, 20, 17, 20, 23, 19, 19, 11, 20, 16, 11, 15, 13, 11, 19, 13, 12, 14, 25, 27, 17, 28, 25, 26, 14, 14, 21, 18, 28, 18, 12, 11, 12, 11, 14, 20, 17, 13, 13, 16, 21, 17, 22, 24, 30, 21, 24, 19, 21, 19, 17, 25, 18, 13, 9, 13, 15, 11, 10, 15, 12, 12, 18, 12, 23, 20, 11, 11, 13, 13, 15]

################################################################
