Numero total de amostras 100

Tempo total de processamento: 0:03:09

############## TEMPOS DE PROCESSAMENTO DO EXERCICIO NO JAIL  ####################
Soma 634 segundos
Media 6.34 segundos
Desvio padr達o 1.0697663296253066 segundos

95% 9.0 segundos
99% 10.0 segundos

############## TEMPOS DE PROCESSAMENTO DO EXERCICIO NO JAIL COM DOWNLOAD  ################
Soma 711 segundos
Media 7.11 segundos
Desvio padr達o 1.4825316185498372 segundos

95% 10.049999999999997 segundos
99% 12.010000000000005 segundos

################### TEMPOS DE DOWNLOAD DO EXERCICIO NO JAIL #######################
Soma 77 segundos
Media 0.77 segundos
Desvio padr達o 0.6760917097554148 segundos

95% 2.0 segundos
99% 3.0 segundos

############################ TEMPOS DE ESPERA NA FILA ############################
Soma 311
Media 3.11 segundos
Desvio padr達o 1.4689792374298556 segundos

95% 6.0 segundos
99% 6.0 segundos

################### queue_wait_time_list: ######################

[4, 4, 3, 2, 1, 5, 1, 2, 4, 3, 1, 4, 5, 4, 6, 1, 3, 5, 4, 5, 3, 4, 1, 4, 2, 4, 3, 2, 2, 5, 3, 3, 5, 2, 3, 5, 2, 5, 3, 4, 3, 4, 3, 3, 1, 3, 2, 4, 2, 1, 3, 2, 1, 1, 4, 4, 2, 2, 0, 3, 0, 2, 2, 4, 2, 4, 2, 4, 1, 2, 1, 2, 2, 1, 3, 6, 1, 5, 2, 4, 3, 6, 4, 6, 6, 3, 4, 4, 4, 4, 4, 2, 6, 2, 4, 5, 3, 2, 4, 5]

################################################################
################### jail_ex_download_list: ######################

[1, 1, 0, 1, 1, 0, 0, 1, 1, 1, 1, 0, 2, 1, 0, 1, 0, 0, 2, 0, 0, 0, 1, 2, 1, 0, 1, 2, 0, 1, 1, 1, 0, 1, 1, 1, 3, 1, 1, 1, 0, 1, 1, 1, 0, 0, 1, 2, 1, 0, 1, 1, 1, 0, 1, 0, 0, 1, 1, 2, 1, 0, 1, 0, 0, 0, 0, 1, 2, 1, 0, 1, 1, 0, 1, 0, 3, 1, 0, 0, 1, 1, 1, 1, 0, 1, 1, 0, 1, 1, 1, 1, 1, 1, 0, 1, 1, 0, 0, 2]

################################################################
################################################################
################### process_jail_download_list: ######################

[7, 7, 6, 7, 7, 6, 6, 8, 8, 7, 7, 9, 12, 8, 6, 6, 6, 6, 11, 6, 6, 6, 6, 9, 7, 6, 6, 11, 6, 7, 7, 6, 6, 7, 7, 7, 10, 7, 7, 6, 6, 6, 9, 7, 6, 6, 7, 9, 7, 6, 9, 7, 7, 6, 7, 6, 6, 7, 7, 10, 7, 6, 7, 6, 6, 6, 6, 7, 10, 6, 6, 9, 8, 6, 6, 6, 13, 6, 7, 7, 6, 7, 6, 7, 6, 7, 7, 6, 9, 8, 7, 11, 7, 6, 7, 7, 7, 6, 6, 10]

################################################################
################################################################
################### process_jail_list: ######################

[6, 6, 6, 6, 6, 6, 6, 7, 7, 6, 6, 9, 10, 7, 6, 5, 6, 6, 9, 6, 6, 6, 5, 7, 6, 6, 5, 9, 6, 6, 6, 5, 6, 6, 6, 6, 7, 6, 6, 5, 6, 5, 8, 6, 6, 6, 6, 7, 6, 6, 8, 6, 6, 6, 6, 6, 6, 6, 6, 8, 6, 6, 6, 6, 6, 6, 6, 6, 8, 5, 6, 8, 7, 6, 5, 6, 10, 5, 7, 7, 5, 6, 5, 6, 6, 6, 6, 6, 8, 7, 6, 10, 6, 5, 7, 6, 6, 6, 6, 8]

################################################################
