Numero total de amostras 100

Tempo total de processamento: 0:03:45

############## TEMPOS DE PROCESSAMENTO DO EXERCICIO NO JAIL  ####################
Soma 584 segundos
Media 5.84 segundos
Desvio padr達o 0.48414873747640813 segundos

95% 6.049999999999997 segundos
99% 7.0 segundos

############## TEMPOS DE PROCESSAMENTO DO EXERCICIO NO JAIL COM DOWNLOAD  ################
Soma 667 segundos
Media 6.67 segundos
Desvio padr達o 0.6333245613427606 segundos

95% 8.0 segundos
99% 8.010000000000005 segundos

################### TEMPOS DE DOWNLOAD DO EXERCICIO NO JAIL #######################
Soma 83 segundos
Media 0.83 segundos
Desvio padr達o 0.5109794516416487 segundos

95% 1.0 segundos
99% 2.010000000000005 segundos

############################ TEMPOS DE ESPERA NA FILA ############################
Soma 9414
Media 94.14 segundos
Desvio padr達o 12.491613186454343 segundos

95% 112.05 segundos
99% 114.01 segundos

################### queue_wait_time_list: ######################

[75, 74, 76, 75, 72, 72, 75, 72, 77, 76, 79, 78, 77, 79, 75, 81, 77, 83, 79, 82, 83, 88, 83, 85, 85, 88, 93, 84, 92, 86, 85, 86, 96, 95, 88, 96, 91, 96, 93, 91, 91, 96, 99, 97, 99, 100, 98, 78, 80, 81, 81, 83, 87, 90, 97, 90, 89, 94, 97, 104, 102, 99, 99, 97, 100, 102, 101, 104, 102, 100, 106, 103, 101, 106, 105, 102, 110, 107, 103, 107, 109, 105, 108, 109, 112, 107, 111, 110, 113, 114, 111, 113, 114, 112, 107, 106, 112, 115, 110, 111]

################################################################
################### jail_ex_download_list: ######################

[1, 1, 1, 1, 1, 3, 1, 2, 0, 0, 1, 1, 0, 0, 1, 0, 1, 1, 1, 1, 1, 1, 1, 1, 1, 1, 1, 0, 1, 1, 1, 1, 0, 1, 1, 1, 1, 0, 1, 2, 1, 0, 0, 1, 1, 1, 1, 1, 0, 1, 1, 1, 1, 1, 0, 1, 1, 1, 1, 0, 1, 0, 0, 1, 1, 1, 1, 1, 1, 1, 0, 1, 0, 0, 1, 1, 0, 1, 1, 1, 1, 1, 1, 1, 1, 1, 1, 1, 1, 1, 1, 0, 0, 1, 1, 1, 0, 1, 2, 1]

################################################################
################################################################
################### process_jail_download_list: ######################

[7, 6, 7, 6, 8, 9, 7, 8, 6, 6, 8, 7, 6, 6, 7, 6, 6, 6, 8, 6, 7, 7, 7, 7, 7, 7, 7, 6, 7, 7, 7, 7, 6, 7, 7, 6, 7, 6, 7, 7, 8, 6, 6, 6, 6, 7, 7, 7, 7, 6, 7, 7, 7, 7, 6, 7, 7, 7, 7, 6, 6, 6, 6, 7, 7, 7, 6, 7, 7, 7, 6, 7, 6, 6, 7, 7, 6, 6, 7, 7, 6, 6, 6, 7, 6, 7, 7, 6, 7, 6, 6, 6, 6, 7, 6, 7, 6, 7, 8, 7]

################################################################
################################################################
################### process_jail_list: ######################

[6, 5, 6, 5, 7, 6, 6, 6, 6, 6, 7, 6, 6, 6, 6, 6, 5, 5, 7, 5, 6, 6, 6, 6, 6, 6, 6, 6, 6, 6, 6, 6, 6, 6, 6, 5, 6, 6, 6, 5, 7, 6, 6, 5, 5, 6, 6, 6, 7, 5, 6, 6, 6, 6, 6, 6, 6, 6, 6, 6, 5, 6, 6, 6, 6, 6, 5, 6, 6, 6, 6, 6, 6, 6, 6, 6, 6, 5, 6, 6, 5, 5, 5, 6, 5, 6, 6, 5, 6, 5, 5, 6, 6, 6, 5, 6, 6, 6, 6, 6]

################################################################
