Numero total de amostras 100

Tempo total de processamento: 0:13:12

############## TEMPOS DE PROCESSAMENTO DO EXERCICIO NO JAIL  ####################
Soma 1508 segundos
Media 15.08 segundos
Desvio padr達o 0.2712931993250107 segundos

95% 16.0 segundos
99% 16.0 segundos

############## TEMPOS DE PROCESSAMENTO DO EXERCICIO NO JAIL COM DOWNLOAD  ################
Soma 1583 segundos
Media 15.83 segundos
Desvio padr達o 0.4255584566190642 segundos

95% 16.0 segundos
99% 17.0 segundos

################### TEMPOS DE DOWNLOAD DO EXERCICIO NO JAIL #######################
Soma 75 segundos
Media 0.75 segundos
Desvio padr達o 0.47696960070847283 segundos

95% 1.0 segundos
99% 2.0 segundos

############################ TEMPOS DE ESPERA NA FILA ############################
Soma 38759
Media 387.59 segundos
Desvio padr達o 176.41480068293592 segundos

95% 662.0 segundos
99% 687.0 segundos

################### queue_wait_time_list: ######################

[86, 89, 101, 125, 112, 139, 126, 161, 149, 173, 186, 175, 210, 197, 223, 211, 235, 258, 246, 271, 260, 295, 282, 307, 296, 321, 344, 332, 357, 345, 369, 369, 395, 406, 394, 431, 419, 443, 430, 455, 468, 100, 114, 136, 150, 162, 185, 198, 222, 233, 247, 271, 283, 308, 320, 333, 357, 382, 382, 406, 479, 517, 491, 529, 504, 540, 528, 566, 553, 578, 589, 577, 614, 601, 626, 613, 638, 639, 662, 674, 662, 687, 418, 467, 444, 456, 480, 492, 504, 515, 542, 552, 565, 589, 601, 626, 650, 649, 675, 687]

################################################################
################### jail_ex_download_list: ######################

[2, 1, 1, 0, 0, 0, 1, 1, 1, 0, 1, 0, 1, 1, 0, 1, 1, 1, 1, 1, 0, 1, 1, 1, 1, 0, 1, 1, 1, 1, 1, 0, 0, 1, 0, 1, 1, 1, 1, 0, 0, 1, 1, 1, 1, 1, 1, 1, 0, 1, 1, 0, 1, 1, 1, 0, 1, 2, 0, 1, 1, 1, 1, 0, 0, 1, 1, 1, 1, 0, 1, 0, 1, 1, 1, 1, 0, 0, 1, 1, 1, 1, 1, 1, 1, 0, 1, 1, 1, 1, 0, 1, 0, 1, 1, 0, 1, 1, 1, 1]

################################################################
################################################################
################### process_jail_download_list: ######################

[17, 16, 16, 15, 16, 15, 16, 16, 16, 15, 16, 15, 16, 16, 15, 16, 16, 16, 16, 16, 15, 16, 16, 16, 16, 16, 16, 16, 16, 16, 16, 16, 15, 16, 15, 16, 16, 16, 16, 15, 15, 16, 16, 16, 16, 16, 16, 16, 15, 16, 16, 15, 16, 16, 16, 15, 16, 17, 16, 16, 16, 16, 16, 16, 15, 16, 16, 16, 16, 15, 16, 15, 16, 16, 16, 16, 15, 15, 16, 16, 16, 16, 16, 16, 16, 16, 16, 16, 16, 16, 15, 16, 16, 16, 16, 16, 16, 16, 16, 16]

################################################################
################################################################
################### process_jail_list: ######################

[15, 15, 15, 15, 16, 15, 15, 15, 15, 15, 15, 15, 15, 15, 15, 15, 15, 15, 15, 15, 15, 15, 15, 15, 15, 16, 15, 15, 15, 15, 15, 16, 15, 15, 15, 15, 15, 15, 15, 15, 15, 15, 15, 15, 15, 15, 15, 15, 15, 15, 15, 15, 15, 15, 15, 15, 15, 15, 16, 15, 15, 15, 15, 16, 15, 15, 15, 15, 15, 15, 15, 15, 15, 15, 15, 15, 15, 15, 15, 15, 15, 15, 15, 15, 15, 16, 15, 15, 15, 15, 15, 15, 16, 15, 15, 16, 15, 15, 15, 15]

################################################################
