Numero total de amostras 100

Tempo total de processamento: 0:04:04

############## TEMPOS DE PROCESSAMENTO DO EXERCICIO NO JAIL  ####################
Soma 845 segundos
Media 8.45 segundos
Desvio padr達o 4.842261868176896 segundos

95% 18.0 segundos
99% 21.050000000000026 segundos

############## TEMPOS DE PROCESSAMENTO DO EXERCICIO NO JAIL COM DOWNLOAD  ################
Soma 969 segundos
Media 9.69 segundos
Desvio padr達o 6.103597299953528 segundos

95% 21.049999999999997 segundos
99% 28.02000000000001 segundos

################### TEMPOS DE DOWNLOAD DO EXERCICIO NO JAIL #######################
Soma 124 segundos
Media 1.24 segundos
Desvio padr達o 1.4150618361046983 segundos

95% 4.0 segundos
99% 5.02000000000001 segundos

############################ TEMPOS DE ESPERA NA FILA ############################
Soma 3235
Media 32.35 segundos
Desvio padr達o 17.98130974095046 segundos

95% 60.05 segundos
99% 63.010000000000005 segundos

################### queue_wait_time_list: ######################

[13, 9, 7, 2, 1, 24, 4, 2, 10, 6, 12, 5, 14, 16, 4, 20, 2, 12, 10, 8, 8, 22, 14, 13, 17, 9, 20, 15, 18, 17, 19, 21, 19, 18, 27, 35, 21, 23, 24, 33, 27, 26, 27, 31, 29, 30, 32, 23, 25, 42, 29, 30, 35, 37, 36, 41, 33, 39, 50, 36, 34, 36, 41, 33, 38, 35, 44, 40, 37, 43, 42, 38, 45, 48, 51, 49, 48, 54, 49, 49, 53, 52, 60, 53, 59, 56, 56, 56, 54, 61, 63, 60, 61, 61, 50, 54, 57, 59, 64, 60]

################################################################
################### jail_ex_download_list: ######################

[4, 1, 1, 1, 1, 3, 0, 0, 0, 1, 0, 1, 0, 0, 3, 3, 5, 4, 0, 0, 2, 1, 1, 1, 1, 3, 0, 1, 0, 0, 0, 1, 1, 2, 0, 1, 0, 0, 4, 0, 0, 1, 1, 1, 4, 4, 4, 1, 0, 0, 0, 1, 0, 1, 0, 7, 1, 1, 1, 1, 1, 0, 1, 1, 0, 3, 1, 0, 2, 1, 1, 4, 1, 0, 3, 0, 0, 1, 1, 1, 0, 0, 0, 0, 3, 1, 1, 3, 3, 1, 1, 0, 1, 1, 4, 1, 1, 0, 1, 4]

################################################################
################################################################
################### process_jail_download_list: ######################

[20, 7, 7, 7, 7, 20, 6, 6, 6, 7, 6, 7, 6, 6, 22, 19, 22, 18, 6, 6, 19, 7, 7, 7, 7, 21, 6, 7, 6, 6, 6, 7, 7, 16, 6, 6, 6, 6, 20, 6, 6, 7, 7, 7, 21, 21, 16, 7, 6, 6, 6, 7, 6, 7, 6, 28, 6, 7, 7, 6, 7, 6, 7, 13, 6, 20, 7, 7, 15, 6, 6, 30, 7, 6, 20, 6, 6, 6, 6, 7, 6, 6, 6, 6, 20, 6, 7, 22, 21, 6, 7, 6, 6, 6, 20, 6, 7, 6, 7, 18]

################################################################
################################################################
################### process_jail_list: ######################

[16, 6, 6, 6, 6, 17, 6, 6, 6, 6, 6, 6, 6, 6, 19, 16, 17, 14, 6, 6, 17, 6, 6, 6, 6, 18, 6, 6, 6, 6, 6, 6, 6, 14, 6, 5, 6, 6, 16, 6, 6, 6, 6, 6, 17, 17, 12, 6, 6, 6, 6, 6, 6, 6, 6, 21, 5, 6, 6, 5, 6, 6, 6, 12, 6, 17, 6, 7, 13, 5, 5, 26, 6, 6, 17, 6, 6, 5, 5, 6, 6, 6, 6, 6, 17, 5, 6, 19, 18, 5, 6, 6, 5, 5, 16, 5, 6, 6, 6, 14]

################################################################
