Numero total de amostras 100

Tempo total de processamento: 0:30:52

############## TEMPOS DE PROCESSAMENTO DO EXERCICIO NO JAIL  ####################
Soma 1556 segundos
Media 15.56 segundos
Desvio padr達o 3.4418599622878325 segundos

95% 23.0 segundos
99% 23.030000000000015 segundos

############## TEMPOS DE PROCESSAMENTO DO EXERCICIO NO JAIL COM DOWNLOAD  ################
Soma 1852 segundos
Media 18.52 segundos
Desvio padr達o 4.150855333542714 segundos

95% 27.0 segundos
99% 29.010000000000005 segundos

################### TEMPOS DE DOWNLOAD DO EXERCICIO NO JAIL #######################
Soma 296 segundos
Media 2.96 segundos
Desvio padr達o 1.10381157812373 segundos

95% 5.0 segundos
99% 6.02000000000001 segundos

############################ TEMPOS DE ESPERA NA FILA ############################
Soma 82869
Media 828.69 segundos
Desvio padr達o 509.10204664683874 segundos

95% 1599.6 segundos
99% 1644.14 segundos

################### queue_wait_time_list: ######################

[79, 2, 94, 16, 29, 40, 55, 66, 107, 119, 130, 148, 172, 189, 211, 230, 244, 262, 289, 305, 323, 353, 371, 385, 410, 423, 436, 463, 487, 521, 537, 555, 596, 611, 632, 669, 688, 706, 740, 765, 805, 825, 845, 891, 910, 931, 977, 276, 337, 397, 449, 503, 572, 651, 721, 783, 873, 952, 1049, 1021, 996, 1086, 1103, 1066, 1119, 1140, 1158, 1175, 1192, 1207, 1219, 1235, 1251, 1266, 1279, 1306, 1325, 1336, 1349, 1359, 1385, 1408, 1425, 1455, 1473, 1487, 1519, 1532, 1548, 1589, 1599, 1623, 1634, 1644, 1370, 1439, 1505, 1572, 1611, 1658]

################################################################
################### jail_ex_download_list: ######################

[3, 3, 3, 2, 2, 2, 2, 2, 3, 2, 2, 5, 2, 3, 4, 2, 4, 3, 2, 3, 3, 3, 3, 2, 3, 2, 2, 4, 3, 3, 4, 2, 3, 4, 4, 3, 3, 2, 4, 3, 5, 3, 6, 3, 4, 5, 3, 2, 3, 2, 2, 2, 5, 4, 3, 2, 4, 4, 3, 8, 4, 4, 3, 4, 4, 2, 2, 3, 4, 2, 2, 4, 3, 2, 3, 4, 1, 2, 2, 1, 3, 4, 2, 3, 4, 3, 2, 3, 3, 1, 2, 2, 1, 2, 2, 3, 3, 4, 2, 4]

################################################################
################################################################
################### process_jail_download_list: ######################

[17, 15, 15, 15, 16, 15, 12, 14, 14, 13, 20, 25, 19, 24, 21, 15, 20, 16, 18, 19, 16, 20, 16, 13, 15, 15, 15, 26, 18, 18, 19, 19, 17, 23, 20, 21, 20, 17, 27, 20, 22, 22, 29, 21, 23, 22, 21, 15, 18, 15, 15, 20, 26, 20, 20, 24, 20, 27, 18, 30, 27, 19, 18, 22, 23, 18, 19, 19, 17, 14, 17, 18, 17, 15, 29, 20, 13, 15, 12, 13, 24, 19, 16, 19, 16, 20, 15, 16, 26, 12, 14, 13, 12, 16, 16, 18, 16, 19, 13, 21]

################################################################
################################################################
################### process_jail_list: ######################

[14, 12, 12, 13, 14, 13, 10, 12, 11, 11, 18, 20, 17, 21, 17, 13, 16, 13, 16, 16, 13, 17, 13, 11, 12, 13, 13, 22, 15, 15, 15, 17, 14, 19, 16, 18, 17, 15, 23, 17, 17, 19, 23, 18, 19, 17, 18, 13, 15, 13, 13, 18, 21, 16, 17, 22, 16, 23, 15, 22, 23, 15, 15, 18, 19, 16, 17, 16, 13, 12, 15, 14, 14, 13, 26, 16, 12, 13, 10, 12, 21, 15, 14, 16, 12, 17, 13, 13, 23, 11, 12, 11, 11, 14, 14, 15, 13, 15, 11, 17]

################################################################
