Numero total de amostras 100

Tempo total de processamento: 0:05:54

############## TEMPOS DE PROCESSAMENTO DO EXERCICIO NO JAIL  ####################
Soma 642 segundos
Media 6.42 segundos
Desvio padr達o 1.031309846748299 segundos

95% 8.0 segundos
99% 9.030000000000015 segundos

############## TEMPOS DE PROCESSAMENTO DO EXERCICIO NO JAIL COM DOWNLOAD  ################
Soma 709 segundos
Media 7.09 segundos
Desvio padr達o 1.2813664581219537 segundos

95% 9.0 segundos
99% 10.050000000000026 segundos

################### TEMPOS DE DOWNLOAD DO EXERCICIO NO JAIL #######################
Soma 67 segundos
Media 0.67 segundos
Desvio padr達o 0.5840376700179536 segundos

95% 1.0 segundos
99% 2.010000000000005 segundos

############################ TEMPOS DE ESPERA NA FILA ############################
Soma 9293
Media 92.93 segundos
Desvio padr達o 50.75593659858914 segundos

95% 171.05 segundos
99% 178.01 segundos

################### queue_wait_time_list: ######################

[39, 24, 7, 41, 7, 24, 11, 32, 13, 13, 27, 17, 18, 29, 21, 21, 35, 38, 29, 43, 31, 36, 47, 50, 45, 55, 47, 57, 54, 60, 62, 62, 73, 70, 66, 69, 75, 78, 81, 80, 84, 90, 86, 94, 88, 93, 96, 52, 57, 65, 73, 77, 84, 91, 110, 114, 99, 97, 104, 116, 107, 106, 120, 111, 117, 119, 124, 124, 126, 128, 134, 128, 133, 136, 138, 138, 142, 148, 144, 142, 152, 146, 154, 157, 156, 161, 164, 163, 168, 171, 170, 172, 176, 178, 148, 152, 160, 168, 176, 179]

################################################################
################### jail_ex_download_list: ######################

[1, 0, 1, 1, 2, 1, 1, 0, 1, 1, 0, 0, 1, 0, 1, 1, 0, 1, 1, 1, 1, 0, 1, 1, 0, 0, 1, 0, 1, 1, 1, 1, 0, 1, 0, 1, 1, 1, 0, 1, 1, 0, 1, 0, 0, 0, 1, 1, 1, 0, 1, 1, 0, 0, 1, 0, 0, 3, 0, 1, 1, 1, 1, 1, 1, 1, 0, 0, 1, 1, 0, 1, 2, 1, 0, 1, 1, 1, 1, 0, 0, 0, 1, 1, 1, 1, 1, 1, 0, 0, 0, 1, 0, 0, 2, 1, 0, 0, 0, 1]

################################################################
################################################################
################### process_jail_download_list: ######################

[6, 6, 7, 7, 10, 8, 6, 6, 8, 7, 6, 6, 9, 6, 7, 7, 6, 8, 7, 8, 8, 8, 8, 7, 6, 6, 6, 6, 7, 6, 7, 8, 6, 7, 8, 8, 6, 7, 6, 8, 6, 7, 7, 6, 7, 8, 7, 8, 8, 6, 7, 7, 7, 6, 7, 6, 6, 15, 6, 6, 10, 6, 7, 9, 8, 8, 6, 8, 6, 7, 6, 10, 9, 6, 7, 7, 8, 7, 6, 6, 6, 7, 6, 7, 8, 8, 7, 8, 7, 8, 6, 7, 6, 6, 8, 8, 6, 6, 7, 7]

################################################################
################################################################
################### process_jail_list: ######################

[5, 6, 6, 6, 8, 7, 5, 6, 7, 6, 6, 6, 8, 6, 6, 6, 6, 7, 6, 7, 7, 8, 7, 6, 6, 6, 5, 6, 6, 5, 6, 7, 6, 6, 8, 7, 5, 6, 6, 7, 5, 7, 6, 6, 7, 8, 6, 7, 7, 6, 6, 6, 7, 6, 6, 6, 6, 12, 6, 5, 9, 5, 6, 8, 7, 7, 6, 8, 5, 6, 6, 9, 7, 5, 7, 6, 7, 6, 5, 6, 6, 7, 5, 6, 7, 7, 6, 7, 7, 8, 6, 6, 6, 6, 6, 7, 6, 6, 7, 6]

################################################################
