Numero total de amostras 100

Tempo total de processamento: 0:12:31

############## TEMPOS DE PROCESSAMENTO DO EXERCICIO NO JAIL  ####################
Soma 694 segundos
Media 6.94 segundos
Desvio padr達o 2.855941175864797 segundos

95% 11.049999999999997 segundos
99% 13.010000000000005 segundos

############## TEMPOS DE PROCESSAMENTO DO EXERCICIO NO JAIL COM DOWNLOAD  ################
Soma 752 segundos
Media 7.52 segundos
Desvio padr達o 2.7874002224294956 segundos

95% 12.0 segundos
99% 13.010000000000005 segundos

################### TEMPOS DE DOWNLOAD DO EXERCICIO NO JAIL #######################
Soma 58 segundos
Media 0.58 segundos
Desvio padr達o 0.49355850717012273 segundos

95% 1.0 segundos
99% 1.0 segundos

############################ TEMPOS DE ESPERA NA FILA ############################
Soma 31032
Media 310.32 segundos
Desvio padr達o 163.30969842602738 segundos

95% 582.15 segundos
99% 594.1000000000001 segundos

################### queue_wait_time_list: ######################

[59, 71, 39, 81, 42, 46, 68, 52, 92, 72, 99, 103, 106, 110, 114, 122, 132, 135, 142, 149, 154, 157, 161, 168, 183, 188, 199, 215, 219, 233, 239, 245, 251, 254, 257, 269, 274, 281, 285, 293, 303, 307, 315, 328, 334, 344, 355, 124, 141, 153, 176, 208, 229, 248, 266, 280, 298, 321, 351, 362, 374, 362, 382, 370, 384, 391, 398, 406, 414, 418, 425, 424, 431, 441, 443, 448, 453, 462, 469, 478, 488, 493, 500, 513, 519, 523, 535, 540, 550, 573, 582, 587, 590, 594, 484, 504, 533, 560, 585, 604]

################################################################
################### jail_ex_download_list: ######################

[1, 1, 1, 1, 1, 0, 1, 1, 0, 0, 0, 0, 1, 1, 1, 1, 1, 1, 1, 1, 0, 1, 1, 0, 0, 0, 0, 0, 1, 1, 0, 0, 1, 1, 0, 1, 1, 1, 0, 1, 0, 0, 0, 1, 0, 0, 1, 1, 0, 1, 0, 1, 1, 0, 1, 1, 0, 1, 1, 1, 1, 1, 0, 0, 0, 0, 0, 1, 1, 0, 0, 1, 1, 1, 0, 1, 1, 1, 1, 1, 1, 1, 0, 0, 1, 1, 1, 1, 0, 0, 1, 0, 1, 0, 0, 0, 1, 0, 1, 0]

################################################################
################################################################
################### process_jail_download_list: ######################

[11, 11, 5, 13, 6, 7, 6, 9, 9, 1, 6, 5, 5, 6, 10, 4, 5, 8, 9, 7, 1, 6, 9, 10, 6, 13, 11, 6, 11, 8, 7, 5, 5, 5, 11, 7, 8, 6, 9, 7, 6, 10, 8, 8, 12, 9, 9, 10, 2, 5, 9, 9, 6, 5, 4, 3, 7, 8, 5, 10, 9, 2, 4, 6, 9, 9, 10, 9, 6, 9, 1, 9, 11, 4, 7, 7, 10, 9, 11, 8, 7, 8, 6, 8, 6, 11, 7, 12, 12, 11, 5, 5, 6, 11, 6, 11, 4, 14, 4, 9]

################################################################
################################################################
################### diffs_in_milliseconds: ######################

[10, 10, 4, 12, 5, 7, 5, 8, 9, 1, 6, 5, 4, 5, 9, 3, 4, 7, 8, 6, 1, 5, 8, 10, 6, 13, 11, 6, 10, 7, 7, 5, 4, 4, 11, 6, 7, 5, 9, 6, 6, 10, 8, 7, 12, 9, 8, 9, 2, 4, 9, 8, 5, 5, 3, 2, 7, 7, 4, 9, 8, 1, 4, 6, 9, 9, 10, 8, 5, 9, 1, 8, 10, 3, 7, 6, 9, 8, 10, 7, 6, 7, 6, 8, 5, 10, 6, 11, 12, 11, 4, 5, 5, 11, 6, 11, 3, 14, 3, 9]

################################################################
