Numero total de amostras 100

Tempo total de processamento: 0:03:05

############## TEMPOS DE PROCESSAMENTO DO EXERCICIO NO JAIL  ####################
Soma 780 segundos
Media 7.8 segundos
Desvio padr達o 5.3999999999999995 segundos

95% 18.14999999999999 segundos
99% 30.050000000000026 segundos

############## TEMPOS DE PROCESSAMENTO DO EXERCICIO NO JAIL COM DOWNLOAD  ################
Soma 883 segundos
Media 8.83 segundos
Desvio padr達o 6.587951123073092 segundos

95% 21.34999999999998 segundos
99% 31.10000000000005 segundos

################### TEMPOS DE DOWNLOAD DO EXERCICIO NO JAIL #######################
Soma 103 segundos
Media 1.03 segundos
Desvio padr達o 1.552127572076471 segundos

95% 4.0 segundos
99% 7.030000000000015 segundos

############################ TEMPOS DE ESPERA NA FILA ############################
Soma 150
Media 1.5 segundos
Desvio padr達o 1.1445523142259597 segundos

95% 4.0 segundos
99% 4.010000000000005 segundos

################### queue_wait_time_list: ######################

[3, 1, 2, 1, 1, 1, 1, 1, 2, 4, 2, 1, 3, 1, 1, 2, 2, 2, 1, 0, 1, 0, 1, 2, 0, 0, 1, 1, 0, 3, 2, 2, 1, 0, 2, 0, 3, 0, 1, 2, 2, 1, 2, 1, 0, 2, 1, 3, 0, 1, 1, 1, 2, 4, 3, 3, 0, 0, 1, 1, 2, 1, 1, 2, 2, 0, 2, 0, 2, 4, 1, 3, 1, 0, 1, 0, 0, 1, 3, 2, 2, 1, 2, 4, 3, 1, 0, 0, 2, 3, 2, 1, 2, 5, 3, 2, 1, 0, 1, 4]

################################################################
################### jail_ex_download_list: ######################

[0, 2, 0, 0, 2, 3, 1, 0, 1, 1, 0, 2, 1, 1, 0, 1, 1, 1, 0, 1, 1, 1, 0, 1, 1, 5, 1, 0, 1, 4, 10, 0, 0, 1, 1, 1, 0, 1, 0, 0, 1, 0, 0, 0, 1, 1, 4, 0, 3, 1, 0, 1, 0, 1, 1, 0, 0, 1, 1, 1, 0, 0, 7, 0, 0, 3, 0, 1, 0, 0, 1, 0, 1, 1, 1, 1, 1, 6, 1, 0, 1, 0, 1, 0, 0, 1, 0, 1, 0, 1, 0, 1, 0, 0, 1, 1, 2, 4, 1, 0]

################################################################
################################################################
################### process_jail_download_list: ######################

[6, 18, 6, 6, 28, 14, 7, 6, 7, 7, 6, 20, 7, 7, 6, 7, 7, 6, 6, 7, 6, 7, 6, 6, 7, 20, 7, 6, 6, 20, 31, 6, 6, 6, 6, 7, 6, 7, 6, 6, 6, 6, 6, 6, 7, 6, 21, 6, 19, 6, 6, 6, 6, 7, 6, 6, 6, 7, 7, 7, 6, 6, 28, 6, 6, 18, 6, 6, 6, 6, 7, 6, 6, 7, 7, 6, 7, 41, 6, 6, 31, 6, 7, 6, 6, 7, 6, 6, 6, 6, 6, 7, 6, 6, 6, 6, 19, 19, 7, 6]

################################################################
################################################################
################### process_jail_list: ######################

[6, 16, 6, 6, 26, 11, 6, 6, 6, 6, 6, 18, 6, 6, 6, 6, 6, 5, 6, 6, 5, 6, 6, 5, 6, 15, 6, 6, 5, 16, 21, 6, 6, 5, 5, 6, 6, 6, 6, 6, 5, 6, 6, 6, 6, 5, 17, 6, 16, 5, 6, 5, 6, 6, 5, 6, 6, 6, 6, 6, 6, 6, 21, 6, 6, 15, 6, 5, 6, 6, 6, 6, 5, 6, 6, 5, 6, 35, 5, 6, 30, 6, 6, 6, 6, 6, 6, 5, 6, 5, 6, 6, 6, 6, 5, 5, 17, 15, 6, 6]

################################################################
