Numero total de amostras 100

Tempo total de processamento: 0:10:50

############## TEMPOS DE PROCESSAMENTO DO EXERCICIO NO JAIL  ####################
Soma 582 segundos
Media 5.82 segundos
Desvio padr達o 0.45563142999578066 segundos

95% 6.0 segundos
99% 6.02000000000001 segundos

############## TEMPOS DE PROCESSAMENTO DO EXERCICIO NO JAIL COM DOWNLOAD  ################
Soma 651 segundos
Media 6.51 segundos
Desvio padr達o 0.5566866263886712 segundos

95% 7.0 segundos
99% 7.02000000000001 segundos

################### TEMPOS DE DOWNLOAD DO EXERCICIO NO JAIL #######################
Soma 69 segundos
Media 0.69 segundos
Desvio padr達o 0.46249324319388707 segundos

95% 1.0 segundos
99% 1.0 segundos

############################ TEMPOS DE ESPERA NA FILA ############################
Soma 37688
Media 376.88 segundos
Desvio padr達o 135.95516025513706 segundos

95% 586.25 segundos
99% 605.05 segundos

################### queue_wait_time_list: ######################

[148, 158, 163, 167, 176, 181, 186, 195, 200, 204, 214, 218, 227, 233, 236, 246, 252, 257, 266, 271, 274, 285, 290, 300, 305, 310, 319, 324, 329, 338, 343, 352, 357, 361, 369, 376, 380, 390, 395, 399, 408, 413, 422, 426, 430, 440, 445, 143, 153, 172, 191, 210, 224, 242, 261, 280, 294, 315, 334, 347, 366, 385, 403, 417, 435, 449, 453, 458, 462, 468, 472, 477, 481, 488, 493, 498, 502, 507, 511, 517, 521, 530, 534, 539, 549, 553, 563, 567, 572, 582, 586, 591, 600, 605, 525, 544, 559, 577, 595, 610]

################################################################
################### jail_ex_download_list: ######################

[1, 1, 1, 1, 1, 0, 1, 1, 0, 1, 1, 1, 1, 1, 1, 1, 1, 0, 0, 1, 1, 1, 1, 1, 1, 1, 1, 1, 1, 1, 0, 1, 1, 1, 1, 0, 1, 1, 0, 1, 0, 1, 0, 1, 1, 1, 0, 1, 1, 0, 0, 0, 0, 0, 1, 1, 1, 0, 1, 1, 0, 0, 1, 1, 1, 1, 1, 0, 1, 0, 1, 0, 1, 0, 1, 0, 1, 0, 1, 0, 1, 0, 1, 1, 1, 1, 1, 1, 0, 0, 1, 0, 0, 1, 1, 1, 0, 1, 1, 1]

################################################################
################################################################
################### process_jail_download_list: ######################

[7, 7, 6, 7, 7, 6, 7, 7, 6, 7, 6, 7, 7, 6, 7, 7, 7, 6, 6, 6, 7, 7, 6, 7, 7, 7, 7, 6, 7, 7, 6, 7, 6, 7, 7, 6, 7, 7, 6, 6, 6, 6, 6, 6, 7, 7, 6, 7, 6, 6, 6, 6, 6, 6, 7, 7, 7, 6, 6, 6, 6, 6, 7, 7, 6, 6, 7, 6, 7, 6, 7, 6, 9, 6, 7, 6, 7, 6, 7, 6, 6, 6, 7, 6, 6, 7, 6, 7, 6, 6, 7, 6, 6, 7, 7, 7, 6, 7, 7, 6]

################################################################
################################################################
################### process_jail_list: ######################

[6, 6, 5, 6, 6, 6, 6, 6, 6, 6, 5, 6, 6, 5, 6, 6, 6, 6, 6, 5, 6, 6, 5, 6, 6, 6, 6, 5, 6, 6, 6, 6, 5, 6, 6, 6, 6, 6, 6, 5, 6, 5, 6, 5, 6, 6, 6, 6, 5, 6, 6, 6, 6, 6, 6, 6, 6, 6, 5, 5, 6, 6, 6, 6, 5, 5, 6, 6, 6, 6, 6, 6, 8, 6, 6, 6, 6, 6, 6, 6, 5, 6, 6, 5, 5, 6, 5, 6, 6, 6, 6, 6, 6, 6, 6, 6, 6, 6, 6, 5]

################################################################
