Numero total de amostras 100

Tempo total de processamento: 0:04:41

############## TEMPOS DE PROCESSAMENTO DO EXERCICIO NO JAIL  ####################
Soma 722 segundos
Media 7.22 segundos
Desvio padr達o 4.213264767374584 segundos

95% 19.049999999999997 segundos
99% 21.06000000000003 segundos

############## TEMPOS DE PROCESSAMENTO DO EXERCICIO NO JAIL COM DOWNLOAD  ################
Soma 824 segundos
Media 8.24 segundos
Desvio padr達o 5.594854779169876 segundos

95% 24.0 segundos
99% 27.08000000000004 segundos

################### TEMPOS DE DOWNLOAD DO EXERCICIO NO JAIL #######################
Soma 102 segundos
Media 1.02 segundos
Desvio padr達o 1.5619218930535548 segundos

95% 5.0 segundos
99% 7.010000000000005 segundos

############################ TEMPOS DE ESPERA NA FILA ############################
Soma 4851
Media 48.51 segundos
Desvio padr達o 27.791543677888782 segundos

95% 89.0 segundos
99% 92.0 segundos

################### queue_wait_time_list: ######################

[9, 20, 25, 0, 12, 0, 18, 10, 2, 2, 25, 28, 4, 4, 14, 8, 13, 7, 2, 22, 10, 28, 30, 16, 20, 17, 24, 24, 12, 33, 30, 33, 34, 24, 37, 34, 41, 39, 51, 41, 42, 44, 47, 46, 40, 49, 49, 37, 31, 40, 43, 50, 49, 63, 68, 56, 53, 58, 59, 53, 65, 62, 55, 59, 58, 67, 75, 57, 64, 67, 65, 71, 69, 83, 70, 73, 74, 74, 77, 76, 74, 83, 86, 79, 87, 84, 86, 82, 92, 89, 88, 88, 91, 90, 80, 80, 86, 84, 89, 92]

################################################################
################### jail_ex_download_list: ######################

[1, 0, 1, 1, 0, 1, 0, 1, 0, 1, 1, 1, 1, 1, 1, 0, 0, 1, 7, 0, 1, 0, 1, 0, 1, 0, 0, 1, 8, 1, 0, 1, 0, 5, 1, 0, 0, 0, 0, 0, 1, 1, 1, 0, 4, 3, 1, 0, 6, 0, 1, 0, 1, 0, 1, 1, 0, 1, 1, 0, 1, 0, 1, 0, 1, 0, 1, 5, 0, 2, 0, 1, 0, 0, 1, 0, 1, 1, 1, 1, 7, 0, 0, 0, 1, 0, 0, 2, 1, 1, 0, 2, 4, 1, 0, 1, 1, 1, 1, 0]

################################################################
################################################################
################### process_jail_download_list: ######################

[6, 6, 6, 7, 6, 7, 6, 7, 6, 6, 6, 6, 7, 6, 7, 6, 6, 6, 27, 6, 7, 6, 6, 6, 7, 6, 6, 7, 35, 7, 6, 7, 6, 23, 7, 6, 6, 6, 6, 6, 6, 6, 7, 6, 25, 24, 6, 6, 24, 6, 7, 6, 7, 6, 7, 6, 6, 6, 7, 6, 6, 6, 7, 6, 7, 6, 6, 24, 6, 22, 6, 6, 6, 6, 7, 6, 6, 6, 7, 7, 22, 6, 6, 6, 7, 6, 6, 13, 7, 6, 6, 12, 15, 7, 6, 7, 6, 11, 6, 6]

################################################################
################################################################
################### process_jail_list: ######################

[5, 6, 5, 6, 6, 6, 6, 6, 6, 5, 5, 5, 6, 5, 6, 6, 6, 5, 20, 6, 6, 6, 5, 6, 6, 6, 6, 6, 27, 6, 6, 6, 6, 18, 6, 6, 6, 6, 6, 6, 5, 5, 6, 6, 21, 21, 5, 6, 18, 6, 6, 6, 6, 6, 6, 5, 6, 5, 6, 6, 5, 6, 6, 6, 6, 6, 5, 19, 6, 20, 6, 5, 6, 6, 6, 6, 5, 5, 6, 6, 15, 6, 6, 6, 6, 6, 6, 11, 6, 5, 6, 10, 11, 6, 6, 6, 5, 10, 5, 6]

################################################################
