Numero total de amostras 98

Tempo total de processamento: 0:05:33

############## TEMPOS DE PROCESSAMENTO DO EXERCICIO NO JAIL  ####################
Soma 570 segundos
Media 5.816326530612245 segundos
Desvio padr達o 0.38721767267367907 segundos

95% 6.0 segundos
99% 6.0 segundos

############## TEMPOS DE PROCESSAMENTO DO EXERCICIO NO JAIL COM DOWNLOAD  ################
Soma 656 segundos
Media 6.6938775510204085 segundos
Desvio padr達o 0.4825138945933424 segundos

95% 7.0 segundos
99% 7.030000000000001 segundos

################### TEMPOS DE DOWNLOAD DO EXERCICIO NO JAIL #######################
Soma 86 segundos
Media 0.8775510204081632 segundos
Desvio padr達o 0.3575799075088823 segundos

95% 1.0 segundos
99% 1.0300000000000011 segundos

############################ TEMPOS DE ESPERA NA FILA ############################
Soma 14220
Media 145.10204081632654 segundos
Desvio padr達o 42.86154496342141 segundos

95% 211.14999999999998 segundos
99% 215.15 segundos

################### queue_wait_time_list: ######################

[86, 69, 77, 75, 73, 77, 79, 83, 81, 89, 83, 98, 95, 87, 90, 104, 93, 99, 102, 107, 114, 111, 122, 109, 112, 116, 121, 125, 123, 130, 131, 136, 128, 143, 144, 134, 138, 150, 141, 149, 147, 161, 154, 159, 165, 157, 163, 85, 91, 96, 101, 106, 117, 119, 159, 127, 133, 138, 146, 152, 155, 168, 166, 167, 175, 169, 170, 175, 169, 179, 183, 186, 181, 192, 181, 189, 185, 196, 187, 187, 190, 192, 186, 197, 194, 202, 191, 210, 215, 201, 206, 212, 211, 214, 197, 215, 220, 207]

################################################################
################### jail_ex_download_list: ######################

[1, 2, 1, 0, 1, 0, 1, 1, 0, 0, 0, 1, 1, 1, 0, 1, 1, 1, 1, 1, 1, 1, 1, 1, 1, 1, 1, 1, 1, 1, 1, 1, 1, 1, 1, 1, 1, 1, 1, 1, 1, 1, 1, 0, 1, 1, 1, 0, 1, 1, 1, 1, 1, 1, 1, 1, 1, 1, 0, 1, 1, 1, 1, 0, 1, 0, 1, 1, 1, 1, 1, 1, 1, 1, 1, 1, 1, 0, 1, 1, 1, 1, 1, 1, 1, 1, 1, 1, 1, 1, 1, 1, 1, 1, 1, 1, 0, 1]

################################################################
################################################################
################### process_jail_download_list: ######################

[7, 8, 7, 6, 7, 6, 7, 6, 6, 6, 6, 6, 7, 7, 6, 7, 7, 7, 7, 7, 7, 7, 7, 7, 7, 7, 6, 7, 7, 6, 7, 7, 6, 7, 6, 7, 7, 7, 7, 7, 7, 7, 7, 6, 7, 6, 7, 6, 7, 6, 7, 7, 7, 6, 7, 7, 7, 7, 6, 7, 7, 7, 7, 6, 7, 6, 7, 7, 7, 6, 7, 6, 6, 7, 7, 7, 6, 6, 7, 7, 7, 7, 6, 6, 7, 7, 7, 6, 7, 7, 7, 6, 7, 7, 6, 7, 6, 7]

################################################################
################################################################
################### process_jail_list: ######################

[6, 6, 6, 6, 6, 6, 6, 5, 6, 6, 6, 5, 6, 6, 6, 6, 6, 6, 6, 6, 6, 6, 6, 6, 6, 6, 5, 6, 6, 5, 6, 6, 5, 6, 5, 6, 6, 6, 6, 6, 6, 6, 6, 6, 6, 5, 6, 6, 6, 5, 6, 6, 6, 5, 6, 6, 6, 6, 6, 6, 6, 6, 6, 6, 6, 6, 6, 6, 6, 5, 6, 5, 5, 6, 6, 6, 5, 6, 6, 6, 6, 6, 5, 5, 6, 6, 6, 5, 6, 6, 6, 5, 6, 6, 5, 6, 6, 6]

################################################################
