Numero total de amostras 100

Tempo total de processamento: 0:25:32

############## TEMPOS DE PROCESSAMENTO DO EXERCICIO NO JAIL  ####################
Soma 1304 segundos
Media 13.04 segundos
Desvio padr達o 4.870154001671817 segundos

95% 21.0 segundos
99% 31.090000000000046 segundos

############## TEMPOS DE PROCESSAMENTO DO EXERCICIO NO JAIL COM DOWNLOAD  ################
Soma 1531 segundos
Media 15.31 segundos
Desvio padr達o 5.7718194704962835 segundos

95% 25.049999999999997 segundos
99% 36.08000000000004 segundos

################### TEMPOS DE DOWNLOAD DO EXERCICIO NO JAIL #######################
Soma 227 segundos
Media 2.27 segundos
Desvio padr達o 1.4202464574854605 segundos

95% 5.0 segundos
99% 8.0 segundos

############################ TEMPOS DE ESPERA NA FILA ############################
Soma 68809
Media 688.09 segundos
Desvio padr達o 422.6864344877891 segundos

95% 1312.4 segundos
99% 1354.07 segundos

################### queue_wait_time_list: ######################

[107, 10, 25, 35, 44, 51, 63, 83, 122, 135, 155, 165, 184, 203, 216, 242, 255, 269, 300, 307, 320, 347, 357, 365, 398, 405, 434, 448, 460, 485, 504, 513, 538, 553, 572, 581, 599, 629, 641, 658, 683, 696, 716, 775, 799, 849, 891, 96, 145, 195, 231, 287, 335, 382, 418, 470, 523, 563, 616, 670, 741, 824, 914, 932, 947, 962, 983, 1005, 1021, 1041, 1053, 1063, 1072, 1090, 1101, 1108, 1118, 1126, 1140, 1156, 1163, 1183, 1197, 1217, 1230, 1244, 1264, 1273, 1279, 1304, 1312, 1320, 1335, 1354, 1174, 1207, 1256, 1294, 1327, 1361]

################################################################
################### jail_ex_download_list: ######################

[3, 4, 2, 2, 1, 2, 4, 2, 3, 2, 2, 5, 2, 3, 1, 3, 3, 3, 1, 2, 1, 1, 0, 3, 1, 2, 2, 2, 2, 3, 1, 2, 2, 1, 1, 2, 3, 2, 4, 1, 1, 3, 4, 4, 4, 4, 8, 2, 1, 1, 2, 3, 3, 3, 3, 3, 4, 1, 2, 1, 5, 5, 2, 4, 2, 3, 8, 2, 3, 2, 1, 1, 2, 1, 1, 1, 2, 1, 3, 2, 1, 3, 1, 2, 2, 3, 1, 1, 1, 1, 2, 1, 6, 1, 1, 1, 1, 2, 1, 1]

################################################################
################################################################
################### process_jail_download_list: ######################

[17, 17, 12, 10, 9, 14, 22, 15, 15, 12, 12, 21, 13, 15, 16, 15, 16, 20, 9, 15, 17, 11, 10, 19, 9, 14, 16, 14, 12, 21, 11, 12, 16, 11, 11, 20, 17, 14, 19, 14, 15, 22, 27, 25, 27, 44, 25, 12, 11, 10, 13, 14, 14, 18, 18, 16, 17, 11, 15, 14, 36, 26, 19, 17, 17, 23, 24, 17, 22, 14, 12, 11, 20, 12, 9, 12, 10, 15, 18, 9, 13, 15, 12, 15, 16, 13, 11, 8, 17, 10, 10, 9, 20, 9, 10, 12, 9, 11, 10, 7]

################################################################
################################################################
################### process_jail_list: ######################

[14, 13, 10, 8, 8, 12, 18, 13, 12, 10, 10, 16, 11, 12, 15, 12, 13, 17, 8, 13, 16, 10, 10, 16, 8, 12, 14, 12, 10, 18, 10, 10, 14, 10, 10, 18, 14, 12, 15, 13, 14, 19, 23, 21, 23, 40, 17, 10, 10, 9, 11, 11, 11, 15, 15, 13, 13, 10, 13, 13, 31, 21, 17, 13, 15, 20, 16, 15, 19, 12, 11, 10, 18, 11, 8, 11, 8, 14, 15, 7, 12, 12, 11, 13, 14, 10, 10, 7, 16, 9, 8, 8, 14, 8, 9, 11, 8, 9, 9, 6]

################################################################
