Numero total de amostras 100

Tempo total de processamento: 0:08:10

############## TEMPOS DE PROCESSAMENTO DO EXERCICIO NO JAIL  ####################
Soma 849 segundos
Media 8.49 segundos
Desvio padr達o 3.3090633115732313 segundos

95% 15.049999999999997 segundos
99% 19.04000000000002 segundos

############## TEMPOS DE PROCESSAMENTO DO EXERCICIO NO JAIL COM DOWNLOAD  ################
Soma 976 segundos
Media 9.76 segundos
Desvio padr達o 3.7818513984555238 segundos

95% 18.049999999999997 segundos
99% 23.02000000000001 segundos

################### TEMPOS DE DOWNLOAD DO EXERCICIO NO JAIL #######################
Soma 127 segundos
Media 1.27 segundos
Desvio padr達o 0.9884836872705589 segundos

95% 4.0 segundos
99% 5.010000000000005 segundos

############################ TEMPOS DE ESPERA NA FILA ############################
Soma 46134
Media 461.34 segundos
Desvio padr達o 78.85825511637954 segundos

95% 580.05 segundos
99% 606.0 segundos

################### queue_wait_time_list: ######################

[347, 308, 301, 312, 321, 311, 337, 372, 356, 348, 383, 392, 373, 397, 392, 397, 403, 405, 424, 410, 413, 428, 430, 434, 438, 438, 443, 447, 450, 455, 459, 450, 463, 457, 464, 469, 466, 473, 474, 474, 476, 476, 483, 486, 488, 491, 489, 475, 301, 306, 319, 339, 354, 381, 404, 407, 418, 434, 441, 447, 453, 462, 471, 482, 485, 491, 498, 501, 506, 506, 510, 509, 512, 511, 516, 514, 518, 518, 529, 529, 540, 547, 545, 551, 562, 560, 566, 574, 571, 598, 580, 575, 597, 606, 540, 551, 563, 606, 571, 581]

################################################################
################### jail_ex_download_list: ######################

[0, 1, 2, 0, 2, 1, 4, 1, 1, 1, 2, 1, 1, 1, 1, 2, 1, 1, 2, 1, 1, 1, 1, 1, 1, 1, 1, 1, 1, 1, 1, 1, 1, 1, 0, 1, 2, 1, 1, 1, 0, 0, 1, 1, 1, 0, 1, 1, 2, 1, 2, 2, 5, 3, 1, 1, 4, 0, 1, 0, 1, 1, 1, 1, 0, 1, 2, 1, 1, 0, 1, 1, 1, 1, 1, 1, 1, 1, 2, 1, 4, 1, 2, 2, 1, 1, 1, 1, 1, 1, 6, 1, 1, 1, 1, 1, 2, 1, 1, 4]

################################################################
################################################################
################### process_jail_download_list: ######################

[11, 8, 8, 12, 25, 13, 12, 14, 18, 12, 14, 8, 13, 10, 7, 10, 7, 9, 9, 9, 17, 8, 8, 8, 7, 8, 8, 7, 8, 7, 8, 8, 7, 8, 8, 7, 8, 8, 8, 7, 7, 8, 7, 7, 7, 6, 9, 7, 9, 8, 21, 11, 23, 15, 7, 9, 15, 7, 9, 6, 8, 8, 7, 7, 7, 10, 8, 7, 7, 6, 6, 6, 7, 7, 7, 7, 14, 15, 14, 14, 11, 8, 10, 13, 8, 7, 9, 10, 8, 14, 19, 10, 11, 8, 9, 13, 10, 10, 7, 19]

################################################################
################################################################
################### process_jail_list: ######################

[11, 7, 6, 12, 23, 12, 8, 13, 17, 11, 12, 7, 12, 9, 6, 8, 6, 8, 7, 8, 16, 7, 7, 7, 6, 7, 7, 6, 7, 6, 7, 7, 6, 7, 8, 6, 6, 7, 7, 6, 7, 8, 6, 6, 6, 6, 8, 6, 7, 7, 19, 9, 18, 12, 6, 8, 11, 7, 8, 6, 7, 7, 6, 6, 7, 9, 6, 6, 6, 6, 5, 5, 6, 6, 6, 6, 13, 14, 12, 13, 7, 7, 8, 11, 7, 6, 8, 9, 7, 13, 13, 9, 10, 7, 8, 12, 8, 9, 6, 15]

################################################################
