Numero total de amostras 100

Tempo total de processamento: 0:05:04

############## TEMPOS DE PROCESSAMENTO DO EXERCICIO NO JAIL  ####################
Soma 668 segundos
Media 6.68 segundos
Desvio padr達o 2.130164312911096 segundos

95% 11.049999999999997 segundos
99% 15.010000000000005 segundos

############## TEMPOS DE PROCESSAMENTO DO EXERCICIO NO JAIL COM DOWNLOAD  ################
Soma 774 segundos
Media 7.74 segundos
Desvio padr達o 2.390062760682238 segundos

95% 13.049999999999997 segundos
99% 17.0 segundos

################### TEMPOS DE DOWNLOAD DO EXERCICIO NO JAIL #######################
Soma 106 segundos
Media 1.06 segundos
Desvio padr達o 0.9572878355019456 segundos

95% 2.049999999999997 segundos
99% 4.0400000000000205 segundos

############################ TEMPOS DE ESPERA NA FILA ############################
Soma 36932
Media 369.32 segundos
Desvio padr達o 28.01852244498271 segundos

95% 409.0 segundos
99% 410.01000000000005 segundos

################### queue_wait_time_list: ######################

[295, 310, 317, 323, 332, 343, 341, 337, 341, 342, 343, 344, 342, 346, 344, 346, 346, 346, 348, 349, 346, 350, 351, 351, 370, 349, 363, 351, 352, 353, 378, 365, 378, 372, 380, 375, 378, 381, 379, 381, 383, 378, 384, 386, 381, 382, 385, 376, 287, 302, 327, 340, 342, 344, 344, 376, 348, 348, 352, 351, 363, 370, 379, 382, 384, 388, 386, 386, 384, 386, 386, 384, 389, 389, 388, 390, 391, 388, 399, 393, 389, 392, 406, 404, 396, 409, 407, 401, 410, 411, 406, 409, 407, 408, 391, 401, 410, 398, 408, 410]

################################################################
################### jail_ex_download_list: ######################

[2, 1, 1, 0, 0, 0, 1, 1, 1, 1, 1, 1, 1, 1, 1, 1, 0, 2, 1, 1, 1, 0, 1, 2, 8, 1, 1, 1, 1, 1, 1, 1, 1, 3, 0, 1, 1, 1, 1, 0, 1, 1, 1, 0, 1, 1, 1, 1, 3, 1, 1, 0, 0, 1, 1, 1, 1, 1, 0, 1, 1, 3, 1, 1, 0, 1, 1, 1, 0, 1, 1, 1, 1, 1, 1, 1, 1, 1, 4, 1, 1, 1, 2, 1, 2, 1, 1, 1, 0, 1, 1, 0, 0, 1, 1, 1, 1, 2, 1, 1]

################################################################
################################################################
################### process_jail_download_list: ######################

[9, 8, 8, 6, 6, 6, 8, 7, 7, 7, 6, 7, 7, 6, 7, 7, 6, 7, 8, 7, 7, 6, 7, 17, 14, 7, 10, 6, 16, 17, 7, 13, 6, 8, 6, 6, 7, 7, 7, 7, 7, 7, 7, 6, 7, 7, 7, 7, 10, 10, 7, 6, 6, 6, 7, 7, 7, 7, 6, 7, 14, 11, 7, 7, 6, 6, 6, 7, 6, 7, 7, 7, 7, 7, 7, 7, 7, 7, 12, 11, 7, 12, 5, 10, 8, 7, 6, 12, 6, 7, 7, 6, 6, 7, 11, 9, 6, 10, 7, 7]

################################################################
################################################################
################### process_jail_list: ######################

[7, 7, 7, 6, 6, 6, 7, 6, 6, 6, 5, 6, 6, 5, 6, 6, 6, 5, 7, 6, 6, 6, 6, 15, 6, 6, 9, 5, 15, 16, 6, 12, 5, 5, 6, 5, 6, 6, 6, 7, 6, 6, 6, 6, 6, 6, 6, 6, 7, 9, 6, 6, 6, 5, 6, 6, 6, 6, 6, 6, 13, 8, 6, 6, 6, 5, 5, 6, 6, 6, 6, 6, 6, 6, 6, 6, 6, 6, 8, 10, 6, 11, 3, 9, 6, 6, 5, 11, 6, 6, 6, 6, 6, 6, 10, 8, 5, 8, 6, 6]

################################################################
