Numero total de amostras 100

Tempo total de processamento: 0:06:57

############## TEMPOS DE PROCESSAMENTO DO EXERCICIO NO JAIL  ####################
Soma 1523 segundos
Media 15.23 segundos
Desvio padr達o 0.4439594576084623 segundos

95% 16.0 segundos
99% 16.010000000000005 segundos

############## TEMPOS DE PROCESSAMENTO DO EXERCICIO NO JAIL COM DOWNLOAD  ################
Soma 1626 segundos
Media 16.26 segundos
Desvio padr達o 0.6421837743200929 segundos

95% 17.049999999999997 segundos
99% 18.010000000000005 segundos

################### TEMPOS DE DOWNLOAD DO EXERCICIO NO JAIL #######################
Soma 103 segundos
Media 1.03 segundos
Desvio padr達o 0.43485629810317805 segundos

95% 2.0 segundos
99% 2.0 segundos

############################ TEMPOS DE ESPERA NA FILA ############################
Soma 70701
Media 707.01 segundos
Desvio padr達o 65.52869524109266 segundos

95% 807.05 segundos
99% 818.01 segundos

################### queue_wait_time_list: ######################

[616, 608, 588, 602, 602, 635, 611, 647, 620, 628, 617, 644, 640, 653, 633, 681, 666, 669, 656, 650, 675, 665, 674, 678, 688, 679, 685, 686, 697, 709, 706, 718, 698, 707, 727, 717, 736, 725, 743, 734, 735, 681, 591, 603, 606, 610, 611, 622, 628, 639, 644, 647, 656, 662, 661, 671, 688, 697, 697, 705, 716, 761, 742, 763, 780, 751, 752, 771, 779, 762, 789, 770, 778, 807, 780, 796, 794, 807, 819, 817, 797, 818, 717, 727, 735, 742, 726, 742, 753, 754, 760, 772, 769, 787, 786, 787, 797, 808, 807, 816]

################################################################
################### jail_ex_download_list: ######################

[1, 1, 2, 2, 1, 1, 1, 1, 1, 1, 1, 2, 1, 1, 1, 0, 1, 1, 0, 1, 1, 0, 0, 1, 1, 1, 1, 1, 1, 1, 1, 1, 1, 1, 1, 1, 1, 1, 1, 1, 0, 1, 2, 1, 2, 1, 1, 1, 1, 1, 1, 1, 1, 1, 1, 1, 1, 1, 1, 1, 1, 1, 1, 1, 0, 1, 1, 0, 1, 1, 1, 1, 1, 2, 1, 2, 2, 1, 2, 1, 2, 1, 1, 1, 1, 1, 0, 1, 1, 1, 1, 1, 1, 1, 1, 1, 2, 1, 1, 1]

################################################################
################################################################
################### process_jail_download_list: ######################

[16, 16, 17, 17, 17, 16, 17, 16, 16, 16, 16, 17, 16, 16, 17, 15, 16, 17, 16, 16, 16, 16, 15, 16, 16, 16, 16, 16, 16, 16, 17, 16, 16, 16, 16, 16, 16, 16, 16, 16, 15, 16, 17, 16, 17, 16, 16, 16, 16, 16, 16, 16, 16, 16, 16, 17, 16, 16, 16, 17, 16, 16, 16, 16, 15, 17, 16, 16, 16, 16, 16, 16, 16, 18, 16, 17, 18, 17, 18, 16, 18, 17, 16, 16, 16, 16, 16, 16, 17, 16, 16, 16, 16, 16, 16, 17, 19, 17, 16, 16]

################################################################
################################################################
################### process_jail_list: ######################

[15, 15, 15, 15, 16, 15, 16, 15, 15, 15, 15, 15, 15, 15, 16, 15, 15, 16, 16, 15, 15, 16, 15, 15, 15, 15, 15, 15, 15, 15, 16, 15, 15, 15, 15, 15, 15, 15, 15, 15, 15, 15, 15, 15, 15, 15, 15, 15, 15, 15, 15, 15, 15, 15, 15, 16, 15, 15, 15, 16, 15, 15, 15, 15, 15, 16, 15, 16, 15, 15, 15, 15, 15, 16, 15, 15, 16, 16, 16, 15, 16, 16, 15, 15, 15, 15, 16, 15, 16, 15, 15, 15, 15, 15, 15, 16, 17, 16, 15, 15]

################################################################
