Numero total de amostras 100

Tempo total de processamento: 0:29:13

############## TEMPOS DE PROCESSAMENTO DO EXERCICIO NO JAIL  ####################
Soma 1472 segundos
Media 14.72 segundos
Desvio padr達o 4.404724736007915 segundos

95% 23.0 segundos
99% 26.030000000000015 segundos

############## TEMPOS DE PROCESSAMENTO DO EXERCICIO NO JAIL COM DOWNLOAD  ################
Soma 1755 segundos
Media 17.55 segundos
Desvio padr達o 5.43023940540378 segundos

95% 27.049999999999997 segundos
99% 33.0 segundos

################### TEMPOS DE DOWNLOAD DO EXERCICIO NO JAIL #######################
Soma 283 segundos
Media 2.83 segundos
Desvio padr達o 1.3119070088996398 segundos

95% 5.049999999999997 segundos
99% 7.0 segundos

############################ TEMPOS DE ESPERA NA FILA ############################
Soma 70083
Media 700.83 segundos
Desvio padr達o 463.8426900361803 segundos

95% 1479.65 segundos
99% 1540.18 segundos

################### queue_wait_time_list: ######################

[51, 69, 1, 79, 12, 23, 32, 62, 42, 90, 110, 130, 151, 168, 180, 196, 229, 242, 276, 287, 296, 317, 328, 338, 360, 371, 380, 399, 409, 433, 444, 455, 478, 488, 499, 532, 545, 577, 590, 601, 627, 640, 652, 678, 695, 714, 749, 217, 258, 306, 348, 389, 421, 467, 509, 560, 613, 664, 734, 775, 818, 760, 835, 796, 855, 873, 897, 922, 942, 967, 990, 1015, 1038, 1058, 1086, 1110, 1137, 1163, 1194, 1213, 1251, 1268, 1291, 1328, 1360, 1379, 1413, 1428, 1442, 1468, 1479, 1510, 1524, 1540, 1234, 1309, 1397, 1457, 1492, 1558]

################################################################
################### jail_ex_download_list: ######################

[3, 1, 3, 2, 3, 1, 1, 0, 1, 3, 3, 4, 4, 3, 2, 3, 2, 2, 2, 1, 2, 2, 2, 1, 2, 1, 1, 1, 2, 2, 2, 2, 2, 1, 2, 3, 2, 2, 2, 2, 2, 3, 2, 4, 3, 4, 2, 3, 4, 3, 2, 2, 3, 3, 6, 2, 2, 2, 3, 2, 3, 3, 4, 4, 3, 5, 7, 3, 4, 4, 4, 4, 3, 6, 6, 5, 5, 7, 4, 3, 2, 4, 4, 4, 4, 4, 2, 3, 3, 1, 3, 3, 2, 4, 3, 2, 3, 2, 3, 3]

################################################################
################################################################
################### process_jail_download_list: ######################

[13, 12, 13, 13, 13, 11, 11, 9, 10, 22, 21, 23, 19, 14, 18, 22, 15, 18, 12, 11, 12, 12, 12, 12, 13, 10, 11, 12, 14, 13, 13, 14, 12, 12, 12, 15, 17, 15, 13, 14, 14, 14, 14, 19, 20, 22, 13, 14, 20, 13, 14, 12, 13, 13, 25, 18, 16, 16, 17, 22, 19, 17, 22, 24, 20, 25, 27, 22, 27, 24, 27, 25, 22, 30, 25, 29, 28, 33, 21, 23, 19, 25, 20, 33, 21, 20, 16, 17, 17, 13, 15, 16, 18, 20, 18, 21, 18, 12, 19, 20]

################################################################
################################################################
################### process_jail_list: ######################

[10, 11, 10, 11, 10, 10, 10, 9, 9, 19, 18, 19, 15, 11, 16, 19, 13, 16, 10, 10, 10, 10, 10, 11, 11, 9, 10, 11, 12, 11, 11, 12, 10, 11, 10, 12, 15, 13, 11, 12, 12, 11, 12, 15, 17, 18, 11, 11, 16, 10, 12, 10, 10, 10, 19, 16, 14, 14, 14, 20, 16, 14, 18, 20, 17, 20, 20, 19, 23, 20, 23, 21, 19, 24, 19, 24, 23, 26, 17, 20, 17, 21, 16, 29, 17, 16, 14, 14, 14, 12, 12, 13, 16, 16, 15, 19, 15, 10, 16, 17]

################################################################
