Numero total de amostras 100

Tempo total de processamento: 0:05:37

############## TEMPOS DE PROCESSAMENTO DO EXERCICIO NO JAIL  ####################
Soma 781 segundos
Media 7.81 segundos
Desvio padr達o 4.566607055572004 segundos

95% 18.049999999999997 segundos
99% 22.08000000000004 segundos

############## TEMPOS DE PROCESSAMENTO DO EXERCICIO NO JAIL COM DOWNLOAD  ################
Soma 936 segundos
Media 9.36 segundos
Desvio padr達o 5.52 segundos

95% 22.049999999999997 segundos
99% 27.070000000000036 segundos

################### TEMPOS DE DOWNLOAD DO EXERCICIO NO JAIL #######################
Soma 155 segundos
Media 1.55 segundos
Desvio padr達o 1.1434596626029274 segundos

95% 4.0 segundos
99% 5.0 segundos

############################ TEMPOS DE ESPERA NA FILA ############################
Soma 7355
Media 73.55 segundos
Desvio padr達o 41.42954863379518 segundos

95% 134.14999999999998 segundos
99% 141.0 segundos

################### queue_wait_time_list: ######################

[16, 16, 36, 1, 3, 4, 6, 21, 27, 19, 10, 8, 26, 13, 12, 6, 15, 36, 25, 25, 23, 40, 35, 30, 29, 51, 35, 40, 44, 44, 52, 34, 63, 48, 62, 52, 50, 66, 61, 60, 70, 75, 74, 62, 77, 80, 80, 47, 48, 87, 84, 56, 58, 66, 71, 95, 77, 98, 90, 84, 84, 87, 90, 92, 105, 93, 98, 101, 97, 104, 99, 116, 107, 102, 111, 107, 116, 109, 114, 129, 120, 113, 125, 119, 137, 123, 124, 128, 133, 141, 133, 141, 134, 141, 115, 123, 122, 131, 131, 137]

################################################################
################### jail_ex_download_list: ######################

[2, 1, 0, 2, 2, 1, 1, 0, 1, 0, 1, 1, 1, 1, 0, 5, 4, 1, 4, 1, 1, 1, 1, 1, 2, 1, 1, 2, 1, 1, 2, 4, 0, 0, 2, 1, 4, 1, 1, 0, 1, 1, 1, 5, 0, 2, 2, 1, 1, 1, 2, 2, 2, 2, 2, 1, 3, 2, 2, 2, 3, 2, 2, 1, 1, 1, 3, 1, 1, 2, 1, 0, 1, 2, 2, 4, 1, 1, 1, 0, 1, 4, 1, 1, 1, 5, 1, 1, 1, 2, 2, 1, 4, 3, 1, 1, 1, 1, 1, 1]

################################################################
################################################################
################### process_jail_download_list: ######################

[8, 7, 6, 8, 8, 8, 8, 7, 7, 8, 6, 6, 7, 7, 6, 24, 20, 7, 21, 6, 7, 7, 7, 8, 8, 7, 8, 8, 7, 7, 8, 34, 7, 6, 7, 7, 25, 7, 6, 6, 8, 8, 7, 27, 6, 8, 8, 6, 7, 6, 8, 7, 8, 8, 8, 7, 19, 8, 8, 7, 15, 8, 17, 7, 8, 7, 18, 7, 7, 8, 7, 6, 8, 8, 8, 19, 6, 7, 7, 6, 6, 22, 8, 7, 7, 23, 6, 6, 8, 8, 8, 8, 20, 22, 7, 7, 7, 7, 7, 7]

################################################################
################################################################
################### process_jail_list: ######################

[6, 6, 6, 6, 6, 7, 7, 7, 6, 8, 5, 5, 6, 6, 6, 19, 16, 6, 17, 5, 6, 6, 6, 7, 6, 6, 7, 6, 6, 6, 6, 30, 7, 6, 5, 6, 21, 6, 5, 6, 7, 7, 6, 22, 6, 6, 6, 5, 6, 5, 6, 5, 6, 6, 6, 6, 16, 6, 6, 5, 12, 6, 15, 6, 7, 6, 15, 6, 6, 6, 6, 6, 7, 6, 6, 15, 5, 6, 6, 6, 5, 18, 7, 6, 6, 18, 5, 5, 7, 6, 6, 7, 16, 19, 6, 6, 6, 6, 6, 6]

################################################################
