Numero total de amostras 100

Tempo total de processamento: 0:06:34

############## TEMPOS DE PROCESSAMENTO DO EXERCICIO NO JAIL  ####################
Soma 334 segundos
Media 3.34 segundos
Desvio padr達o 0.4737087712930804 segundos

95% 4.0 segundos
99% 4.0 segundos

############## TEMPOS DE PROCESSAMENTO DO EXERCICIO NO JAIL COM DOWNLOAD  ################
Soma 394 segundos
Media 3.94 segundos
Desvio padr達o 0.3693237062523878 segundos

95% 4.0 segundos
99% 5.0 segundos

################### TEMPOS DE DOWNLOAD DO EXERCICIO NO JAIL #######################
Soma 60 segundos
Media 0.6 segundos
Desvio padr達o 0.48989794855663565 segundos

95% 1.0 segundos
99% 1.0 segundos

############################ TEMPOS DE ESPERA NA FILA ############################
Soma 18893
Media 188.93 segundos
Desvio padr達o 61.6526163272898 segundos

95% 284.1 segundos
99% 292.03000000000003 segundos

################### queue_wait_time_list: ######################

[91, 93, 82, 85, 89, 87, 95, 98, 102, 104, 108, 114, 116, 120, 122, 126, 128, 132, 135, 139, 141, 146, 149, 152, 154, 159, 163, 165, 169, 171, 175, 177, 182, 184, 188, 191, 194, 196, 201, 205, 207, 212, 214, 218, 221, 99, 106, 110, 118, 124, 130, 137, 143, 150, 156, 161, 166, 173, 180, 186, 192, 199, 203, 209, 216, 222, 224, 226, 228, 230, 233, 235, 237, 241, 244, 247, 249, 254, 256, 260, 262, 267, 269, 274, 277, 279, 284, 286, 290, 292, 239, 245, 251, 258, 265, 271, 276, 281, 288, 295]

################################################################
################### jail_ex_download_list: ######################

[0, 1, 1, 0, 0, 0, 1, 0, 1, 1, 1, 0, 0, 0, 0, 1, 1, 1, 0, 1, 1, 0, 0, 1, 1, 1, 0, 0, 1, 1, 1, 0, 0, 0, 0, 0, 1, 1, 1, 1, 1, 1, 0, 0, 0, 1, 1, 1, 0, 0, 1, 1, 1, 1, 1, 1, 1, 1, 0, 0, 1, 1, 1, 1, 0, 1, 1, 1, 1, 1, 0, 0, 0, 0, 0, 1, 1, 1, 1, 1, 1, 1, 1, 0, 1, 1, 1, 1, 0, 0, 0, 1, 1, 1, 1, 0, 0, 1, 0, 0]

################################################################
################################################################
################### process_jail_download_list: ######################

[3, 4, 5, 4, 4, 4, 5, 3, 4, 4, 4, 4, 4, 4, 4, 4, 4, 5, 3, 4, 4, 4, 3, 4, 4, 4, 4, 3, 4, 4, 4, 4, 4, 4, 4, 3, 4, 4, 4, 4, 4, 4, 4, 4, 3, 4, 4, 4, 4, 3, 4, 4, 5, 4, 4, 4, 4, 4, 4, 4, 4, 4, 4, 4, 4, 4, 4, 4, 4, 4, 4, 4, 4, 4, 3, 4, 4, 4, 4, 4, 4, 4, 4, 4, 4, 4, 4, 4, 4, 4, 4, 4, 4, 4, 4, 4, 3, 4, 4, 4]

################################################################
################################################################
################### process_jail_list: ######################

[3, 3, 4, 4, 4, 4, 4, 3, 3, 3, 3, 4, 4, 4, 4, 3, 3, 4, 3, 3, 3, 4, 3, 3, 3, 3, 4, 3, 3, 3, 3, 4, 4, 4, 4, 3, 3, 3, 3, 3, 3, 3, 4, 4, 3, 3, 3, 3, 4, 3, 3, 3, 4, 3, 3, 3, 3, 3, 4, 4, 3, 3, 3, 3, 4, 3, 3, 3, 3, 3, 4, 4, 4, 4, 3, 3, 3, 3, 3, 3, 3, 3, 3, 4, 3, 3, 3, 3, 4, 4, 4, 3, 3, 3, 3, 4, 3, 3, 4, 4]

################################################################
