Numero total de amostras 100

Tempo total de processamento: 0:03:09

############## TEMPOS DE PROCESSAMENTO DO EXERCICIO NO JAIL  ####################
Soma 763 segundos
Media 7.63 segundos
Desvio padr達o 4.20393862942836 segundos

95% 17.0 segundos
99% 21.0 segundos

############## TEMPOS DE PROCESSAMENTO DO EXERCICIO NO JAIL COM DOWNLOAD  ################
Soma 872 segundos
Media 8.72 segundos
Desvio padr達o 5.259429626870199 segundos

95% 20.049999999999997 segundos
99% 24.02000000000001 segundos

################### TEMPOS DE DOWNLOAD DO EXERCICIO NO JAIL #######################
Soma 109 segundos
Media 1.09 segundos
Desvio padr達o 1.289147004805891 segundos

95% 4.0 segundos
99% 5.010000000000005 segundos

############################ TEMPOS DE ESPERA NA FILA ############################
Soma 316
Media 3.16 segundos
Desvio padr達o 1.566652482205291 segundos

95% 6.0 segundos
99% 7.02000000000001 segundos

################### queue_wait_time_list: ######################

[2, 2, 5, 4, 4, 7, 2, 9, 3, 2, 2, 5, 5, 4, 4, 3, 5, 5, 4, 2, 3, 7, 2, 5, 1, 5, 3, 3, 3, 3, 4, 2, 2, 5, 2, 2, 1, 5, 3, 5, 3, 2, 2, 3, 1, 3, 3, 3, 4, 3, 0, 3, 4, 3, 1, 2, 4, 1, 0, 3, 6, 4, 4, 3, 4, 3, 1, 4, 3, 4, 3, 2, 1, 1, 3, 2, 1, 4, 3, 6, 1, 3, 0, 2, 2, 2, 4, 4, 6, 4, 3, 5, 2, 3, 3, 3, 3, 5, 3, 3]

################################################################
################### jail_ex_download_list: ######################

[1, 4, 1, 1, 1, 1, 1, 1, 0, 1, 0, 1, 0, 0, 0, 1, 3, 3, 3, 1, 1, 0, 1, 0, 0, 1, 1, 1, 0, 0, 3, 1, 1, 5, 1, 0, 3, 0, 1, 0, 0, 0, 1, 3, 6, 1, 1, 0, 1, 1, 1, 0, 1, 1, 1, 0, 0, 1, 4, 1, 0, 1, 1, 1, 0, 1, 1, 1, 1, 2, 0, 0, 0, 1, 0, 0, 1, 3, 2, 0, 0, 1, 1, 1, 0, 5, 0, 0, 1, 1, 4, 0, 0, 0, 1, 4, 0, 1, 1, 4]

################################################################
################################################################
################### process_jail_download_list: ######################

[6, 24, 7, 7, 6, 6, 6, 7, 6, 7, 6, 7, 6, 6, 6, 7, 16, 15, 16, 7, 6, 6, 6, 6, 6, 6, 7, 6, 6, 6, 18, 6, 6, 26, 7, 6, 17, 6, 7, 6, 6, 6, 6, 20, 20, 6, 6, 6, 6, 6, 7, 6, 7, 7, 6, 6, 6, 6, 19, 16, 6, 6, 7, 7, 6, 6, 6, 6, 7, 23, 6, 6, 6, 17, 6, 6, 7, 23, 19, 6, 6, 7, 7, 6, 6, 18, 6, 6, 6, 6, 21, 6, 6, 6, 7, 20, 6, 6, 7, 17]

################################################################
################################################################
################### process_jail_list: ######################

[5, 20, 6, 6, 5, 5, 5, 6, 6, 6, 6, 6, 6, 6, 6, 6, 13, 12, 13, 6, 5, 6, 5, 6, 6, 5, 6, 5, 6, 6, 15, 5, 5, 21, 6, 6, 14, 6, 6, 6, 6, 6, 5, 17, 14, 5, 5, 6, 5, 5, 6, 6, 6, 6, 5, 6, 6, 5, 15, 15, 6, 5, 6, 6, 6, 5, 5, 5, 6, 21, 6, 6, 6, 16, 6, 6, 6, 20, 17, 6, 6, 6, 6, 5, 6, 13, 6, 6, 5, 5, 17, 6, 6, 6, 6, 16, 6, 5, 6, 13]

################################################################
