Numero total de amostras 100

Tempo total de processamento: 0:02:44

############## TEMPOS DE PROCESSAMENTO DO EXERCICIO NO JAIL  ####################
Soma 562 segundos
Media 5.62 segundos
Desvio padr達o 0.7972452571197899 segundos

95% 6.0 segundos
99% 7.010000000000005 segundos

############## TEMPOS DE PROCESSAMENTO DO EXERCICIO NO JAIL COM DOWNLOAD  ################
Soma 636 segundos
Media 6.36 segundos
Desvio padr達o 0.806473806146238 segundos

95% 8.0 segundos
99% 8.0 segundos

################### TEMPOS DE DOWNLOAD DO EXERCICIO NO JAIL #######################
Soma 74 segundos
Media 0.74 segundos
Desvio padr達o 0.5219195340279956 segundos

95% 1.0 segundos
99% 2.0 segundos

############################ TEMPOS DE ESPERA NA FILA ############################
Soma 1098
Media 10.98 segundos
Desvio padr達o 6.322942353050517 segundos

95% 21.0 segundos
99% 22.0 segundos

################### queue_wait_time_list: ######################

[20, 17, 19, 16, 20, 21, 15, 20, 21, 22, 21, 20, 18, 21, 17, 18, 22, 16, 19, 21, 12, 15, 22, 16, 17, 18, 20, 19, 19, 13, 18, 16, 17, 11, 17, 13, 14, 14, 15, 12, 13, 12, 11, 11, 12, 11, 10, 14, 14, 8, 12, 9, 7, 8, 6, 10, 4, 5, 11, 7, 10, 7, 6, 10, 5, 9, 0, 11, 9, 9, 4, 8, 8, 5, 6, 5, 5, 7, 3, 4, 4, 4, 4, 8, 6, 2, 4, 5, 2, 1, 3, 2, 3, 0, 4, 2, 4, 5, 5, 2]

################################################################
################### jail_ex_download_list: ######################

[1, 0, 0, 0, 1, 1, 0, 1, 1, 1, 1, 2, 1, 0, 0, 1, 1, 1, 0, 1, 1, 1, 0, 0, 1, 1, 1, 1, 0, 1, 1, 0, 1, 1, 0, 1, 1, 1, 1, 0, 1, 1, 1, 1, 1, 0, 1, 1, 0, 1, 1, 1, 1, 1, 0, 0, 2, 1, 1, 1, 0, 1, 1, 1, 1, 0, 1, 1, 1, 0, 0, 1, 1, 1, 1, 1, 0, 0, 0, 0, 1, 1, 1, 2, 0, 0, 1, 1, 1, 1, 0, 2, 1, 1, 1, 1, 1, 0, 0, 1]

################################################################
################################################################
################### process_jail_download_list: ######################

[6, 6, 6, 6, 6, 1, 6, 6, 8, 8, 6, 8, 7, 8, 6, 7, 6, 7, 6, 6, 6, 6, 6, 6, 6, 7, 6, 7, 6, 6, 6, 6, 6, 6, 6, 6, 6, 6, 6, 6, 6, 7, 7, 6, 6, 6, 7, 7, 6, 7, 6, 7, 7, 7, 6, 6, 8, 6, 7, 7, 6, 6, 6, 6, 6, 6, 7, 6, 6, 6, 6, 6, 6, 7, 6, 7, 6, 6, 6, 6, 7, 7, 7, 8, 6, 6, 7, 7, 7, 7, 6, 7, 7, 7, 6, 7, 6, 6, 6, 6]

################################################################
################################################################
################### process_jail_list: ######################

[5, 6, 6, 6, 5, 0, 6, 5, 7, 7, 5, 6, 6, 8, 6, 6, 5, 6, 6, 5, 5, 5, 6, 6, 5, 6, 5, 6, 6, 5, 5, 6, 5, 5, 6, 5, 5, 5, 5, 6, 5, 6, 6, 5, 5, 6, 6, 6, 6, 6, 5, 6, 6, 6, 6, 6, 6, 5, 6, 6, 6, 5, 5, 5, 5, 6, 6, 5, 5, 6, 6, 5, 5, 6, 5, 6, 6, 6, 6, 6, 6, 6, 6, 6, 6, 6, 6, 6, 6, 6, 6, 5, 6, 6, 5, 6, 5, 6, 6, 5]

################################################################
