Numero total de amostras 2400

Tempo total de processamento: 0:50:58

############## TEMPOS DE PROCESSAMENTO DO EXERCICIO NO JAIL  ####################
Soma 16240 segundos
Media 6.766666666666667 segundos
Desvio padr達o 2.3296399340289096 segundos

95% 5.0 segundos
99% 5.0 segundos

############## TEMPOS DE PROCESSAMENTO DO EXERCICIO NO JAIL COM DOWNLOAD  ################
Soma 18281 segundos
Media 7.617083333333333 segundos
Desvio padr達o 2.8578181933756546 segundos

95% 6.0 segundos
99% 6.0 segundos

################### TEMPOS DE DOWNLOAD DO EXERCICIO NO JAIL #######################
Soma 2041 segundos
Media 0.8504166666666667 segundos
Desvio padr達o 0.7679245794491945 segundos

95% 0.0 segundos
99% 0.0 segundos

############################ TEMPOS DE ESPERA NA FILA ############################
Soma 3274160
Media 1364.2333333333333 segundos
Desvio padr達o 789.6936181555196 segundos

95% 30.0 segundos
99% 33.75049999999998 segundos

################### queue_wait_time_list: ######################

[2196, 2, 17, 47, 9, 77, 22, 2, 10, 9, 18, 24, 42, 17, 17, 41, 19, 23, 30, 29, 29, 30, 49, 29, 35, 35, 60, 74, 40, 54, 40, 71, 47, 47, 60, 50, 49, 59, 55, 60, 65, 60, 79, 74, 67, 76, 71, 80, 2, 104, 83, 92, 88, 94, 83, 92, 86, 93, 91, 100, 98, 103, 100, 123, 110, 99, 121, 110, 110, 104, 117, 109, 110, 121, 128, 135, 111, 122, 133, 121, 118, 128, 145, 128, 145, 147, 136, 140, 138, 140, 133, 150, 146, 150, 142, 2206, 9, 2, 154, 175, 158, 153, 180, 162, 156, 165, 157, 165, 168, 182, 163, 196, 173, 176, 171, 178, 191, 189, 184, 188, 169, 175, 190, 195, 196, 207, 197, 191, 208, 215, 203, 203, 201, 202, 207, 209, 212, 217, 220, 224, 212, 219, 219, 235, 233, 237, 235, 237, 239, 2206, 2219, 2232, 224, 2274, 2295, 225, 225, 227, 225, 230, 231, 231, 233, 2213, 23, 35, 243, 251, 268, 244, 248, 281, 250, 242, 253, 241, 246, 254, 244, 263, 246, 250, 264, 257, 251, 258, 258, 257, 257, 265, 259, 265, 283, 267, 264, 270, 274, 275, 275, 270, 276, 271, 274, 288, 283, 276, 282, 286, 289, 291, 285, 2221, 20, 29, 305, 294, 303, 293, 311, 293, 298, 301, 304, 298, 319, 300, 308, 310, 324, 314, 317, 322, 308, 320, 327, 312, 323, 316, 325, 332, 329, 331, 342, 353, 337, 330, 341, 340, 353, 336, 345, 339, 338, 347, 346, 356, 353, 347, 351, 2219, 37, 391, 358, 364, 363, 357, 375, 364, 370, 363, 369, 371, 392, 382, 373, 376, 380, 381, 375, 381, 386, 394, 402, 378, 391, 381, 392, 417, 397, 399, 401, 400, 396, 410, 420, 401, 408, 404, 412, 406, 411, 412, 417, 414, 422, 423, 422, 2235, 2289, 40, 40, 432, 447, 429, 430, 445, 434, 440, 435, 429, 452, 434, 441, 442, 456, 459, 446, 439, 458, 453, 465, 457, 452, 475, 455, 478, 469, 467, 462, 469, 463, 472, 489, 481, 477, 483, 468, 495, 490, 478, 476, 495, 490, 485, 489, 2243, 511, 499, 505, 500, 523, 501, 511, 506, 513, 521, 499, 524, 507, 514, 512, 518, 518, 528, 517, 549, 533, 543, 528, 546, 524, 523, 534, 536, 539, 540, 530, 545, 545, 561, 550, 556, 551, 553, 554, 571, 564, 545, 562, 568, 566, 561, 564, 583, 577, 2272, 584, 584, 588, 589, 585, 573, 2288, 573, 573, 576, 578, 579, 578, 574, 582, 53, 88, 2276, 2294, 590, 589, 589, 53, 2275, 59, 596, 605, 611, 595, 616, 600, 601, 599, 599, 607, 616, 606, 622, 629, 626, 611, 617, 617, 622, 623, 635, 628, 629, 631, 634, 655, 643, 632, 639, 639, 649, 638, 650, 643, 660, 644, 652, 647, 655, 661, 665, 653, 666, 659, 664, 702, 675, 672, 679, 684, 668, 691, 673, 704, 666, 704, 682, 666, 696, 687, 676, 693, 671, 699, 671, 683, 2304, 676, 683, 688, 677, 699, 693, 678, 688, 683, 688, 699, 694, 694, 700, 65, 714, 83, 715, 726, 2307, 726, 716, 727, 718, 720, 706, 730, 721, 731, 708, 728, 710, 720, 710, 712, 705, 721, 711, 724, 2306, 68, 73, 737, 742, 755, 738, 739, 738, 766, 762, 746, 748, 742, 748, 744, 759, 760, 749, 750, 776, 754, 767, 756, 777, 772, 761, 765, 771, 774, 769, 785, 775, 785, 776, 782, 784, 793, 792, 802, 802, 792, 787, 797, 790, 795, 793, 803, 73, 808, 814, 820, 834, 821, 815, 809, 826, 831, 2306, 803, 826, 846, 803, 810, 816, 808, 847, 842, 821, 814, 836, 806, 832, 838, 820, 825, 843, 828, 846, 814, 831, 820, 837, 2390, 2403, 2459, 831, 840, 835, 842, 843, 2319, 84, 848, 851, 869, 852, 855, 853, 859, 850, 852, 873, 869, 855, 864, 858, 858, 865, 863, 861, 886, 863, 873, 876, 875, 880, 875, 891, 875, 896, 884, 878, 886, 881, 905, 892, 893, 886, 890, 902, 897, 911, 908, 904, 908, 902, 898, 908, 85, 2316, 917, 920, 929, 919, 913, 927, 914, 924, 926, 930, 922, 935, 937, 931, 938, 960, 941, 939, 947, 929, 943, 973, 941, 949, 952, 958, 961, 948, 949, 953, 953, 958, 963, 975, 964, 979, 968, 970, 967, 974, 962, 986, 975, 985, 973, 979, 2327, 2338, 94, 97, 994, 1000, 1018, 991, 1008, 997, 1003, 992, 1012, 1002, 997, 995, 1009, 990, 1008, 1026, 1013, 1021, 1010, 1022, 1019, 1015, 1024, 1018, 1033, 1031, 1025, 1046, 1044, 1038, 1035, 1042, 1030, 1041, 1036, 1043, 1058, 1047, 1047, 1052, 1053, 1057, 1050, 1056, 1063, 1087, 1070, 1065, 1079, 1100, 1068, 2326, 1059, 1090, 1068, 1073, 1080, 1085, 1062, 2352, 1063, 1079, 1074, 1069, 1074, 2457, 1066, 1066, 1091, 1076, 1086, 1095, 1077, 1096, 1076, 2421, 1091, 1083, 1086, 2431, 1088, 2441, 1087, 1097, 1098, 1100, 103, 105, 1107, 1101, 1103, 1107, 1109, 1121, 1113, 1106, 1114, 1118, 1111, 1117, 1112, 1148, 1136, 1124, 1119, 1129, 1134, 1140, 1130, 1125, 1130, 1135, 1138, 1128, 1141, 1142, 1144, 1140, 1166, 1152, 1146, 1152, 1162, 1156, 1151, 1158, 1160, 1157, 1168, 1169, 1162, 1168, 1163, 2338, 2345, 1169, 1169, 2368, 2386, 2415, 2433, 2468, 116, 140, 1191, 1189, 1173, 1183, 1178, 1180, 1186, 1188, 1171, 1204, 1190, 1174, 1178, 1196, 1174, 1178, 1188, 1186, 1179, 1178, 1185, 1218, 1192, 1202, 1207, 1196, 1198, 1206, 1208, 1196, 1201, 1197, 1201, 1217, 1198, 1209, 1215, 1212, 1207, 1213, 1217, 1208, 1212, 1217, 2355, 2384, 115, 116, 1224, 1229, 1225, 1227, 1232, 1235, 1236, 1226, 1243, 1234, 1260, 1230, 1238, 1239, 1240, 1244, 1285, 1246, 1250, 1257, 1245, 1251, 1255, 1250, 1272, 1262, 1246, 1268, 1263, 1267, 1262, 1274, 1290, 1285, 1268, 1278, 1290, 1273, 1434, 1276, 1278, 1286, 1280, 1285, 1284, 130, 2359, 1297, 1301, 1307, 1302, 1295, 1305, 1312, 1296, 1296, 1291, 1295, 1292, 1306, 1318, 1295, 1316, 1309, 1305, 1307, 1302, 1303, 1324, 1320, 1323, 1313, 1329, 1313, 1315, 1325, 1319, 1327, 1316, 1321, 1331, 1330, 1338, 1333, 1334, 1335, 1326, 1326, 1337, 1339, 1340, 1343, 1335, 128, 134, 2360, 2377, 1355, 1355, 1356, 1356, 1354, 1354, 1360, 1345, 2382, 1344, 2399, 2411, 1345, 2433, 1343, 1343, 2439, 1348, 1350, 1350, 1351, 129, 2365, 2398, 1376, 1381, 1373, 1363, 1384, 1368, 1363, 1367, 1374, 1375, 1378, 1373, 1379, 1410, 1385, 1385, 1386, 1396, 1389, 1411, 1384, 1393, 1398, 1402, 1390, 1393, 1401, 1396, 1401, 1404, 1406, 1408, 1429, 1424, 1414, 1402, 1417, 1428, 1418, 1419, 1422, 1425, 1426, 1431, 1423, 1455, 1437, 1440, 1455, 1435, 1435, 1455, 1445, 1445, 1443, 1468, 1479, 1434, 1439, 1435, 1445, 1463, 1451, 1449, 1457, 1440, 1473, 1467, 1445, 1452, 1445, 1450, 1466, 1474, 1457, 1461, 1455, 1475, 2404, 1467, 1461, 1479, 1464, 2426, 1470, 1473, 1478, 1466, 2454, 141, 2443, 153, 147, 151, 1482, 1484, 1491, 1490, 1485, 1488, 1489, 1480, 1500, 1500, 1502, 1495, 1497, 1508, 1493, 1505, 1499, 1511, 1508, 1534, 1538, 1522, 1505, 1533, 1517, 1511, 1517, 1515, 1528, 1523, 1518, 1538, 1528, 1523, 1528, 1547, 1535, 1538, 1533, 1540, 1541, 1545, 1538, 2455, 1565, 1553, 1550, 1583, 1556, 1550, 1556, 1551, 1562, 1552, 1577, 1559, 1562, 1561, 1568, 1572, 1574, 1568, 1574, 1576, 1601, 1581, 1573, 1604, 1586, 1589, 1593, 1584, 1590, 1594, 1594, 1598, 1596, 1610, 1595, 1605, 1611, 1600, 1606, 1601, 1604, 1612, 1616, 1613, 1618, 1619, 1613, 1636, 1630, 1624, 1636, 1636, 1628, 2469, 1646, 1628, 2503, 1633, 1638, 1622, 1654, 1621, 1628, 1652, 1634, 1623, 1649, 1639, 1644, 1625, 1625, 1639, 1634, 1657, 1656, 1660, 1642, 1650, 1648, 1646, 1648, 1661, 1662, 1651, 1658, 1657, 1658, 160, 172, 184, 197, 1672, 2482, 1681, 2499, 1674, 2504, 1668, 1668, 1684, 1664, 2538, 2543, 1679, 1679, 1666, 2560, 1666, 2583, 1675, 1667, 1683, 1684, 1669, 1672, 1678, 1687, 1678, 1679, 1689, 1690, 163, 2476, 160, 167, 1711, 1693, 1690, 1694, 1696, 1702, 1720, 1701, 1728, 1699, 1705, 1706, 1707, 1738, 1712, 1713, 1717, 1712, 1717, 1733, 1714, 1723, 1728, 1739, 1722, 1759, 1723, 1728, 1735, 1741, 1750, 1727, 1727, 1745, 1743, 1753, 1747, 1761, 1757, 1739, 1756, 1750, 1755, 2485, 1771, 1765, 1777, 1766, 1796, 1762, 1764, 1772, 1773, 1783, 1779, 1788, 1778, 1799, 1776, 1783, 1784, 1794, 1783, 1784, 1791, 1801, 1789, 1789, 1794, 1808, 1806, 1803, 1804, 1814, 1818, 1811, 1812, 1794, 1816, 1820, 1817, 1831, 1822, 1823, 1822, 1824, 1832, 1828, 1832, 1831, 1827, 1850, 1843, 1843, 2494, 2516, 1833, 2528, 2556, 1836, 2573, 1838, 1839, 1839, 1842, 1843, 1844, 1844, 1849, 1850, 178, 1861, 2491, 2515, 2532, 1862, 1866, 1867, 1850, 1866, 1867, 1867, 2555, 1854, 2567, 1855, 1856, 1856, 1860, 1860, 1857, 1856, 2500, 185, 1879, 1872, 1883, 1868, 1877, 1874, 1871, 1883, 1877, 1891, 1884, 1886, 1889, 1888, 1895, 1885, 1894, 1894, 1899, 1910, 1925, 1899, 1896, 1904, 1905, 1907, 1904, 1927, 1911, 1921, 1915, 1916, 1906, 1920, 1916, 1915, 1921, 1925, 1932, 1931, 1937, 1927, 1935, 1933, 1937, 1930, 1948, 2522, 2533, 1948, 2563, 1949, 1959, 1937, 1950, 1938, 1960, 1954, 1943, 1942, 1955, 1961, 1943, 1963, 1965, 1966, 1945, 1955, 1966, 1962, 1948, 1948, 1957, 1962, 185, 2542, 1968, 1981, 1973, 1975, 1970, 1977, 1983, 1978, 1975, 1990, 1984, 2003, 1996, 1982, 2015, 1993, 1987, 1994, 1998, 1985, 2004, 1999, 2034, 2004, 1998, 2009, 1998, 2004, 2015, 2016, 2026, 2023, 2020, 2015, 2021, 2015, 2026, 2032, 2037, 2032, 2040, 2026, 2032, 2038, 2043, 2044, 2574, 197, 2044, 2048, 2053, 2053, 2049, 2043, 2085, 2054, 2056, 2060, 2058, 2062, 2082, 2064, 2059, 2065, 2070, 2069, 2081, 2070, 2087, 2076, 2070, 2076, 2081, 2086, 2081, 2088, 2098, 2098, 2086, 2100, 2098, 2092, 2098, 2093, 2109, 2104, 2098, 2106, 2112, 2115, 2110, 2116, 2109, 206, 2581, 2118, 2120, 2136, 2127, 2170, 2126, 2132, 2131, 2122, 2135, 2136, 2119, 2130, 2123, 2124, 2127, 2139, 2123, 2134, 2152, 2137, 2135, 2158, 2142, 2143, 2147, 2142, 2148, 2147, 2153, 2146, 2148, 2164, 2159, 2160, 2147, 2154, 2155, 2160, 2170, 2165, 2166, 2159, 2165, 2171, 2174, 205, 2196, 2223, 2202, 2208, 2230, 2203, 2209, 2205, 2210, 214, 2184, 2178, 2196, 2190, 2175, 2182, 2187, 2211, 2181, 2188, 2193, 2194, 2187, 2215, 2216, 2198, 2199, 2200, 2217, 2219, 2227, 2231, 2344, 2226, 2220, 2233, 2238, 2226, 2582, 2243, 2243, 2232, 2238, 2241, 2232, 2244, 2239, 2644, 2662, 2723, 2244, 2728, 2734, 2247, 2249, 2249, 2249, 2253, 2254, 2255, 2256, 2253, 2254, 2259, 2589, 2611, 2617, 215, 2700, 2705, 2739, 2259, 2260, 2262, 2265, 2265, 2265, 2268, 2263, 2263, 2270, 2271, 2599, 2622, 2627, 2661, 2672, 220, 2285, 2277, 2283, 2299, 2274, 2280, 2287, 2276, 2297, 2287, 2282, 2338, 2283, 2294, 2300, 2294, 2287, 2292, 2304, 2296, 2321, 2305, 2309, 2301, 2312, 2311, 2327, 2315, 2310, 2316, 2316, 2326, 2315, 2337, 2325, 2321, 2320, 2330, 2332, 2332, 2343, 2338, 2343, 2326, 2332, 2338, 2356, 2350, 2348, 2354, 2375, 2348, 2355, 2349, 2360, 2366, 2373, 2362, 2353, 2371, 2361, 2371, 2363, 2374, 2366, 2372, 2376, 2378, 2388, 2382, 2398, 2387, 2380, 2390, 2385, 2392, 2410, 2394, 2408, 2393, 2413, 2396, 2404, 2402, 2405, 2402, 2420, 2414, 2416, 2415, 2410, 2421, 2412, 2427, 2421, 2445, 2431, 2423, 2421, 2443, 2426, 2472, 2455, 2427, 2432, 2432, 2457, 2438, 2438, 2444, 2439, 2449, 2449, 2450, 2463, 2450, 2465, 2459, 2445, 2460, 2461, 2474, 2467, 2468, 2467, 2477, 2492, 2473, 2493, 2471, 2477, 2479, 2480, 2483, 2478, 2486, 2487, 2488, 2490, 2486, 2500, 2498, 2533, 2505, 2496, 2503, 2504, 2512, 2515, 2510, 2511, 2522, 2508, 2515, 2510, 2567, 2520, 2515, 2522, 2523, 2543, 2527, 2524, 2555, 2526, 2533, 2527, 2532, 2532, 2539, 2551, 2538, 2550, 2544, 2539, 2545, 2549, 2566, 2544, 2565, 2550, 2557, 2554, 2561, 2567, 2558, 2561, 2575, 2588, 2573, 2569, 2576, 2571, 2578, 2584, 2584, 2603, 2577, 2586, 2579, 2591, 2585, 2608, 2593, 2594, 2596, 2621, 2592, 2594, 2600, 2604, 2606, 2640, 2609, 2616, 2604, 2610, 2614, 2616, 2638, 2622, 2628, 2604, 2639, 2626, 2633, 2622, 2628, 2633, 2622, 2644, 2640, 2644, 2638, 2646, 2658, 2649, 2650, 2655, 2652, 2655, 2656, 2662, 2673, 2664, 2689, 2666, 2668, 2683, 2677, 2667, 2673, 2675, 2678, 2680, 2683, 2711, 2673, 2695, 2715, 2692, 2687, 2688, 2698, 2686, 2694, 2704, 2706, 2701, 2712, 2693, 2727, 2716, 2710, 2727, 2717, 2712, 2705, 2714, 2722, 2722, 281, 286, 292, 292, 298, 298, 304, 305, 309, 313, 315, 320, 324, 328, 333, 335, 341, 346, 348, 370, 352, 356, 358, 365, 362, 369, 374, 385, 386, 389, 389, 400, 406, 407, 406, 412, 2745, 2737, 2735, 2729, 2747, 2740, 2733, 2734, 2741, 2745, 2747, 2729, 416, 428, 440, 445, 457, 2599, 2634, 2670, 2682, 2694, 2699, 2705, 2717, 2724, 2594, 424, 435, 471, 2609, 2627, 2645, 418, 424, 462, 2633, 2650, 2686, 2739, 429, 2663, 451, 2746, 442, 467, 474, 479, 484, 487, 488, 493, 496, 501, 506, 502, 513, 517, 523, 529, 531, 534, 540, 533, 548, 556, 558, 562, 567, 649, 594, 594, 605, 599, 610, 603, 613, 619, 614, 628, 633, 639, 641, 645, 655, 661, 657, 736, 732, 732, 735, 743, 748, 754, 770, 781, 786, 756, 780, 760, 795, 766, 798, 781, 798, 867, 865, 870, 881, 885, 887, 896, 899, 896, 904, 974, 909, 914, 920, 915, 918, 925, 930, 934, 942, 946, 941, 952, 955, 959, 964, 969, 981, 991, 982, 987, 987, 997, 1003, 1006, 1008, 1014, 1020, 1025, 1030, 1030, 1035, 1032, 1042, 1042, 1052, 1056, 1056, 1111, 1119, 1101, 1102, 1112, 1119, 1124, 1126, 1133, 1128, 1145, 1140, 1151, 1154, 1151, 1162, 1161, 1368, 1219, 1221, 1222, 1229, 1227, 1235, 1235, 1365, 1248, 1246, 1257, 1258, 1268, 1262, 1262, 1274, 1279, 1276, 1286, 1335, 1365, 1362, 1378, 1366, 1376, 1385, 1390, 1395, 1393, 1407, 1416, 1402, 1412, 1414, 1414, 1429, 1425, 1491, 1480, 1483, 1494, 1490, 1499, 1499, 1507, 1512, 1508, 1520, 1527, 1520, 1520, 1545, 1546, 1552, 1557, 1561, 1566, 1561, 1571, 1579, 1701, 1573, 1584, 1589, 1587, 1587, 1596, 1606, 1605, 1612, 1617, 1701, 1690, 1695, 1690, 1700, 1705, 1718, 1714, 1725, 1731, 1734, 1739, 1744, 1740, 1750, 1767, 1753, 1753, 1767, 1761, 1773, 1764, 1775, 1784, 1794, 1812, 1822, 1775, 1813, 1793, 1800, 1805, 1813, 1826, 1832, 1872, 1876, 1877, 1877, 1888, 1885, 1897, 1896, 1902, 1909, 1906, 1913, 1919, 1916, 1926, 1925, 1935, 1971, 1976, 1975, 1986, 1988, 1985, 1993, 2008, 1998, 2010, 2010, 2015, 2021, 2028, 2029, 2029, 2038, 2046, 2043, 2051, 2056, 2056, 2064, 2074, 2075, 2070, 2070, 2085, 2094, 2092, 2104, 2103, 2108, 2114, 2109, 2159, 2204, 2172, 2175, 2176, 2174, 2182, 2185, 2185, 2193]

################################################################
################### jail_ex_download_list: ######################

[2, 5, 0, 1, 2, 1, 1, 3, 2, 3, 1, 1, 1, 1, 1, 1, 2, 1, 1, 2, 1, 1, 1, 2, 0, 1, 2, 1, 1, 1, 1, 1, 1, 1, 2, 1, 2, 1, 0, 2, 1, 3, 1, 2, 0, 1, 1, 1, 2, 1, 1, 1, 0, 1, 1, 2, 0, 1, 1, 0, 1, 2, 2, 1, 0, 1, 1, 1, 1, 1, 1, 1, 0, 2, 2, 1, 2, 2, 1, 1, 1, 1, 1, 1, 1, 1, 1, 1, 0, 1, 1, 1, 1, 1, 2, 1, 2, 5, 1, 0, 1, 1, 1, 0, 1, 1, 0, 1, 1, 0, 1, 1, 0, 1, 0, 1, 1, 1, 0, 1, 4, 3, 1, 1, 0, 2, 1, 1, 1, 1, 1, 0, 0, 0, 1, 1, 1, 1, 1, 2, 1, 1, 1, 1, 1, 0, 1, 1, 0, 1, 2, 2, 1, 2, 2, 1, 1, 1, 2, 1, 1, 1, 1, 1, 1, 1, 1, 1, 1, 1, 1, 0, 1, 2, 0, 1, 1, 1, 1, 1, 0, 1, 1, 2, 1, 1, 2, 1, 1, 1, 1, 1, 0, 0, 1, 1, 1, 2, 1, 1, 1, 1, 1, 0, 0, 1, 1, 1, 0, 1, 1, 1, 2, 1, 1, 1, 0, 1, 0, 0, 1, 1, 0, 0, 1, 0, 0, 0, 1, 1, 1, 0, 1, 1, 1, 1, 1, 0, 1, 0, 1, 2, 0, 1, 0, 1, 1, 0, 1, 0, 1, 2, 1, 0, 1, 2, 1, 0, 0, 2, 0, 0, 1, 1, 1, 1, 0, 1, 0, 1, 0, 0, 0, 1, 1, 1, 0, 0, 0, 0, 1, 1, 1, 1, 2, 0, 1, 1, 1, 0, 0, 0, 0, 1, 1, 1, 1, 1, 1, 1, 1, 1, 1, 1, 1, 1, 1, 1, 1, 2, 1, 1, 1, 0, 0, 0, 0, 0, 0, 1, 1, 1, 0, 0, 1, 1, 0, 3, 3, 0, 1, 1, 0, 1, 2, 0, 0, 1, 1, 0, 1, 1, 0, 0, 1, 1, 1, 1, 2, 1, 2, 1, 1, 0, 1, 2, 2, 0, 1, 1, 0, 1, 0, 1, 0, 1, 2, 0, 1, 1, 0, 0, 1, 0, 1, 3, 1, 0, 1, 1, 1, 1, 1, 1, 1, 1, 3, 1, 1, 0, 1, 0, 1, 0, 0, 0, 1, 3, 1, 0, 1, 2, 2, 0, 2, 0, 0, 0, 1, 1, 2, 0, 1, 0, 0, 1, 0, 0, 1, 1, 1, 1, 1, 0, 0, 0, 1, 3, 1, 2, 1, 0, 1, 1, 0, 1, 0, 1, 1, 1, 0, 1, 0, 0, 2, 0, 1, 0, 3, 1, 1, 1, 1, 0, 1, 0, 1, 1, 2, 0, 2, 0, 0, 0, 3, 1, 0, 2, 1, 0, 1, 1, 1, 1, 0, 2, 1, 1, 1, 0, 1, 2, 0, 1, 0, 1, 1, 1, 1, 1, 1, 1, 1, 1, 2, 0, 1, 0, 1, 0, 1, 1, 0, 1, 1, 2, 3, 1, 1, 1, 1, 1, 0, 1, 0, 0, 1, 0, 1, 0, 0, 1, 2, 1, 1, 0, 1, 1, 3, 0, 1, 0, 0, 1, 0, 3, 0, 1, 0, 1, 1, 0, 0, 1, 2, 1, 1, 0, 1, 1, 1, 1, 1, 0, 0, 1, 0, 0, 1, 1, 2, 1, 0, 3, 0, 0, 1, 2, 1, 1, 1, 0, 0, 1, 1, 0, 1, 1, 1, 0, 1, 0, 2, 0, 1, 1, 0, 0, 1, 0, 0, 0, 1, 0, 0, 1, 1, 0, 0, 1, 1, 1, 1, 1, 1, 1, 1, 1, 1, 0, 0, 0, 0, 1, 1, 1, 1, 1, 4, 1, 4, 3, 2, 2, 1, 2, 1, 1, 1, 1, 1, 1, 0, 1, 1, 1, 0, 0, 2, 2, 0, 1, 0, 0, 1, 0, 2, 0, 1, 1, 0, 0, 0, 1, 1, 1, 2, 0, 2, 1, 1, 1, 2, 1, 1, 2, 1, 1, 1, 1, 1, 1, 0, 1, 1, 0, 1, 1, 0, 1, 0, 1, 1, 2, 0, 1, 0, 1, 1, 1, 0, 1, 0, 2, 0, 2, 0, 2, 1, 1, 0, 0, 1, 1, 0, 0, 3, 2, 1, 1, 1, 1, 1, 0, 1, 0, 1, 1, 2, 0, 1, 1, 1, 1, 1, 0, 0, 1, 1, 0, 0, 1, 1, 0, 1, 0, 1, 1, 1, 4, 0, 4, 3, 1, 1, 0, 3, 1, 1, 1, 1, 1, 0, 0, 0, 0, 0, 1, 1, 0, 2, 0, 0, 1, 0, 0, 1, 0, 0, 0, 1, 1, 1, 3, 1, 1, 1, 1, 1, 1, 1, 0, 1, 1, 0, 0, 1, 1, 0, 1, 0, 1, 1, 2, 1, 1, 0, 1, 0, 1, 1, 0, 1, 2, 1, 0, 1, 1, 1, 3, 3, 1, 0, 1, 1, 1, 1, 1, 1, 1, 1, 1, 0, 1, 1, 1, 0, 1, 1, 1, 1, 0, 0, 0, 1, 1, 1, 0, 1, 1, 1, 3, 1, 0, 1, 2, 0, 2, 1, 0, 1, 1, 1, 0, 1, 0, 1, 0, 1, 1, 1, 1, 0, 1, 1, 1, 0, 1, 0, 1, 1, 0, 0, 1, 1, 1, 1, 0, 0, 2, 1, 0, 0, 1, 1, 0, 1, 1, 1, 1, 1, 1, 0, 1, 0, 1, 1, 1, 1, 1, 1, 0, 1, 1, 1, 1, 1, 1, 0, 1, 1, 0, 1, 1, 1, 1, 1, 0, 1, 1, 0, 1, 1, 0, 1, 2, 1, 1, 0, 0, 1, 1, 0, 0, 1, 1, 0, 1, 1, 0, 1, 1, 0, 1, 1, 0, 2, 0, 0, 1, 1, 1, 0, 1, 1, 1, 1, 1, 1, 2, 1, 0, 0, 1, 1, 1, 1, 1, 1, 1, 1, 1, 2, 1, 1, 1, 0, 1, 0, 1, 0, 1, 2, 1, 2, 1, 1, 0, 0, 0, 0, 1, 1, 1, 0, 1, 0, 1, 2, 1, 0, 0, 1, 0, 1, 1, 1, 1, 1, 1, 1, 0, 1, 1, 1, 1, 0, 0, 1, 1, 1, 2, 2, 1, 0, 0, 1, 1, 0, 1, 0, 1, 1, 0, 1, 1, 1, 1, 1, 1, 1, 1, 0, 0, 0, 1, 1, 0, 0, 1, 1, 1, 0, 1, 0, 1, 0, 1, 0, 1, 1, 1, 1, 1, 0, 1, 1, 0, 1, 1, 1, 1, 1, 0, 0, 0, 1, 1, 0, 1, 1, 1, 1, 0, 1, 0, 1, 1, 1, 0, 1, 1, 2, 1, 1, 1, 0, 1, 1, 1, 1, 1, 0, 1, 1, 0, 0, 0, 0, 1, 1, 1, 1, 4, 0, 1, 1, 1, 1, 0, 1, 1, 1, 1, 1, 0, 1, 0, 4, 1, 1, 1, 0, 1, 1, 1, 1, 0, 1, 0, 0, 0, 2, 1, 0, 1, 1, 1, 1, 1, 1, 1, 0, 1, 1, 2, 0, 1, 0, 0, 0, 1, 0, 1, 1, 0, 2, 1, 0, 1, 1, 1, 1, 1, 0, 0, 0, 1, 1, 1, 1, 1, 1, 0, 0, 1, 0, 1, 1, 1, 0, 1, 2, 1, 1, 0, 0, 1, 1, 1, 0, 4, 0, 1, 0, 0, 0, 1, 0, 1, 1, 1, 1, 1, 1, 1, 1, 1, 0, 2, 0, 0, 2, 0, 0, 2, 0, 1, 1, 2, 2, 0, 1, 1, 1, 2, 1, 1, 0, 1, 1, 0, 0, 0, 0, 0, 1, 1, 1, 1, 1, 1, 1, 0, 1, 1, 0, 2, 0, 2, 1, 1, 0, 2, 0, 2, 0, 1, 1, 1, 1, 1, 1, 0, 0, 1, 2, 2, 0, 0, 1, 1, 1, 1, 1, 1, 1, 0, 1, 1, 1, 0, 1, 1, 0, 1, 0, 0, 0, 2, 1, 1, 1, 0, 1, 1, 1, 1, 0, 1, 0, 1, 1, 1, 1, 1, 1, 0, 0, 1, 0, 0, 1, 1, 1, 0, 1, 1, 0, 0, 0, 1, 1, 0, 0, 2, 2, 1, 1, 1, 1, 0, 0, 3, 0, 0, 1, 1, 1, 1, 0, 1, 1, 0, 2, 0, 0, 0, 0, 0, 0, 1, 1, 1, 1, 1, 1, 0, 0, 0, 0, 0, 1, 1, 1, 0, 1, 0, 1, 0, 0, 3, 0, 1, 0, 0, 0, 0, 1, 0, 0, 0, 1, 2, 0, 0, 4, 4, 1, 1, 1, 0, 0, 1, 0, 1, 0, 1, 1, 1, 1, 1, 0, 0, 1, 1, 0, 0, 1, 1, 1, 0, 1, 1, 1, 1, 1, 1, 0, 0, 0, 1, 1, 1, 1, 1, 2, 1, 1, 1, 0, 0, 1, 1, 1, 1, 1, 1, 0, 1, 1, 0, 1, 2, 0, 1, 0, 0, 1, 1, 0, 0, 0, 1, 0, 1, 0, 0, 1, 0, 1, 1, 1, 1, 0, 0, 1, 1, 1, 1, 2, 0, 1, 1, 0, 0, 1, 1, 1, 0, 1, 1, 1, 1, 1, 0, 0, 1, 0, 0, 1, 0, 1, 1, 1, 1, 1, 2, 2, 2, 1, 2, 2, 2, 1, 0, 0, 0, 1, 0, 0, 1, 1, 1, 1, 0, 1, 0, 1, 1, 0, 0, 1, 1, 1, 0, 1, 1, 1, 1, 2, 1, 3, 1, 0, 0, 1, 1, 0, 3, 1, 0, 0, 1, 1, 1, 0, 0, 0, 0, 1, 2, 1, 0, 0, 0, 0, 2, 4, 0, 1, 0, 1, 0, 1, 1, 1, 1, 1, 0, 0, 1, 0, 1, 0, 1, 1, 1, 1, 0, 2, 0, 1, 0, 2, 0, 0, 0, 1, 0, 1, 1, 0, 1, 0, 1, 2, 1, 0, 1, 1, 1, 1, 0, 0, 0, 0, 0, 2, 1, 1, 0, 2, 1, 0, 1, 2, 1, 1, 0, 2, 0, 1, 1, 1, 1, 1, 0, 1, 2, 1, 1, 0, 0, 2, 1, 0, 1, 0, 0, 0, 2, 0, 1, 1, 3, 2, 1, 1, 1, 0, 1, 1, 1, 0, 0, 1, 1, 0, 1, 1, 1, 0, 0, 1, 0, 0, 1, 1, 0, 0, 1, 1, 0, 1, 1, 1, 1, 0, 0, 1, 0, 0, 1, 1, 0, 1, 1, 1, 1, 2, 1, 0, 1, 0, 1, 1, 1, 1, 1, 0, 1, 1, 1, 1, 1, 1, 2, 1, 0, 1, 0, 0, 1, 0, 0, 0, 1, 1, 1, 1, 1, 1, 0, 2, 2, 1, 0, 1, 0, 0, 0, 0, 1, 1, 0, 1, 0, 1, 0, 1, 1, 1, 1, 0, 3, 1, 1, 0, 1, 1, 0, 0, 1, 1, 0, 1, 1, 1, 0, 0, 1, 0, 1, 1, 1, 0, 1, 0, 1, 1, 1, 0, 1, 0, 0, 1, 1, 1, 3, 0, 1, 1, 1, 3, 1, 1, 0, 1, 1, 0, 1, 2, 1, 1, 0, 2, 1, 1, 3, 0, 1, 0, 0, 0, 0, 1, 1, 4, 1, 0, 1, 1, 1, 1, 1, 1, 1, 0, 2, 1, 1, 1, 1, 0, 1, 2, 1, 0, 0, 1, 1, 1, 0, 0, 0, 1, 1, 1, 2, 1, 0, 0, 1, 1, 1, 1, 1, 0, 1, 1, 1, 3, 1, 1, 1, 0, 0, 1, 0, 1, 1, 1, 0, 0, 0, 0, 1, 1, 1, 1, 1, 2, 2, 0, 0, 1, 1, 1, 0, 1, 3, 1, 0, 1, 0, 1, 2, 1, 1, 1, 1, 0, 1, 1, 0, 1, 0, 0, 2, 1, 1, 1, 1, 0, 0, 0, 1, 1, 1, 0, 1, 2, 1, 0, 1, 2, 1, 2, 1, 1, 1, 0, 1, 0, 1, 1, 0, 1, 0, 1, 0, 1, 0, 0, 1, 1, 1, 1, 1, 0, 2, 1, 1, 1, 0, 1, 1, 0, 1, 1, 1, 1, 1, 0, 1, 4, 1, 1, 1, 1, 1, 0, 3, 1, 3, 0, 1, 0, 1, 1, 1, 0, 1, 1, 0, 1, 0, 1, 1, 0, 1, 1, 1, 0, 1, 1, 1, 1, 1, 1, 4, 0, 1, 1, 1, 1, 0, 3, 0, 1, 0, 0, 1, 2, 1, 1, 0, 1, 1, 0, 6, 6, 0, 1, 1, 1, 0, 0, 0, 0, 1, 1, 1, 1, 1, 1, 1, 1, 1, 1, 0, 1, 1, 1, 1, 1, 1, 0, 1, 0, 1, 0, 0, 0, 2, 2, 1, 1, 1, 0, 0, 3, 0, 1, 0, 0, 1, 0, 1, 0, 3, 4, 0, 0, 0, 1, 1, 0, 0, 0, 0, 1, 1, 1, 1, 0, 1, 0, 1, 0, 3, 3, 6, 1, 0, 1, 0, 1, 0, 1, 1, 5, 1, 0, 2, 1, 0, 0, 0, 1, 1, 1, 1, 0, 1, 3, 0, 0, 0, 0, 0, 0, 1, 3, 1, 1, 1, 0, 0, 0, 0, 1, 1, 3, 1, 3, 1, 1, 3, 0, 0, 0, 0, 0, 1, 1, 3, 1, 1, 0, 2, 1, 1, 0, 0, 0, 0, 1, 0, 0, 1, 0, 1, 2, 0, 1, 2, 0, 1, 0, 0, 1, 0, 1, 0, 2, 0, 0, 1, 1, 1, 1, 1, 1, 0, 1, 2, 1, 1, 0, 1, 1, 0, 0, 1, 0, 1, 0, 1, 1, 1, 1, 2, 0, 0, 0, 0, 0, 0, 2, 0, 1, 1, 0, 2, 0, 1, 1, 2, 0, 1, 1, 3, 1, 2, 0, 1, 2, 0, 1, 0, 1, 1, 1, 0, 1, 1, 2, 2, 1, 2, 0, 0, 1, 3, 3, 1, 1, 2, 1, 1, 2, 0, 1, 1, 2, 1, 1, 0, 1, 1, 1, 1, 1, 2, 2, 0, 1, 0, 2, 0, 1, 1, 1, 1, 0, 0, 1, 1, 1, 4, 4, 0, 0, 1, 1, 1, 1, 2, 0, 0, 2, 4, 0, 0, 1, 1, 1, 1, 1, 1, 0, 2, 1, 1, 3, 1, 1, 0, 1, 1, 1, 1, 1, 1, 3, 1, 0, 1, 1, 0, 0, 1, 2, 1, 1, 3, 2, 1, 1, 2, 1, 1, 1, 0, 1, 2, 1, 1, 1, 1, 1, 2, 1, 0, 0, 1, 1, 0, 1, 1, 1, 1, 2, 1, 0, 1, 1, 0, 1, 0, 1, 2, 1, 1, 1, 1, 1, 2, 2, 1, 1, 2, 0, 1, 1, 1, 1, 1, 3, 3, 3, 1, 1, 1, 0, 0, 1, 2, 2, 1, 1, 1, 1, 1, 1, 3, 3, 1]

################################################################
################################################################
################### process_jail_download_list: ######################

[11, 19, 6, 7, 8, 7, 7, 9, 8, 8, 7, 7, 7, 7, 7, 7, 11, 7, 7, 12, 7, 6, 7, 12, 6, 7, 14, 7, 7, 6, 10, 6, 7, 7, 8, 12, 12, 7, 6, 8, 6, 14, 6, 11, 6, 7, 6, 7, 8, 7, 10, 7, 6, 10, 6, 9, 6, 7, 7, 6, 7, 10, 11, 7, 6, 6, 7, 7, 7, 7, 6, 10, 6, 10, 11, 6, 11, 7, 7, 7, 10, 7, 9, 6, 6, 7, 6, 6, 8, 7, 10, 6, 6, 11, 9, 14, 8, 19, 7, 6, 7, 11, 6, 6, 7, 7, 6, 7, 7, 6, 14, 10, 6, 7, 6, 7, 7, 9, 6, 7, 18, 15, 7, 7, 6, 11, 6, 7, 7, 6, 6, 6, 6, 6, 6, 7, 7, 9, 7, 10, 7, 7, 6, 6, 10, 6, 10, 7, 7, 14, 15, 12, 6, 14, 12, 7, 7, 7, 11, 7, 7, 7, 7, 7, 6, 7, 6, 8, 7, 8, 6, 6, 8, 9, 6, 6, 7, 6, 7, 6, 6, 7, 7, 9, 7, 6, 10, 7, 7, 6, 7, 9, 9, 9, 7, 7, 7, 11, 6, 6, 6, 6, 11, 6, 6, 7, 7, 7, 6, 8, 9, 6, 11, 7, 7, 7, 6, 9, 6, 6, 8, 8, 6, 6, 6, 6, 6, 6, 6, 6, 7, 6, 9, 9, 7, 8, 9, 8, 7, 6, 7, 9, 6, 6, 6, 7, 6, 6, 6, 6, 7, 10, 9, 6, 7, 10, 10, 6, 6, 15, 6, 6, 7, 7, 7, 6, 6, 9, 6, 7, 6, 6, 6, 7, 9, 7, 6, 6, 6, 6, 7, 7, 6, 12, 10, 12, 7, 6, 6, 6, 6, 8, 6, 7, 10, 6, 7, 7, 6, 6, 6, 8, 7, 8, 7, 7, 11, 7, 6, 8, 11, 12, 7, 6, 6, 6, 6, 6, 6, 7, 6, 7, 6, 6, 6, 7, 6, 18, 12, 6, 7, 6, 6, 7, 13, 6, 6, 6, 6, 6, 7, 7, 6, 6, 7, 6, 11, 6, 13, 13, 13, 7, 6, 6, 7, 12, 11, 6, 7, 6, 6, 6, 6, 7, 6, 10, 13, 6, 7, 10, 6, 6, 7, 6, 7, 17, 6, 6, 7, 7, 7, 12, 6, 7, 6, 7, 17, 6, 6, 6, 7, 6, 6, 6, 7, 6, 7, 17, 7, 6, 7, 15, 14, 6, 13, 6, 6, 6, 7, 6, 15, 6, 6, 6, 6, 6, 6, 6, 7, 12, 7, 6, 6, 6, 6, 6, 7, 16, 7, 14, 7, 6, 6, 6, 6, 7, 6, 7, 6, 7, 6, 6, 6, 6, 12, 6, 7, 6, 16, 6, 7, 7, 7, 6, 7, 6, 6, 7, 12, 6, 14, 6, 6, 6, 16, 6, 6, 13, 7, 6, 6, 7, 7, 6, 6, 12, 6, 10, 6, 6, 7, 11, 6, 7, 6, 6, 7, 6, 7, 7, 6, 6, 7, 6, 14, 6, 6, 6, 7, 6, 6, 6, 6, 6, 11, 12, 12, 7, 6, 6, 12, 7, 6, 7, 6, 6, 6, 6, 7, 6, 6, 7, 17, 7, 7, 6, 6, 7, 13, 6, 6, 6, 6, 16, 6, 18, 6, 11, 6, 7, 6, 6, 6, 6, 11, 7, 7, 6, 11, 7, 6, 7, 7, 6, 6, 13, 6, 6, 7, 7, 15, 7, 6, 15, 6, 6, 7, 13, 12, 11, 7, 6, 6, 7, 10, 6, 14, 7, 7, 6, 6, 6, 12, 6, 6, 11, 7, 6, 7, 6, 6, 6, 6, 6, 6, 11, 6, 6, 6, 7, 7, 6, 6, 6, 6, 7, 7, 6, 15, 6, 6, 6, 6, 10, 7, 10, 18, 7, 17, 6, 15, 11, 11, 14, 7, 12, 6, 7, 7, 11, 6, 7, 6, 6, 7, 7, 6, 6, 12, 12, 6, 11, 6, 6, 7, 6, 11, 6, 6, 7, 6, 6, 6, 6, 7, 6, 12, 6, 13, 7, 6, 6, 11, 6, 7, 13, 7, 7, 7, 7, 11, 7, 6, 7, 11, 6, 7, 11, 6, 6, 6, 6, 7, 13, 6, 6, 6, 7, 7, 7, 6, 7, 6, 14, 6, 12, 6, 13, 7, 7, 6, 6, 7, 6, 6, 6, 12, 10, 6, 6, 6, 7, 7, 6, 6, 6, 7, 6, 13, 6, 7, 7, 19, 7, 6, 6, 6, 7, 7, 6, 6, 7, 6, 6, 6, 6, 7, 6, 6, 17, 6, 20, 13, 7, 6, 6, 13, 11, 7, 7, 7, 7, 6, 6, 6, 6, 6, 7, 7, 6, 14, 6, 6, 14, 6, 6, 7, 6, 6, 6, 7, 11, 6, 15, 7, 6, 7, 12, 6, 13, 7, 6, 7, 6, 6, 6, 6, 10, 6, 7, 6, 6, 7, 11, 11, 11, 6, 12, 6, 7, 7, 6, 12, 11, 7, 6, 6, 12, 7, 17, 15, 6, 6, 12, 7, 6, 6, 6, 7, 6, 6, 6, 6, 7, 7, 7, 9, 7, 7, 7, 7, 6, 6, 6, 6, 6, 6, 6, 7, 6, 7, 13, 6, 6, 7, 13, 6, 11, 7, 6, 7, 7, 7, 6, 7, 6, 6, 6, 9, 6, 6, 7, 6, 10, 10, 6, 6, 7, 6, 6, 6, 6, 6, 7, 6, 7, 6, 6, 6, 11, 7, 6, 6, 6, 11, 6, 7, 7, 11, 7, 7, 11, 6, 7, 6, 6, 6, 6, 11, 6, 10, 6, 6, 7, 7, 11, 11, 7, 6, 6, 7, 6, 6, 10, 6, 11, 6, 6, 7, 7, 6, 6, 6, 6, 7, 11, 7, 10, 6, 6, 7, 7, 6, 6, 6, 7, 6, 6, 7, 6, 6, 7, 6, 7, 7, 6, 18, 6, 6, 6, 7, 6, 6, 11, 6, 6, 6, 6, 6, 11, 7, 6, 6, 7, 7, 3, 6, 7, 6, 6, 6, 7, 12, 7, 6, 11, 6, 11, 6, 6, 6, 6, 11, 7, 12, 7, 6, 6, 6, 6, 6, 7, 6, 7, 6, 7, 6, 7, 11, 7, 6, 6, 7, 6, 6, 6, 10, 10, 7, 6, 6, 6, 9, 7, 7, 6, 6, 6, 7, 7, 7, 12, 12, 7, 6, 6, 6, 7, 6, 6, 6, 12, 12, 6, 7, 6, 7, 6, 7, 7, 7, 10, 6, 6, 6, 6, 7, 6, 6, 6, 7, 6, 6, 6, 6, 9, 6, 7, 6, 7, 6, 6, 6, 7, 6, 7, 10, 6, 6, 7, 7, 6, 7, 6, 6, 6, 13, 7, 6, 7, 7, 7, 11, 6, 7, 6, 13, 6, 6, 6, 11, 11, 13, 11, 11, 7, 6, 6, 7, 6, 6, 6, 6, 7, 7, 6, 6, 6, 6, 6, 6, 7, 6, 15, 6, 7, 7, 6, 7, 6, 7, 7, 7, 7, 6, 6, 6, 6, 15, 6, 7, 7, 6, 7, 7, 7, 6, 9, 6, 6, 6, 6, 12, 7, 6, 7, 6, 6, 14, 7, 7, 10, 6, 7, 7, 16, 6, 7, 6, 6, 6, 7, 6, 6, 6, 6, 16, 6, 6, 7, 7, 7, 7, 6, 6, 6, 6, 7, 7, 7, 7, 7, 7, 6, 6, 6, 6, 7, 10, 7, 6, 7, 13, 7, 6, 6, 6, 7, 7, 6, 6, 16, 6, 7, 6, 6, 6, 6, 6, 7, 7, 9, 7, 6, 6, 7, 6, 7, 6, 10, 6, 6, 13, 6, 6, 13, 6, 7, 7, 14, 14, 6, 10, 7, 7, 14, 6, 6, 6, 7, 7, 6, 6, 6, 6, 6, 7, 7, 12, 12, 7, 6, 7, 6, 6, 7, 6, 11, 6, 11, 6, 6, 6, 11, 6, 11, 6, 7, 7, 7, 7, 6, 7, 6, 6, 6, 12, 12, 6, 6, 6, 7, 12, 12, 7, 6, 6, 6, 6, 7, 7, 6, 7, 7, 6, 7, 6, 6, 6, 13, 6, 12, 10, 6, 7, 6, 7, 6, 6, 6, 6, 6, 6, 7, 7, 7, 7, 6, 6, 7, 6, 6, 7, 6, 14, 6, 6, 6, 6, 6, 6, 7, 7, 6, 6, 14, 14, 6, 7, 7, 7, 6, 6, 15, 6, 6, 7, 7, 6, 7, 6, 7, 7, 6, 12, 6, 6, 6, 6, 6, 6, 6, 7, 7, 7, 6, 12, 6, 6, 6, 6, 6, 7, 7, 7, 6, 7, 6, 7, 6, 6, 20, 6, 7, 6, 6, 6, 6, 10, 7, 7, 6, 6, 13, 6, 6, 15, 15, 7, 7, 6, 6, 6, 7, 6, 6, 6, 6, 7, 7, 7, 7, 6, 6, 7, 6, 6, 6, 7, 7, 6, 6, 6, 6, 11, 11, 7, 7, 6, 6, 6, 7, 6, 7, 11, 11, 13, 6, 7, 6, 6, 6, 6, 6, 6, 6, 7, 7, 6, 6, 7, 6, 6, 12, 6, 6, 6, 6, 11, 7, 11, 6, 6, 7, 6, 6, 6, 6, 6, 6, 11, 6, 10, 7, 6, 6, 6, 6, 7, 7, 14, 6, 6, 7, 6, 6, 6, 7, 7, 6, 6, 6, 7, 7, 6, 6, 6, 7, 6, 6, 7, 6, 6, 6, 6, 7, 7, 14, 16, 16, 7, 14, 12, 13, 7, 6, 6, 7, 7, 6, 6, 7, 12, 7, 6, 6, 7, 6, 6, 6, 6, 6, 6, 14, 6, 6, 6, 6, 7, 6, 19, 6, 15, 7, 6, 6, 7, 7, 6, 15, 6, 6, 6, 7, 7, 7, 6, 6, 6, 6, 9, 11, 7, 6, 6, 6, 6, 14, 14, 6, 7, 6, 7, 6, 7, 6, 6, 6, 6, 6, 6, 6, 6, 6, 6, 7, 7, 7, 6, 6, 12, 6, 7, 6, 12, 6, 6, 6, 6, 6, 7, 7, 6, 6, 6, 7, 16, 7, 6, 7, 7, 7, 7, 6, 6, 6, 6, 6, 13, 6, 7, 6, 12, 7, 6, 8, 12, 6, 7, 6, 13, 6, 7, 6, 6, 6, 6, 6, 7, 14, 7, 7, 6, 6, 14, 7, 6, 7, 6, 6, 6, 16, 6, 6, 13, 11, 11, 7, 7, 6, 6, 6, 7, 7, 6, 6, 7, 6, 6, 7, 7, 7, 6, 6, 7, 6, 6, 6, 7, 6, 6, 6, 6, 6, 7, 7, 7, 7, 6, 6, 6, 6, 6, 6, 11, 6, 11, 7, 7, 6, 12, 6, 6, 6, 6, 6, 6, 6, 7, 7, 6, 6, 7, 7, 6, 6, 7, 11, 10, 6, 6, 6, 6, 10, 6, 6, 6, 6, 6, 7, 6, 7, 7, 6, 13, 13, 7, 6, 6, 6, 6, 6, 6, 6, 7, 6, 6, 6, 7, 6, 9, 7, 7, 7, 6, 16, 7, 7, 6, 7, 10, 6, 6, 11, 6, 6, 7, 7, 7, 6, 6, 6, 6, 6, 11, 7, 6, 7, 6, 6, 7, 7, 6, 7, 6, 6, 6, 14, 7, 16, 6, 7, 7, 6, 17, 6, 6, 6, 7, 6, 6, 7, 11, 7, 12, 6, 13, 7, 7, 15, 6, 7, 6, 6, 6, 6, 7, 7, 18, 7, 6, 6, 6, 6, 7, 6, 7, 7, 6, 11, 7, 11, 6, 6, 6, 6, 10, 7, 6, 6, 7, 10, 6, 6, 6, 6, 6, 7, 7, 14, 7, 6, 6, 6, 7, 6, 6, 7, 6, 6, 7, 6, 16, 7, 7, 7, 6, 6, 10, 6, 7, 7, 7, 6, 6, 6, 6, 6, 13, 7, 6, 6, 14, 15, 6, 6, 6, 6, 7, 6, 7, 12, 7, 6, 6, 6, 7, 10, 6, 7, 7, 7, 6, 10, 7, 6, 10, 6, 6, 12, 7, 12, 6, 6, 6, 6, 6, 7, 7, 7, 6, 6, 15, 10, 6, 7, 12, 6, 10, 10, 7, 7, 6, 7, 6, 10, 7, 6, 7, 6, 6, 6, 7, 6, 6, 11, 7, 7, 6, 7, 6, 13, 6, 7, 6, 6, 7, 7, 6, 7, 6, 7, 7, 6, 6, 6, 21, 6, 7, 6, 6, 7, 6, 19, 6, 26, 6, 7, 6, 6, 7, 6, 6, 7, 7, 6, 7, 6, 7, 7, 6, 6, 6, 6, 6, 7, 7, 6, 7, 6, 6, 22, 6, 7, 7, 7, 7, 6, 20, 6, 7, 6, 6, 6, 23, 6, 6, 6, 7, 6, 6, 27, 26, 6, 6, 6, 7, 6, 7, 6, 6, 7, 8, 6, 6, 7, 6, 6, 11, 7, 7, 6, 8, 8, 9, 6, 7, 7, 6, 9, 6, 7, 6, 6, 6, 12, 9, 7, 6, 7, 6, 6, 17, 6, 7, 6, 6, 7, 6, 7, 6, 15, 20, 6, 6, 6, 7, 7, 6, 6, 6, 6, 6, 7, 7, 7, 6, 15, 6, 7, 6, 20, 20, 30, 7, 6, 6, 6, 7, 6, 7, 11, 25, 6, 6, 17, 10, 6, 6, 6, 7, 13, 7, 6, 6, 7, 13, 6, 6, 6, 6, 6, 6, 6, 17, 7, 6, 7, 6, 6, 6, 6, 6, 6, 17, 6, 16, 7, 7, 16, 6, 6, 6, 6, 6, 7, 6, 12, 7, 6, 6, 12, 6, 7, 6, 6, 6, 6, 7, 6, 6, 7, 6, 6, 13, 6, 7, 12, 6, 7, 6, 6, 6, 6, 11, 6, 23, 6, 6, 7, 13, 13, 6, 6, 7, 6, 7, 13, 6, 7, 6, 6, 6, 6, 6, 6, 6, 7, 6, 7, 7, 6, 6, 11, 6, 6, 6, 6, 13, 6, 15, 6, 7, 11, 9, 10, 6, 6, 6, 10, 6, 7, 6, 13, 6, 13, 6, 6, 11, 6, 9, 6, 7, 7, 7, 6, 10, 6, 11, 13, 7, 18, 6, 6, 6, 15, 15, 7, 7, 11, 11, 9, 13, 6, 7, 7, 10, 9, 7, 6, 10, 6, 7, 13, 6, 12, 12, 6, 11, 9, 12, 6, 6, 7, 6, 10, 6, 6, 14, 7, 7, 19, 19, 6, 6, 10, 6, 6, 6, 13, 6, 6, 14, 16, 6, 6, 10, 10, 9, 7, 9, 7, 6, 14, 6, 6, 13, 6, 6, 6, 14, 7, 7, 6, 6, 7, 15, 7, 6, 12, 12, 6, 6, 7, 12, 10, 12, 20, 11, 10, 10, 11, 6, 6, 7, 6, 7, 13, 6, 7, 10, 10, 6, 12, 7, 11, 6, 7, 11, 6, 7, 10, 6, 11, 14, 7, 6, 12, 7, 6, 14, 6, 7, 19, 6, 7, 6, 6, 7, 16, 16, 7, 7, 14, 6, 15, 15, 7, 7, 6, 17, 17, 14, 7, 6, 7, 6, 6, 6, 16, 16, 6, 7, 6, 6, 13, 6, 12, 12, 7]

################################################################
################################################################
################### process_jail_list: ######################

[9, 14, 6, 6, 6, 6, 6, 6, 6, 5, 6, 6, 6, 6, 6, 6, 9, 6, 6, 10, 6, 5, 6, 10, 6, 6, 12, 6, 6, 5, 9, 5, 6, 6, 6, 11, 10, 6, 6, 6, 5, 11, 5, 9, 6, 6, 5, 6, 6, 6, 9, 6, 6, 9, 5, 7, 6, 6, 6, 6, 6, 8, 9, 6, 6, 5, 6, 6, 6, 6, 5, 9, 6, 8, 9, 5, 9, 5, 6, 6, 9, 6, 8, 5, 5, 6, 5, 5, 8, 6, 9, 5, 5, 10, 7, 13, 6, 14, 6, 6, 6, 10, 5, 6, 6, 6, 6, 6, 6, 6, 13, 9, 6, 6, 6, 6, 6, 8, 6, 6, 14, 12, 6, 6, 6, 9, 5, 6, 6, 5, 5, 6, 6, 6, 5, 6, 6, 8, 6, 8, 6, 6, 5, 5, 9, 6, 9, 6, 7, 13, 13, 10, 5, 12, 10, 6, 6, 6, 9, 6, 6, 6, 6, 6, 5, 6, 5, 7, 6, 7, 5, 6, 7, 7, 6, 5, 6, 5, 6, 5, 6, 6, 6, 7, 6, 5, 8, 6, 6, 5, 6, 8, 9, 9, 6, 6, 6, 9, 5, 5, 5, 5, 10, 6, 6, 6, 6, 6, 6, 7, 8, 5, 9, 6, 6, 6, 6, 8, 6, 6, 7, 7, 6, 6, 5, 6, 6, 6, 5, 5, 6, 6, 8, 8, 6, 7, 8, 8, 6, 6, 6, 7, 6, 5, 6, 6, 5, 6, 5, 6, 6, 8, 8, 6, 6, 8, 9, 6, 6, 13, 6, 6, 6, 6, 6, 5, 6, 8, 6, 6, 6, 6, 6, 6, 8, 6, 6, 6, 6, 6, 6, 6, 5, 11, 8, 12, 6, 5, 5, 6, 6, 8, 6, 6, 9, 5, 6, 6, 5, 5, 5, 7, 6, 7, 6, 6, 10, 6, 5, 6, 10, 11, 6, 6, 6, 6, 6, 6, 6, 6, 5, 6, 6, 6, 5, 6, 6, 15, 9, 6, 6, 5, 6, 6, 11, 6, 6, 5, 5, 6, 6, 6, 6, 6, 6, 5, 10, 5, 11, 12, 11, 6, 5, 6, 6, 10, 9, 6, 6, 5, 6, 5, 6, 6, 6, 9, 11, 6, 6, 9, 6, 6, 6, 6, 6, 14, 5, 6, 6, 6, 6, 11, 5, 6, 5, 6, 14, 5, 5, 6, 6, 6, 5, 6, 7, 6, 6, 14, 6, 6, 6, 13, 12, 6, 11, 6, 6, 6, 6, 5, 13, 6, 5, 6, 6, 5, 6, 6, 6, 11, 6, 5, 5, 6, 6, 6, 6, 13, 6, 12, 6, 6, 5, 5, 6, 6, 6, 6, 5, 6, 6, 5, 6, 6, 10, 6, 6, 6, 13, 5, 6, 6, 6, 6, 6, 6, 5, 6, 10, 6, 12, 6, 6, 6, 13, 5, 6, 11, 6, 6, 5, 6, 6, 5, 6, 10, 5, 9, 5, 6, 6, 9, 6, 6, 6, 5, 6, 5, 6, 6, 5, 5, 6, 5, 12, 6, 5, 6, 6, 6, 5, 5, 6, 5, 10, 10, 9, 6, 5, 5, 11, 6, 6, 6, 6, 6, 5, 6, 6, 6, 6, 6, 15, 6, 6, 6, 5, 6, 10, 6, 5, 6, 6, 15, 6, 15, 6, 10, 6, 6, 5, 6, 6, 5, 9, 6, 6, 6, 10, 6, 5, 6, 6, 6, 6, 12, 6, 6, 6, 6, 13, 6, 6, 12, 6, 6, 6, 11, 11, 10, 6, 6, 6, 6, 9, 6, 13, 6, 6, 6, 5, 6, 10, 6, 5, 10, 7, 6, 6, 6, 6, 6, 5, 6, 6, 10, 5, 6, 6, 6, 6, 5, 5, 5, 5, 6, 6, 5, 14, 6, 6, 6, 6, 9, 6, 9, 17, 6, 13, 5, 11, 8, 9, 12, 6, 10, 5, 6, 6, 10, 5, 6, 6, 5, 6, 6, 6, 6, 10, 10, 6, 10, 6, 6, 6, 6, 9, 6, 5, 6, 6, 6, 6, 5, 6, 5, 10, 6, 11, 6, 5, 5, 9, 5, 6, 11, 6, 6, 6, 6, 10, 6, 6, 6, 10, 6, 6, 10, 6, 5, 6, 5, 6, 11, 6, 5, 6, 6, 6, 6, 6, 6, 6, 12, 6, 10, 6, 11, 6, 6, 6, 6, 6, 5, 6, 6, 9, 8, 5, 5, 5, 6, 6, 6, 5, 6, 6, 5, 11, 6, 6, 6, 18, 6, 5, 6, 6, 6, 6, 6, 6, 6, 5, 6, 5, 6, 6, 5, 5, 13, 6, 16, 10, 6, 5, 6, 10, 10, 6, 6, 6, 6, 6, 6, 6, 6, 6, 6, 6, 6, 12, 6, 6, 13, 6, 6, 6, 6, 6, 6, 6, 10, 5, 12, 6, 5, 6, 11, 5, 12, 6, 6, 6, 5, 6, 6, 5, 9, 6, 6, 6, 5, 6, 9, 10, 10, 6, 11, 6, 6, 6, 6, 11, 9, 6, 6, 5, 11, 6, 14, 12, 5, 6, 11, 6, 5, 5, 5, 6, 5, 5, 5, 6, 6, 6, 6, 9, 6, 6, 6, 6, 6, 6, 6, 5, 5, 5, 6, 6, 5, 6, 10, 5, 6, 6, 11, 6, 9, 6, 6, 6, 6, 6, 6, 6, 6, 5, 6, 8, 5, 5, 6, 6, 9, 9, 5, 6, 6, 6, 5, 5, 6, 6, 6, 5, 6, 5, 6, 6, 9, 6, 6, 6, 5, 10, 6, 6, 6, 10, 6, 6, 10, 6, 6, 6, 5, 5, 5, 10, 5, 9, 6, 5, 6, 6, 10, 10, 6, 6, 5, 6, 6, 5, 9, 5, 10, 5, 6, 6, 6, 6, 5, 5, 6, 6, 9, 6, 9, 6, 6, 6, 6, 6, 6, 5, 6, 6, 5, 6, 6, 5, 6, 6, 6, 6, 6, 16, 6, 6, 5, 6, 5, 6, 10, 5, 5, 5, 5, 5, 9, 6, 6, 6, 6, 6, 2, 5, 6, 5, 5, 5, 6, 10, 6, 5, 10, 6, 10, 6, 5, 6, 5, 9, 6, 10, 6, 5, 6, 6, 6, 6, 6, 5, 6, 6, 6, 6, 6, 9, 6, 6, 6, 6, 6, 5, 5, 9, 9, 6, 5, 5, 6, 8, 6, 6, 5, 6, 6, 6, 6, 6, 10, 10, 6, 6, 6, 5, 6, 6, 5, 6, 11, 11, 6, 6, 5, 6, 5, 6, 6, 6, 9, 6, 6, 6, 5, 6, 6, 6, 5, 6, 5, 6, 5, 6, 8, 6, 6, 6, 6, 5, 5, 5, 6, 6, 6, 9, 6, 5, 6, 6, 5, 6, 6, 6, 6, 12, 6, 6, 6, 6, 6, 10, 6, 6, 6, 12, 5, 5, 6, 10, 10, 11, 10, 10, 6, 6, 5, 6, 5, 5, 5, 6, 6, 6, 6, 6, 6, 6, 5, 5, 6, 5, 11, 6, 6, 6, 5, 6, 6, 6, 6, 6, 6, 5, 6, 5, 6, 11, 5, 6, 6, 6, 6, 6, 6, 5, 9, 5, 6, 6, 6, 10, 6, 6, 6, 5, 5, 13, 6, 6, 9, 6, 6, 6, 14, 6, 6, 6, 6, 6, 6, 6, 5, 5, 6, 14, 5, 6, 6, 6, 6, 6, 5, 6, 6, 6, 6, 6, 6, 6, 6, 6, 6, 6, 5, 6, 6, 9, 6, 6, 6, 11, 6, 5, 6, 6, 6, 6, 5, 6, 12, 6, 6, 6, 6, 6, 5, 6, 6, 6, 8, 6, 5, 5, 6, 5, 6, 6, 8, 6, 6, 11, 6, 6, 11, 6, 6, 6, 12, 12, 6, 9, 6, 6, 12, 5, 5, 6, 6, 6, 6, 6, 6, 6, 6, 6, 6, 11, 11, 6, 5, 6, 6, 5, 6, 6, 9, 6, 9, 5, 5, 6, 9, 6, 9, 6, 6, 6, 6, 6, 5, 6, 6, 6, 5, 10, 10, 6, 6, 5, 6, 11, 11, 6, 5, 5, 6, 5, 6, 6, 6, 6, 6, 6, 6, 6, 6, 6, 11, 5, 11, 9, 6, 6, 5, 6, 5, 6, 5, 6, 5, 5, 6, 6, 6, 6, 6, 6, 6, 6, 6, 6, 5, 13, 6, 5, 5, 6, 6, 6, 6, 6, 6, 6, 12, 12, 5, 6, 6, 6, 6, 6, 12, 6, 6, 6, 6, 5, 6, 6, 6, 6, 6, 10, 6, 6, 6, 6, 6, 6, 5, 6, 6, 6, 5, 11, 6, 6, 6, 6, 6, 6, 6, 6, 6, 6, 6, 6, 6, 6, 17, 6, 6, 6, 6, 6, 6, 9, 7, 7, 6, 5, 11, 6, 6, 11, 11, 6, 6, 5, 6, 6, 6, 6, 5, 6, 5, 6, 6, 6, 6, 6, 6, 6, 5, 6, 6, 6, 6, 5, 6, 5, 5, 10, 10, 6, 6, 6, 6, 6, 6, 5, 6, 10, 10, 11, 5, 6, 5, 6, 6, 5, 5, 5, 5, 6, 6, 6, 5, 6, 6, 5, 10, 6, 5, 6, 6, 10, 6, 11, 6, 6, 6, 6, 5, 6, 6, 5, 6, 10, 5, 9, 6, 6, 6, 5, 5, 6, 6, 12, 6, 5, 6, 6, 6, 5, 6, 6, 6, 5, 5, 6, 6, 5, 6, 6, 6, 6, 6, 6, 6, 5, 5, 5, 6, 6, 12, 14, 14, 6, 12, 10, 11, 6, 6, 6, 7, 6, 6, 6, 6, 11, 6, 5, 6, 6, 6, 5, 5, 6, 6, 5, 13, 5, 6, 5, 5, 6, 5, 17, 5, 12, 6, 6, 6, 6, 6, 6, 12, 5, 6, 6, 6, 6, 6, 6, 6, 6, 6, 8, 9, 6, 6, 6, 6, 6, 12, 10, 6, 6, 6, 6, 6, 6, 5, 5, 5, 5, 6, 6, 5, 6, 5, 6, 6, 6, 6, 5, 6, 10, 6, 6, 6, 10, 6, 6, 6, 5, 6, 6, 6, 6, 5, 6, 6, 14, 6, 6, 6, 6, 6, 6, 6, 6, 6, 6, 6, 11, 5, 6, 6, 10, 6, 6, 7, 10, 5, 6, 6, 11, 6, 6, 5, 5, 5, 5, 6, 6, 12, 6, 6, 6, 6, 12, 6, 6, 6, 6, 6, 6, 14, 6, 5, 12, 8, 9, 6, 6, 5, 6, 5, 6, 6, 6, 6, 6, 5, 6, 6, 6, 6, 6, 6, 6, 6, 6, 5, 6, 6, 6, 5, 5, 6, 6, 6, 6, 6, 6, 6, 5, 6, 6, 5, 10, 6, 10, 6, 6, 5, 10, 5, 6, 5, 6, 5, 5, 5, 6, 6, 6, 5, 6, 6, 5, 5, 6, 9, 9, 6, 5, 6, 6, 9, 6, 6, 6, 5, 5, 6, 5, 6, 6, 6, 11, 11, 6, 6, 5, 6, 6, 6, 6, 5, 6, 6, 5, 6, 6, 6, 8, 6, 6, 6, 6, 13, 6, 6, 6, 6, 9, 6, 6, 10, 5, 6, 6, 6, 6, 6, 6, 5, 6, 5, 10, 6, 6, 6, 6, 5, 6, 6, 6, 6, 6, 6, 5, 13, 6, 13, 6, 6, 6, 5, 14, 5, 5, 6, 6, 5, 6, 6, 9, 6, 11, 6, 11, 6, 6, 12, 6, 6, 6, 6, 6, 6, 6, 6, 14, 6, 6, 5, 5, 5, 6, 5, 6, 6, 6, 9, 6, 10, 5, 5, 6, 5, 8, 6, 6, 6, 6, 9, 5, 6, 6, 6, 5, 6, 6, 12, 6, 6, 6, 5, 6, 5, 5, 6, 6, 5, 6, 5, 13, 6, 6, 6, 6, 6, 9, 6, 6, 6, 6, 6, 6, 6, 6, 5, 12, 6, 5, 5, 12, 13, 6, 6, 5, 5, 6, 6, 6, 9, 6, 6, 5, 6, 6, 8, 5, 6, 6, 6, 6, 9, 6, 6, 9, 6, 6, 10, 6, 11, 5, 5, 6, 6, 6, 6, 6, 6, 6, 5, 13, 9, 6, 6, 10, 5, 8, 9, 6, 6, 6, 6, 6, 9, 6, 6, 6, 6, 5, 6, 6, 6, 6, 10, 6, 6, 5, 6, 6, 11, 5, 6, 5, 6, 6, 6, 6, 6, 5, 6, 6, 5, 6, 5, 17, 5, 6, 5, 5, 6, 6, 16, 5, 23, 6, 6, 6, 5, 6, 5, 6, 6, 6, 6, 6, 6, 6, 6, 6, 5, 5, 5, 6, 6, 6, 5, 6, 5, 5, 18, 6, 6, 6, 6, 6, 6, 17, 6, 6, 6, 6, 5, 21, 5, 5, 6, 6, 5, 6, 21, 20, 6, 5, 5, 6, 6, 7, 6, 6, 6, 7, 5, 5, 6, 5, 5, 10, 6, 6, 6, 7, 7, 8, 5, 6, 6, 6, 8, 6, 6, 6, 6, 6, 10, 7, 6, 5, 6, 6, 6, 14, 6, 6, 6, 6, 6, 6, 6, 6, 12, 16, 6, 6, 6, 6, 6, 6, 6, 6, 6, 5, 6, 6, 6, 6, 14, 6, 6, 6, 17, 17, 24, 6, 6, 5, 6, 6, 6, 6, 10, 20, 5, 6, 15, 9, 6, 6, 6, 6, 12, 6, 5, 6, 6, 10, 6, 6, 6, 6, 6, 6, 5, 14, 6, 5, 6, 6, 6, 6, 6, 5, 5, 14, 5, 13, 6, 6, 13, 6, 6, 6, 6, 6, 6, 5, 9, 6, 5, 6, 10, 5, 6, 6, 6, 6, 6, 6, 6, 6, 6, 6, 5, 11, 6, 6, 10, 6, 6, 6, 6, 5, 6, 10, 6, 21, 6, 6, 6, 12, 12, 5, 5, 6, 6, 6, 11, 5, 6, 6, 5, 5, 6, 6, 5, 6, 6, 6, 6, 6, 5, 5, 9, 6, 6, 6, 6, 13, 6, 13, 6, 6, 10, 9, 8, 6, 5, 5, 8, 6, 6, 5, 10, 5, 11, 6, 5, 9, 6, 8, 6, 6, 6, 6, 6, 9, 5, 9, 11, 6, 16, 6, 6, 5, 12, 12, 6, 6, 9, 10, 8, 11, 6, 6, 6, 8, 8, 6, 6, 9, 5, 6, 12, 5, 10, 10, 6, 10, 9, 10, 6, 5, 6, 5, 9, 6, 6, 13, 6, 6, 15, 15, 6, 6, 9, 5, 5, 5, 11, 6, 6, 12, 12, 6, 6, 9, 9, 8, 6, 8, 6, 6, 12, 5, 5, 10, 5, 5, 6, 13, 6, 6, 5, 5, 6, 12, 6, 6, 11, 11, 6, 6, 6, 10, 9, 11, 17, 9, 9, 9, 9, 5, 5, 6, 6, 6, 11, 5, 6, 9, 9, 5, 10, 6, 11, 6, 6, 10, 6, 6, 9, 5, 10, 12, 6, 6, 11, 6, 6, 13, 6, 6, 17, 5, 6, 5, 5, 6, 14, 14, 6, 6, 12, 6, 14, 14, 6, 6, 5, 14, 14, 11, 6, 5, 6, 6, 6, 5, 14, 14, 5, 6, 5, 5, 12, 5, 9, 9, 6]

################################################################
