Numero total de amostras 300

Tempo total de processamento: 0:32:38

############## TEMPOS DE PROCESSAMENTO DO EXERCICIO NO JAIL  ####################
Soma 1789 segundos
Media 5.963333333333333 segundos
Desvio padr達o 0.23520676483090833 segundos

95% 5.0 segundos
99% 5.0 segundos

############## TEMPOS DE PROCESSAMENTO DO EXERCICIO NO JAIL COM DOWNLOAD  ################
Soma 1953 segundos
Media 6.51 segundos
Desvio padr達o 0.5065241027499744 segundos

95% 6.0 segundos
99% 6.0 segundos

################### TEMPOS DE DOWNLOAD DO EXERCICIO NO JAIL #######################
Soma 164 segundos
Media 0.5466666666666666 segundos
Desvio padr達o 0.49781745873585254 segundos

95% 0.0 segundos
99% 0.0 segundos

############################ TEMPOS DE ESPERA NA FILA ############################
Soma 284206
Media 947.3533333333334 segundos
Desvio padr達o 548.5206484921258 segundos

95% 20.043 segundos
99% 20.7606 segundos

################### queue_wait_time_list: ######################

[8, 15, 1, 21, 28, 33, 40, 46, 53, 59, 66, 71, 78, 91, 97, 103, 116, 123, 135, 141, 148, 161, 166, 173, 186, 192, 204, 211, 217, 229, 236, 242, 255, 261, 267, 280, 287, 299, 305, 312, 324, 331, 338, 351, 356, 363, 376, 388, 401, 408, 414, 426, 432, 439, 451, 458, 464, 477, 483, 496, 502, 509, 521, 527, 534, 545, 552, 558, 571, 577, 590, 596, 603, 615, 621, 628, 640, 646, 659, 666, 671, 684, 690, 697, 709, 715, 722, 734, 740, 753, 759, 765, 778, 784, 796, 809, 815, 822, 834, 840, 847, 859, 865, 872, 885, 890, 903, 910, 916, 928, 935, 941, 953, 960, 966, 979, 984, 997, 1004, 1011, 1023, 1029, 1036, 1048, 1054, 1067, 1073, 1079, 1092, 1099, 1105, 1117, 1124, 1130, 1142, 1149, 1161, 1168, 1173, 1186, 1193, 1206, 1219, 1226, 1232, 1246, 1252, 1259, 1271, 1278, 1286, 1299, 1305, 1318, 1324, 1330, 1344, 1352, 1358, 1371, 1378, 1385, 1398, 1403, 1416, 1423, 1429, 1441, 1448, 1454, 1466, 1473, 1486, 1492, 1498, 1511, 1517, 1524, 1536, 1542, 1549, 1561, 1567, 1580, 1587, 1592, 1604, 1611, 84, 109, 129, 154, 179, 198, 224, 248, 274, 292, 318, 344, 369, 395, 383, 1624, 1630, 1643, 1650, 1662, 1668, 1675, 1687, 1693, 1700, 1713, 1718, 1731, 1738, 1744, 1756, 1762, 1769, 1781, 1787, 1794, 1806, 1812, 1825, 1832, 1838, 1850, 1857, 1863, 1875, 1882, 1888, 420, 446, 471, 489, 514, 540, 565, 583, 608, 634, 653, 677, 702, 728, 746, 771, 1265, 791, 802, 827, 853, 878, 897, 922, 948, 972, 991, 1016, 1042, 1061, 1086, 1111, 1137, 1155, 1180, 1199, 1212, 1239, 1292, 1311, 1337, 1364, 1391, 1410, 1435, 1461, 1479, 1504, 1529, 1554, 1574, 1599, 1617, 1637, 1655, 1681, 1706, 1725, 1749, 1775, 1800, 1819, 1844, 1870, 1895]

################################################################
################### jail_ex_download_list: ######################

[1, 0, 1, 1, 0, 1, 0, 1, 0, 1, 0, 1, 0, 0, 1, 0, 1, 0, 0, 1, 0, 0, 1, 0, 0, 1, 1, 0, 1, 1, 0, 1, 1, 0, 1, 1, 0, 0, 1, 0, 1, 1, 0, 0, 1, 0, 1, 1, 1, 0, 1, 1, 1, 1, 1, 0, 1, 1, 0, 0, 1, 0, 0, 1, 0, 1, 0, 1, 1, 0, 0, 1, 0, 0, 1, 0, 0, 1, 1, 0, 1, 0, 1, 0, 0, 1, 0, 0, 1, 0, 1, 0, 0, 1, 0, 0, 1, 0, 0, 1, 0, 0, 1, 0, 0, 1, 1, 0, 1, 1, 0, 1, 1, 0, 0, 0, 1, 1, 1, 0, 0, 1, 0, 0, 1, 1, 0, 1, 1, 0, 1, 1, 0, 1, 1, 0, 1, 0, 1, 1, 0, 0, 1, 0, 0, 1, 1, 0, 1, 0, 0, 1, 0, 1, 0, 1, 1, 0, 1, 0, 1, 0, 0, 1, 1, 0, 1, 1, 0, 1, 1, 0, 0, 1, 0, 0, 1, 1, 1, 1, 0, 0, 1, 1, 0, 1, 1, 0, 1, 1, 1, 1, 1, 0, 0, 1, 0, 1, 1, 1, 1, 0, 0, 0, 1, 1, 0, 0, 1, 0, 0, 1, 0, 0, 1, 1, 0, 1, 1, 1, 1, 1, 1, 0, 0, 1, 1, 0, 1, 1, 0, 1, 1, 0, 1, 0, 0, 0, 1, 1, 1, 0, 1, 1, 1, 0, 1, 1, 1, 1, 1, 1, 0, 1, 1, 1, 1, 0, 0, 0, 1, 0, 1, 1, 0, 0, 0, 0, 1, 0, 1, 1, 1, 1, 1, 1, 0, 1, 0, 0, 0, 1, 1, 1, 1, 0, 0, 1, 0, 1, 1, 1, 0, 1, 1, 1, 0, 0, 0, 0]

################################################################
################################################################
################### process_jail_download_list: ######################

[7, 6, 7, 7, 6, 7, 6, 7, 6, 7, 6, 7, 6, 6, 7, 6, 7, 6, 6, 7, 6, 6, 7, 6, 6, 7, 7, 6, 7, 7, 6, 6, 7, 6, 7, 7, 6, 6, 7, 6, 7, 7, 6, 6, 7, 6, 7, 7, 7, 6, 7, 6, 7, 7, 7, 6, 7, 7, 6, 6, 7, 6, 6, 7, 6, 7, 6, 7, 7, 6, 6, 7, 6, 6, 7, 6, 6, 7, 7, 6, 6, 6, 7, 6, 6, 7, 6, 6, 6, 6, 7, 6, 6, 7, 6, 6, 7, 6, 6, 7, 6, 6, 7, 6, 6, 7, 7, 6, 7, 7, 6, 7, 7, 6, 6, 6, 7, 7, 7, 6, 6, 7, 6, 6, 7, 7, 6, 7, 7, 6, 7, 7, 6, 7, 7, 6, 7, 6, 7, 7, 6, 6, 7, 6, 7, 6, 7, 6, 7, 7, 6, 7, 6, 7, 6, 7, 8, 6, 7, 6, 6, 6, 6, 7, 7, 6, 7, 7, 6, 7, 7, 6, 6, 7, 6, 6, 7, 6, 6, 7, 6, 6, 7, 7, 6, 7, 7, 6, 7, 7, 7, 7, 7, 6, 6, 7, 6, 7, 7, 7, 7, 6, 6, 6, 7, 7, 6, 6, 7, 6, 6, 7, 6, 6, 7, 7, 6, 6, 6, 7, 6, 6, 7, 6, 6, 7, 7, 6, 7, 7, 6, 7, 7, 6, 7, 6, 6, 6, 7, 7, 6, 6, 7, 7, 7, 6, 7, 7, 7, 7, 7, 7, 6, 7, 7, 7, 7, 6, 6, 6, 7, 6, 7, 7, 6, 6, 6, 6, 6, 6, 7, 7, 7, 7, 7, 7, 6, 7, 6, 6, 6, 7, 7, 7, 7, 6, 6, 7, 6, 7, 7, 7, 6, 7, 7, 7, 6, 6, 6, 6]

################################################################
################################################################
################### process_jail_list: ######################

[6, 6, 6, 6, 6, 6, 6, 6, 6, 6, 6, 6, 6, 6, 6, 6, 6, 6, 6, 6, 6, 6, 6, 6, 6, 6, 6, 6, 6, 6, 6, 5, 6, 6, 6, 6, 6, 6, 6, 6, 6, 6, 6, 6, 6, 6, 6, 6, 6, 6, 6, 5, 6, 6, 6, 6, 6, 6, 6, 6, 6, 6, 6, 6, 6, 6, 6, 6, 6, 6, 6, 6, 6, 6, 6, 6, 6, 6, 6, 6, 5, 6, 6, 6, 6, 6, 6, 6, 5, 6, 6, 6, 6, 6, 6, 6, 6, 6, 6, 6, 6, 6, 6, 6, 6, 6, 6, 6, 6, 6, 6, 6, 6, 6, 6, 6, 6, 6, 6, 6, 6, 6, 6, 6, 6, 6, 6, 6, 6, 6, 6, 6, 6, 6, 6, 6, 6, 6, 6, 6, 6, 6, 6, 6, 7, 5, 6, 6, 6, 7, 6, 6, 6, 6, 6, 6, 7, 6, 6, 6, 5, 6, 6, 6, 6, 6, 6, 6, 6, 6, 6, 6, 6, 6, 6, 6, 6, 5, 5, 6, 6, 6, 6, 6, 6, 6, 6, 6, 6, 6, 6, 6, 6, 6, 6, 6, 6, 6, 6, 6, 6, 6, 6, 6, 6, 6, 6, 6, 6, 6, 6, 6, 6, 6, 6, 6, 6, 5, 5, 6, 5, 5, 6, 6, 6, 6, 6, 6, 6, 6, 6, 6, 6, 6, 6, 6, 6, 6, 6, 6, 5, 6, 6, 6, 6, 6, 6, 6, 6, 6, 6, 6, 6, 6, 6, 6, 6, 6, 6, 6, 6, 6, 6, 6, 6, 6, 6, 6, 5, 6, 6, 6, 6, 6, 6, 6, 6, 6, 6, 6, 6, 6, 6, 6, 6, 6, 6, 6, 6, 6, 6, 6, 6, 6, 6, 6, 6, 6, 6, 6]

################################################################
