Numero total de amostras 300

Tempo total de processamento: 0:32:44

############## TEMPOS DE PROCESSAMENTO DO EXERCICIO NO JAIL  ####################
Soma 1770 segundos
Media 5.9 segundos
Desvio padr達o 0.3 segundos

95% 5.0 segundos
99% 5.0 segundos

############## TEMPOS DE PROCESSAMENTO DO EXERCICIO NO JAIL COM DOWNLOAD  ################
Soma 1968 segundos
Media 6.56 segundos
Desvio padr達o 0.5351635264103861 segundos

95% 6.0 segundos
99% 6.0 segundos

################### TEMPOS DE DOWNLOAD DO EXERCICIO NO JAIL #######################
Soma 198 segundos
Media 0.66 segundos
Desvio padr達o 0.5141984052872977 segundos

95% 0.0 segundos
99% 0.0 segundos

############################ TEMPOS DE ESPERA NA FILA ############################
Soma 286477
Media 954.9233333333333 segundos
Desvio padr達o 550.2879768408134 segundos

95% 24.8835 segundos
99% 25.7207 segundos

################### queue_wait_time_list: ######################

[3, 12, 26, 32, 45, 51, 57, 71, 77, 83, 96, 102, 115, 121, 127, 139, 146, 152, 164, 171, 177, 189, 196, 209, 215, 222, 234, 241, 247, 260, 267, 273, 285, 292, 304, 310, 317, 330, 335, 342, 355, 361, 373, 380, 386, 399, 405, 411, 424, 430, 436, 449, 456, 461, 474, 481, 488, 499, 506, 519, 526, 531, 544, 551, 556, 569, 576, 583, 594, 601, 614, 620, 626, 640, 645, 652, 665, 671, 685, 690, 697, 710, 716, 722, 735, 742, 748, 760, 767, 780, 785, 792, 805, 811, 817, 823, 830, 837, 842, 848, 19, 861, 874, 880, 893, 900, 906, 918, 925, 932, 944, 950, 963, 970, 976, 989, 995, 1002, 1014, 1021, 1028, 1040, 1046, 1058, 1065, 1072, 1085, 1091, 1097, 1110, 1117, 1122, 1135, 1142, 1154, 1161, 1167, 1180, 1187, 1193, 1206, 1212, 1225, 1231, 1237, 1251, 1256, 1308, 1263, 1423, 1354, 1270, 1315, 1391, 1276, 1320, 1283, 1359, 1455, 1288, 1327, 1398, 1295, 1366, 1334, 1302, 1429, 1372, 1340, 1404, 1347, 1379, 1436, 1411, 1384, 1461, 1417, 1442, 1468, 1448, 1474, 39, 1487, 1500, 1506, 1519, 1525, 1532, 1545, 1550, 1557, 1570, 1576, 1588, 1595, 1601, 1613, 1620, 1626, 1639, 1645, 1651, 1664, 1670, 1683, 1689, 1696, 1708, 1714, 1721, 1734, 1739, 1746, 1759, 1765, 1777, 1784, 1790, 1802, 1809, 1815, 1829, 1834, 1847, 1854, 1859, 1872, 1879, 1886, 1892, 1898, 1904, 64, 89, 109, 134, 159, 184, 202, 227, 254, 279, 298, 323, 348, 367, 393, 418, 443, 468, 493, 513, 538, 563, 589, 608, 633, 658, 678, 704, 729, 754, 773, 798, 1008, 855, 868, 887, 912, 938, 957, 982, 1034, 1053, 1078, 1104, 1129, 1148, 1174, 1199, 1219, 1244, 1480, 1493, 1513, 1538, 1563, 1582, 1608, 1633, 1658, 1676, 1702, 1727, 1752, 1771, 1797, 1822, 1841, 1866]

################################################################
################### jail_ex_download_list: ######################

[4, 1, 1, 1, 1, 1, 1, 0, 1, 0, 0, 1, 1, 0, 1, 1, 0, 1, 1, 0, 1, 1, 1, 0, 1, 1, 1, 0, 1, 1, 0, 1, 1, 0, 0, 1, 0, 1, 1, 1, 0, 1, 1, 0, 1, 1, 0, 1, 1, 0, 1, 1, 1, 1, 1, 1, 0, 1, 1, 1, 0, 1, 1, 0, 1, 1, 1, 0, 1, 1, 1, 1, 1, 0, 1, 0, 1, 1, 0, 1, 1, 1, 1, 1, 1, 0, 1, 1, 0, 0, 1, 0, 0, 1, 0, 1, 1, 0, 1, 1, 1, 1, 0, 1, 1, 0, 1, 1, 1, 0, 0, 1, 1, 1, 0, 0, 1, 1, 1, 1, 0, 1, 1, 1, 1, 0, 0, 1, 1, 1, 0, 1, 1, 1, 1, 0, 1, 1, 1, 0, 0, 1, 1, 1, 1, 0, 1, 1, 1, 0, 0, 0, 1, 1, 1, 1, 0, 1, 0, 1, 1, 0, 1, 0, 0, 0, 1, 1, 1, 1, 1, 1, 1, 1, 1, 1, 1, 1, 0, 1, 1, 0, 0, 0, 1, 0, 1, 0, 0, 1, 0, 0, 1, 1, 0, 1, 1, 0, 1, 1, 1, 1, 1, 0, 0, 1, 0, 0, 1, 0, 0, 1, 0, 0, 1, 1, 0, 1, 1, 1, 1, 0, 1, 1, 0, 1, 1, 1, 0, 1, 0, 1, 1, 1, 1, 0, 0, 0, 1, 1, 0, 1, 1, 1, 1, 0, 0, 1, 1, 1, 1, 0, 0, 0, 1, 0, 1, 1, 1, 0, 0, 0, 1, 1, 0, 1, 1, 0, 0, 1, 0, 1, 1, 1, 1, 0, 0, 0, 0, 1, 1, 1, 1, 1, 1, 1, 1, 0, 0, 1, 0, 1, 1, 1, 1, 0, 0, 1, 0, 0]

################################################################
################################################################
################### process_jail_download_list: ######################

[10, 7, 6, 7, 7, 6, 7, 6, 7, 6, 6, 7, 7, 6, 7, 7, 6, 7, 7, 6, 7, 7, 6, 6, 7, 6, 7, 6, 7, 7, 6, 7, 7, 6, 6, 7, 6, 6, 7, 6, 6, 7, 7, 6, 7, 7, 6, 7, 7, 6, 7, 7, 6, 7, 7, 7, 6, 7, 7, 7, 6, 7, 7, 6, 7, 7, 7, 6, 7, 7, 7, 6, 7, 6, 7, 6, 6, 7, 6, 7, 7, 6, 7, 7, 7, 6, 7, 7, 6, 6, 7, 6, 6, 7, 6, 7, 7, 6, 6, 7, 7, 7, 6, 7, 7, 6, 7, 7, 7, 6, 6, 7, 7, 7, 6, 6, 7, 7, 7, 7, 6, 6, 7, 7, 7, 6, 6, 7, 7, 7, 6, 7, 7, 7, 7, 6, 7, 7, 7, 6, 6, 7, 7, 6, 7, 6, 7, 7, 7, 6, 6, 6, 6, 7, 7, 7, 6, 7, 6, 7, 7, 6, 7, 6, 6, 6, 7, 7, 7, 7, 7, 6, 6, 6, 7, 7, 7, 7, 6, 7, 7, 6, 6, 6, 7, 6, 7, 6, 6, 7, 6, 6, 7, 7, 6, 7, 7, 6, 7, 7, 6, 7, 7, 6, 6, 7, 6, 6, 7, 6, 6, 7, 6, 6, 7, 7, 6, 7, 7, 6, 7, 6, 7, 7, 6, 7, 7, 7, 6, 7, 6, 7, 7, 7, 6, 6, 6, 6, 7, 7, 6, 6, 7, 7, 7, 6, 6, 6, 6, 6, 6, 6, 6, 6, 6, 6, 7, 7, 7, 6, 6, 6, 7, 7, 6, 6, 7, 6, 6, 7, 6, 7, 7, 6, 7, 6, 6, 6, 6, 7, 6, 7, 7, 7, 7, 7, 7, 6, 6, 6, 6, 7, 7, 7, 7, 6, 6, 7, 6, 6]

################################################################
################################################################
################### process_jail_list: ######################

[6, 6, 5, 6, 6, 5, 6, 6, 6, 6, 6, 6, 6, 6, 6, 6, 6, 6, 6, 6, 6, 6, 5, 6, 6, 5, 6, 6, 6, 6, 6, 6, 6, 6, 6, 6, 6, 5, 6, 5, 6, 6, 6, 6, 6, 6, 6, 6, 6, 6, 6, 6, 5, 6, 6, 6, 6, 6, 6, 6, 6, 6, 6, 6, 6, 6, 6, 6, 6, 6, 6, 5, 6, 6, 6, 6, 5, 6, 6, 6, 6, 5, 6, 6, 6, 6, 6, 6, 6, 6, 6, 6, 6, 6, 6, 6, 6, 6, 5, 6, 6, 6, 6, 6, 6, 6, 6, 6, 6, 6, 6, 6, 6, 6, 6, 6, 6, 6, 6, 6, 6, 5, 6, 6, 6, 6, 6, 6, 6, 6, 6, 6, 6, 6, 6, 6, 6, 6, 6, 6, 6, 6, 6, 5, 6, 6, 6, 6, 6, 6, 6, 6, 5, 6, 6, 6, 6, 6, 6, 6, 6, 6, 6, 6, 6, 6, 6, 6, 6, 6, 6, 5, 5, 5, 6, 6, 6, 6, 6, 6, 6, 6, 6, 6, 6, 6, 6, 6, 6, 6, 6, 6, 6, 6, 6, 6, 6, 6, 6, 6, 5, 6, 6, 6, 6, 6, 6, 6, 6, 6, 6, 6, 6, 6, 6, 6, 6, 6, 6, 5, 6, 6, 6, 6, 6, 6, 6, 6, 6, 6, 6, 6, 6, 6, 5, 6, 6, 6, 6, 6, 6, 5, 6, 6, 6, 6, 6, 5, 5, 5, 5, 6, 6, 6, 5, 6, 6, 6, 6, 6, 6, 6, 6, 6, 6, 5, 6, 6, 6, 6, 6, 6, 6, 5, 6, 6, 6, 6, 6, 6, 5, 6, 6, 6, 6, 6, 6, 6, 6, 5, 6, 6, 6, 6, 6, 6, 6, 6, 6, 6]

################################################################
