Numero total de amostras 300

Tempo total de processamento: 1:10:40

############## TEMPOS DE PROCESSAMENTO DO EXERCICIO NO JAIL  ####################
Soma 3589 segundos
Media 11.963333333333333 segundos
Desvio padr達o 3.116941164382514 segundos

95% 8.0 segundos
99% 8.0 segundos

############## TEMPOS DE PROCESSAMENTO DO EXERCICIO NO JAIL COM DOWNLOAD  ################
Soma 4238 segundos
Media 14.126666666666667 segundos
Desvio padr達o 3.796132534859949 segundos

95% 9.0 segundos
99% 9.0 segundos

################### TEMPOS DE DOWNLOAD DO EXERCICIO NO JAIL #######################
Soma 649 segundos
Media 2.1633333333333336 segundos
Desvio padr達o 1.1090486413538807 segundos

95% 1.0 segundos
99% 1.0 segundos

############################ TEMPOS DE ESPERA NA FILA ############################
Soma 666931
Media 2223.1033333333335 segundos
Desvio padr達o 1260.4367758792541 segundos

95% 115.5645 segundos
99% 116.6409 segundos

################### queue_wait_time_list: ######################

[96, 117, 127, 136, 167, 178, 188, 210, 222, 233, 255, 268, 300, 314, 328, 357, 367, 379, 401, 411, 420, 437, 454, 476, 485, 494, 516, 524, 533, 554, 567, 589, 603, 622, 656, 674, 694, 727, 747, 770, 797, 815, 841, 854, 872, 898, 914, 950, 982, 1000, 1010, 1049, 1066, 1078, 1108, 1123, 1139, 1180, 1193, 1235, 1248, 1261, 1301, 1316, 1337, 1379, 1399, 1419, 1449, 1466, 1494, 1507, 1525, 1556, 1572, 1591, 1614, 1625, 1662, 1674, 1689, 1717, 1732, 1747, 1779, 1793, 1809, 1840, 1856, 1886, 1899, 1912, 1945, 1957, 1983, 2014, 2027, 2044, 2075, 2089, 2103, 2130, 2142, 2163, 2189, 2201, 2233, 2254, 2265, 2292, 2305, 2319, 2356, 2375, 2395, 2433, 2451, 2492, 2511, 2542, 2578, 2594, 2606, 2644, 2665, 2701, 2721, 2733, 2760, 2774, 2786, 2809, 2825, 2837, 2862, 2873, 2896, 2906, 2916, 2941, 2954, 2977, 3005, 3017, 3030, 3076, 3089, 3105, 3141, 3153, 3170, 3191, 3201, 3227, 3240, 3252, 3278, 3291, 3303, 3323, 3334, 3347, 3364, 3373, 3393, 3409, 3424, 3444, 3455, 3467, 3487, 3497, 3522, 3535, 3546, 3567, 3579, 3591, 3613, 3623, 3633, 3656, 3668, 3689, 3703, 3723, 3748, 3762, 580, 84, 108, 149, 198, 243, 286, 344, 390, 429, 466, 505, 543, 641, 710, 783, 829, 887, 3773, 3785, 3811, 3825, 3849, 3862, 3874, 3899, 3909, 3918, 3942, 3954, 3964, 3994, 4023, 4050, 4065, 4076, 4094, 4105, 4118, 4142, 4150, 4170, 4182, 4193, 4211, 4224, 4240, 933, 966, 1026, 1092, 1160, 1209, 1283, 1362, 1433, 1481, 1544, 1602, 1649, 1706, 1765, 1824, 1871, 1927, 2964, 1969, 1999, 2061, 2116, 2178, 2214, 2278, 2335, 2416, 2476, 2561, 2622, 2680, 2746, 2798, 2849, 2885, 2927, 3313, 2990, 3054, 3124, 3182, 3214, 3263, 3356, 3383, 3434, 3475, 3508, 3556, 3603, 3645, 3678, 3736, 3795, 3838, 3888, 3929, 3976, 4036, 4085, 4131, 4160, 4201, 4253]

################################################################
################### jail_ex_download_list: ######################

[2, 1, 1, 2, 2, 1, 2, 2, 1, 1, 2, 2, 3, 2, 2, 1, 2, 1, 2, 1, 2, 1, 3, 1, 1, 1, 0, 1, 1, 2, 1, 1, 4, 3, 3, 4, 3, 3, 5, 3, 4, 1, 2, 3, 4, 4, 3, 3, 3, 1, 2, 3, 2, 3, 3, 2, 3, 3, 4, 2, 1, 3, 3, 1, 6, 1, 4, 2, 3, 4, 1, 3, 4, 2, 5, 1, 1, 4, 1, 2, 5, 1, 1, 3, 1, 2, 3, 3, 2, 3, 2, 2, 1, 2, 4, 1, 3, 2, 1, 3, 2, 1, 3, 2, 2, 2, 4, 1, 1, 1, 2, 1, 3, 3, 3, 3, 3, 3, 3, 5, 2, 1, 2, 5, 2, 4, 2, 1, 2, 3, 2, 3, 2, 1, 1, 1, 2, 1, 1, 2, 1, 2, 2, 3, 3, 2, 3, 4, 2, 2, 2, 1, 2, 3, 4, 1, 1, 2, 1, 1, 2, 1, 0, 2, 2, 2, 1, 2, 2, 1, 1, 1, 3, 1, 1, 2, 3, 1, 1, 2, 2, 3, 1, 1, 5, 3, 1, 1, 1, 1, 1, 3, 1, 2, 4, 2, 1, 1, 2, 1, 1, 2, 2, 3, 2, 2, 2, 1, 2, 3, 2, 2, 3, 1, 1, 1, 3, 2, 2, 5, 3, 3, 1, 1, 2, 2, 3, 1, 1, 2, 1, 1, 3, 2, 1, 3, 3, 3, 4, 5, 5, 3, 3, 2, 1, 2, 1, 3, 2, 4, 4, 2, 5, 2, 2, 3, 3, 2, 2, 2, 3, 3, 3, 2, 3, 3, 3, 3, 1, 3, 1, 2, 1, 2, 6, 3, 1, 2, 3, 1, 1, 1, 2, 3, 1, 1, 2, 1, 2, 3, 2, 2, 3, 2, 2, 1, 1, 1, 1, 2]

################################################################
################################################################
################### process_jail_download_list: ######################

[12, 10, 10, 13, 11, 10, 11, 12, 11, 10, 13, 18, 14, 15, 16, 10, 12, 12, 10, 9, 9, 17, 12, 9, 10, 11, 8, 9, 11, 13, 13, 15, 19, 19, 18, 20, 16, 20, 23, 14, 18, 14, 14, 18, 15, 16, 20, 16, 18, 11, 16, 17, 12, 15, 15, 16, 21, 13, 16, 13, 14, 22, 15, 21, 26, 20, 20, 14, 17, 15, 13, 19, 18, 16, 19, 12, 11, 24, 13, 15, 17, 15, 16, 18, 14, 16, 16, 16, 15, 14, 13, 15, 12, 13, 16, 13, 18, 17, 14, 14, 14, 12, 21, 15, 12, 13, 21, 12, 13, 13, 14, 17, 19, 20, 21, 18, 25, 19, 32, 19, 16, 12, 17, 21, 15, 21, 12, 13, 14, 13, 12, 16, 12, 13, 11, 12, 11, 10, 11, 13, 11, 13, 12, 14, 24, 13, 16, 20, 12, 17, 12, 10, 13, 13, 13, 11, 13, 11, 11, 11, 13, 9, 9, 10, 16, 16, 10, 11, 12, 9, 10, 11, 14, 11, 10, 12, 13, 12, 10, 10, 13, 12, 10, 15, 20, 13, 14, 12, 9, 12, 9, 18, 12, 13, 14, 13, 11, 9, 10, 11, 11, 15, 17, 14, 12, 11, 12, 10, 14, 14, 13, 12, 14, 10, 9, 11, 13, 10, 12, 29, 14, 15, 11, 9, 11, 13, 13, 9, 10, 12, 11, 9, 13, 16, 13, 17, 16, 23, 16, 21, 26, 18, 17, 17, 13, 12, 12, 13, 11, 14, 16, 15, 18, 13, 14, 15, 14, 14, 12, 19, 14, 21, 18, 16, 17, 22, 21, 14, 11, 13, 11, 14, 10, 15, 22, 17, 10, 13, 15, 9, 10, 10, 12, 14, 11, 10, 11, 11, 12, 16, 11, 12, 13, 18, 14, 10, 11, 10, 10, 13]

################################################################
################################################################
################### process_jail_list: ######################

[10, 9, 9, 11, 9, 9, 9, 10, 10, 9, 11, 16, 11, 13, 14, 9, 10, 11, 8, 8, 7, 16, 9, 8, 9, 10, 8, 8, 10, 11, 12, 14, 15, 16, 15, 16, 13, 17, 18, 11, 14, 13, 12, 15, 11, 12, 17, 13, 15, 10, 14, 14, 10, 12, 12, 14, 18, 10, 12, 11, 13, 19, 12, 20, 20, 19, 16, 12, 14, 11, 12, 16, 14, 14, 14, 11, 10, 20, 12, 13, 12, 14, 15, 15, 13, 14, 13, 13, 13, 11, 11, 13, 11, 11, 12, 12, 15, 15, 13, 11, 12, 11, 18, 13, 10, 11, 17, 11, 12, 12, 12, 16, 16, 17, 18, 15, 22, 16, 29, 14, 14, 11, 15, 16, 13, 17, 10, 12, 12, 10, 10, 13, 10, 12, 10, 11, 9, 9, 10, 11, 10, 11, 10, 11, 21, 11, 13, 16, 10, 15, 10, 9, 11, 10, 9, 10, 12, 9, 10, 10, 11, 8, 9, 8, 14, 14, 9, 9, 10, 8, 9, 10, 11, 10, 9, 10, 10, 11, 9, 8, 11, 9, 9, 14, 15, 10, 13, 11, 8, 11, 8, 15, 11, 11, 10, 11, 10, 8, 8, 10, 10, 13, 15, 11, 10, 9, 10, 9, 12, 11, 11, 10, 11, 9, 8, 10, 10, 8, 10, 24, 11, 12, 10, 8, 9, 11, 10, 8, 9, 10, 10, 8, 10, 14, 12, 14, 13, 20, 12, 16, 21, 15, 14, 15, 12, 10, 11, 10, 9, 10, 12, 13, 13, 11, 12, 12, 11, 12, 10, 17, 11, 18, 15, 14, 14, 19, 18, 11, 10, 10, 10, 12, 9, 13, 16, 14, 9, 11, 12, 8, 9, 9, 10, 11, 10, 9, 9, 10, 10, 13, 9, 10, 10, 16, 12, 9, 10, 9, 9, 11]

################################################################
