Numero total de amostras 300

Tempo total de processamento: 0:30:05

############## TEMPOS DE PROCESSAMENTO DO EXERCICIO NO JAIL  ####################
Soma 1683 segundos
Media 5.61 segundos
Desvio padr達o 0.487749935930288 segundos

95% 5.0 segundos
99% 5.0 segundos

############## TEMPOS DE PROCESSAMENTO DO EXERCICIO NO JAIL COM DOWNLOAD  ################
Soma 1806 segundos
Media 6.02 segundos
Desvio padr達o 0.13999999999999999 segundos

95% 6.0 segundos
99% 6.0 segundos

################### TEMPOS DE DOWNLOAD DO EXERCICIO NO JAIL #######################
Soma 123 segundos
Media 0.41 segundos
Desvio padr達o 0.4918333050943175 segundos

95% 0.0 segundos
99% 0.0 segundos

############################ TEMPOS DE ESPERA NA FILA ############################
Soma 262009
Media 873.3633333333333 segundos
Desvio padr達o 503.86656764354683 segundos

95% 21.043 segundos
99% 21.760599999999997 segundos

################### queue_wait_time_list: ######################

[10, 16, 3, 22, 27, 33, 39, 45, 51, 56, 62, 68, 74, 85, 91, 97, 109, 114, 126, 132, 138, 149, 155, 161, 172, 178, 190, 196, 201, 213, 219, 225, 236, 242, 248, 259, 265, 277, 283, 288, 300, 306, 312, 323, 329, 335, 346, 358, 370, 376, 382, 394, 400, 405, 417, 423, 429, 440, 446, 458, 463, 469, 481, 487, 492, 504, 510, 516, 527, 533, 545, 550, 556, 568, 574, 579, 591, 597, 608, 614, 620, 632, 637, 643, 655, 660, 666, 678, 684, 695, 701, 708, 720, 725, 737, 749, 754, 760, 772, 778, 783, 795, 801, 807, 818, 824, 835, 841, 847, 859, 864, 870, 882, 888, 894, 905, 911, 923, 928, 934, 946, 952, 957, 969, 975, 986, 992, 998, 1010, 1015, 1021, 1033, 1039, 1044, 1056, 1062, 1073, 1079, 1085, 1097, 1102, 1115, 1127, 1132, 1138, 1150, 1156, 1161, 1173, 1179, 1185, 1196, 1202, 1213, 1219, 1225, 1237, 1243, 1248, 1260, 1266, 1272, 1283, 1289, 1301, 1306, 1312, 1324, 1330, 1336, 1348, 1354, 1365, 1371, 1377, 1389, 1394, 1400, 1412, 1418, 1423, 1435, 1441, 1452, 1458, 1464, 1476, 1481, 80, 103, 120, 143, 167, 184, 207, 230, 254, 271, 294, 317, 341, 364, 352, 1493, 1499, 1510, 1516, 1528, 1534, 1539, 1551, 1557, 1563, 1574, 1580, 1593, 1598, 1604, 1616, 1622, 1627, 1639, 1645, 1651, 1662, 1668, 1680, 1685, 1691, 1703, 1709, 1714, 1726, 1732, 1738, 388, 411, 434, 452, 475, 498, 521, 539, 562, 585, 603, 626, 649, 672, 690, 714, 1167, 731, 743, 766, 789, 812, 830, 853, 876, 899, 917, 940, 963, 981, 1004, 1027, 1050, 1068, 1091, 1109, 1121, 1144, 1190, 1208, 1231, 1254, 1277, 1295, 1318, 1342, 1360, 1383, 1406, 1429, 1447, 1470, 1487, 1505, 1522, 1545, 1568, 1587, 1610, 1633, 1656, 1674, 1697, 1720, 1743]

################################################################
################### jail_ex_download_list: ######################

[0, 0, 1, 0, 0, 0, 0, 0, 0, 0, 0, 0, 0, 0, 0, 0, 0, 0, 1, 1, 1, 1, 1, 1, 1, 1, 1, 1, 1, 1, 1, 1, 1, 1, 1, 1, 1, 1, 1, 1, 1, 1, 1, 1, 1, 1, 1, 1, 1, 0, 0, 0, 0, 0, 0, 0, 0, 0, 0, 0, 0, 0, 0, 0, 0, 0, 0, 1, 0, 1, 1, 1, 1, 1, 1, 1, 1, 1, 1, 1, 1, 1, 1, 1, 1, 1, 1, 1, 1, 1, 1, 0, 0, 0, 0, 0, 0, 0, 0, 0, 0, 0, 0, 0, 0, 0, 0, 0, 0, 0, 0, 0, 0, 0, 0, 0, 0, 0, 0, 0, 0, 0, 0, 0, 0, 0, 0, 0, 0, 1, 1, 1, 1, 1, 1, 1, 1, 1, 1, 1, 1, 0, 0, 0, 0, 0, 0, 0, 0, 0, 0, 0, 0, 0, 1, 1, 0, 1, 0, 1, 1, 1, 1, 1, 1, 1, 1, 1, 1, 0, 0, 0, 0, 0, 0, 0, 0, 0, 0, 0, 0, 0, 0, 0, 0, 0, 0, 0, 0, 0, 0, 1, 1, 1, 1, 1, 1, 1, 1, 1, 1, 1, 1, 0, 0, 1, 1, 1, 1, 1, 1, 1, 1, 1, 1, 0, 0, 0, 0, 0, 0, 0, 0, 0, 0, 0, 0, 0, 0, 0, 0, 0, 0, 0, 0, 0, 0, 0, 0, 0, 0, 0, 1, 1, 1, 1, 1, 1, 1, 1, 0, 0, 0, 0, 0, 0, 0, 0, 0, 0, 0, 0, 0, 0, 0, 0, 1, 1, 1, 1, 0, 0, 0, 0, 0, 1, 1, 1, 1, 1, 0, 0, 0, 0, 0, 0, 0, 0, 1, 1, 1, 1, 0, 0, 0, 0, 0, 0, 0, 0]

################################################################
################################################################
################### process_jail_download_list: ######################

[6, 6, 7, 6, 6, 6, 6, 6, 6, 6, 6, 6, 6, 6, 6, 6, 6, 6, 6, 6, 6, 6, 6, 6, 6, 6, 6, 6, 6, 6, 6, 6, 6, 6, 6, 6, 6, 6, 6, 6, 6, 6, 6, 6, 6, 6, 6, 6, 7, 6, 6, 6, 6, 6, 6, 6, 6, 6, 6, 6, 6, 6, 6, 6, 6, 6, 6, 6, 6, 6, 6, 6, 6, 6, 6, 6, 6, 6, 6, 6, 6, 6, 6, 6, 6, 6, 6, 6, 6, 6, 7, 6, 6, 6, 6, 6, 6, 6, 6, 6, 6, 6, 6, 6, 6, 6, 6, 6, 6, 6, 6, 6, 6, 6, 6, 6, 6, 6, 6, 6, 6, 6, 6, 6, 6, 6, 6, 6, 6, 6, 6, 6, 6, 6, 6, 6, 6, 6, 6, 6, 7, 6, 6, 6, 6, 6, 6, 6, 6, 6, 6, 6, 6, 6, 6, 6, 6, 6, 6, 6, 6, 6, 6, 6, 6, 6, 6, 6, 7, 6, 6, 6, 6, 6, 6, 6, 6, 6, 6, 6, 6, 6, 6, 6, 6, 6, 6, 6, 6, 6, 6, 6, 6, 6, 6, 6, 6, 6, 6, 6, 6, 6, 6, 6, 6, 6, 6, 6, 6, 6, 6, 6, 6, 6, 7, 6, 6, 6, 6, 6, 6, 6, 6, 6, 6, 6, 6, 6, 6, 6, 6, 6, 6, 6, 6, 6, 6, 6, 6, 6, 6, 6, 6, 6, 6, 6, 6, 6, 6, 6, 6, 6, 6, 6, 6, 6, 6, 6, 6, 6, 6, 6, 6, 6, 6, 6, 6, 6, 6, 6, 6, 6, 6, 6, 6, 6, 6, 6, 6, 6, 6, 6, 6, 6, 6, 6, 6, 6, 6, 6, 6, 6, 6, 6, 6, 6, 6, 6, 6, 6]

################################################################
################################################################
################### process_jail_list: ######################

[6, 6, 6, 6, 6, 6, 6, 6, 6, 6, 6, 6, 6, 6, 6, 6, 6, 6, 5, 5, 5, 5, 5, 5, 5, 5, 5, 5, 5, 5, 5, 5, 5, 5, 5, 5, 5, 5, 5, 5, 5, 5, 5, 5, 5, 5, 5, 5, 6, 6, 6, 6, 6, 6, 6, 6, 6, 6, 6, 6, 6, 6, 6, 6, 6, 6, 6, 5, 6, 5, 5, 5, 5, 5, 5, 5, 5, 5, 5, 5, 5, 5, 5, 5, 5, 5, 5, 5, 5, 5, 6, 6, 6, 6, 6, 6, 6, 6, 6, 6, 6, 6, 6, 6, 6, 6, 6, 6, 6, 6, 6, 6, 6, 6, 6, 6, 6, 6, 6, 6, 6, 6, 6, 6, 6, 6, 6, 6, 6, 5, 5, 5, 5, 5, 5, 5, 5, 5, 5, 5, 6, 6, 6, 6, 6, 6, 6, 6, 6, 6, 6, 6, 6, 6, 5, 5, 6, 5, 6, 5, 5, 5, 5, 5, 5, 5, 5, 5, 6, 6, 6, 6, 6, 6, 6, 6, 6, 6, 6, 6, 6, 6, 6, 6, 6, 6, 6, 6, 6, 6, 6, 5, 5, 5, 5, 5, 5, 5, 5, 5, 5, 5, 5, 6, 6, 5, 5, 5, 5, 5, 5, 5, 5, 5, 6, 6, 6, 6, 6, 6, 6, 6, 6, 6, 6, 6, 6, 6, 6, 6, 6, 6, 6, 6, 6, 6, 6, 6, 6, 6, 6, 6, 5, 5, 5, 5, 5, 5, 5, 5, 6, 6, 6, 6, 6, 6, 6, 6, 6, 6, 6, 6, 6, 6, 6, 6, 5, 5, 5, 5, 6, 6, 6, 6, 6, 5, 5, 5, 5, 5, 6, 6, 6, 6, 6, 6, 6, 6, 5, 5, 5, 5, 6, 6, 6, 6, 6, 6, 6, 6]

################################################################
