Numero total de amostras 300

Tempo total de processamento: 1:11:51

############## TEMPOS DE PROCESSAMENTO DO EXERCICIO NO JAIL  ####################
Soma 3627 segundos
Media 12.09 segundos
Desvio padr達o 3.5055051942147606 segundos

95% 8.0 segundos
99% 8.0 segundos

############## TEMPOS DE PROCESSAMENTO DO EXERCICIO NO JAIL COM DOWNLOAD  ################
Soma 4301 segundos
Media 14.336666666666666 segundos
Desvio padr達o 4.364629295700711 segundos

95% 9.0 segundos
99% 9.0 segundos

################### TEMPOS DE DOWNLOAD DO EXERCICIO NO JAIL #######################
Soma 674 segundos
Media 2.2466666666666666 segundos
Desvio padr達o 1.2539891901004925 segundos

95% 0.8405 segundos
99% 0.9600999999999997 segundos

############################ TEMPOS DE ESPERA NA FILA ############################
Soma 608392
Media 2027.9733333333334 segundos
Desvio padr達o 1209.23082134425 segundos

95% 67.172 segundos
99% 70.04239999999999 segundos

################### queue_wait_time_list: ######################

[3, 21, 47, 71, 111, 129, 153, 190, 200, 213, 238, 248, 258, 281, 293, 315, 330, 348, 374, 382, 393, 412, 421, 439, 454, 465, 486, 498, 510, 532, 542, 553, 584, 593, 611, 625, 643, 671, 683, 694, 715, 724, 736, 761, 771, 793, 805, 826, 845, 854, 865, 883, 894, 906, 935, 945, 954, 977, 991, 1012, 1023, 1035, 1062, 1071, 1081, 1104, 1114, 1125, 1146, 1160, 1183, 1193, 1209, 1256, 1275, 1290, 1321, 1341, 1370, 1388, 1403, 1430, 1444, 1462, 1485, 1497, 1513, 1545, 1557, 1583, 1595, 1606, 1637, 1650, 1674, 1699, 1712, 1723, 1750, 1764, 1776, 1809, 1830, 1844, 1884, 1900, 1937, 1952, 1966, 1997, 2014, 2028, 2055, 2065, 2076, 2110, 2128, 2160, 2175, 2190, 2227, 2249, 2268, 2302, 2316, 2361, 2378, 2394, 2438, 2455, 2472, 2497, 2512, 2527, 2553, 2564, 2590, 2602, 2613, 2636, 2649, 2669, 2687, 2702, 2716, 2736, 2745, 2759, 2780, 2787, 2799, 2830, 2840, 2861, 2873, 2885, 2905, 2917, 2933, 2957, 2967, 2979, 3012, 3025, 3050, 3062, 3073, 3094, 3107, 3122, 3145, 3157, 3181, 3193, 3204, 3228, 3242, 3253, 3282, 3304, 3319, 3356, 3372, 3421, 3440, 3464, 3501, 3515, 90, 174, 227, 271, 304, 363, 403, 431, 476, 521, 569, 601, 659, 704, 750, 783, 3557, 815, 3588, 3626, 3672, 3685, 3725, 3739, 3756, 3786, 3799, 3814, 3840, 3853, 3890, 3910, 3923, 3954, 3968, 3981, 4011, 4023, 4037, 4080, 4092, 4129, 4145, 4156, 4192, 4211, 4224, 834, 875, 919, 964, 1001, 1051, 1092, 1135, 1170, 1238, 1307, 1357, 1417, 1475, 1532, 1571, 1619, 2726, 1662, 1686, 1737, 1790, 1858, 1914, 1981, 2042, 2092, 2141, 2207, 2287, 2337, 2421, 2486, 2542, 2577, 2623, 2770, 2659, 2677, 2814, 2848, 2896, 2945, 2996, 3038, 3084, 3133, 3169, 3215, 3266, 3335, 3393, 3486, 3536, 3653, 3701, 3773, 3828, 3868, 3937, 3997, 4058, 4105, 4167, 4242]

################################################################
################### jail_ex_download_list: ######################

[3, 3, 5, 3, 2, 3, 4, 1, 1, 2, 1, 1, 1, 2, 3, 2, 3, 3, 1, 2, 1, 1, 1, 3, 1, 1, 2, 1, 1, 2, 1, 1, 1, 1, 2, 3, 5, 1, 1, 1, 1, 2, 3, 1, 2, 1, 1, 1, 1, 2, 1, 2, 1, 2, 2, 1, 1, 2, 2, 1, 2, 4, 1, 1, 2, 1, 1, 1, 1, 1, 1, 3, 7, 3, 3, 3, 3, 4, 3, 3, 2, 2, 4, 2, 1, 2, 4, 2, 1, 2, 1, 2, 2, 1, 1, 3, 2, 2, 3, 2, 2, 4, 3, 2, 3, 2, 3, 2, 2, 3, 1, 3, 1, 1, 3, 3, 2, 2, 3, 2, 5, 4, 3, 3, 3, 4, 2, 6, 3, 4, 2, 3, 3, 4, 1, 1, 2, 2, 2, 3, 1, 1, 1, 2, 1, 1, 2, 1, 1, 2, 3, 1, 0, 1, 1, 1, 1, 3, 2, 2, 1, 2, 2, 3, 2, 2, 2, 2, 2, 1, 2, 0, 2, 1, 2, 2, 1, 1, 5, 3, 3, 3, 2, 4, 3, 4, 2, 5, 4, 3, 1, 1, 2, 2, 1, 0, 1, 2, 4, 1, 2, 2, 2, 1, 4, 3, 9, 6, 2, 1, 2, 5, 4, 1, 4, 3, 2, 2, 3, 2, 2, 2, 2, 2, 1, 2, 4, 3, 1, 5, 2, 2, 5, 1, 2, 1, 1, 3, 2, 2, 2, 2, 2, 2, 5, 3, 2, 2, 2, 4, 3, 2, 2, 2, 3, 1, 3, 4, 2, 3, 3, 2, 2, 4, 3, 7, 4, 2, 2, 2, 1, 1, 2, 1, 3, 2, 1, 2, 3, 1, 1, 2, 1, 1, 3, 3, 3, 4, 4, 5, 4, 2, 2, 2, 4, 1, 4, 2, 2, 3]

################################################################
################################################################
################### process_jail_download_list: ######################

[18, 26, 24, 19, 18, 24, 21, 11, 13, 14, 10, 11, 13, 12, 11, 15, 18, 15, 9, 11, 10, 10, 9, 15, 11, 11, 12, 12, 11, 11, 11, 16, 9, 9, 13, 18, 16, 12, 11, 10, 10, 12, 14, 10, 13, 12, 10, 9, 9, 11, 10, 10, 12, 13, 11, 9, 10, 14, 11, 11, 12, 16, 9, 10, 11, 11, 11, 10, 14, 11, 10, 16, 29, 19, 15, 17, 21, 16, 18, 15, 15, 14, 18, 13, 12, 16, 19, 13, 14, 12, 10, 14, 13, 12, 13, 13, 11, 14, 14, 12, 14, 22, 14, 14, 16, 15, 15, 14, 15, 16, 14, 14, 11, 11, 16, 18, 13, 15, 15, 17, 22, 19, 19, 15, 21, 17, 16, 28, 17, 17, 14, 15, 15, 15, 12, 13, 12, 11, 11, 13, 10, 9, 15, 13, 10, 9, 14, 11, 8, 12, 15, 10, 9, 12, 12, 11, 12, 16, 12, 11, 12, 17, 13, 14, 12, 11, 11, 13, 15, 11, 13, 12, 12, 11, 12, 14, 11, 13, 22, 15, 16, 17, 21, 19, 24, 23, 14, 21, 22, 16, 11, 10, 12, 11, 9, 8, 10, 11, 15, 10, 13, 11, 11, 10, 32, 11, 38, 27, 13, 17, 14, 17, 17, 13, 15, 14, 14, 15, 20, 13, 15, 14, 13, 16, 12, 14, 21, 13, 13, 16, 11, 12, 19, 13, 18, 11, 9, 16, 13, 11, 12, 12, 11, 13, 19, 14, 13, 13, 11, 13, 12, 18, 11, 12, 13, 14, 19, 26, 23, 17, 13, 18, 19, 20, 15, 24, 17, 12, 11, 13, 13, 10, 10, 10, 16, 13, 9, 12, 16, 12, 11, 12, 12, 13, 17, 21, 28, 15, 21, 19, 23, 14, 11, 22, 17, 14, 22, 24, 25, 16]

################################################################
################################################################
################### process_jail_list: ######################

[15, 23, 19, 16, 16, 21, 17, 10, 12, 12, 9, 10, 12, 10, 8, 13, 15, 12, 8, 9, 9, 9, 8, 12, 10, 10, 10, 11, 10, 9, 10, 15, 8, 8, 11, 15, 11, 11, 10, 9, 9, 10, 11, 9, 11, 11, 9, 8, 8, 9, 9, 8, 11, 11, 9, 8, 9, 12, 9, 10, 10, 12, 8, 9, 9, 10, 10, 9, 13, 10, 9, 13, 22, 16, 12, 14, 18, 12, 15, 12, 13, 12, 14, 11, 11, 14, 15, 11, 13, 10, 9, 12, 11, 11, 12, 10, 9, 12, 11, 10, 12, 18, 11, 12, 13, 13, 12, 12, 13, 13, 13, 11, 10, 10, 13, 15, 11, 13, 12, 15, 17, 15, 16, 12, 18, 13, 14, 22, 14, 13, 12, 12, 12, 11, 11, 12, 10, 9, 9, 10, 9, 8, 14, 11, 9, 8, 12, 10, 7, 10, 12, 9, 9, 11, 11, 10, 11, 13, 10, 9, 11, 15, 11, 11, 10, 9, 9, 11, 13, 10, 11, 12, 10, 10, 10, 12, 10, 12, 17, 12, 13, 14, 19, 15, 21, 19, 12, 16, 18, 13, 10, 9, 10, 9, 8, 8, 9, 9, 11, 9, 11, 9, 9, 9, 28, 8, 29, 21, 11, 16, 12, 12, 13, 12, 11, 11, 12, 13, 17, 11, 13, 12, 11, 14, 11, 12, 17, 10, 12, 11, 9, 10, 14, 12, 16, 10, 8, 13, 11, 9, 10, 10, 9, 11, 14, 11, 11, 11, 9, 9, 9, 16, 9, 10, 10, 13, 16, 22, 21, 14, 10, 16, 17, 16, 12, 17, 13, 10, 9, 11, 12, 9, 8, 9, 13, 11, 8, 10, 13, 11, 10, 10, 11, 12, 14, 18, 25, 11, 17, 14, 19, 12, 9, 20, 13, 13, 18, 22, 23, 13]

################################################################
