Numero total de amostras 300

Tempo total de processamento: 0:32:55

############## TEMPOS DE PROCESSAMENTO DO EXERCICIO NO JAIL  ####################
Soma 1778 segundos
Media 5.926666666666667 segundos
Desvio padr達o 0.28511206373790793 segundos

95% 5.0 segundos
99% 5.0 segundos

############## TEMPOS DE PROCESSAMENTO DO EXERCICIO NO JAIL COM DOWNLOAD  ################
Soma 1977 segundos
Media 6.59 segundos
Desvio padr達o 0.498564606311626 segundos

95% 6.0 segundos
99% 6.0 segundos

################### TEMPOS DE DOWNLOAD DO EXERCICIO NO JAIL #######################
Soma 199 segundos
Media 0.6633333333333333 segundos
Desvio padr達o 0.4795715680572493 segundos

95% 0.0 segundos
99% 0.0 segundos

############################ TEMPOS DE ESPERA NA FILA ############################
Soma 288953
Media 963.1766666666666 segundos
Desvio padr達o 553.4580491078093 segundos

95% 26.883499999999998 segundos
99% 27.720699999999997 segundos

################### queue_wait_time_list: ######################

[8, 15, 21, 28, 41, 46, 53, 66, 73, 79, 91, 97, 104, 116, 122, 135, 142, 148, 162, 168, 174, 187, 194, 206, 212, 219, 231, 237, 244, 256, 263, 269, 283, 289, 302, 308, 314, 327, 333, 340, 353, 360, 365, 378, 385, 397, 404, 417, 429, 436, 442, 455, 461, 467, 481, 487, 493, 506, 512, 524, 531, 538, 551, 556, 563, 576, 582, 588, 601, 608, 620, 627, 632, 646, 652, 659, 671, 678, 691, 698, 704, 716, 723, 730, 743, 750, 755, 769, 775, 788, 794, 801, 814, 820, 833, 846, 852, 858, 871, 878, 884, 897, 904, 910, 922, 928, 941, 948, 955, 967, 974, 979, 992, 999, 1006, 1019, 1025, 1037, 1044, 1051, 1063, 1069, 1076, 1088, 1095, 1108, 1114, 1121, 1133, 1139, 1146, 1158, 1165, 1171, 1184, 1190, 1203, 1209, 1216, 1228, 1235, 34, 1248, 1261, 1266, 1279, 1286, 1291, 1304, 1310, 1316, 1330, 1336, 1349, 1356, 1362, 1375, 1381, 1387, 1400, 1407, 1414, 1426, 1432, 1445, 1451, 1458, 1471, 1478, 1483, 1496, 1503, 1510, 1522, 1529, 1542, 1547, 1554, 1567, 1574, 1579, 1593, 1599, 1612, 1618, 1624, 1638, 1644, 1675, 1752, 1650, 1771, 1682, 1657, 1707, 1734, 1663, 1688, 1855, 1670, 1714, 1759, 1695, 1739, 1720, 1702, 1791, 1778, 1727, 1746, 1766, 1823, 1810, 1798, 1784, 1835, 1881, 1816, 1804, 1848, 1830, 1874, 1842, 1868, 1862, 1887, 1894, 1899, 1912, 1906, 1919, 60, 85, 110, 129, 155, 180, 199, 225, 249, 276, 295, 320, 346, 372, 391, 410, 423, 449, 474, 499, 518, 544, 570, 595, 615, 639, 666, 685, 711, 736, 762, 782, 808, 916, 827, 839, 864, 891, 935, 961, 986, 1012, 1032, 1057, 1083, 1101, 1126, 1152, 1178, 1196, 1223, 1241, 1254, 1273, 1298, 1323, 1343, 1368, 1394, 1419, 1438, 1465, 1490, 1515, 1535, 1561, 1586, 1606, 1631]

################################################################
################### jail_ex_download_list: ######################

[2, 0, 1, 0, 1, 1, 1, 1, 1, 1, 0, 1, 0, 0, 1, 1, 1, 1, 0, 1, 0, 1, 0, 0, 1, 0, 0, 1, 1, 1, 0, 1, 0, 1, 0, 1, 0, 0, 1, 1, 1, 0, 1, 1, 1, 1, 0, 0, 1, 0, 1, 1, 1, 1, 0, 1, 0, 0, 1, 1, 1, 0, 1, 1, 1, 1, 0, 1, 1, 1, 1, 1, 1, 0, 1, 1, 1, 1, 1, 0, 1, 1, 1, 0, 0, 0, 1, 0, 1, 0, 1, 1, 1, 1, 1, 0, 1, 0, 1, 0, 1, 1, 1, 0, 0, 1, 1, 1, 0, 1, 0, 1, 1, 1, 0, 0, 1, 1, 1, 0, 0, 1, 1, 1, 0, 1, 1, 1, 0, 1, 1, 1, 0, 1, 1, 0, 0, 1, 1, 1, 0, 1, 0, 0, 1, 1, 1, 1, 1, 1, 1, 0, 1, 1, 1, 0, 1, 1, 1, 1, 1, 0, 0, 1, 0, 1, 0, 1, 0, 1, 1, 1, 0, 1, 0, 0, 1, 1, 1, 1, 1, 0, 1, 1, 1, 1, 1, 1, 1, 1, 1, 1, 0, 0, 1, 0, 1, 1, 1, 0, 1, 1, 1, 1, 1, 0, 1, 1, 1, 0, 0, 1, 0, 0, 1, 1, 0, 1, 1, 1, 0, 1, 0, 1, 0, 1, 0, 1, 1, 0, 0, 0, 1, 1, 1, 1, 1, 1, 1, 1, 1, 1, 1, 1, 0, 0, 1, 1, 0, 1, 1, 0, 1, 0, 1, 0, 1, 0, 0, 0, 1, 1, 1, 0, 1, 0, 1, 1, 1, 1, 1, 0, 1, 0, 1, 0, 1, 1, 0, 0, 1, 0, 1, 1, 0, 1, 1, 0, 1, 0, 1, 1, 0, 1, 1, 1, 0, 1, 0, 1]

################################################################
################################################################
################### process_jail_download_list: ######################

[8, 6, 7, 6, 6, 7, 7, 7, 6, 7, 6, 7, 6, 6, 7, 7, 6, 7, 6, 7, 6, 7, 6, 6, 7, 6, 6, 7, 6, 7, 6, 7, 6, 7, 6, 7, 6, 6, 7, 6, 7, 6, 7, 7, 7, 7, 6, 6, 7, 6, 7, 7, 6, 7, 6, 7, 6, 6, 7, 7, 7, 6, 6, 7, 7, 7, 6, 7, 7, 7, 7, 6, 7, 6, 7, 7, 7, 7, 7, 6, 7, 7, 7, 6, 7, 6, 7, 6, 7, 6, 7, 7, 7, 7, 7, 6, 7, 6, 7, 6, 7, 7, 7, 6, 6, 7, 7, 7, 6, 7, 6, 7, 7, 7, 6, 6, 7, 7, 7, 6, 6, 7, 7, 7, 6, 6, 7, 6, 6, 7, 7, 7, 6, 7, 7, 6, 6, 7, 7, 7, 6, 7, 6, 6, 7, 7, 6, 7, 7, 6, 7, 6, 7, 7, 7, 6, 6, 7, 7, 7, 7, 6, 6, 7, 6, 7, 7, 7, 6, 7, 7, 7, 6, 7, 6, 6, 7, 7, 7, 6, 7, 6, 7, 7, 6, 7, 6, 7, 7, 7, 7, 7, 6, 6, 7, 6, 7, 7, 7, 6, 6, 7, 7, 7, 7, 6, 7, 6, 7, 6, 6, 7, 6, 6, 7, 7, 6, 7, 7, 7, 6, 7, 6, 7, 6, 7, 6, 7, 7, 6, 6, 6, 7, 7, 6, 7, 7, 7, 7, 7, 7, 7, 7, 7, 6, 6, 7, 7, 6, 7, 7, 6, 7, 6, 6, 6, 7, 6, 6, 6, 7, 7, 7, 6, 7, 6, 7, 7, 6, 6, 7, 6, 7, 6, 7, 6, 7, 7, 6, 6, 7, 6, 7, 7, 6, 6, 7, 6, 7, 6, 7, 7, 6, 6, 7, 7, 6, 7, 6, 7]

################################################################
################################################################
################### process_jail_list: ######################

[6, 6, 6, 6, 5, 6, 6, 6, 5, 6, 6, 6, 6, 6, 6, 6, 5, 6, 6, 6, 6, 6, 6, 6, 6, 6, 6, 6, 5, 6, 6, 6, 6, 6, 6, 6, 6, 6, 6, 5, 6, 6, 6, 6, 6, 6, 6, 6, 6, 6, 6, 6, 5, 6, 6, 6, 6, 6, 6, 6, 6, 6, 5, 6, 6, 6, 6, 6, 6, 6, 6, 5, 6, 6, 6, 6, 6, 6, 6, 6, 6, 6, 6, 6, 7, 6, 6, 6, 6, 6, 6, 6, 6, 6, 6, 6, 6, 6, 6, 6, 6, 6, 6, 6, 6, 6, 6, 6, 6, 6, 6, 6, 6, 6, 6, 6, 6, 6, 6, 6, 6, 6, 6, 6, 6, 5, 6, 5, 6, 6, 6, 6, 6, 6, 6, 6, 6, 6, 6, 6, 6, 6, 6, 6, 6, 6, 5, 6, 6, 5, 6, 6, 6, 6, 6, 6, 5, 6, 6, 6, 6, 6, 6, 6, 6, 6, 7, 6, 6, 6, 6, 6, 6, 6, 6, 6, 6, 6, 6, 5, 6, 6, 6, 6, 5, 6, 5, 6, 6, 6, 6, 6, 6, 6, 6, 6, 6, 6, 6, 6, 5, 6, 6, 6, 6, 6, 6, 5, 6, 6, 6, 6, 6, 6, 6, 6, 6, 6, 6, 6, 6, 6, 6, 6, 6, 6, 6, 6, 6, 6, 6, 6, 6, 6, 5, 6, 6, 6, 6, 6, 6, 6, 6, 6, 6, 6, 6, 6, 6, 6, 6, 6, 6, 6, 5, 6, 6, 6, 6, 6, 6, 6, 6, 6, 6, 6, 6, 6, 5, 5, 6, 6, 6, 6, 6, 6, 6, 6, 6, 6, 6, 6, 6, 6, 6, 5, 6, 6, 6, 6, 6, 6, 6, 5, 6, 6, 6, 6, 6, 6]

################################################################
