Numero total de amostras 300

Tempo total de processamento: 0:32:47

############## TEMPOS DE PROCESSAMENTO DO EXERCICIO NO JAIL  ####################
Soma 1772 segundos
Media 5.906666666666666 segundos
Desvio padr達o 0.30214051182999097 segundos

95% 5.0 segundos
99% 5.0 segundos

############## TEMPOS DE PROCESSAMENTO DO EXERCICIO NO JAIL COM DOWNLOAD  ################
Soma 1968 segundos
Media 6.56 segundos
Desvio padr達o 0.49638694583963433 segundos

95% 6.0 segundos
99% 6.0 segundos

################### TEMPOS DE DOWNLOAD DO EXERCICIO NO JAIL #######################
Soma 196 segundos
Media 0.6533333333333333 segundos
Desvio padr達o 0.47590848793532653 segundos

95% 0.0 segundos
99% 0.0 segundos

############################ TEMPOS DE ESPERA NA FILA ############################
Soma 285679
Media 952.2633333333333 segundos
Desvio padr達o 550.899253332424 segundos

95% 19.043000000000003 segundos
99% 19.760599999999997 segundos

################### queue_wait_time_list: ######################

[7, 14, 1, 20, 27, 33, 39, 45, 52, 58, 65, 70, 77, 90, 96, 102, 115, 122, 134, 140, 147, 160, 166, 172, 185, 192, 204, 211, 217, 229, 236, 243, 256, 262, 268, 281, 288, 300, 307, 313, 325, 332, 338, 352, 357, 364, 377, 389, 402, 409, 415, 427, 434, 440, 453, 459, 466, 479, 485, 498, 505, 511, 523, 530, 536, 548, 555, 561, 575, 580, 593, 600, 606, 618, 625, 632, 644, 650, 663, 670, 675, 688, 695, 701, 714, 720, 726, 738, 745, 758, 764, 770, 783, 790, 802, 815, 821, 828, 840, 847, 853, 865, 872, 879, 892, 898, 911, 917, 924, 936, 943, 949, 961, 968, 974, 987, 993, 1006, 1013, 1018, 1032, 1038, 1045, 1057, 1063, 1077, 1083, 1089, 1102, 1109, 1115, 1127, 1134, 1141, 1153, 1159, 1173, 1179, 1185, 1198, 1204, 1217, 1230, 1236, 1243, 1255, 1262, 1268, 1281, 1287, 1294, 1307, 1312, 1326, 1332, 1339, 1351, 1357, 1364, 1376, 1383, 1389, 1402, 1408, 1421, 1428, 1434, 1446, 1453, 1459, 1471, 1478, 1491, 1497, 1503, 1516, 1523, 1529, 1541, 1548, 1554, 1566, 1573, 1586, 1592, 1597, 1611, 1617, 84, 109, 128, 154, 179, 198, 224, 249, 275, 294, 320, 345, 370, 396, 384, 1629, 1636, 1649, 1655, 1667, 1674, 1680, 1692, 1699, 1705, 1718, 1724, 1737, 1743, 1750, 1762, 1769, 1775, 1787, 1794, 1800, 1813, 1819, 1832, 1839, 1845, 1857, 1864, 1870, 1882, 1889, 1896, 421, 447, 473, 491, 517, 543, 568, 587, 612, 638, 657, 682, 707, 732, 751, 776, 1275, 796, 808, 833, 860, 885, 904, 929, 956, 981, 1000, 1025, 1051, 1070, 1096, 1121, 1146, 1166, 1191, 1211, 1223, 1249, 1300, 1319, 1344, 1370, 1396, 1414, 1439, 1466, 1484, 1509, 1535, 1561, 1579, 1604, 1624, 1642, 1661, 1687, 1712, 1730, 1756, 1781, 1807, 1826, 1851, 1877, 1902]

################################################################
################### jail_ex_download_list: ######################

[1, 0, 1, 1, 0, 1, 0, 1, 0, 1, 0, 1, 1, 1, 0, 1, 1, 0, 1, 1, 1, 1, 0, 1, 1, 1, 1, 0, 1, 1, 1, 1, 1, 0, 1, 1, 1, 1, 0, 1, 1, 0, 1, 0, 1, 0, 1, 1, 1, 0, 1, 1, 0, 1, 0, 1, 0, 1, 0, 1, 0, 1, 1, 1, 1, 1, 1, 1, 0, 1, 1, 0, 1, 1, 1, 0, 0, 1, 1, 0, 1, 1, 0, 1, 0, 1, 0, 1, 1, 0, 1, 1, 1, 0, 0, 0, 1, 1, 1, 0, 1, 1, 1, 0, 1, 0, 0, 1, 0, 1, 0, 1, 1, 1, 1, 1, 1, 1, 0, 1, 0, 1, 0, 1, 1, 0, 1, 1, 1, 1, 1, 1, 1, 0, 0, 1, 0, 1, 0, 1, 1, 0, 1, 1, 1, 1, 1, 1, 0, 1, 0, 0, 1, 0, 1, 0, 1, 1, 1, 1, 0, 1, 1, 0, 1, 0, 1, 1, 0, 1, 1, 0, 0, 1, 0, 1, 0, 1, 1, 0, 1, 1, 0, 0, 1, 1, 0, 1, 0, 0, 1, 0, 0, 0, 1, 1, 0, 0, 0, 1, 1, 0, 0, 1, 0, 0, 1, 1, 0, 1, 1, 1, 1, 1, 1, 1, 1, 1, 1, 0, 1, 1, 0, 1, 1, 1, 1, 0, 1, 1, 0, 1, 1, 1, 0, 0, 1, 0, 1, 1, 1, 1, 0, 1, 1, 0, 0, 1, 1, 1, 1, 1, 1, 1, 1, 1, 1, 1, 1, 0, 1, 0, 1, 1, 1, 0, 1, 1, 1, 1, 1, 1, 0, 1, 1, 1, 1, 0, 1, 1, 0, 1, 1, 0, 0, 1, 1, 0, 1, 0, 1, 0, 1, 0, 0, 0, 0, 0, 0, 1]

################################################################
################################################################
################### process_jail_download_list: ######################

[7, 6, 7, 7, 6, 7, 6, 7, 6, 7, 6, 7, 7, 7, 6, 7, 7, 6, 6, 7, 7, 7, 6, 7, 7, 7, 7, 6, 7, 7, 7, 6, 7, 6, 7, 7, 7, 7, 6, 7, 7, 6, 7, 6, 7, 6, 7, 7, 7, 6, 7, 7, 6, 7, 6, 7, 7, 7, 6, 7, 6, 7, 7, 6, 7, 7, 6, 7, 6, 7, 7, 6, 7, 7, 7, 6, 6, 7, 7, 6, 7, 7, 6, 7, 6, 7, 6, 7, 6, 6, 7, 6, 7, 6, 6, 6, 7, 6, 7, 6, 7, 7, 7, 6, 7, 6, 6, 7, 6, 7, 6, 7, 7, 6, 7, 7, 7, 7, 6, 7, 6, 7, 6, 6, 7, 6, 7, 7, 7, 6, 7, 7, 7, 6, 6, 7, 6, 7, 6, 6, 7, 6, 6, 7, 7, 7, 6, 7, 6, 7, 6, 6, 7, 6, 7, 6, 6, 7, 6, 7, 6, 7, 7, 6, 7, 6, 6, 7, 6, 7, 7, 6, 6, 7, 6, 7, 6, 7, 7, 6, 7, 7, 6, 6, 6, 7, 6, 7, 6, 6, 7, 6, 6, 6, 6, 7, 6, 6, 6, 7, 7, 6, 6, 7, 6, 6, 7, 7, 6, 7, 7, 6, 7, 7, 6, 6, 7, 7, 7, 6, 7, 7, 6, 7, 7, 7, 7, 6, 7, 7, 6, 7, 7, 7, 6, 6, 7, 6, 7, 6, 6, 7, 6, 6, 7, 6, 6, 7, 6, 7, 7, 7, 7, 7, 7, 6, 7, 7, 7, 6, 6, 6, 7, 7, 7, 6, 6, 7, 7, 7, 7, 7, 6, 7, 7, 7, 7, 6, 7, 7, 6, 7, 7, 6, 6, 7, 7, 6, 7, 6, 6, 6, 7, 6, 6, 6, 6, 6, 6, 7]

################################################################
################################################################
################### process_jail_list: ######################

[6, 6, 6, 6, 6, 6, 6, 6, 6, 6, 6, 6, 6, 6, 6, 6, 6, 6, 5, 6, 6, 6, 6, 6, 6, 6, 6, 6, 6, 6, 6, 5, 6, 6, 6, 6, 6, 6, 6, 6, 6, 6, 6, 6, 6, 6, 6, 6, 6, 6, 6, 6, 6, 6, 6, 6, 7, 6, 6, 6, 6, 6, 6, 5, 6, 6, 5, 6, 6, 6, 6, 6, 6, 6, 6, 6, 6, 6, 6, 6, 6, 6, 6, 6, 6, 6, 6, 6, 5, 6, 6, 5, 6, 6, 6, 6, 6, 5, 6, 6, 6, 6, 6, 6, 6, 6, 6, 6, 6, 6, 6, 6, 6, 5, 6, 6, 6, 6, 6, 6, 6, 6, 6, 5, 6, 6, 6, 6, 6, 5, 6, 6, 6, 6, 6, 6, 6, 6, 6, 5, 6, 6, 5, 6, 6, 6, 5, 6, 6, 6, 6, 6, 6, 6, 6, 6, 5, 6, 5, 6, 6, 6, 6, 6, 6, 6, 5, 6, 6, 6, 6, 6, 6, 6, 6, 6, 6, 6, 6, 6, 6, 6, 6, 6, 5, 6, 6, 6, 6, 6, 6, 6, 6, 6, 5, 6, 6, 6, 6, 6, 6, 6, 6, 6, 6, 6, 6, 6, 6, 6, 6, 5, 6, 6, 5, 5, 6, 6, 6, 6, 6, 6, 6, 6, 6, 6, 6, 6, 6, 6, 6, 6, 6, 6, 6, 6, 6, 6, 6, 5, 5, 6, 6, 5, 6, 6, 6, 6, 5, 6, 6, 6, 6, 6, 6, 5, 6, 6, 6, 6, 5, 6, 6, 6, 6, 6, 5, 6, 6, 6, 6, 6, 6, 6, 6, 6, 6, 6, 6, 6, 6, 6, 6, 6, 6, 6, 6, 6, 6, 6, 5, 6, 6, 6, 6, 6, 6, 6, 6, 6]

################################################################
