Numero total de amostras 300

Tempo total de processamento: 1:18:53

############## TEMPOS DE PROCESSAMENTO DO EXERCICIO NO JAIL  ####################
Soma 3997 segundos
Media 13.323333333333334 segundos
Desvio padr達o 4.255050593771543 segundos

95% 8.0 segundos
99% 8.0 segundos

############## TEMPOS DE PROCESSAMENTO DO EXERCICIO NO JAIL COM DOWNLOAD  ################
Soma 4735 segundos
Media 15.783333333333333 segundos
Desvio padr達o 5.189385534167049 segundos

95% 10.0 segundos
99% 10.0 segundos

################### TEMPOS DE DOWNLOAD DO EXERCICIO NO JAIL #######################
Soma 738 segundos
Media 2.46 segundos
Desvio padr達o 1.366894289987342 segundos

95% 1.0 segundos
99% 1.0 segundos

############################ TEMPOS DE ESPERA NA FILA ############################
Soma 732009
Media 2440.03 segundos
Desvio padr達o 1401.8993362934445 segundos

95% 55.9695 segundos
99% 58.241899999999994 segundos

################### queue_wait_time_list: ######################

[5, 23, 40, 59, 82, 95, 115, 142, 152, 167, 190, 201, 211, 250, 264, 296, 310, 326, 361, 374, 397, 435, 455, 481, 491, 501, 532, 546, 555, 585, 596, 610, 636, 652, 681, 710, 733, 789, 814, 851, 905, 926, 952, 990, 1011, 1045, 1069, 1109, 1161, 1176, 1189, 1212, 1228, 1244, 1268, 1280, 1296, 1318, 1328, 1352, 1363, 1373, 1394, 1417, 1435, 1457, 1470, 1481, 1504, 1516, 1542, 1553, 1563, 1587, 1599, 1609, 1631, 1646, 1667, 1679, 1694, 1738, 1756, 1776, 1809, 1832, 1854, 1889, 1905, 1937, 1955, 1967, 2001, 2032, 2075, 2107, 2128, 2141, 2166, 2186, 2207, 2243, 2264, 2281, 2325, 2342, 2376, 2396, 2415, 2452, 2472, 2488, 2524, 2556, 2581, 2649, 2673, 2720, 2742, 2761, 2798, 2811, 2836, 2880, 2912, 2945, 2964, 2982, 3028, 3045, 3059, 3091, 3104, 3117, 3148, 3161, 3196, 3214, 3225, 3253, 3265, 3294, 3327, 3340, 3355, 3386, 3400, 3417, 3444, 3455, 3471, 3515, 3528, 3555, 3567, 3579, 3609, 3623, 3636, 3666, 3679, 3693, 3725, 3738, 3763, 3780, 3799, 3818, 3829, 3840, 3867, 3877, 3912, 3923, 3933, 3959, 3970, 3982, 4003, 4015, 4025, 4045, 4054, 4082, 4097, 4106, 4128, 4138, 71, 131, 179, 232, 281, 343, 418, 470, 516, 569, 622, 665, 767, 878, 971, 1027, 4160, 1085, 4173, 4184, 4209, 4219, 4239, 4249, 4260, 4280, 4290, 4300, 4328, 4337, 4359, 4379, 4395, 4418, 4433, 4443, 4467, 4478, 4491, 4516, 4527, 4559, 4573, 4585, 4618, 4631, 4644, 1142, 1201, 1257, 1308, 1338, 1383, 1447, 1492, 1529, 1576, 1619, 1656, 1719, 1792, 1869, 1919, 1977, 3370, 2056, 2091, 2154, 2225, 2304, 2361, 2435, 2507, 2622, 2696, 2783, 2856, 2929, 3002, 3076, 3134, 3175, 3237, 3431, 3279, 3311, 3495, 3542, 3593, 3652, 3708, 3749, 3809, 3853, 3895, 3946, 3992, 4035, 4064, 4117, 4148, 4198, 4228, 4270, 4315, 4347, 4405, 4457, 4505, 4543, 4603, 4659]

################################################################
################### jail_ex_download_list: ######################

[5, 3, 4, 2, 2, 3, 3, 1, 2, 1, 2, 2, 1, 2, 2, 2, 2, 2, 2, 4, 5, 2, 5, 1, 1, 2, 2, 0, 3, 2, 3, 1, 3, 2, 4, 4, 4, 3, 8, 5, 3, 6, 3, 4, 2, 5, 2, 7, 2, 1, 1, 2, 3, 2, 3, 3, 2, 1, 1, 1, 1, 2, 2, 4, 2, 2, 1, 1, 3, 1, 1, 1, 2, 2, 1, 1, 3, 1, 2, 3, 4, 3, 4, 2, 2, 4, 3, 3, 1, 3, 2, 1, 6, 4, 2, 3, 2, 2, 1, 5, 3, 3, 2, 2, 4, 3, 5, 4, 2, 2, 2, 2, 7, 5, 5, 5, 5, 5, 3, 4, 2, 4, 3, 4, 3, 4, 3, 3, 2, 3, 2, 2, 2, 2, 3, 2, 4, 2, 3, 1, 2, 2, 2, 2, 1, 2, 3, 3, 1, 3, 2, 1, 2, 1, 2, 3, 3, 2, 3, 3, 3, 2, 2, 1, 2, 3, 2, 3, 1, 2, 1, 2, 2, 1, 1, 1, 1, 1, 1, 2, 2, 2, 1, 4, 1, 2, 1, 1, 2, 1, 1, 3, 3, 4, 3, 1, 4, 4, 1, 1, 7, 6, 3, 2, 2, 3, 2, 3, 1, 2, 1, 2, 1, 1, 2, 0, 2, 2, 2, 3, 1, 2, 1, 2, 2, 2, 3, 1, 2, 2, 2, 3, 2, 2, 3, 3, 1, 1, 1, 1, 1, 1, 2, 2, 1, 1, 2, 8, 2, 2, 4, 4, 4, 3, 2, 2, 3, 5, 3, 4, 3, 6, 5, 2, 4, 3, 6, 2, 3, 2, 3, 2, 2, 3, 3, 3, 2, 1, 1, 1, 1, 3, 4, 1, 2, 1, 1, 2, 1, 2, 2, 1, 2, 3, 1, 1, 1, 3, 4, 5]

################################################################
################################################################
################### process_jail_download_list: ######################

[18, 17, 19, 12, 13, 20, 16, 11, 15, 12, 11, 11, 21, 14, 17, 14, 16, 17, 14, 23, 21, 20, 16, 10, 10, 15, 14, 9, 14, 12, 14, 12, 16, 14, 29, 23, 34, 24, 37, 27, 22, 26, 19, 22, 16, 24, 16, 34, 15, 13, 12, 16, 16, 13, 13, 16, 12, 10, 11, 11, 10, 10, 23, 18, 12, 14, 11, 11, 12, 14, 11, 10, 13, 12, 10, 10, 16, 10, 12, 15, 26, 18, 20, 16, 23, 22, 15, 17, 14, 18, 12, 11, 31, 23, 17, 21, 13, 13, 20, 21, 18, 21, 17, 23, 17, 20, 19, 19, 20, 20, 16, 19, 33, 25, 41, 24, 24, 22, 19, 22, 13, 25, 20, 33, 17, 19, 18, 21, 17, 14, 17, 13, 13, 17, 14, 14, 18, 11, 13, 12, 14, 18, 13, 15, 15, 14, 17, 14, 11, 16, 24, 13, 15, 12, 12, 14, 14, 13, 16, 14, 14, 15, 14, 11, 17, 19, 10, 11, 11, 13, 11, 18, 11, 11, 13, 11, 12, 11, 12, 10, 10, 10, 10, 15, 9, 12, 10, 10, 12, 11, 11, 18, 16, 18, 17, 11, 17, 16, 14, 16, 23, 27, 19, 18, 14, 24, 11, 14, 10, 10, 10, 11, 10, 10, 10, 15, 10, 10, 20, 17, 10, 15, 10, 14, 11, 13, 14, 12, 16, 14, 12, 19, 13, 13, 16, 19, 12, 11, 10, 14, 12, 10, 12, 13, 12, 12, 11, 19, 18, 20, 18, 24, 17, 19, 16, 13, 19, 21, 15, 18, 17, 27, 24, 16, 24, 16, 26, 16, 14, 21, 16, 14, 15, 16, 20, 13, 17, 14, 17, 14, 10, 14, 17, 13, 11, 10, 18, 11, 12, 11, 11, 11, 13, 12, 13, 11, 11, 16, 15, 24]

################################################################
################################################################
################### process_jail_list: ######################

[13, 14, 15, 10, 11, 17, 13, 10, 13, 11, 9, 9, 20, 12, 15, 12, 14, 15, 12, 19, 16, 18, 11, 9, 9, 13, 12, 9, 11, 10, 11, 11, 13, 12, 25, 19, 30, 21, 29, 22, 19, 20, 16, 18, 14, 19, 14, 27, 13, 12, 11, 14, 13, 11, 10, 13, 10, 9, 10, 10, 9, 8, 21, 14, 10, 12, 10, 10, 9, 13, 10, 9, 11, 10, 9, 9, 13, 9, 10, 12, 22, 15, 16, 14, 21, 18, 12, 14, 13, 15, 10, 10, 25, 19, 15, 18, 11, 11, 19, 16, 15, 18, 15, 21, 13, 17, 14, 15, 18, 18, 14, 17, 26, 20, 36, 19, 19, 17, 16, 18, 11, 21, 17, 29, 14, 15, 15, 18, 15, 11, 15, 11, 11, 15, 11, 12, 14, 9, 10, 11, 12, 16, 11, 13, 14, 12, 14, 11, 10, 13, 22, 12, 13, 11, 10, 11, 11, 11, 13, 11, 11, 13, 12, 10, 15, 16, 8, 8, 10, 11, 10, 16, 9, 10, 12, 10, 11, 10, 11, 8, 8, 8, 9, 11, 8, 10, 9, 9, 10, 10, 10, 15, 13, 14, 14, 10, 13, 12, 13, 15, 16, 21, 16, 16, 12, 21, 9, 11, 9, 8, 9, 9, 9, 9, 8, 15, 8, 8, 18, 14, 9, 13, 9, 12, 9, 11, 11, 11, 14, 12, 10, 16, 11, 11, 13, 16, 11, 10, 9, 13, 11, 9, 10, 11, 11, 11, 9, 11, 16, 18, 14, 20, 13, 16, 14, 11, 16, 16, 12, 14, 14, 21, 19, 14, 20, 13, 20, 14, 11, 19, 13, 12, 13, 13, 17, 10, 15, 13, 16, 13, 9, 11, 13, 12, 9, 9, 17, 9, 11, 9, 9, 10, 11, 9, 12, 10, 10, 13, 11, 19]

################################################################
