Numero total de amostras 300

Tempo total de processamento: 1:09:06

############## TEMPOS DE PROCESSAMENTO DO EXERCICIO NO JAIL  ####################
Soma 3516 segundos
Media 11.72 segundos
Desvio padr達o 3.20337322208949 segundos

95% 8.0 segundos
99% 8.0 segundos

############## TEMPOS DE PROCESSAMENTO DO EXERCICIO NO JAIL COM DOWNLOAD  ################
Soma 4138 segundos
Media 13.793333333333333 segundos
Desvio padr達o 3.9341185656877307 segundos

95% 9.0 segundos
99% 9.0 segundos

################### TEMPOS DE DOWNLOAD DO EXERCICIO NO JAIL #######################
Soma 622 segundos
Media 2.0733333333333333 segundos
Desvio padr達o 1.089933739066534 segundos

95% 1.0 segundos
99% 1.0 segundos

############################ TEMPOS DE ESPERA NA FILA ############################
Soma 606412
Media 2021.3733333333332 segundos
Desvio padr達o 1192.521608730378 segundos

95% 42.44799999999999 segundos
99% 44.361599999999996 segundos

################### queue_wait_time_list: ######################

[5, 16, 29, 45, 77, 87, 98, 136, 154, 178, 216, 231, 245, 265, 277, 299, 307, 317, 338, 348, 356, 373, 383, 403, 415, 426, 446, 457, 468, 486, 496, 504, 525, 536, 554, 565, 584, 609, 623, 645, 668, 679, 693, 715, 725, 763, 779, 805, 828, 839, 851, 876, 887, 899, 931, 949, 960, 986, 997, 1017, 1031, 1044, 1075, 1087, 1104, 1137, 1152, 1169, 1200, 1216, 1261, 1275, 1289, 1313, 1321, 1333, 1358, 1373, 1409, 1422, 1434, 1465, 1479, 1491, 1522, 1540, 1553, 1585, 1600, 1627, 1642, 1658, 1693, 1711, 1742, 1786, 1806, 1834, 1874, 1893, 1907, 1952, 1969, 1981, 2016, 2028, 2061, 2075, 2086, 2110, 2125, 2137, 2156, 2168, 2180, 2202, 2211, 2241, 2252, 2262, 2284, 2297, 2312, 2336, 2348, 2369, 2378, 2387, 2414, 2429, 2439, 2461, 2472, 2483, 2505, 2516, 2541, 2552, 2561, 2587, 2598, 2620, 2643, 2653, 2664, 2686, 2696, 2712, 2734, 2745, 2755, 2779, 2789, 2810, 2822, 2834, 2852, 2865, 2879, 2908, 2923, 2946, 2978, 3004, 3040, 3058, 3074, 3109, 3130, 3151, 3188, 3202, 3225, 3249, 3266, 3293, 3311, 3324, 3348, 3359, 3369, 3390, 3403, 3435, 3445, 3457, 3478, 3492, 63, 118, 198, 254, 288, 327, 365, 394, 434, 477, 514, 545, 598, 658, 705, 744, 3516, 791, 3531, 3556, 3594, 3615, 3639, 3654, 3667, 3689, 3705, 3722, 3747, 3762, 3790, 3803, 3817, 3843, 3855, 3864, 3903, 3916, 3931, 3960, 3971, 3993, 4007, 4024, 4045, 4056, 4070, 818, 864, 912, 973, 1008, 1063, 1124, 1186, 1249, 1301, 1346, 1389, 1451, 1506, 1567, 1612, 1672, 2675, 1726, 1768, 1857, 1927, 1997, 2044, 2097, 2147, 2191, 2222, 2273, 2323, 2359, 2398, 2450, 2494, 2527, 2575, 2725, 2607, 2633, 2767, 2799, 2843, 2892, 2963, 3027, 3092, 3167, 3211, 3279, 3336, 3379, 3421, 3466, 3503, 3571, 3628, 3677, 3736, 3777, 3832, 3877, 3945, 3980, 4034, 4082]

################################################################
################### jail_ex_download_list: ######################

[1, 2, 1, 3, 1, 1, 3, 3, 4, 4, 3, 3, 1, 1, 2, 1, 1, 1, 1, 1, 1, 2, 2, 2, 2, 1, 1, 2, 1, 1, 1, 1, 1, 1, 1, 3, 3, 2, 2, 2, 1, 1, 2, 2, 2, 4, 1, 2, 2, 1, 1, 2, 2, 2, 4, 3, 2, 1, 2, 2, 2, 3, 2, 2, 5, 2, 3, 3, 3, 7, 2, 2, 2, 1, 2, 1, 1, 2, 4, 2, 3, 2, 2, 2, 3, 2, 2, 2, 2, 3, 3, 2, 2, 2, 3, 5, 4, 7, 3, 2, 3, 4, 2, 2, 2, 2, 2, 2, 3, 3, 3, 1, 1, 2, 2, 1, 1, 3, 1, 1, 3, 1, 2, 2, 2, 1, 1, 2, 3, 1, 1, 2, 2, 1, 2, 1, 2, 1, 2, 1, 1, 1, 2, 1, 1, 1, 3, 2, 2, 1, 2, 2, 1, 1, 1, 1, 2, 1, 1, 2, 5, 4, 4, 6, 3, 4, 2, 3, 4, 2, 3, 1, 4, 3, 2, 5, 3, 2, 2, 1, 1, 1, 2, 2, 2, 1, 2, 1, 4, 4, 3, 1, 1, 1, 0, 2, 2, 1, 1, 1, 1, 1, 2, 4, 2, 3, 3, 3, 3, 2, 2, 2, 1, 2, 2, 3, 3, 2, 2, 3, 1, 2, 1, 2, 4, 1, 1, 1, 1, 2, 4, 1, 2, 3, 1, 2, 2, 2, 2, 1, 3, 2, 2, 2, 2, 2, 5, 2, 2, 3, 2, 3, 1, 3, 4, 3, 3, 3, 2, 2, 1, 1, 3, 1, 1, 1, 1, 1, 1, 1, 2, 1, 2, 2, 2, 2, 1, 3, 3, 2, 2, 5, 2, 1, 2, 1, 3, 3, 1, 4, 2, 1, 2, 2, 1, 4, 3, 1, 1, 1]

################################################################
################################################################
################### process_jail_download_list: ######################

[12, 13, 16, 18, 11, 11, 20, 18, 25, 20, 15, 14, 10, 12, 11, 9, 10, 10, 10, 9, 9, 10, 11, 12, 11, 8, 12, 11, 9, 10, 9, 10, 11, 9, 11, 19, 14, 15, 22, 13, 11, 15, 12, 10, 19, 16, 12, 13, 11, 12, 13, 12, 12, 13, 18, 12, 13, 11, 11, 14, 13, 19, 13, 17, 20, 15, 18, 17, 16, 32, 14, 14, 12, 9, 12, 13, 15, 17, 13, 12, 17, 13, 12, 15, 19, 13, 14, 15, 13, 15, 16, 14, 18, 15, 26, 20, 28, 23, 20, 14, 20, 17, 13, 16, 12, 16, 14, 11, 11, 16, 12, 10, 12, 13, 11, 9, 11, 11, 10, 11, 14, 15, 11, 12, 12, 9, 9, 11, 15, 10, 11, 12, 11, 11, 11, 12, 11, 9, 14, 10, 9, 13, 10, 11, 11, 11, 16, 13, 11, 11, 12, 10, 10, 12, 12, 9, 14, 14, 13, 15, 24, 17, 26, 23, 18, 16, 18, 22, 21, 16, 14, 10, 23, 17, 13, 18, 13, 12, 12, 10, 10, 13, 19, 10, 12, 9, 14, 11, 13, 18, 18, 11, 11, 11, 8, 10, 12, 9, 11, 10, 11, 10, 10, 20, 15, 14, 26, 15, 21, 13, 15, 13, 10, 16, 17, 14, 15, 16, 13, 14, 15, 11, 9, 13, 14, 15, 14, 11, 10, 14, 17, 10, 11, 14, 12, 11, 12, 19, 13, 10, 12, 13, 14, 13, 12, 11, 20, 15, 16, 18, 15, 22, 11, 16, 19, 17, 25, 19, 18, 12, 9, 11, 20, 11, 13, 10, 17, 11, 11, 14, 13, 9, 13, 11, 12, 12, 9, 16, 15, 14, 17, 21, 14, 15, 12, 11, 14, 13, 13, 23, 12, 12, 11, 13, 12, 26, 15, 13, 12, 10]

################################################################
################################################################
################### process_jail_list: ######################

[11, 11, 15, 15, 10, 10, 17, 15, 21, 16, 12, 11, 9, 11, 9, 8, 9, 9, 9, 8, 8, 8, 9, 10, 9, 7, 11, 9, 8, 9, 8, 9, 10, 8, 10, 16, 11, 13, 20, 11, 10, 14, 10, 8, 17, 12, 11, 11, 9, 11, 12, 10, 10, 11, 14, 9, 11, 10, 9, 12, 11, 16, 11, 15, 15, 13, 15, 14, 13, 25, 12, 12, 10, 8, 10, 12, 14, 15, 9, 10, 14, 11, 10, 13, 16, 11, 12, 13, 11, 12, 13, 12, 16, 13, 23, 15, 24, 16, 17, 12, 17, 13, 11, 14, 10, 14, 12, 9, 8, 13, 9, 9, 11, 11, 9, 8, 10, 8, 9, 10, 11, 14, 9, 10, 10, 8, 8, 9, 12, 9, 10, 10, 9, 10, 9, 11, 9, 8, 12, 9, 8, 12, 8, 10, 10, 10, 13, 11, 9, 10, 10, 8, 9, 11, 11, 8, 12, 13, 12, 13, 19, 13, 22, 17, 15, 12, 16, 19, 17, 14, 11, 9, 19, 14, 11, 13, 10, 10, 10, 9, 9, 12, 17, 8, 10, 8, 12, 10, 9, 14, 15, 10, 10, 10, 8, 8, 10, 8, 10, 9, 10, 9, 8, 16, 13, 11, 23, 12, 18, 11, 13, 11, 9, 14, 15, 11, 12, 14, 11, 11, 14, 9, 8, 11, 10, 14, 13, 10, 9, 12, 13, 9, 9, 11, 11, 9, 10, 17, 11, 9, 9, 11, 12, 11, 10, 9, 15, 13, 14, 15, 13, 19, 10, 13, 15, 14, 22, 16, 16, 10, 8, 10, 17, 10, 12, 9, 16, 10, 10, 13, 11, 8, 11, 9, 10, 10, 8, 13, 12, 12, 15, 16, 12, 14, 10, 10, 11, 10, 12, 19, 10, 11, 9, 11, 11, 22, 12, 12, 11, 9]

################################################################
