Numero total de amostras 300

Tempo total de processamento: 0:32:56

############## TEMPOS DE PROCESSAMENTO DO EXERCICIO NO JAIL  ####################
Soma 1778 segundos
Media 5.926666666666667 segundos
Desvio padr達o 0.2606828639468954 segundos

95% 5.0 segundos
99% 5.0 segundos

############## TEMPOS DE PROCESSAMENTO DO EXERCICIO NO JAIL COM DOWNLOAD  ################
Soma 1977 segundos
Media 6.59 segundos
Desvio padr達o 0.4918333050943175 segundos

95% 6.0 segundos
99% 6.0 segundos

################### TEMPOS DE DOWNLOAD DO EXERCICIO NO JAIL #######################
Soma 199 segundos
Media 0.6633333333333333 segundos
Desvio padr達o 0.47256980671877696 segundos

95% 0.0 segundos
99% 0.0 segundos

############################ TEMPOS DE ESPERA NA FILA ############################
Soma 287768
Media 959.2266666666667 segundos
Desvio padr達o 552.3803538223358 segundos

95% 22.8835 segundos
99% 23.720699999999997 segundos

################### queue_wait_time_list: ######################

[24, 4, 10, 30, 43, 49, 56, 69, 75, 81, 95, 101, 113, 120, 127, 139, 146, 152, 166, 171, 178, 191, 198, 210, 217, 223, 235, 242, 249, 262, 267, 274, 287, 293, 306, 312, 319, 331, 338, 344, 357, 363, 376, 383, 389, 402, 408, 17, 427, 433, 440, 453, 459, 465, 479, 485, 491, 504, 510, 522, 529, 536, 549, 555, 561, 574, 581, 587, 600, 606, 619, 625, 632, 645, 651, 657, 670, 677, 689, 695, 702, 714, 721, 728, 741, 747, 753, 766, 773, 785, 791, 798, 810, 816, 829, 841, 848, 854, 868, 873, 880, 893, 899, 905, 918, 924, 936, 942, 949, 962, 967, 974, 987, 994, 999, 1012, 1019, 1030, 1037, 1043, 1056, 1062, 1069, 1082, 1088, 1100, 1107, 1114, 1126, 1132, 1139, 1151, 1158, 1164, 1178, 1184, 1197, 1203, 1210, 1222, 1228, 1286, 1235, 1338, 1293, 1242, 1383, 1248, 1299, 1344, 1254, 1421, 1306, 1261, 1350, 1267, 1312, 1389, 1274, 1318, 1281, 1357, 1396, 1324, 1363, 1331, 1402, 1370, 1377, 1409, 1415, 37, 1435, 1447, 1454, 1467, 1473, 1479, 1492, 1499, 1505, 1518, 1524, 1538, 1543, 1550, 1563, 1570, 1576, 1588, 1594, 1600, 1613, 1620, 1633, 1639, 1645, 1658, 1665, 1670, 1683, 1690, 1696, 1708, 1715, 1728, 1734, 1741, 1754, 1760, 1766, 1779, 1786, 1798, 1805, 1812, 1825, 1831, 63, 88, 107, 132, 159, 184, 204, 230, 255, 280, 299, 325, 351, 370, 395, 414, 421, 447, 472, 497, 517, 542, 568, 593, 613, 639, 664, 682, 708, 734, 760, 778, 804, 836, 823, 861, 886, 911, 930, 1844, 1850, 1863, 1869, 1876, 1889, 1895, 1908, 1915, 955, 981, 1006, 1025, 1050, 1075, 1094, 1120, 1146, 1171, 1190, 1216, 1428, 1441, 1460, 1486, 1511, 1531, 1557, 1582, 1607, 1627, 1652, 1677, 1702, 1722, 1747, 1773, 1793, 1818, 1837, 1857, 1882, 1901]

################################################################
################### jail_ex_download_list: ######################

[1, 1, 1, 1, 0, 1, 1, 1, 0, 1, 0, 1, 1, 1, 0, 1, 0, 1, 0, 1, 0, 1, 1, 1, 0, 1, 1, 1, 0, 0, 1, 1, 0, 1, 0, 1, 1, 1, 0, 1, 1, 1, 1, 1, 1, 0, 1, 1, 0, 1, 1, 1, 0, 1, 0, 1, 0, 0, 1, 1, 1, 0, 1, 0, 1, 1, 1, 0, 0, 1, 0, 1, 1, 1, 0, 1, 1, 0, 0, 1, 1, 1, 1, 0, 1, 0, 1, 1, 1, 0, 1, 0, 0, 1, 1, 1, 0, 1, 0, 1, 0, 0, 1, 0, 0, 1, 1, 1, 0, 1, 1, 1, 1, 0, 1, 1, 0, 1, 1, 1, 1, 1, 0, 0, 1, 1, 1, 0, 1, 1, 1, 1, 0, 1, 0, 1, 0, 1, 0, 0, 1, 1, 1, 0, 0, 0, 0, 1, 1, 1, 1, 1, 0, 0, 1, 1, 1, 1, 1, 1, 0, 0, 1, 1, 1, 1, 1, 1, 1, 1, 0, 1, 0, 1, 0, 1, 1, 1, 1, 1, 1, 0, 1, 0, 1, 1, 1, 1, 0, 1, 0, 1, 1, 1, 1, 0, 1, 1, 0, 1, 1, 0, 1, 1, 1, 1, 1, 0, 0, 1, 1, 1, 1, 1, 1, 0, 1, 0, 0, 1, 0, 1, 1, 1, 0, 1, 1, 1, 1, 1, 0, 0, 1, 1, 1, 0, 1, 1, 0, 1, 0, 1, 1, 0, 0, 1, 0, 1, 0, 1, 1, 0, 0, 1, 1, 1, 1, 0, 1, 0, 1, 0, 1, 1, 1, 0, 1, 0, 0, 1, 1, 1, 0, 1, 0, 1, 1, 1, 1, 1, 1, 0, 1, 1, 0, 1, 1, 0, 0, 0, 0, 1, 1, 0, 0, 1, 1, 1, 1, 1]

################################################################
################################################################
################### process_jail_download_list: ######################

[6, 7, 7, 7, 6, 7, 7, 7, 6, 7, 6, 7, 7, 7, 6, 7, 6, 7, 6, 7, 6, 7, 7, 7, 6, 7, 7, 7, 6, 6, 7, 6, 6, 7, 6, 7, 6, 7, 6, 7, 7, 7, 7, 6, 7, 6, 6, 7, 6, 7, 7, 7, 6, 7, 6, 7, 6, 6, 7, 7, 7, 6, 7, 6, 7, 7, 7, 6, 6, 7, 6, 7, 7, 7, 6, 7, 7, 6, 6, 7, 7, 7, 7, 6, 7, 6, 7, 7, 6, 6, 7, 6, 6, 7, 7, 7, 6, 7, 6, 7, 6, 6, 7, 6, 6, 6, 6, 7, 6, 6, 7, 7, 7, 6, 7, 7, 6, 7, 6, 7, 7, 7, 6, 6, 7, 7, 7, 6, 6, 7, 7, 7, 6, 7, 6, 7, 6, 7, 6, 6, 7, 7, 7, 6, 6, 6, 6, 7, 7, 7, 7, 7, 6, 6, 7, 7, 7, 7, 7, 6, 6, 6, 6, 7, 7, 7, 7, 7, 7, 7, 6, 7, 6, 7, 6, 6, 7, 7, 7, 6, 7, 6, 7, 6, 7, 7, 7, 7, 6, 7, 6, 7, 7, 7, 7, 6, 7, 7, 6, 7, 7, 6, 7, 7, 7, 7, 7, 6, 6, 7, 7, 7, 7, 7, 7, 6, 7, 6, 6, 7, 6, 7, 7, 7, 6, 6, 7, 7, 7, 7, 6, 6, 7, 7, 7, 6, 7, 7, 6, 7, 6, 7, 7, 6, 6, 7, 6, 7, 6, 7, 7, 6, 6, 7, 7, 7, 7, 6, 7, 6, 7, 6, 7, 6, 7, 6, 7, 6, 6, 6, 6, 7, 6, 7, 6, 7, 7, 7, 7, 7, 7, 6, 7, 7, 6, 6, 6, 6, 6, 6, 6, 6, 7, 6, 6, 7, 7, 7, 7, 7]

################################################################
################################################################
################### process_jail_list: ######################

[5, 6, 6, 6, 6, 6, 6, 6, 6, 6, 6, 6, 6, 6, 6, 6, 6, 6, 6, 6, 6, 6, 6, 6, 6, 6, 6, 6, 6, 6, 6, 5, 6, 6, 6, 6, 5, 6, 6, 6, 6, 6, 6, 5, 6, 6, 5, 6, 6, 6, 6, 6, 6, 6, 6, 6, 6, 6, 6, 6, 6, 6, 6, 6, 6, 6, 6, 6, 6, 6, 6, 6, 6, 6, 6, 6, 6, 6, 6, 6, 6, 6, 6, 6, 6, 6, 6, 6, 5, 6, 6, 6, 6, 6, 6, 6, 6, 6, 6, 6, 6, 6, 6, 6, 6, 5, 5, 6, 6, 5, 6, 6, 6, 6, 6, 6, 6, 6, 5, 6, 6, 6, 6, 6, 6, 6, 6, 6, 5, 6, 6, 6, 6, 6, 6, 6, 6, 6, 6, 6, 6, 6, 6, 6, 6, 6, 6, 6, 6, 6, 6, 6, 6, 6, 6, 6, 6, 6, 6, 5, 6, 6, 5, 6, 6, 6, 6, 6, 6, 6, 6, 6, 6, 6, 6, 5, 6, 6, 6, 5, 6, 6, 6, 6, 6, 6, 6, 6, 6, 6, 6, 6, 6, 6, 6, 6, 6, 6, 6, 6, 6, 6, 6, 6, 6, 6, 6, 6, 6, 6, 6, 6, 6, 6, 6, 6, 6, 6, 6, 6, 6, 6, 6, 6, 6, 5, 6, 6, 6, 6, 6, 6, 6, 6, 6, 6, 6, 6, 6, 6, 6, 6, 6, 6, 6, 6, 6, 6, 6, 6, 6, 6, 6, 6, 6, 6, 6, 6, 6, 6, 6, 6, 6, 5, 6, 6, 6, 6, 6, 5, 5, 6, 6, 6, 6, 6, 6, 6, 6, 6, 6, 6, 6, 6, 6, 5, 5, 6, 6, 6, 6, 5, 6, 6, 6, 6, 6, 6, 6, 6]

################################################################
