Numero total de amostras 300

Tempo total de processamento: 0:32:11

############## TEMPOS DE PROCESSAMENTO DO EXERCICIO NO JAIL  ####################
Soma 1690 segundos
Media 5.633333333333334 segundos
Desvio padr達o 0.5467073155618909 segundos

95% 5.0 segundos
99% 5.0 segundos

############## TEMPOS DE PROCESSAMENTO DO EXERCICIO NO JAIL COM DOWNLOAD  ################
Soma 1895 segundos
Media 6.316666666666666 segundos
Desvio padr達o 0.6295942255841367 segundos

95% 6.0 segundos
99% 6.0 segundos

################### TEMPOS DE DOWNLOAD DO EXERCICIO NO JAIL #######################
Soma 205 segundos
Media 0.6833333333333333 segundos
Desvio padr達o 0.591373166640339 segundos

95% 0.0 segundos
99% 0.0 segundos

############################ TEMPOS DE ESPERA NA FILA ############################
Soma 292050
Media 973.5 segundos
Desvio padr達o 535.8005754631723 segundos

95% 22.2025 segundos
99% 22.8005 segundos

################### queue_wait_time_list: ######################

[4, 12, 23, 29, 41, 47, 52, 64, 70, 76, 88, 94, 107, 113, 120, 134, 141, 147, 164, 174, 181, 197, 203, 218, 226, 234, 249, 255, 262, 281, 289, 297, 311, 318, 332, 337, 344, 359, 367, 372, 386, 393, 410, 418, 426, 440, 446, 18, 35, 469, 478, 490, 498, 506, 518, 524, 531, 546, 555, 569, 576, 586, 599, 605, 612, 624, 632, 638, 652, 659, 672, 678, 684, 695, 701, 708, 720, 726, 732, 744, 749, 761, 767, 773, 784, 790, 796, 807, 813, 825, 831, 836, 848, 854, 865, 878, 884, 890, 901, 907, 913, 924, 930, 936, 948, 953, 966, 972, 978, 989, 995, 1001, 1012, 1018, 1024, 1037, 1042, 1054, 1060, 1066, 1077, 1083, 1090, 1101, 1107, 1119, 1124, 1131, 1143, 1149, 1155, 1166, 1172, 1178, 1190, 1196, 1208, 1214, 1219, 1231, 1237, 1248, 1260, 1266, 1272, 1284, 1290, 1296, 1307, 1313, 1319, 1331, 1336, 1348, 1354, 1360, 1372, 1378, 1384, 1395, 1401, 1407, 1419, 1424, 1436, 1442, 1449, 1460, 1466, 1472, 1483, 1489, 1502, 1508, 1513, 1525, 1531, 1537, 1548, 1554, 1560, 1572, 1578, 1590, 1595, 1601, 1613, 1619, 1648, 1718, 1625, 1736, 1655, 1630, 1678, 1701, 1636, 1660, 1812, 1642, 1684, 1724, 1666, 1707, 1689, 1672, 1754, 1742, 1695, 1713, 1730, 1783, 1772, 1760, 1748, 1795, 1835, 1777, 1766, 1806, 1789, 1830, 1801, 1824, 1818, 1841, 1847, 1853, 1865, 1859, 1871, 58, 82, 101, 128, 155, 189, 210, 241, 272, 304, 325, 352, 379, 400, 433, 942, 453, 462, 484, 512, 538, 563, 592, 619, 645, 665, 689, 714, 738, 755, 778, 802, 819, 842, 959, 860, 872, 895, 918, 983, 1007, 1030, 1048, 1071, 1096, 1113, 1137, 1160, 1184, 1202, 1225, 1243, 1254, 1278, 1301, 1325, 1342, 1365, 1390, 1413, 1430, 1454, 1478, 1496, 1519, 1542, 1566, 1584, 1607]

################################################################
################### jail_ex_download_list: ######################

[2, 0, 0, 0, 0, 0, 0, 0, 1, 1, 1, 1, 1, 1, 1, 1, 1, 1, 3, 2, 1, 1, 1, 2, 2, 1, 1, 1, 1, 1, 1, 2, 0, 1, 1, 1, 2, 1, 1, 2, 1, 0, 1, 1, 1, 1, 1, 0, 0, 2, 1, 2, 2, 0, 0, 1, 1, 1, 1, 1, 1, 1, 0, 1, 1, 2, 1, 1, 1, 0, 1, 1, 1, 1, 1, 1, 0, 0, 0, 0, 0, 0, 0, 0, 0, 0, 0, 0, 0, 1, 1, 1, 1, 1, 1, 0, 0, 0, 0, 1, 1, 1, 1, 1, 1, 1, 0, 0, 0, 0, 0, 0, 1, 1, 1, 0, 0, 1, 1, 1, 1, 1, 0, 0, 1, 1, 1, 0, 0, 0, 1, 1, 1, 1, 0, 0, 0, 1, 1, 1, 1, 1, 1, 1, 1, 0, 0, 0, 0, 1, 1, 1, 1, 1, 1, 1, 0, 0, 0, 0, 0, 0, 1, 1, 1, 1, 0, 0, 0, 1, 1, 1, 0, 0, 0, 1, 1, 1, 1, 1, 1, 0, 0, 0, 0, 1, 1, 1, 1, 1, 1, 1, 0, 1, 0, 1, 1, 0, 1, 1, 0, 1, 0, 1, 1, 0, 0, 0, 1, 1, 1, 0, 0, 0, 0, 0, 1, 0, 0, 0, 0, 1, 0, 1, 1, 1, 1, 1, 0, 1, 0, 0, 0, 0, 0, 2, 2, 2, 0, 2, 1, 1, 1, 1, 2, 0, 1, 2, 1, 0, 1, 1, 0, 1, 1, 1, 1, 1, 1, 0, 0, 0, 0, 1, 1, 1, 1, 0, 0, 1, 0, 1, 1, 0, 1, 0, 1, 0, 1, 1, 0, 1, 1, 1, 0, 0, 1, 1, 1, 0, 1, 1, 0, 1, 0, 0, 1, 1, 0, 1]

################################################################
################################################################
################### process_jail_download_list: ######################

[8, 6, 6, 6, 6, 6, 6, 6, 6, 6, 6, 7, 7, 7, 7, 7, 6, 7, 9, 8, 6, 6, 7, 8, 7, 7, 7, 6, 9, 8, 7, 8, 6, 7, 6, 7, 8, 7, 6, 7, 7, 7, 7, 8, 6, 7, 7, 6, 6, 9, 7, 8, 8, 6, 6, 7, 7, 8, 6, 6, 8, 7, 6, 7, 6, 8, 6, 7, 7, 6, 6, 6, 6, 6, 7, 6, 6, 6, 6, 6, 6, 6, 6, 6, 6, 6, 6, 6, 6, 6, 6, 6, 6, 6, 7, 6, 6, 6, 6, 6, 6, 6, 6, 6, 6, 6, 6, 6, 6, 6, 6, 6, 6, 6, 6, 6, 6, 6, 6, 6, 6, 7, 6, 6, 6, 6, 7, 6, 6, 6, 6, 6, 6, 6, 6, 6, 6, 6, 6, 6, 6, 6, 6, 6, 7, 6, 6, 6, 6, 6, 6, 6, 6, 6, 6, 6, 6, 6, 6, 6, 6, 6, 6, 6, 6, 7, 6, 6, 6, 6, 6, 7, 6, 6, 6, 6, 6, 6, 6, 6, 6, 6, 6, 6, 6, 6, 6, 6, 7, 6, 6, 7, 6, 6, 6, 6, 6, 6, 6, 6, 6, 6, 6, 6, 6, 6, 6, 6, 6, 6, 6, 6, 6, 6, 6, 6, 6, 6, 6, 6, 6, 6, 6, 6, 6, 6, 6, 6, 6, 7, 6, 6, 6, 6, 6, 8, 8, 8, 7, 8, 6, 7, 6, 7, 8, 6, 6, 8, 6, 6, 7, 7, 6, 6, 6, 7, 7, 6, 7, 6, 6, 6, 6, 6, 6, 7, 6, 6, 6, 6, 6, 6, 7, 6, 6, 6, 6, 6, 6, 7, 6, 6, 6, 6, 6, 6, 6, 6, 7, 6, 6, 6, 6, 6, 6, 6, 6, 7, 6, 6]

################################################################
################################################################
################### process_jail_list: ######################

[6, 6, 6, 6, 6, 6, 6, 6, 5, 5, 5, 6, 6, 6, 6, 6, 5, 6, 6, 6, 5, 5, 6, 6, 5, 6, 6, 5, 8, 7, 6, 6, 6, 6, 5, 6, 6, 6, 5, 5, 6, 7, 6, 7, 5, 6, 6, 6, 6, 7, 6, 6, 6, 6, 6, 6, 6, 7, 5, 5, 7, 6, 6, 6, 5, 6, 5, 6, 6, 6, 5, 5, 5, 5, 6, 5, 6, 6, 6, 6, 6, 6, 6, 6, 6, 6, 6, 6, 6, 5, 5, 5, 5, 5, 6, 6, 6, 6, 6, 5, 5, 5, 5, 5, 5, 5, 6, 6, 6, 6, 6, 6, 5, 5, 5, 6, 6, 5, 5, 5, 5, 6, 6, 6, 5, 5, 6, 6, 6, 6, 5, 5, 5, 5, 6, 6, 6, 5, 5, 5, 5, 5, 5, 5, 6, 6, 6, 6, 6, 5, 5, 5, 5, 5, 5, 5, 6, 6, 6, 6, 6, 6, 5, 5, 5, 6, 6, 6, 6, 5, 5, 6, 6, 6, 6, 5, 5, 5, 5, 5, 5, 6, 6, 6, 6, 5, 5, 5, 6, 5, 5, 6, 6, 5, 6, 5, 5, 6, 5, 5, 6, 5, 6, 5, 5, 6, 6, 6, 5, 5, 5, 6, 6, 6, 6, 6, 5, 6, 6, 6, 6, 5, 6, 5, 5, 5, 5, 5, 6, 6, 6, 6, 6, 6, 6, 6, 6, 6, 7, 6, 5, 6, 5, 6, 6, 6, 5, 6, 5, 6, 6, 6, 6, 5, 5, 6, 6, 5, 6, 6, 6, 6, 6, 5, 5, 6, 5, 6, 6, 5, 6, 5, 6, 6, 5, 6, 5, 6, 5, 6, 6, 5, 5, 5, 6, 6, 5, 5, 6, 6, 5, 5, 6, 5, 6, 6, 5, 6, 6, 5]

################################################################
