Numero total de amostras 300

Tempo total de processamento: 0:49:14

############## TEMPOS DE PROCESSAMENTO DO EXERCICIO NO JAIL  ####################
Soma 2589 segundos
Media 8.63 segundos
Desvio padr達o 1.7281300105412596 segundos

95% 6.0 segundos
99% 6.0 segundos

############## TEMPOS DE PROCESSAMENTO DO EXERCICIO NO JAIL COM DOWNLOAD  ################
Soma 2952 segundos
Media 9.84 segundos
Desvio padr達o 2.1681943332336857 segundos

95% 7.0 segundos
99% 7.0 segundos

################### TEMPOS DE DOWNLOAD DO EXERCICIO NO JAIL #######################
Soma 363 segundos
Media 1.21 segundos
Desvio padr達o 0.7783957862167549 segundos

95% 0.0 segundos
99% 0.0 segundos

############################ TEMPOS DE ESPERA NA FILA ############################
Soma 427308
Media 1424.36 segundos
Desvio padr達o 852.8095588895175 segundos

95% 23.724 segundos
99% 24.680799999999998 segundos

################### queue_wait_time_list: ######################

[9, 17, 1, 25, 34, 43, 50, 56, 63, 72, 80, 89, 97, 112, 120, 128, 153, 161, 177, 185, 197, 223, 232, 239, 257, 265, 279, 286, 293, 310, 318, 328, 345, 354, 362, 381, 390, 408, 416, 426, 439, 446, 462, 470, 479, 504, 514, 534, 555, 567, 582, 612, 625, 636, 660, 670, 681, 703, 716, 738, 748, 758, 784, 800, 809, 825, 832, 842, 861, 870, 887, 897, 906, 921, 929, 938, 953, 960, 976, 984, 992, 1013, 1024, 1034, 1049, 1057, 1064, 1087, 1096, 1112, 1122, 1131, 1149, 1159, 1176, 1197, 1206, 1215, 1230, 1239, 1246, 1263, 1271, 1280, 1298, 1307, 1327, 1337, 1346, 1363, 1380, 1393, 1411, 1419, 1430, 1450, 1460, 1477, 1491, 1501, 1519, 1529, 1538, 1555, 1562, 1580, 1588, 1597, 1615, 1624, 1634, 1654, 1667, 1678, 1697, 1705, 1724, 1731, 1740, 1755, 1764, 1787, 1809, 1821, 1831, 1854, 1864, 1874, 1899, 1911, 1923, 1950, 1966, 1994, 2008, 2021, 2038, 2048, 2059, 2084, 2093, 2104, 2126, 2146, 2173, 2182, 2193, 2214, 2223, 2235, 2261, 2276, 2297, 2305, 2318, 2337, 2346, 2358, 2380, 2389, 2398, 2415, 2423, 2444, 2452, 2460, 2476, 2487, 104, 144, 168, 209, 248, 273, 301, 336, 372, 400, 431, 454, 491, 545, 523, 2506, 2513, 2530, 2539, 2561, 2570, 2577, 2597, 2606, 2615, 2631, 2639, 2656, 2667, 2677, 2692, 2701, 2711, 2729, 2736, 2744, 2760, 2769, 2786, 2794, 2801, 2818, 2827, 2838, 2862, 2869, 2878, 595, 648, 692, 728, 770, 817, 851, 879, 914, 946, 968, 1000, 1043, 1073, 1104, 1140, 1885, 1167, 1187, 1224, 1256, 1289, 1316, 1355, 1401, 1440, 1469, 1510, 1547, 1571, 1606, 1643, 1687, 1714, 1747, 1775, 1799, 1844, 1936, 1982, 2030, 2071, 2114, 2160, 2204, 2247, 2286, 2328, 2371, 2407, 2434, 2467, 2497, 2522, 2553, 2586, 2623, 2647, 2685, 2720, 2752, 2776, 2809, 2852, 2887]

################################################################
################### jail_ex_download_list: ######################

[1, 0, 1, 1, 1, 1, 1, 1, 1, 0, 1, 1, 0, 1, 1, 6, 1, 1, 2, 1, 2, 1, 0, 1, 1, 0, 0, 1, 1, 1, 1, 1, 1, 0, 1, 0, 1, 1, 1, 2, 1, 0, 1, 1, 0, 1, 1, 2, 2, 2, 1, 2, 2, 1, 2, 2, 2, 1, 1, 1, 1, 1, 4, 1, 1, 1, 1, 1, 1, 2, 1, 1, 1, 1, 1, 1, 1, 0, 1, 0, 1, 2, 2, 1, 1, 0, 1, 2, 1, 1, 0, 1, 2, 0, 3, 1, 2, 1, 1, 0, 2, 1, 1, 1, 1, 1, 2, 1, 0, 4, 2, 1, 1, 1, 1, 1, 1, 2, 2, 2, 1, 1, 0, 1, 2, 1, 1, 1, 1, 2, 1, 1, 2, 1, 1, 1, 0, 1, 1, 1, 2, 2, 1, 1, 1, 1, 1, 1, 3, 1, 2, 2, 3, 2, 1, 1, 1, 1, 2, 1, 2, 2, 3, 3, 1, 1, 2, 1, 2, 2, 2, 1, 1, 3, 1, 0, 2, 3, 1, 1, 1, 1, 2, 1, 1, 1, 2, 1, 1, 1, 1, 3, 1, 0, 1, 1, 1, 1, 1, 0, 2, 1, 1, 1, 1, 1, 2, 2, 1, 1, 1, 1, 1, 1, 1, 1, 0, 1, 1, 1, 0, 0, 1, 0, 1, 0, 1, 1, 1, 1, 1, 3, 1, 1, 1, 2, 2, 1, 1, 1, 1, 1, 1, 1, 0, 1, 2, 0, 4, 1, 1, 1, 1, 2, 0, 0, 0, 1, 0, 1, 1, 1, 2, 1, 1, 1, 3, 1, 1, 1, 2, 1, 1, 3, 2, 1, 2, 2, 3, 1, 3, 2, 1, 1, 0, 1, 1, 1, 1, 1, 2, 1, 1, 1, 1, 1, 2, 2, 1, 1]

################################################################
################################################################
################### process_jail_download_list: ######################

[8, 8, 9, 9, 9, 7, 7, 7, 9, 8, 9, 9, 7, 8, 8, 17, 8, 7, 9, 12, 12, 8, 8, 9, 8, 8, 7, 7, 8, 9, 10, 8, 8, 9, 10, 9, 10, 8, 10, 5, 8, 8, 8, 9, 13, 10, 9, 12, 12, 15, 13, 13, 11, 12, 11, 11, 11, 13, 13, 10, 10, 12, 16, 9, 8, 8, 10, 9, 9, 10, 10, 9, 8, 8, 9, 8, 8, 8, 8, 8, 9, 11, 10, 9, 8, 7, 9, 10, 8, 10, 9, 10, 9, 8, 12, 9, 9, 9, 9, 7, 10, 9, 9, 9, 9, 10, 10, 9, 9, 17, 13, 8, 9, 11, 10, 10, 10, 14, 10, 9, 10, 9, 9, 8, 9, 8, 9, 10, 9, 10, 9, 13, 11, 9, 9, 9, 7, 9, 8, 9, 11, 13, 12, 10, 13, 10, 10, 11, 13, 12, 13, 16, 17, 14, 13, 9, 10, 11, 12, 10, 11, 10, 20, 15, 9, 11, 11, 9, 12, 12, 16, 10, 8, 13, 11, 9, 12, 13, 9, 9, 9, 9, 11, 8, 8, 8, 11, 10, 8, 9, 9, 14, 9, 7, 9, 9, 9, 9, 8, 8, 13, 10, 11, 8, 9, 9, 14, 9, 7, 9, 10, 9, 8, 8, 9, 11, 10, 8, 9, 10, 9, 8, 8, 8, 9, 8, 8, 7, 8, 9, 11, 14, 8, 9, 9, 18, 12, 11, 10, 15, 8, 10, 8, 8, 7, 8, 13, 7, 14, 8, 9, 14, 9, 10, 7, 7, 9, 11, 9, 10, 10, 8, 10, 8, 9, 9, 12, 10, 10, 8, 12, 10, 11, 14, 12, 9, 13, 12, 13, 11, 14, 11, 9, 10, 8, 10, 9, 9, 8, 9, 11, 8, 9, 8, 9, 8, 10, 10, 10, 9]

################################################################
################################################################
################### process_jail_list: ######################

[7, 8, 8, 8, 8, 6, 6, 6, 8, 8, 8, 8, 7, 7, 7, 11, 7, 6, 7, 11, 10, 7, 8, 8, 7, 8, 7, 6, 7, 8, 9, 7, 7, 9, 9, 9, 9, 7, 9, 3, 7, 8, 7, 8, 13, 9, 8, 10, 10, 13, 12, 11, 9, 11, 9, 9, 9, 12, 12, 9, 9, 11, 12, 8, 7, 7, 9, 8, 8, 8, 9, 8, 7, 7, 8, 7, 7, 8, 7, 8, 8, 9, 8, 8, 7, 7, 8, 8, 7, 9, 9, 9, 7, 8, 9, 8, 7, 8, 8, 7, 8, 8, 8, 8, 8, 9, 8, 8, 9, 13, 11, 7, 8, 10, 9, 9, 9, 12, 8, 7, 9, 8, 9, 7, 7, 7, 8, 9, 8, 8, 8, 12, 9, 8, 8, 8, 7, 8, 7, 8, 9, 11, 11, 9, 12, 9, 9, 10, 10, 11, 11, 14, 14, 12, 12, 8, 9, 10, 10, 9, 9, 8, 17, 12, 8, 10, 9, 8, 10, 10, 14, 9, 7, 10, 10, 9, 10, 10, 8, 8, 8, 8, 9, 7, 7, 7, 9, 9, 7, 8, 8, 11, 8, 7, 8, 8, 8, 8, 7, 8, 11, 9, 10, 7, 8, 8, 12, 7, 6, 8, 9, 8, 7, 7, 8, 10, 10, 7, 8, 9, 9, 8, 7, 8, 8, 8, 7, 6, 7, 8, 10, 11, 7, 8, 8, 16, 10, 10, 9, 14, 7, 9, 7, 7, 7, 7, 11, 7, 10, 7, 8, 13, 8, 8, 7, 7, 9, 10, 9, 9, 9, 7, 8, 7, 8, 8, 9, 9, 9, 7, 10, 9, 10, 11, 10, 8, 11, 10, 10, 10, 11, 9, 8, 9, 8, 9, 8, 8, 7, 8, 9, 7, 8, 7, 8, 7, 8, 8, 9, 8]

################################################################
