Numero total de amostras 70

Tempo total de processamento: 0:05:33

############## TEMPOS DE PROCESSAMENTO DO EXERCICIO NO JAIL  ####################
Soma 598 segundos
Media 8.542857142857143 segundos
Desvio padr達o 2.3033250145059814 segundos

95% 7.0 segundos
99% 7.0 segundos

############## TEMPOS DE PROCESSAMENTO DO EXERCICIO NO JAIL COM DOWNLOAD  ################
Soma 668 segundos
Media 9.542857142857143 segundos
Desvio padr達o 2.9114832463673137 segundos

95% 7.0 segundos
99% 7.0 segundos

################### TEMPOS DE DOWNLOAD DO EXERCICIO NO JAIL #######################
Soma 70 segundos
Media 1.0 segundos
Desvio padr達o 0.7928249671720918 segundos

95% 0.0 segundos
99% 0.0 segundos

############################ TEMPOS DE ESPERA NA FILA ############################
Soma 8913
Media 127.32857142857142 segundos
Desvio padr達o 74.69953555575094 segundos

95% 5.0 segundos
99% 5.0 segundos

################### queue_wait_time_list: ######################

[24, 25, 31, 32, 5, 5, 56, 43, 17, 17, 38, 37, 49, 61, 67, 55, 68, 76, 82, 83, 96, 89, 96, 102, 109, 110, 116, 129, 122, 135, 123, 141, 141, 148, 156, 163, 178, 157, 170, 191, 171, 184, 201, 183, 200, 221, 44, 48, 62, 77, 88, 103, 115, 128, 134, 149, 164, 177, 191, 222, 272, 272, 233, 232, 241, 242, 249, 248, 259, 260]

################################################################
################### jail_ex_download_list: ######################

[1, 1, 1, 1, 2, 1, 1, 0, 1, 2, 1, 1, 1, 0, 1, 1, 1, 0, 1, 1, 1, 1, 1, 1, 1, 1, 1, 0, 0, 0, 0, 1, 1, 1, 1, 1, 0, 1, 1, 1, 1, 1, 4, 1, 4, 3, 0, 1, 0, 0, 1, 1, 1, 0, 0, 1, 1, 0, 1, 3, 1, 1, 1, 1, 1, 1, 1, 1, 2, 2]

################################################################
################################################################
################### process_jail_download_list: ######################

[8, 8, 8, 8, 14, 14, 8, 7, 9, 10, 8, 8, 8, 8, 10, 8, 10, 8, 8, 8, 8, 9, 8, 9, 8, 8, 8, 7, 8, 8, 8, 9, 9, 10, 9, 8, 8, 9, 9, 11, 9, 9, 23, 9, 23, 13, 7, 8, 8, 8, 9, 9, 8, 8, 8, 10, 8, 8, 11, 13, 9, 9, 10, 10, 9, 9, 13, 13, 14, 14]

################################################################
################################################################
################### process_jail_list: ######################

[7, 7, 7, 7, 12, 13, 7, 7, 8, 8, 7, 7, 7, 8, 9, 7, 9, 8, 7, 7, 7, 8, 7, 8, 7, 7, 7, 7, 8, 8, 8, 8, 8, 9, 8, 7, 8, 8, 8, 10, 8, 8, 19, 8, 19, 10, 7, 7, 8, 8, 8, 8, 7, 8, 8, 9, 7, 8, 10, 10, 8, 8, 9, 9, 8, 8, 12, 12, 12, 12]

################################################################
