Numero total de amostras 70

Tempo total de processamento: 0:03:50

############## TEMPOS DE PROCESSAMENTO DO EXERCICIO NO JAIL  ####################
Soma 594 segundos
Media 8.485714285714286 segundos
Desvio padr達o 1.6365718276136785 segundos

95% 6.6555 segundos
99% 6.6831000000000005 segundos

############## TEMPOS DE PROCESSAMENTO DO EXERCICIO NO JAIL COM DOWNLOAD  ################
Soma 679 segundos
Media 9.7 segundos
Desvio padr達o 2.0024984394500787 segundos

95% 7.0 segundos
99% 7.0 segundos

################### TEMPOS DE DOWNLOAD DO EXERCICIO NO JAIL #######################
Soma 85 segundos
Media 1.2142857142857142 segundos
Desvio padr達o 0.9085759209233054 segundos

95% 0.0 segundos
99% 0.0 segundos

############################ TEMPOS DE ESPERA NA FILA ############################
Soma 6197
Media 88.52857142857142 segundos
Desvio padr達o 47.922473531608894 segundos

95% 3.6555 segundos
99% 3.6831 segundos

################### queue_wait_time_list: ######################

[31, 31, 4, 4, 3, 11, 10, 20, 32, 10, 20, 21, 39, 40, 44, 43, 39, 51, 56, 45, 51, 70, 51, 56, 80, 57, 66, 80, 85, 93, 86, 94, 113, 99, 106, 118, 100, 124, 106, 135, 112, 128, 118, 123, 122, 135, 128, 67, 79, 86, 94, 99, 105, 112, 118, 129, 156, 154, 134, 155, 139, 140, 141, 163, 163, 162, 148, 147, 146, 170]

################################################################
################### jail_ex_download_list: ######################

[2, 1, 1, 1, 2, 0, 0, 2, 1, 1, 3, 3, 0, 0, 2, 0, 1, 1, 1, 0, 2, 4, 1, 1, 1, 1, 4, 1, 2, 1, 2, 1, 1, 0, 2, 1, 0, 1, 2, 1, 1, 1, 0, 1, 1, 1, 0, 4, 1, 2, 1, 1, 2, 1, 1, 1, 1, 1, 1, 1, 1, 1, 1, 0, 0, 1, 2, 2, 2, 1]

################################################################
################################################################
################### process_jail_download_list: ######################

[10, 10, 9, 9, 9, 12, 12, 14, 10, 13, 14, 14, 8, 8, 9, 9, 8, 8, 13, 9, 9, 13, 8, 13, 9, 15, 15, 9, 10, 9, 10, 8, 8, 8, 10, 8, 8, 8, 9, 8, 8, 9, 7, 8, 9, 8, 8, 15, 9, 10, 9, 9, 10, 8, 8, 9, 10, 10, 8, 10, 9, 9, 9, 9, 9, 9, 11, 11, 11, 7]

################################################################
################################################################
################### process_jail_list: ######################

[8, 9, 8, 8, 7, 12, 12, 12, 9, 12, 11, 11, 8, 8, 7, 9, 7, 7, 12, 9, 7, 9, 7, 12, 8, 14, 11, 8, 8, 8, 8, 7, 7, 8, 8, 7, 8, 7, 7, 7, 7, 8, 7, 7, 8, 7, 8, 11, 8, 8, 8, 8, 8, 7, 7, 8, 9, 9, 7, 9, 8, 8, 8, 9, 9, 8, 9, 9, 9, 6]

################################################################
