Numero total de amostras 70

Tempo total de processamento: 0:02:58

############## TEMPOS DE PROCESSAMENTO DO EXERCICIO NO JAIL  ####################
Soma 471 segundos
Media 6.728571428571429 segundos
Desvio padr達o 1.7640977343465216 segundos

95% 5.0 segundos
99% 5.0 segundos

############## TEMPOS DE PROCESSAMENTO DO EXERCICIO NO JAIL COM DOWNLOAD  ################
Soma 517 segundos
Media 7.385714285714286 segundos
Desvio padr達o 2.3981710718370195 segundos

95% 6.0 segundos
99% 6.0 segundos

################### TEMPOS DE DOWNLOAD DO EXERCICIO NO JAIL #######################
Soma 46 segundos
Media 0.6571428571428571 segundos
Desvio padr達o 0.8086269541762803 segundos

95% 0.0 segundos
99% 0.0 segundos

############################ TEMPOS DE ESPERA NA FILA ############################
Soma 4237
Media 60.52857142857143 segundos
Desvio padr達o 32.54786428304867 segundos

95% 5.0 segundos
99% 5.0 segundos

################### queue_wait_time_list: ######################

[22, 26, 5, 18, 27, 5, 17, 9, 18, 9, 14, 27, 8, 29, 14, 21, 31, 33, 34, 41, 33, 52, 44, 40, 49, 49, 52, 72, 60, 60, 56, 56, 65, 68, 85, 68, 73, 76, 74, 89, 76, 97, 80, 89, 86, 92, 97, 37, 43, 42, 52, 61, 64, 66, 81, 81, 89, 95, 108, 98, 110, 100, 111, 114, 102, 114, 104, 104, 107, 108]

################################################################
################### jail_ex_download_list: ######################

[0, 0, 1, 0, 1, 1, 4, 0, 0, 0, 0, 1, 2, 0, 1, 0, 0, 0, 1, 0, 2, 2, 0, 0, 0, 0, 1, 1, 1, 1, 1, 0, 1, 1, 0, 0, 1, 1, 1, 1, 1, 0, 2, 2, 0, 0, 1, 0, 1, 3, 0, 0, 1, 2, 0, 1, 0, 0, 1, 0, 1, 0, 0, 1, 1, 1, 0, 0, 0, 0]

################################################################
################################################################
################### process_jail_download_list: ######################

[6, 6, 7, 6, 7, 7, 15, 6, 6, 6, 6, 10, 14, 6, 7, 6, 6, 6, 7, 6, 13, 13, 6, 6, 6, 6, 6, 6, 10, 6, 7, 6, 7, 6, 6, 6, 6, 7, 10, 7, 7, 6, 13, 12, 6, 6, 9, 6, 7, 14, 6, 6, 6, 12, 6, 7, 6, 6, 9, 6, 6, 6, 6, 7, 7, 11, 6, 8, 6, 6]

################################################################
################################################################
################### process_jail_list: ######################

[6, 6, 6, 6, 6, 6, 11, 6, 6, 6, 6, 9, 12, 6, 6, 6, 6, 6, 6, 6, 11, 11, 6, 6, 6, 6, 5, 5, 9, 5, 6, 6, 6, 5, 6, 6, 5, 6, 9, 6, 6, 6, 11, 10, 6, 6, 8, 6, 6, 11, 6, 6, 5, 10, 6, 6, 6, 6, 8, 6, 5, 6, 6, 6, 6, 10, 6, 8, 6, 6]

################################################################
