Numero total de amostras 70

Tempo total de processamento: 0:07:35

############## TEMPOS DE PROCESSAMENTO DO EXERCICIO NO JAIL  ####################
Soma 416 segundos
Media 5.942857142857143 segundos
Desvio padr達o 0.23211538298959886 segundos

95% 5.0 segundos
99% 5.0 segundos

############## TEMPOS DE PROCESSAMENTO DO EXERCICIO NO JAIL COM DOWNLOAD  ################
Soma 454 segundos
Media 6.485714285714286 segundos
Desvio padr達o 0.49979587670102593 segundos

95% 6.0 segundos
99% 6.0 segundos

################### TEMPOS DE DOWNLOAD DO EXERCICIO NO JAIL #######################
Soma 38 segundos
Media 0.5428571428571428 segundos
Desvio padr達o 0.49815987926179117 segundos

95% 0.0 segundos
99% 0.0 segundos

############################ TEMPOS DE ESPERA NA FILA ############################
Soma 13769
Media 196.7 segundos
Desvio padr達o 113.80024479009575 segundos

95% 4.933 segundos
99% 5.0986 segundos

################### queue_wait_time_list: ######################

[36, 1, 7, 13, 31, 20, 47, 25, 54, 59, 70, 76, 81, 93, 99, 109, 115, 121, 133, 138, 143, 154, 160, 165, 177, 183, 194, 199, 205, 217, 222, 228, 239, 244, 256, 262, 267, 278, 284, 290, 301, 306, 312, 323, 329, 340, 346, 41, 65, 87, 104, 126, 149, 171, 188, 211, 233, 251, 273, 296, 317, 335, 352, 357, 362, 369, 374, 380, 385, 391]

################################################################
################### jail_ex_download_list: ######################

[0, 1, 1, 1, 0, 0, 0, 1, 0, 1, 1, 0, 1, 1, 0, 1, 1, 0, 0, 1, 1, 1, 0, 1, 1, 0, 0, 1, 0, 0, 1, 0, 0, 1, 1, 0, 1, 1, 0, 1, 0, 1, 0, 0, 1, 1, 1, 1, 0, 0, 1, 1, 0, 0, 1, 1, 1, 0, 0, 0, 1, 0, 0, 0, 1, 0, 1, 1, 1, 1]

################################################################
################################################################
################### process_jail_download_list: ######################

[6, 7, 7, 7, 6, 6, 6, 7, 6, 7, 7, 6, 7, 7, 6, 7, 6, 6, 6, 6, 7, 7, 6, 7, 7, 6, 6, 7, 6, 6, 7, 6, 6, 7, 7, 6, 7, 7, 6, 7, 6, 7, 6, 6, 7, 7, 7, 7, 6, 6, 6, 7, 6, 6, 7, 7, 7, 6, 6, 6, 7, 6, 6, 6, 7, 6, 7, 6, 7, 7]

################################################################
################################################################
################### process_jail_list: ######################

[6, 6, 6, 6, 6, 6, 6, 6, 6, 6, 6, 6, 6, 6, 6, 6, 5, 6, 6, 5, 6, 6, 6, 6, 6, 6, 6, 6, 6, 6, 6, 6, 6, 6, 6, 6, 6, 6, 6, 6, 6, 6, 6, 6, 6, 6, 6, 6, 6, 6, 5, 6, 6, 6, 6, 6, 6, 6, 6, 6, 6, 6, 6, 6, 6, 6, 6, 5, 6, 6]

################################################################
