Numero total de amostras 70

Tempo total de processamento: 0:01:22

############## TEMPOS DE PROCESSAMENTO DO EXERCICIO NO JAIL  ####################
Soma 423 segundos
Media 6.042857142857143 segundos
Desvio padr達o 0.6422219083711149 segundos

95% 5.0 segundos
99% 5.0 segundos

############## TEMPOS DE PROCESSAMENTO DO EXERCICIO NO JAIL COM DOWNLOAD  ################
Soma 469 segundos
Media 6.7 segundos
Desvio padr達o 0.7240757655699537 segundos

95% 6.0 segundos
99% 6.0 segundos

################### TEMPOS DE DOWNLOAD DO EXERCICIO NO JAIL #######################
Soma 46 segundos
Media 0.6571428571428571 segundos
Desvio padr達o 0.47466422073817577 segundos

95% 0.0 segundos
99% 0.0 segundos

############################ TEMPOS DE ESPERA NA FILA ############################
Soma 822
Media 11.742857142857142 segundos
Desvio padr達o 5.442388431262022 segundos

95% 1.0 segundos
99% 1.0 segundos

################### queue_wait_time_list: ######################

[4, 8, 6, 4, 9, 14, 11, 2, 1, 2, 3, 6, 10, 1, 8, 7, 5, 6, 6, 11, 8, 5, 7, 8, 7, 5, 6, 10, 9, 9, 12, 10, 10, 11, 14, 11, 12, 15, 13, 11, 18, 15, 16, 12, 14, 15, 13, 12, 13, 16, 19, 15, 17, 17, 17, 16, 19, 17, 19, 16, 15, 17, 17, 18, 19, 20, 20, 21, 21, 21]

################################################################
################### jail_ex_download_list: ######################

[1, 0, 1, 0, 1, 1, 1, 1, 1, 1, 1, 1, 1, 1, 1, 1, 0, 0, 1, 0, 1, 1, 1, 0, 1, 1, 1, 0, 0, 1, 1, 1, 1, 0, 0, 1, 1, 0, 1, 1, 0, 1, 0, 1, 1, 0, 0, 0, 1, 1, 0, 1, 1, 0, 1, 1, 1, 0, 1, 1, 1, 1, 1, 1, 0, 1, 0, 0, 0, 0]

################################################################
################################################################
################### process_jail_download_list: ######################

[7, 6, 8, 6, 7, 8, 7, 7, 7, 8, 8, 7, 6, 7, 6, 6, 6, 6, 6, 6, 7, 7, 7, 7, 8, 7, 7, 6, 6, 7, 6, 8, 8, 6, 6, 6, 7, 6, 7, 6, 6, 6, 6, 7, 7, 6, 7, 7, 7, 7, 6, 6, 8, 6, 8, 6, 7, 6, 7, 8, 8, 6, 6, 6, 6, 7, 7, 7, 6, 6]

################################################################
################################################################
################### process_jail_list: ######################

[6, 6, 7, 6, 6, 7, 6, 6, 6, 7, 7, 6, 5, 6, 5, 5, 6, 6, 5, 6, 6, 6, 6, 7, 7, 6, 6, 6, 6, 6, 5, 7, 7, 6, 6, 5, 6, 6, 6, 5, 6, 5, 6, 6, 6, 6, 7, 7, 6, 6, 6, 5, 7, 6, 7, 5, 6, 6, 6, 7, 7, 5, 5, 5, 6, 6, 7, 7, 6, 6]

################################################################
