Numero total de amostras 70

Tempo total de processamento: 0:02:19

############## TEMPOS DE PROCESSAMENTO DO EXERCICIO NO JAIL  ####################
Soma 486 segundos
Media 6.942857142857143 segundos
Desvio padr達o 2.055554942697708 segundos

95% 5.0 segundos
99% 5.0 segundos

############## TEMPOS DE PROCESSAMENTO DO EXERCICIO NO JAIL COM DOWNLOAD  ################
Soma 546 segundos
Media 7.8 segundos
Desvio padr達o 2.4 segundos

95% 6.0 segundos
99% 6.0 segundos

################### TEMPOS DE DOWNLOAD DO EXERCICIO NO JAIL #######################
Soma 60 segundos
Media 0.8571428571428571 segundos
Desvio padr達o 0.5924697529522205 segundos

95% 0.0 segundos
99% 0.0 segundos

############################ TEMPOS DE ESPERA NA FILA ############################
Soma 3025
Media 43.214285714285715 segundos
Desvio padr達o 22.867876943834712 segundos

95% 6.6555 segundos
99% 6.6831000000000005 segundos

################### queue_wait_time_list: ######################

[17, 16, 20, 21, 7, 6, 14, 7, 7, 14, 35, 21, 11, 12, 10, 9, 15, 14, 27, 25, 24, 21, 32, 40, 32, 26, 44, 43, 35, 55, 50, 33, 47, 48, 44, 55, 49, 50, 68, 64, 60, 62, 58, 61, 65, 65, 28, 27, 33, 41, 45, 51, 55, 54, 57, 61, 66, 75, 68, 76, 78, 70, 77, 71, 80, 81, 71, 72, 75, 74]

################################################################
################### jail_ex_download_list: ######################

[1, 1, 0, 0, 1, 1, 1, 1, 1, 1, 1, 2, 0, 0, 1, 1, 2, 2, 1, 1, 1, 2, 0, 0, 2, 1, 0, 1, 1, 2, 1, 2, 1, 1, 1, 0, 1, 1, 0, 1, 1, 1, 0, 1, 1, 1, 1, 1, 0, 0, 0, 1, 0, 2, 0, 1, 1, 1, 0, 1, 1, 1, 1, 1, 0, 0, 1, 1, 1, 1]

################################################################
################################################################
################### process_jail_download_list: ######################

[7, 7, 6, 6, 7, 7, 6, 8, 8, 6, 7, 11, 6, 6, 8, 8, 10, 10, 11, 6, 6, 11, 6, 6, 18, 11, 6, 10, 7, 11, 7, 18, 6, 6, 10, 6, 7, 9, 6, 7, 6, 9, 6, 6, 9, 7, 7, 7, 6, 6, 6, 9, 6, 11, 6, 9, 9, 9, 6, 9, 7, 6, 7, 6, 8, 8, 9, 9, 6, 6]

################################################################
################################################################
################### process_jail_list: ######################

[6, 6, 6, 6, 6, 6, 5, 7, 7, 5, 6, 9, 6, 6, 7, 7, 8, 8, 10, 5, 5, 9, 6, 6, 16, 10, 6, 9, 6, 9, 6, 16, 5, 5, 9, 6, 6, 8, 6, 6, 5, 8, 6, 5, 8, 6, 6, 6, 6, 6, 6, 8, 6, 9, 6, 8, 8, 8, 6, 8, 6, 5, 6, 5, 8, 8, 8, 8, 5, 5]

################################################################
