Numero total de amostras 70

Tempo total de processamento: 0:02:38

############## TEMPOS DE PROCESSAMENTO DO EXERCICIO NO JAIL  ####################
Soma 426 segundos
Media 6.085714285714285 segundos
Desvio padr達o 0.6490180966628883 segundos

95% 5.0 segundos
99% 5.0 segundos

############## TEMPOS DE PROCESSAMENTO DO EXERCICIO NO JAIL COM DOWNLOAD  ################
Soma 464 segundos
Media 6.628571428571429 segundos
Desvio padr達o 0.831030832699942 segundos

95% 6.0 segundos
99% 6.0 segundos

################### TEMPOS DE DOWNLOAD DO EXERCICIO NO JAIL #######################
Soma 38 segundos
Media 0.5428571428571428 segundos
Desvio padr達o 0.5260557897006276 segundos

95% 0.0 segundos
99% 0.0 segundos

############################ TEMPOS DE ESPERA NA FILA ############################
Soma 3700
Media 52.857142857142854 segundos
Desvio padr達o 26.891467427571953 segundos

95% 6.6555 segundos
99% 6.6831000000000005 segundos

################### queue_wait_time_list: ######################

[13, 32, 15, 6, 7, 9, 22, 11, 19, 29, 12, 14, 20, 23, 20, 24, 25, 29, 47, 29, 36, 37, 40, 44, 48, 41, 43, 48, 59, 51, 54, 51, 63, 59, 66, 67, 59, 73, 64, 71, 68, 84, 76, 76, 80, 79, 84, 32, 33, 37, 41, 50, 54, 55, 62, 69, 72, 76, 80, 95, 94, 84, 100, 99, 88, 87, 88, 91, 91, 95]

################################################################
################### jail_ex_download_list: ######################

[1, 0, 1, 1, 1, 1, 0, 0, 0, 0, 0, 0, 0, 1, 1, 1, 0, 0, 0, 0, 1, 1, 0, 0, 0, 0, 1, 0, 0, 1, 0, 0, 1, 0, 0, 1, 1, 1, 0, 0, 0, 1, 1, 1, 0, 1, 1, 1, 0, 0, 1, 1, 1, 1, 0, 1, 0, 1, 1, 0, 2, 1, 0, 1, 0, 1, 1, 1, 1, 1]

################################################################
################################################################
################### process_jail_download_list: ######################

[10, 6, 7, 7, 7, 7, 6, 6, 6, 7, 6, 6, 6, 8, 7, 7, 6, 6, 6, 6, 7, 7, 6, 6, 6, 6, 7, 6, 6, 6, 6, 6, 7, 7, 6, 7, 7, 6, 6, 7, 7, 7, 7, 6, 6, 6, 6, 7, 7, 6, 8, 7, 8, 7, 6, 6, 6, 7, 7, 6, 10, 7, 6, 7, 6, 6, 8, 6, 7, 7]

################################################################
################################################################
################### process_jail_list: ######################

[9, 6, 6, 6, 6, 6, 6, 6, 6, 7, 6, 6, 6, 7, 6, 6, 6, 6, 6, 6, 6, 6, 6, 6, 6, 6, 6, 6, 6, 5, 6, 6, 6, 7, 6, 6, 6, 5, 6, 7, 7, 6, 6, 5, 6, 5, 5, 6, 7, 6, 7, 6, 7, 6, 6, 5, 6, 6, 6, 6, 8, 6, 6, 6, 6, 5, 7, 5, 6, 6]

################################################################
