Numero total de amostras 70

Tempo total de processamento: 0:01:39

############## TEMPOS DE PROCESSAMENTO DO EXERCICIO NO JAIL  ####################
Soma 428 segundos
Media 6.114285714285714 segundos
Desvio padr達o 0.7278708115918284 segundos

95% 5.0 segundos
99% 5.0 segundos

############## TEMPOS DE PROCESSAMENTO DO EXERCICIO NO JAIL COM DOWNLOAD  ################
Soma 469 segundos
Media 6.7 segundos
Desvio padr達o 0.9464218328601078 segundos

95% 6.0 segundos
99% 6.0 segundos

################### TEMPOS DE DOWNLOAD DO EXERCICIO NO JAIL #######################
Soma 41 segundos
Media 0.5857142857142857 segundos
Desvio padr達o 0.5207921752445194 segundos

95% 0.0 segundos
99% 0.0 segundos

############################ TEMPOS DE ESPERA NA FILA ############################
Soma 1391
Media 19.87142857142857 segundos
Desvio padr達o 9.956937895000548 segundos

95% 2.6555 segundos
99% 2.6830999999999996 segundos

################### queue_wait_time_list: ######################

[13, 6, 8, 16, 4, 8, 3, 13, 11, 3, 26, 2, 5, 8, 6, 14, 11, 6, 8, 5, 14, 10, 19, 11, 16, 10, 20, 13, 13, 15, 21, 16, 20, 18, 18, 24, 24, 23, 21, 27, 21, 23, 26, 26, 27, 25, 18, 17, 19, 21, 25, 33, 28, 28, 33, 28, 33, 31, 31, 30, 36, 29, 30, 36, 35, 34, 32, 34, 34, 39]

################################################################
################### jail_ex_download_list: ######################

[1, 2, 1, 0, 1, 0, 1, 0, 1, 1, 0, 1, 1, 1, 0, 0, 1, 0, 0, 1, 1, 1, 1, 0, 1, 0, 0, 1, 1, 1, 1, 0, 1, 0, 1, 0, 1, 1, 0, 0, 1, 1, 1, 0, 0, 1, 0, 0, 1, 1, 0, 0, 1, 0, 1, 0, 1, 1, 1, 1, 1, 1, 1, 0, 0, 0, 0, 1, 0, 0]

################################################################
################################################################
################### process_jail_download_list: ######################

[6, 12, 7, 8, 6, 6, 7, 6, 8, 7, 6, 7, 6, 7, 6, 6, 7, 6, 6, 7, 7, 7, 6, 6, 7, 6, 6, 8, 7, 7, 7, 6, 7, 7, 7, 6, 7, 7, 6, 6, 8, 7, 9, 6, 6, 7, 6, 6, 6, 7, 6, 6, 7, 6, 7, 6, 8, 7, 8, 7, 7, 6, 6, 6, 6, 6, 6, 7, 7, 6]

################################################################
################################################################
################### process_jail_list: ######################

[5, 10, 6, 8, 5, 6, 6, 6, 7, 6, 6, 6, 5, 6, 6, 6, 6, 6, 6, 6, 6, 6, 5, 6, 6, 6, 6, 7, 6, 6, 6, 6, 6, 7, 6, 6, 6, 6, 6, 6, 7, 6, 8, 6, 6, 6, 6, 6, 5, 6, 6, 6, 6, 6, 6, 6, 7, 6, 7, 6, 6, 5, 5, 6, 6, 6, 6, 6, 7, 6]

################################################################
