Numero total de amostras 70

Tempo total de processamento: 0:05:34

############## TEMPOS DE PROCESSAMENTO DO EXERCICIO NO JAIL  ####################
Soma 580 segundos
Media 8.285714285714286 segundos
Desvio padr達o 1.7166650155199772 segundos

95% 6.0 segundos
99% 6.0 segundos

############## TEMPOS DE PROCESSAMENTO DO EXERCICIO NO JAIL COM DOWNLOAD  ################
Soma 669 segundos
Media 9.557142857142857 segundos
Desvio padr達o 2.36423176459811 segundos

95% 7.0 segundos
99% 7.0 segundos

################### TEMPOS DE DOWNLOAD DO EXERCICIO NO JAIL #######################
Soma 89 segundos
Media 1.2714285714285714 segundos
Desvio padr達o 0.8605883132473735 segundos

95% 0.0 segundos
99% 0.0 segundos

############################ TEMPOS DE ESPERA NA FILA ############################
Soma 10289
Media 146.9857142857143 segundos
Desvio padr達o 78.73182200303997 segundos

95% 9.0 segundos
99% 9.0 segundos

################### queue_wait_time_list: ######################

[28, 27, 51, 50, 9, 91, 9, 41, 35, 103, 20, 20, 34, 42, 104, 76, 68, 84, 59, 60, 67, 97, 75, 84, 90, 116, 133, 98, 115, 143, 134, 142, 152, 152, 159, 158, 165, 164, 171, 171, 178, 177, 183, 182, 187, 188, 260, 229, 194, 194, 228, 199, 200, 269, 235, 270, 236, 204, 205, 243, 212, 213, 244, 277, 278, 222, 221, 252, 251, 261]

################################################################
################### jail_ex_download_list: ######################

[2, 2, 1, 1, 2, 1, 2, 2, 1, 1, 1, 0, 1, 2, 1, 1, 2, 1, 2, 2, 2, 1, 1, 1, 1, 5, 2, 1, 5, 2, 2, 2, 1, 1, 1, 1, 1, 1, 1, 1, 0, 0, 1, 1, 1, 1, 2, 1, 0, 0, 1, 0, 0, 1, 1, 1, 1, 1, 1, 1, 1, 1, 1, 1, 1, 2, 2, 1, 1, 2]

################################################################
################################################################
################### process_jail_download_list: ######################

[9, 9, 10, 10, 13, 9, 13, 11, 9, 13, 9, 8, 9, 11, 13, 10, 10, 8, 10, 10, 10, 8, 10, 8, 9, 20, 11, 8, 20, 11, 11, 11, 8, 8, 8, 8, 8, 8, 7, 7, 7, 7, 7, 7, 8, 8, 11, 9, 7, 7, 9, 7, 7, 9, 9, 9, 9, 10, 10, 10, 10, 10, 10, 9, 9, 9, 9, 11, 11, 11]

################################################################
################################################################
################### process_jail_list: ######################

[7, 7, 9, 9, 11, 8, 11, 9, 8, 12, 8, 8, 8, 9, 12, 9, 8, 7, 8, 8, 8, 7, 9, 7, 8, 15, 9, 7, 15, 9, 9, 9, 7, 7, 7, 7, 7, 7, 6, 6, 7, 7, 6, 6, 7, 7, 9, 8, 7, 7, 8, 7, 7, 8, 8, 8, 8, 9, 9, 9, 9, 9, 9, 8, 8, 7, 7, 10, 10, 9]

################################################################
