Numero total de amostras 70

Tempo total de processamento: 0:08:17

############## TEMPOS DE PROCESSAMENTO DO EXERCICIO NO JAIL  ####################
Soma 452 segundos
Media 6.457142857142857 segundos
Desvio padr達o 0.5778213833187623 segundos

95% 6.0 segundos
99% 6.0 segundos

############## TEMPOS DE PROCESSAMENTO DO EXERCICIO NO JAIL COM DOWNLOAD  ################
Soma 497 segundos
Media 7.1 segundos
Desvio padr達o 0.5644213218610975 segundos

95% 6.0 segundos
99% 6.0 segundos

################### TEMPOS DE DOWNLOAD DO EXERCICIO NO JAIL #######################
Soma 45 segundos
Media 0.6428571428571429 segundos
Desvio padr達o 0.4791574237499549 segundos

95% 0.0 segundos
99% 0.0 segundos

############################ TEMPOS DE ESPERA NA FILA ############################
Soma 15053
Media 215.04285714285714 segundos
Desvio padr達o 126.15029989367963 segundos

95% 6.5885 segundos
99% 6.781699999999999 segundos

################### queue_wait_time_list: ######################

[27, 50, 2, 9, 15, 21, 32, 38, 57, 63, 75, 81, 87, 100, 105, 118, 124, 130, 143, 148, 154, 166, 172, 178, 191, 197, 208, 217, 225, 238, 244, 250, 261, 267, 280, 286, 292, 304, 311, 317, 330, 336, 343, 355, 363, 375, 381, 44, 69, 93, 111, 137, 160, 185, 203, 232, 256, 274, 298, 323, 349, 369, 387, 393, 401, 407, 414, 420, 428, 434]

################################################################
################### jail_ex_download_list: ######################

[0, 0, 1, 1, 1, 0, 1, 1, 1, 0, 1, 1, 0, 0, 1, 0, 0, 0, 0, 1, 1, 1, 1, 1, 0, 0, 1, 1, 1, 1, 1, 1, 1, 1, 1, 1, 0, 0, 0, 0, 0, 1, 0, 1, 1, 1, 1, 0, 1, 0, 1, 0, 1, 1, 0, 1, 0, 1, 0, 1, 1, 1, 1, 1, 1, 1, 1, 1, 0, 1]

################################################################
################################################################
################### process_jail_download_list: ######################

[6, 7, 7, 7, 7, 7, 7, 7, 7, 7, 7, 7, 7, 6, 7, 7, 7, 7, 6, 7, 7, 7, 7, 7, 7, 7, 9, 9, 7, 7, 7, 7, 7, 7, 7, 7, 7, 7, 7, 7, 7, 8, 7, 8, 7, 7, 7, 7, 7, 7, 8, 7, 7, 7, 6, 7, 6, 7, 7, 8, 7, 7, 7, 8, 7, 8, 7, 9, 7, 7]

################################################################
################################################################
################### process_jail_list: ######################

[6, 7, 6, 6, 6, 7, 6, 6, 6, 7, 6, 6, 7, 6, 6, 7, 7, 7, 6, 6, 6, 6, 6, 6, 7, 7, 8, 8, 6, 6, 6, 6, 6, 6, 6, 6, 7, 7, 7, 7, 7, 7, 7, 7, 6, 6, 6, 7, 6, 7, 7, 7, 6, 6, 6, 6, 6, 6, 7, 7, 6, 6, 6, 7, 6, 7, 6, 8, 7, 6]

################################################################
