Numero total de amostras 70

Tempo total de processamento: 0:02:42

############## TEMPOS DE PROCESSAMENTO DO EXERCICIO NO JAIL  ####################
Soma 435 segundos
Media 6.214285714285714 segundos
Desvio padr達o 1.5482050172732948 segundos

95% 5.0 segundos
99% 5.0 segundos

############## TEMPOS DE PROCESSAMENTO DO EXERCICIO NO JAIL COM DOWNLOAD  ################
Soma 476 segundos
Media 6.8 segundos
Desvio padr達o 1.9242809417694553 segundos

95% 5.6555 segundos
99% 5.6831 segundos

################### TEMPOS DE DOWNLOAD DO EXERCICIO NO JAIL #######################
Soma 41 segundos
Media 0.5857142857142857 segundos
Desvio padr達o 0.6208946803457351 segundos

95% 0.0 segundos
99% 0.0 segundos

############################ TEMPOS DE ESPERA NA FILA ############################
Soma 3560
Media 50.857142857142854 segundos
Desvio padr達o 28.29300050455979 segundos

95% 5.0 segundos
99% 5.0 segundos

################### queue_wait_time_list: ######################

[13, 24, 24, 5, 5, 15, 7, 16, 19, 8, 25, 9, 28, 11, 13, 28, 17, 19, 21, 27, 33, 37, 44, 34, 33, 41, 41, 37, 45, 49, 53, 45, 56, 52, 54, 59, 60, 73, 64, 64, 67, 69, 64, 74, 76, 82, 73, 31, 36, 41, 49, 50, 56, 60, 69, 71, 79, 94, 83, 98, 86, 99, 87, 98, 103, 87, 90, 91, 95, 94]

################################################################
################### jail_ex_download_list: ######################

[1, 0, 1, 1, 1, 1, 1, 1, 1, 1, 1, 1, 0, 1, 0, 1, 0, 1, 1, 0, 0, 0, 1, 0, 1, 1, 0, 0, 0, 0, 0, 1, 0, 1, 1, 1, 0, 0, 0, 0, 0, 1, 1, 0, 1, 0, 3, 0, 1, 0, 0, 1, 0, 1, 1, 0, 0, 1, 0, 1, 1, 0, 0, 2, 1, 2, 1, 0, 0, 0]

################################################################
################################################################
################### process_jail_download_list: ######################

[7, 6, 7, 6, 7, 6, 7, 7, 7, 6, 6, 6, 7, 7, 5, 7, 6, 7, 7, 6, 7, 7, 8, 6, 6, 7, 6, 6, 6, 6, 6, 7, 6, 7, 7, 9, 6, 6, 6, 6, 6, 7, 8, 6, 7, 6, 21, 6, 7, 6, 6, 7, 6, 7, 7, 6, 6, 8, 6, 6, 7, 6, 6, 10, 6, 10, 7, 6, 6, 6]

################################################################
################################################################
################### process_jail_list: ######################

[6, 6, 6, 5, 6, 5, 6, 6, 6, 5, 5, 5, 7, 6, 5, 6, 6, 6, 6, 6, 7, 7, 7, 6, 5, 6, 6, 6, 6, 6, 6, 6, 6, 6, 6, 8, 6, 6, 6, 6, 6, 6, 7, 6, 6, 6, 18, 6, 6, 6, 6, 6, 6, 6, 6, 6, 6, 7, 6, 5, 6, 6, 6, 8, 5, 8, 6, 6, 6, 6]

################################################################
