Numero total de amostras 70

Tempo total de processamento: 0:07:34

############## TEMPOS DE PROCESSAMENTO DO EXERCICIO NO JAIL  ####################
Soma 417 segundos
Media 5.957142857142857 segundos
Desvio padrão 0.2025349554108261 segundos

95% 5.0 segundos
99% 5.0 segundos

############## TEMPOS DE PROCESSAMENTO DO EXERCICIO NO JAIL COM DOWNLOAD  ################
Soma 455 segundos
Media 6.5 segundos
Desvio padrão 0.5 segundos

95% 6.0 segundos
99% 6.0 segundos

################### TEMPOS DE DOWNLOAD DO EXERCICIO NO JAIL #######################
Soma 38 segundos
Media 0.5428571428571428 segundos
Desvio padrão 0.49815987926179117 segundos

95% 0.0 segundos
99% 0.0 segundos

############################ TEMPOS DE ESPERA NA FILA ############################
Soma 14053
Media 200.75714285714287 segundos
Desvio padrão 113.82422987274039 segundos

95% 9.933 segundos
99% 10.0986 segundos

################### queue_wait_time_list: ######################

[28, 40, 6, 12, 17, 23, 51, 35, 57, 62, 74, 80, 85, 97, 102, 114, 120, 125, 136, 142, 147, 159, 165, 170, 181, 186, 198, 204, 209, 220, 226, 232, 243, 249, 260, 265, 272, 283, 288, 294, 305, 310, 317, 328, 333, 344, 350, 45, 68, 91, 108, 131, 154, 175, 193, 215, 238, 254, 277, 299, 322, 338, 356, 361, 367, 372, 378, 383, 389, 395]

################################################################
################### jail_ex_download_list: ######################

[1, 1, 1, 0, 1, 0, 1, 0, 0, 1, 1, 0, 1, 0, 1, 1, 0, 1, 1, 0, 1, 1, 0, 1, 0, 1, 1, 0, 1, 1, 0, 1, 1, 0, 0, 1, 0, 0, 1, 0, 0, 1, 0, 0, 1, 1, 0, 1, 0, 1, 0, 0, 0, 1, 0, 0, 0, 1, 1, 1, 1, 0, 1, 1, 0, 1, 0, 1, 0, 1]

################################################################
################################################################
################### process_jail_download_list: ######################

[7, 6, 7, 6, 7, 6, 7, 6, 6, 7, 7, 6, 7, 6, 7, 7, 6, 7, 7, 6, 7, 7, 6, 6, 6, 7, 7, 6, 7, 7, 6, 7, 7, 6, 6, 7, 6, 6, 7, 6, 6, 7, 6, 6, 7, 7, 6, 7, 6, 7, 6, 6, 6, 7, 6, 6, 6, 7, 7, 7, 7, 6, 6, 7, 6, 7, 6, 7, 6, 7]

################################################################
################################################################
################### process_jail_list: ######################

[6, 5, 6, 6, 6, 6, 6, 6, 6, 6, 6, 6, 6, 6, 6, 6, 6, 6, 6, 6, 6, 6, 6, 5, 6, 6, 6, 6, 6, 6, 6, 6, 6, 6, 6, 6, 6, 6, 6, 6, 6, 6, 6, 6, 6, 6, 6, 6, 6, 6, 6, 6, 6, 6, 6, 6, 6, 6, 6, 6, 6, 6, 5, 6, 6, 6, 6, 6, 6, 6]

################################################################
Numero total de amostras 70

Tempo total de processamento: 0:07:25

############## TEMPOS DE PROCESSAMENTO DO EXERCICIO NO JAIL  ####################
Soma 409 segundos
Media 5.8428571428571425 segundos
Desvio padrão 0.36393540579591427 segundos
Minimo 5 segundos
Maximo 6 segundos

95% 5.0 segundos
99% 5.0 segundos

############## TEMPOS DE PROCESSAMENTO DO EXERCICIO NO JAIL COM DOWNLOAD  ################
Soma 446 segundos
Media 6.371428571428571 segundos
Desvio padrão 0.4831867007225075 segundos
Minimo 6 segundos
Maximo 7 segundos

95% 6.0 segundos
99% 6.0 segundos

################### TEMPOS DE DOWNLOAD DO EXERCICIO NO JAIL #######################
Soma 37 segundos
Media 0.5285714285714286 segundos
Desvio padrão 0.49918300599017557 segundos
Minimo 0 segundos
Maximo 1 segundos

95% 0.0 segundos
99% 0.0 segundos

############################ TEMPOS DE ESPERA NA FILA ############################
Soma 13711
Media 195.87142857142857 segundos
Desvio padrão 109.23917683277386 segundos
Minimo 9 segundos
Maximo 383 segundos

95% 12.933 segundos
99% 13.0986 segundos

################### queue_wait_time_list: ######################

[31, 42, 9, 53, 15, 20, 26, 37, 58, 65, 74, 80, 86, 97, 102, 113, 119, 125, 132, 138, 143, 154, 160, 165, 176, 182, 192, 199, 204, 214, 220, 225, 236, 241, 252, 257, 263, 274, 279, 285, 296, 301, 307, 317, 323, 335, 340, 47, 70, 91, 107, 129, 148, 171, 187, 209, 230, 247, 268, 291, 312, 329, 345, 351, 356, 361, 367, 373, 377, 383]

################################################################
################### jail_ex_download_list: ######################

[1, 1, 1, 0, 0, 1, 1, 0, 1, 0, 1, 0, 1, 0, 1, 0, 1, 0, 1, 0, 1, 0, 0, 1, 1, 0, 1, 0, 0, 1, 0, 1, 0, 1, 0, 1, 0, 0, 1, 1, 0, 1, 0, 1, 0, 0, 0, 1, 1, 1, 1, 1, 1, 0, 0, 1, 1, 0, 1, 0, 1, 1, 1, 0, 0, 1, 0, 0, 1, 0]

################################################################
################################################################
################### process_jail_download_list: ######################

[7, 6, 7, 6, 6, 7, 6, 6, 7, 6, 7, 6, 6, 6, 6, 6, 7, 6, 7, 6, 6, 6, 6, 7, 7, 6, 7, 6, 6, 7, 6, 6, 6, 7, 6, 7, 6, 6, 6, 7, 6, 7, 6, 7, 6, 6, 6, 7, 6, 7, 7, 6, 7, 6, 6, 6, 7, 6, 7, 6, 6, 7, 7, 6, 6, 7, 6, 6, 7, 6]

################################################################
################################################################
################### process_jail_list: ######################

[6, 5, 6, 6, 6, 6, 5, 6, 6, 6, 6, 6, 5, 6, 5, 6, 6, 6, 6, 6, 5, 6, 6, 6, 6, 6, 6, 6, 6, 6, 6, 5, 6, 6, 6, 6, 6, 6, 5, 6, 6, 6, 6, 6, 6, 6, 6, 6, 5, 6, 6, 5, 6, 6, 6, 5, 6, 6, 6, 6, 5, 6, 6, 6, 6, 6, 6, 6, 6, 6]

################################################################
