Numero total de amostras 70

Tempo total de processamento: 0:07:35

############## TEMPOS DE PROCESSAMENTO DO EXERCICIO NO JAIL  ####################
Soma 417 segundos
Media 5.957142857142857 segundos
Desvio padr達o 0.2025349554108261 segundos

95% 5.0 segundos
99% 5.0 segundos

############## TEMPOS DE PROCESSAMENTO DO EXERCICIO NO JAIL COM DOWNLOAD  ################
Soma 454 segundos
Media 6.485714285714286 segundos
Desvio padr達o 0.49979587670102593 segundos

95% 6.0 segundos
99% 6.0 segundos

################### TEMPOS DE DOWNLOAD DO EXERCICIO NO JAIL #######################
Soma 37 segundos
Media 0.5285714285714286 segundos
Desvio padr達o 0.49918300599017557 segundos

95% 0.0 segundos
99% 0.0 segundos

############################ TEMPOS DE ESPERA NA FILA ############################
Soma 14214
Media 203.05714285714285 segundos
Desvio padr達o 114.12735814672581 segundos

95% 11.5885 segundos
99% 11.7817 segundos

################### queue_wait_time_list: ######################

[31, 36, 7, 53, 14, 20, 25, 42, 59, 64, 75, 81, 87, 99, 104, 115, 121, 126, 139, 144, 150, 161, 166, 173, 184, 189, 200, 206, 212, 223, 229, 234, 245, 252, 263, 268, 274, 285, 291, 297, 308, 313, 319, 330, 336, 347, 352, 47, 70, 93, 110, 133, 156, 178, 195, 218, 240, 257, 279, 302, 324, 341, 358, 363, 370, 375, 381, 386, 392, 397]

################################################################
################### jail_ex_download_list: ######################

[0, 1, 1, 0, 1, 0, 1, 0, 1, 1, 1, 1, 0, 0, 1, 1, 0, 1, 0, 1, 1, 0, 1, 0, 0, 1, 1, 0, 1, 1, 0, 1, 1, 0, 0, 1, 0, 0, 1, 0, 0, 1, 0, 1, 0, 0, 1, 1, 0, 1, 0, 1, 0, 1, 0, 0, 0, 1, 1, 1, 0, 1, 0, 1, 0, 1, 0, 1, 0, 1]

################################################################
################################################################
################### process_jail_download_list: ######################

[6, 7, 7, 6, 7, 6, 7, 6, 6, 7, 7, 7, 6, 6, 7, 7, 6, 7, 6, 7, 7, 6, 7, 6, 6, 7, 7, 6, 7, 7, 6, 7, 7, 6, 6, 7, 6, 6, 7, 6, 6, 6, 6, 7, 6, 6, 7, 7, 6, 7, 6, 7, 6, 7, 6, 6, 6, 7, 6, 7, 6, 7, 6, 7, 6, 7, 6, 7, 6, 7]

################################################################
################################################################
################### process_jail_list: ######################

[6, 6, 6, 6, 6, 6, 6, 6, 5, 6, 6, 6, 6, 6, 6, 6, 6, 6, 6, 6, 6, 6, 6, 6, 6, 6, 6, 6, 6, 6, 6, 6, 6, 6, 6, 6, 6, 6, 6, 6, 6, 5, 6, 6, 6, 6, 6, 6, 6, 6, 6, 6, 6, 6, 6, 6, 6, 6, 5, 6, 6, 6, 6, 6, 6, 6, 6, 6, 6, 6]

################################################################
