Numero total de amostras 70

Tempo total de processamento: 0:02:17

############## TEMPOS DE PROCESSAMENTO DO EXERCICIO NO JAIL  ####################
Soma 454 segundos
Media 6.485714285714286 segundos
Desvio padr達o 2.3829325099420617 segundos

95% 5.0 segundos
99% 5.0 segundos

############## TEMPOS DE PROCESSAMENTO DO EXERCICIO NO JAIL COM DOWNLOAD  ################
Soma 511 segundos
Media 7.3 segundos
Desvio padr達o 3.1046048747902577 segundos

95% 6.0 segundos
99% 6.0 segundos

################### TEMPOS DE DOWNLOAD DO EXERCICIO NO JAIL #######################
Soma 57 segundos
Media 0.8142857142857143 segundos
Desvio padr達o 1.0595532366164948 segundos

95% 0.0 segundos
99% 0.0 segundos

############################ TEMPOS DE ESPERA NA FILA ############################
Soma 2460
Media 35.142857142857146 segundos
Desvio padr達o 18.899195534115588 segundos

95% 1.311 segundos
99% 1.3661999999999999 segundos

################### queue_wait_time_list: ######################

[0, 16, 10, 22, 26, 14, 2, 3, 7, 6, 14, 7, 16, 10, 10, 14, 20, 13, 17, 24, 26, 22, 19, 19, 38, 20, 26, 29, 30, 32, 35, 33, 47, 37, 32, 38, 40, 37, 53, 45, 51, 44, 47, 47, 51, 51, 54, 26, 28, 32, 35, 41, 41, 45, 47, 53, 58, 65, 54, 63, 58, 58, 64, 67, 58, 66, 67, 60, 60, 60]

################################################################
################### jail_ex_download_list: ######################

[5, 1, 1, 1, 1, 2, 1, 0, 1, 1, 1, 0, 1, 1, 1, 1, 1, 0, 1, 0, 1, 1, 1, 1, 0, 1, 1, 0, 0, 0, 0, 0, 0, 1, 1, 0, 0, 2, 1, 0, 1, 1, 1, 1, 1, 1, 1, 2, 1, 0, 0, 0, 0, 1, 4, 1, 1, 0, 0, 0, 0, 0, 0, 0, 0, 1, 6, 0, 1, 0]

################################################################
################################################################
################### process_jail_download_list: ######################

[22, 6, 7, 6, 6, 11, 7, 6, 6, 6, 6, 6, 6, 6, 6, 6, 6, 6, 6, 6, 7, 6, 6, 7, 6, 13, 7, 6, 6, 6, 6, 6, 6, 7, 11, 6, 6, 18, 7, 6, 6, 7, 6, 6, 6, 6, 10, 10, 7, 6, 6, 6, 6, 6, 13, 7, 15, 6, 6, 6, 6, 6, 6, 6, 6, 6, 17, 6, 7, 6]

################################################################
################################################################
################### process_jail_list: ######################

[17, 5, 6, 5, 5, 9, 6, 6, 5, 5, 5, 6, 5, 5, 5, 5, 5, 6, 5, 6, 6, 5, 5, 6, 6, 12, 6, 6, 6, 6, 6, 6, 6, 6, 10, 6, 6, 16, 6, 6, 5, 6, 5, 5, 5, 5, 9, 8, 6, 6, 6, 6, 6, 5, 9, 6, 14, 6, 6, 6, 6, 6, 6, 6, 6, 5, 11, 6, 6, 6]

################################################################
