Numero total de amostras 70

Tempo total de processamento: 0:01:57

############## TEMPOS DE PROCESSAMENTO DO EXERCICIO NO JAIL  ####################
Soma 496 segundos
Media 7.085714285714285 segundos
Desvio padr達o 2.8422468835304886 segundos
Minimo 5 segundos
Maximo 19 segundos

95% 5.0 segundos
99% 5.0 segundos

############## TEMPOS DE PROCESSAMENTO DO EXERCICIO NO JAIL COM DOWNLOAD  ################
Soma 555 segundos
Media 7.928571428571429 segundos
Desvio padr達o 3.5829813147769576 segundos
Minimo 6 segundos
Maximo 23 segundos

95% 6.0 segundos
99% 6.0 segundos

################### TEMPOS DE DOWNLOAD DO EXERCICIO NO JAIL #######################
Soma 59 segundos
Media 0.8428571428571429 segundos
Desvio padr達o 0.9045237781872418 segundos
Minimo 0 segundos
Maximo 4 segundos

95% 0.0 segundos
99% 0.0 segundos

############################ TEMPOS DE ESPERA NA FILA ############################
Soma 1593
Media 22.757142857142856 segundos
Desvio padr達o 11.013544536855795 segundos
Minimo 1 segundos
Maximo 40 segundos

95% 1.6555 segundos
99% 1.6831 segundos

################### queue_wait_time_list: ######################

[14, 10, 8, 17, 26, 1, 8, 7, 4, 24, 3, 9, 4, 2, 15, 11, 6, 7, 20, 7, 17, 9, 21, 12, 11, 12, 18, 25, 15, 17, 27, 25, 24, 25, 35, 27, 31, 27, 30, 31, 33, 28, 33, 37, 34, 32, 34, 19, 16, 25, 29, 29, 31, 31, 32, 35, 32, 36, 32, 28, 37, 27, 30, 38, 32, 37, 29, 38, 37, 40]

################################################################
################### jail_ex_download_list: ######################

[1, 1, 1, 1, 1, 1, 1, 1, 1, 0, 1, 1, 1, 1, 1, 0, 1, 1, 1, 1, 0, 1, 1, 1, 1, 1, 0, 1, 1, 4, 0, 0, 0, 1, 1, 0, 0, 0, 0, 1, 1, 1, 0, 0, 1, 1, 0, 1, 4, 1, 0, 0, 0, 1, 1, 0, 1, 0, 0, 1, 0, 0, 1, 0, 4, 1, 4, 1, 1, 1]

################################################################
################################################################
################### process_jail_download_list: ######################

[6, 6, 6, 6, 8, 7, 9, 9, 6, 6, 7, 6, 12, 12, 7, 6, 7, 6, 7, 6, 6, 7, 7, 7, 11, 11, 6, 7, 7, 19, 6, 6, 6, 7, 7, 6, 6, 9, 6, 7, 9, 7, 6, 6, 7, 8, 6, 7, 19, 8, 6, 9, 6, 8, 9, 6, 7, 6, 6, 6, 6, 6, 7, 6, 23, 6, 23, 10, 10, 7]

################################################################
################################################################
################### process_jail_list: ######################

[5, 5, 5, 5, 7, 6, 8, 8, 5, 6, 6, 5, 11, 11, 6, 6, 6, 5, 6, 5, 6, 6, 6, 6, 10, 10, 6, 6, 6, 15, 6, 6, 6, 6, 6, 6, 6, 9, 6, 6, 8, 6, 6, 6, 6, 7, 6, 6, 15, 7, 6, 9, 6, 7, 8, 6, 6, 6, 6, 5, 6, 6, 6, 6, 19, 5, 19, 9, 9, 6]

################################################################
