Numero total de amostras 70

Tempo total de processamento: 0:01:49

############## TEMPOS DE PROCESSAMENTO DO EXERCICIO NO JAIL  ####################
Soma 630 segundos
Media 9.0 segundos
Desvio padr達o 1.0 segundos

95% 7.0 segundos
99% 7.0 segundos

############## TEMPOS DE PROCESSAMENTO DO EXERCICIO NO JAIL COM DOWNLOAD  ################
Soma 741 segundos
Media 10.585714285714285 segundos
Desvio padr達o 1.247773527331865 segundos

95% 9.0 segundos
99% 9.0 segundos

################### TEMPOS DE DOWNLOAD DO EXERCICIO NO JAIL #######################
Soma 111 segundos
Media 1.5857142857142856 segundos
Desvio padr達o 0.5974435333236137 segundos

95% 1.0 segundos
99% 1.0 segundos

############################ TEMPOS DE ESPERA NA FILA ############################
Soma 1844
Media 26.34285714285714 segundos
Desvio padr達o 13.110394691983602 segundos

95% 0.0 segundos
99% 0.0 segundos

################### queue_wait_time_list: ######################

[8, 17, 9, 16, 17, 22, 12, 3, 4, 0, 2, 11, 0, 13, 13, 17, 25, 9, 10, 17, 25, 8, 14, 21, 35, 36, 16, 27, 31, 20, 22, 20, 23, 38, 26, 23, 28, 27, 30, 29, 35, 31, 40, 34, 33, 39, 21, 21, 24, 23, 29, 32, 33, 36, 41, 38, 37, 45, 44, 48, 47, 47, 40, 46, 40, 45, 44, 43, 42, 42]

################################################################
################### jail_ex_download_list: ######################

[1, 2, 1, 2, 1, 2, 2, 3, 2, 3, 3, 2, 3, 1, 1, 1, 1, 2, 2, 2, 2, 2, 2, 1, 1, 2, 2, 1, 1, 2, 2, 2, 1, 2, 2, 2, 1, 1, 1, 1, 1, 2, 1, 1, 2, 2, 1, 2, 1, 1, 1, 2, 2, 1, 2, 2, 2, 1, 1, 1, 2, 1, 1, 1, 1, 2, 1, 2, 2, 1]

################################################################
################################################################
################### process_jail_download_list: ######################

[10, 11, 10, 11, 10, 10, 11, 14, 14, 14, 14, 12, 14, 10, 10, 10, 9, 13, 13, 10, 11, 13, 11, 9, 11, 11, 10, 10, 10, 10, 9, 9, 11, 10, 11, 11, 10, 10, 11, 11, 10, 10, 10, 10, 11, 10, 10, 10, 9, 11, 10, 10, 11, 10, 10, 10, 10, 10, 10, 10, 10, 9, 10, 10, 10, 10, 10, 10, 11, 10]

################################################################
################################################################
################### process_jail_list: ######################

[9, 9, 9, 9, 9, 8, 9, 11, 12, 11, 11, 10, 11, 9, 9, 9, 8, 11, 11, 8, 9, 11, 9, 8, 10, 9, 8, 9, 9, 8, 7, 7, 10, 8, 9, 9, 9, 9, 10, 10, 9, 8, 9, 9, 9, 8, 9, 8, 8, 10, 9, 8, 9, 9, 8, 8, 8, 9, 9, 9, 8, 8, 9, 9, 9, 8, 9, 8, 9, 9]

################################################################
