Numero total de amostras 70

Tempo total de processamento: 0:07:21

############## TEMPOS DE PROCESSAMENTO DO EXERCICIO NO JAIL  ####################
Soma 745 segundos
Media 10.642857142857142 segundos
Desvio padrão 1.7971065179155892 segundos

95% 8.0 segundos
99% 8.0 segundos

############## TEMPOS DE PROCESSAMENTO DO EXERCICIO NO JAIL COM DOWNLOAD  ################
Soma 884 segundos
Media 12.628571428571428 segundos
Desvio padrão 2.3186906931741125 segundos

95% 9.0 segundos
99% 9.0 segundos

################### TEMPOS DE DOWNLOAD DO EXERCICIO NO JAIL #######################
Soma 139 segundos
Media 1.9857142857142858 segundos
Desvio padrão 0.9635182130809856 segundos

95% 1.0 segundos
99% 1.0 segundos

############################ TEMPOS DE ESPERA NA FILA ############################
Soma 14211
Media 203.0142857142857 segundos
Desvio padrão 113.581750654023 segundos

95% 7.6555 segundos
99% 7.6831 segundos

################### queue_wait_time_list: ######################

[44, 75, 7, 8, 22, 22, 33, 34, 53, 64, 87, 65, 100, 99, 121, 108, 140, 151, 120, 150, 161, 171, 172, 185, 197, 206, 186, 218, 218, 229, 243, 252, 262, 251, 271, 285, 261, 301, 310, 321, 300, 329, 340, 320, 339, 349, 43, 53, 76, 88, 109, 140, 162, 198, 207, 229, 242, 272, 284, 309, 328, 348, 381, 356, 355, 364, 364, 372, 371, 380]

################################################################
################### jail_ex_download_list: ######################

[2, 3, 2, 2, 2, 1, 2, 2, 3, 1, 1, 1, 2, 2, 6, 1, 2, 2, 6, 2, 3, 2, 2, 1, 2, 3, 1, 2, 2, 3, 1, 2, 2, 2, 2, 3, 2, 2, 2, 1, 2, 2, 2, 1, 2, 1, 2, 3, 3, 1, 1, 2, 3, 2, 3, 3, 1, 2, 3, 2, 2, 1, 2, 1, 1, 1, 1, 1, 1, 2]

################################################################
################################################################
################### process_jail_download_list: ######################

[11, 14, 16, 15, 14, 13, 12, 12, 13, 13, 13, 13, 11, 11, 21, 14, 12, 13, 21, 13, 12, 15, 15, 14, 11, 13, 14, 13, 13, 15, 11, 11, 12, 11, 15, 17, 12, 11, 13, 10, 11, 12, 11, 10, 11, 9, 11, 13, 14, 13, 14, 12, 12, 11, 13, 15, 11, 15, 17, 13, 12, 9, 11, 10, 10, 9, 9, 11, 11, 11]

################################################################
################################################################
################### process_jail_list: ######################

[9, 11, 14, 13, 12, 12, 10, 10, 10, 12, 12, 12, 9, 9, 15, 13, 10, 11, 15, 11, 9, 13, 13, 13, 9, 10, 13, 11, 11, 12, 10, 9, 10, 9, 13, 14, 10, 9, 11, 9, 9, 10, 9, 9, 9, 8, 9, 10, 11, 12, 13, 10, 9, 9, 10, 12, 10, 13, 14, 11, 10, 8, 9, 9, 9, 8, 8, 10, 10, 9]

################################################################
Numero total de amostras 70

Tempo total de processamento: 0:03:40

############## TEMPOS DE PROCESSAMENTO DO EXERCICIO NO JAIL  ####################
Soma 407 segundos
Media 5.814285714285714 segundos
Desvio padrão 0.3888759311090343 segundos
Minimo 5 segundos
Maximo 6 segundos

95% 5.0 segundos
99% 5.0 segundos

############## TEMPOS DE PROCESSAMENTO DO EXERCICIO NO JAIL COM DOWNLOAD  ################
Soma 442 segundos
Media 6.314285714285714 segundos
Desvio padrão 0.4642307659791977 segundos
Minimo 6 segundos
Maximo 7 segundos

95% 6.0 segundos
99% 6.0 segundos

################### TEMPOS DE DOWNLOAD DO EXERCICIO NO JAIL #######################
Soma 35 segundos
Media 0.5 segundos
Desvio padrão 0.5 segundos
Minimo 0 segundos
Maximo 1 segundos

95% 0.0 segundos
99% 0.0 segundos

############################ TEMPOS DE ESPERA NA FILA ############################
Soma 4948
Media 70.68571428571428 segundos
Desvio padrão 37.11624321242765 segundos
Minimo 4 segundos
Maximo 130 segundos

95% 5.311 segundos
99% 5.366199999999999 segundos

################### queue_wait_time_list: ######################

[29, 29, 6, 4, 9, 22, 9, 20, 32, 33, 14, 12, 37, 38, 17, 16, 24, 26, 43, 42, 67, 46, 52, 54, 58, 53, 63, 66, 71, 77, 73, 91, 75, 79, 84, 80, 86, 101, 87, 97, 107, 96, 102, 103, 99, 110, 47, 51, 57, 62, 71, 77, 85, 90, 97, 102, 106, 108, 127, 126, 114, 112, 128, 116, 117, 130, 120, 119, 123, 124]

################################################################
################### jail_ex_download_list: ######################

[1, 1, 1, 1, 1, 1, 0, 1, 1, 1, 0, 0, 0, 0, 1, 1, 0, 0, 0, 0, 1, 1, 0, 1, 1, 1, 0, 1, 1, 0, 0, 1, 0, 1, 0, 1, 1, 1, 0, 0, 0, 0, 1, 0, 1, 1, 1, 0, 1, 0, 1, 0, 0, 1, 0, 0, 0, 1, 0, 0, 0, 0, 1, 0, 0, 1, 1, 1, 0, 0]

################################################################
################################################################
################### process_jail_download_list: ######################

[6, 6, 6, 7, 7, 7, 6, 7, 7, 7, 6, 6, 6, 6, 6, 6, 6, 6, 6, 6, 6, 7, 6, 6, 7, 6, 6, 6, 7, 6, 6, 7, 6, 7, 6, 7, 6, 6, 6, 6, 6, 6, 7, 6, 7, 7, 7, 6, 7, 6, 7, 6, 6, 7, 6, 6, 6, 7, 6, 6, 6, 6, 6, 6, 6, 6, 7, 7, 6, 6]

################################################################
################################################################
################### process_jail_list: ######################

[5, 5, 5, 6, 6, 6, 6, 6, 6, 6, 6, 6, 6, 6, 5, 5, 6, 6, 6, 6, 5, 6, 6, 5, 6, 5, 6, 5, 6, 6, 6, 6, 6, 6, 6, 6, 5, 5, 6, 6, 6, 6, 6, 6, 6, 6, 6, 6, 6, 6, 6, 6, 6, 6, 6, 6, 6, 6, 6, 6, 6, 6, 5, 6, 6, 5, 6, 6, 6, 6]

################################################################
