Numero total de amostras 72

Tempo total de processamento: 0:13:38

############## TEMPOS DE PROCESSAMENTO DO EXERCICIO NO JAIL  ####################
Soma 3128 segundos
Media 43.44444444444444 segundos
Desvio padr達o 10.291432371002278 segundos

95% 25.349 segundos
99% 25.4058 segundos

############## TEMPOS DE PROCESSAMENTO DO EXERCICIO NO JAIL COM DOWNLOAD  ################
Soma 3245 segundos
Media 45.06944444444444 segundos
Desvio padr達o 11.17080320011961 segundos

95% 26.349000000000004 segundos
99% 26.405800000000003 segundos

################### TEMPOS DE DOWNLOAD DO EXERCICIO NO JAIL #######################
Soma 117 segundos
Media 1.625 segundos
Desvio padr達o 1.5584670174387536 segundos

95% 0.0 segundos
99% 0.0 segundos

############################ TEMPOS DE ESPERA NA FILA ############################
Soma 25601
Media 355.56944444444446 segundos
Desvio padr達o 216.4419235928665 segundos

95% 3.6745 segundos
99% 3.7029 segundos

################### queue_wait_time_list: ######################

[9, 8, 4, 3, 44, 157, 127, 87, 88, 43, 48, 49, 89, 86, 165, 131, 198, 126, 214, 131, 237, 158, 164, 289, 265, 213, 308, 307, 306, 277, 346, 385, 354, 340, 397, 432, 433, 457, 396, 444, 463, 485, 517, 517, 511, 589, 199, 238, 276, 332, 353, 394, 443, 657, 657, 511, 599, 605, 606, 547, 669, 562, 550, 551, 639, 696, 628, 704, 670, 721, 699, 698]

################################################################
################### jail_ex_download_list: ######################

[4, 4, 1, 1, 4, 1, 0, 1, 2, 4, 1, 1, 2, 1, 1, 3, 0, 0, 5, 3, 0, 1, 1, 1, 3, 5, 1, 1, 1, 1, 1, 3, 0, 2, 0, 1, 0, 1, 1, 6, 0, 0, 0, 0, 3, 1, 0, 0, 1, 1, 0, 3, 6, 2, 2, 3, 1, 4, 4, 0, 0, 1, 3, 3, 0, 1, 1, 0, 1, 1, 3, 3]

################################################################
################################################################
################### process_jail_download_list: ######################

[43, 43, 49, 49, 48, 45, 34, 42, 48, 48, 41, 41, 48, 42, 52, 37, 42, 34, 55, 37, 42, 45, 52, 56, 46, 81, 43, 50, 27, 33, 41, 64, 46, 58, 37, 28, 34, 30, 38, 72, 57, 35, 31, 50, 44, 43, 42, 42, 33, 25, 48, 54, 72, 46, 46, 44, 44, 55, 55, 45, 40, 38, 59, 59, 32, 28, 46, 46, 27, 29, 62, 67]

################################################################
################################################################
################### process_jail_list: ######################

[39, 39, 48, 48, 44, 44, 34, 41, 46, 44, 40, 40, 46, 41, 51, 34, 42, 34, 50, 34, 42, 44, 51, 55, 43, 76, 42, 49, 26, 32, 40, 61, 46, 56, 37, 27, 34, 29, 37, 66, 57, 35, 31, 50, 41, 42, 42, 42, 32, 24, 48, 51, 66, 44, 44, 41, 43, 51, 51, 45, 40, 37, 56, 56, 32, 27, 45, 46, 26, 28, 59, 64]

################################################################
