Numero total de amostras 70

Tempo total de processamento: 0:02:12

############## TEMPOS DE PROCESSAMENTO DO EXERCICIO NO JAIL  ####################
Soma 448 segundos
Media 6.4 segundos
Desvio padr達o 0.916515138991168 segundos

95% 5.0 segundos
99% 5.0 segundos

############## TEMPOS DE PROCESSAMENTO DO EXERCICIO NO JAIL COM DOWNLOAD  ################
Soma 498 segundos
Media 7.114285714285714 segundos
Desvio padr達o 1.1407122730101216 segundos

95% 6.0 segundos
99% 6.0 segundos

################### TEMPOS DE DOWNLOAD DO EXERCICIO NO JAIL #######################
Soma 50 segundos
Media 0.7142857142857143 segundos
Desvio padr達o 0.5642405045180429 segundos

95% 0.0 segundos
99% 0.0 segundos

############################ TEMPOS DE ESPERA NA FILA ############################
Soma 2390
Media 34.142857142857146 segundos
Desvio padr達o 18.889366407196036 segundos

95% 1.0 segundos
99% 1.0 segundos

################### queue_wait_time_list: ######################

[18, 1, 1, 17, 1, 12, 6, 5, 11, 16, 22, 6, 17, 8, 21, 9, 8, 11, 12, 38, 16, 25, 19, 24, 22, 21, 29, 30, 29, 32, 33, 34, 38, 43, 52, 35, 39, 37, 42, 52, 46, 56, 41, 46, 47, 48, 50, 24, 25, 29, 31, 34, 42, 44, 45, 51, 62, 61, 55, 63, 62, 55, 63, 54, 64, 68, 58, 57, 58, 59]

################################################################
################### jail_ex_download_list: ######################

[1, 1, 1, 0, 1, 0, 0, 0, 0, 0, 1, 0, 1, 1, 1, 1, 1, 2, 2, 1, 2, 1, 1, 1, 1, 1, 0, 0, 1, 1, 0, 1, 0, 0, 1, 1, 1, 0, 1, 0, 1, 1, 1, 2, 1, 1, 1, 1, 1, 0, 1, 1, 0, 1, 1, 0, 0, 0, 1, 1, 1, 0, 0, 1, 0, 0, 1, 1, 1, 0]

################################################################
################################################################
################### process_jail_download_list: ######################

[6, 7, 7, 6, 8, 6, 6, 6, 6, 6, 6, 8, 8, 8, 7, 7, 7, 10, 10, 9, 9, 9, 6, 8, 8, 6, 8, 6, 8, 6, 8, 9, 6, 6, 8, 7, 7, 6, 8, 6, 9, 6, 8, 10, 7, 7, 7, 7, 7, 6, 6, 7, 6, 6, 6, 6, 6, 6, 6, 8, 8, 7, 6, 8, 6, 8, 7, 7, 8, 7]

################################################################
################################################################
################### process_jail_list: ######################

[5, 6, 6, 6, 7, 6, 6, 6, 6, 6, 5, 8, 7, 7, 6, 6, 6, 8, 8, 8, 7, 8, 5, 7, 7, 5, 8, 6, 7, 5, 8, 8, 6, 6, 7, 6, 6, 6, 7, 6, 8, 5, 7, 8, 6, 6, 6, 6, 6, 6, 5, 6, 6, 5, 5, 6, 6, 6, 5, 7, 7, 7, 6, 7, 6, 8, 6, 6, 7, 7]

################################################################
