Numero total de amostras 70

Tempo total de processamento: 0:02:46

############## TEMPOS DE PROCESSAMENTO DO EXERCICIO NO JAIL  ####################
Soma 557 segundos
Media 7.957142857142857 segundos
Desvio padr達o 1.6338885631323496 segundos

95% 6.0 segundos
99% 6.0 segundos

############## TEMPOS DE PROCESSAMENTO DO EXERCICIO NO JAIL COM DOWNLOAD  ################
Soma 633 segundos
Media 9.042857142857143 segundos
Desvio padr達o 1.96712781403108 segundos

95% 7.0 segundos
99% 7.0 segundos

################### TEMPOS DE DOWNLOAD DO EXERCICIO NO JAIL #######################
Soma 76 segundos
Media 1.0857142857142856 segundos
Desvio padr達o 0.7881779556647842 segundos

95% 0.0 segundos
99% 0.0 segundos

############################ TEMPOS DE ESPERA NA FILA ############################
Soma 3613
Media 51.614285714285714 segundos
Desvio padr達o 29.821034214672252 segundos

95% 0.0 segundos
99% 0.0 segundos

################### queue_wait_time_list: ######################

[12, 21, 24, 0, 12, 0, 13, 7, 18, 28, 6, 6, 8, 14, 25, 20, 28, 18, 25, 23, 29, 34, 31, 32, 33, 36, 38, 57, 41, 45, 38, 49, 64, 58, 59, 61, 65, 66, 69, 71, 80, 73, 74, 75, 77, 79, 82, 29, 38, 43, 53, 56, 66, 70, 70, 75, 79, 93, 95, 84, 97, 84, 97, 87, 97, 89, 100, 93, 93, 101]

################################################################
################### jail_ex_download_list: ######################

[1, 1, 1, 2, 2, 2, 1, 0, 1, 0, 1, 2, 1, 1, 0, 1, 1, 1, 0, 1, 1, 0, 0, 1, 2, 1, 1, 2, 1, 5, 2, 2, 1, 1, 1, 0, 1, 1, 1, 1, 1, 1, 1, 1, 1, 1, 1, 0, 1, 1, 2, 1, 1, 0, 1, 0, 1, 1, 1, 3, 1, 3, 1, 1, 1, 1, 1, 1, 0, 1]

################################################################
################################################################
################### process_jail_download_list: ######################

[10, 8, 7, 9, 10, 8, 10, 8, 9, 7, 9, 10, 10, 10, 7, 8, 8, 8, 7, 8, 9, 7, 8, 9, 8, 9, 11, 10, 15, 15, 14, 13, 9, 10, 10, 8, 9, 8, 7, 8, 11, 8, 8, 8, 8, 9, 11, 8, 9, 16, 10, 9, 8, 7, 8, 7, 9, 8, 8, 12, 7, 12, 8, 9, 7, 9, 7, 8, 8, 8]

################################################################
################################################################
################### process_jail_list: ######################

[9, 7, 6, 7, 8, 6, 9, 8, 8, 7, 8, 8, 9, 9, 7, 7, 7, 7, 7, 7, 8, 7, 8, 8, 6, 8, 10, 8, 14, 10, 12, 11, 8, 9, 9, 8, 8, 7, 6, 7, 10, 7, 7, 7, 7, 8, 10, 8, 8, 15, 8, 8, 7, 7, 7, 7, 8, 7, 7, 9, 6, 9, 7, 8, 6, 8, 6, 7, 8, 7]

################################################################
