Numero total de amostras 70

Tempo total de processamento: 0:02:36

############## TEMPOS DE PROCESSAMENTO DO EXERCICIO NO JAIL  ####################
Soma 556 segundos
Media 7.942857142857143 segundos
Desvio padr達o 1.1324526390060805 segundos

95% 6.6555 segundos
99% 6.6831000000000005 segundos

############## TEMPOS DE PROCESSAMENTO DO EXERCICIO NO JAIL COM DOWNLOAD  ################
Soma 626 segundos
Media 8.942857142857143 segundos
Desvio padr達o 1.297092510036133 segundos

95% 7.0 segundos
99% 7.0 segundos

################### TEMPOS DE DOWNLOAD DO EXERCICIO NO JAIL #######################
Soma 70 segundos
Media 1.0 segundos
Desvio padr達o 0.50709255283711 segundos

95% 0.0 segundos
99% 0.0 segundos

############################ TEMPOS DE ESPERA NA FILA ############################
Soma 3452
Media 49.31428571428572 segundos
Desvio padr達o 26.05902248859739 segundos

95% 1.6555 segundos
99% 1.6831 segundos

################### queue_wait_time_list: ######################

[11, 10, 19, 18, 23, 25, 2, 30, 2, 3, 1, 11, 17, 11, 31, 17, 27, 47, 23, 24, 35, 35, 36, 40, 40, 42, 46, 45, 52, 51, 51, 56, 55, 55, 59, 63, 59, 72, 60, 64, 73, 67, 70, 65, 78, 74, 30, 30, 34, 40, 46, 50, 54, 60, 63, 68, 69, 74, 88, 91, 92, 91, 93, 81, 81, 80, 83, 87, 86, 86]

################################################################
################### jail_ex_download_list: ######################

[2, 2, 1, 1, 0, 2, 2, 1, 1, 2, 1, 1, 0, 2, 0, 1, 1, 0, 2, 2, 1, 1, 1, 1, 1, 1, 0, 1, 1, 1, 1, 1, 0, 1, 1, 0, 1, 1, 1, 1, 1, 1, 1, 0, 1, 1, 1, 1, 1, 1, 1, 1, 1, 1, 1, 1, 1, 0, 1, 1, 1, 1, 1, 1, 2, 1, 1, 1, 1, 1]

################################################################
################################################################
################### process_jail_download_list: ######################

[11, 11, 9, 9, 8, 9, 12, 8, 12, 13, 12, 9, 9, 11, 8, 9, 8, 8, 10, 10, 9, 9, 9, 9, 9, 9, 8, 8, 8, 8, 8, 7, 7, 8, 8, 7, 8, 9, 8, 9, 11, 9, 8, 7, 9, 10, 8, 8, 9, 9, 8, 8, 8, 8, 9, 8, 8, 11, 8, 10, 11, 11, 9, 8, 9, 9, 8, 9, 9, 8]

################################################################
################################################################
################### process_jail_list: ######################

[9, 9, 8, 8, 8, 7, 10, 7, 11, 11, 11, 8, 9, 9, 8, 8, 7, 8, 8, 8, 8, 8, 8, 8, 8, 8, 8, 7, 7, 7, 7, 6, 7, 7, 7, 7, 7, 8, 7, 8, 10, 8, 7, 7, 8, 9, 7, 7, 8, 8, 7, 7, 7, 7, 8, 7, 7, 11, 7, 9, 10, 10, 8, 7, 7, 8, 7, 8, 8, 7]

################################################################
