Numero total de amostras 70

Tempo total de processamento: 0:02:25

############## TEMPOS DE PROCESSAMENTO DO EXERCICIO NO JAIL  ####################
Soma 476 segundos
Media 6.8 segundos
Desvio padr達o 2.0812084401684925 segundos

95% 5.0 segundos
99% 5.0 segundos

############## TEMPOS DE PROCESSAMENTO DO EXERCICIO NO JAIL COM DOWNLOAD  ################
Soma 542 segundos
Media 7.742857142857143 segundos
Desvio padr達o 2.831888387054598 segundos

95% 6.0 segundos
99% 6.0 segundos

################### TEMPOS DE DOWNLOAD DO EXERCICIO NO JAIL #######################
Soma 66 segundos
Media 0.9428571428571428 segundos
Desvio padr達o 0.9839528775841464 segundos

95% 0.0 segundos
99% 0.0 segundos

############################ TEMPOS DE ESPERA NA FILA ############################
Soma 2946
Media 42.08571428571429 segundos
Desvio padr達o 20.971915136434152 segundos

95% 3.2775 segundos
99% 3.4154999999999998 segundos

################### queue_wait_time_list: ######################

[18, 14, 0, 6, 6, 6, 20, 5, 9, 24, 9, 24, 19, 13, 17, 31, 27, 18, 20, 32, 32, 28, 34, 38, 38, 40, 42, 35, 38, 43, 44, 47, 54, 51, 44, 47, 50, 54, 63, 53, 56, 60, 60, 59, 56, 64, 67, 27, 27, 33, 37, 42, 47, 47, 51, 51, 54, 61, 73, 74, 66, 75, 67, 76, 66, 77, 70, 71, 69, 70]

################################################################
################### jail_ex_download_list: ######################

[3, 0, 1, 4, 4, 0, 1, 1, 0, 1, 0, 0, 3, 0, 1, 1, 0, 0, 0, 0, 1, 1, 1, 1, 0, 1, 0, 0, 1, 1, 0, 1, 1, 0, 0, 1, 1, 1, 1, 2, 1, 1, 1, 1, 1, 0, 1, 1, 1, 1, 1, 1, 0, 0, 1, 1, 2, 1, 1, 0, 1, 1, 0, 4, 1, 4, 1, 0, 1, 1]

################################################################
################################################################
################### process_jail_download_list: ######################

[14, 6, 7, 19, 19, 6, 6, 7, 6, 6, 6, 6, 14, 6, 6, 6, 6, 6, 6, 6, 10, 10, 6, 6, 6, 7, 6, 6, 9, 8, 6, 8, 6, 6, 6, 8, 6, 6, 6, 11, 6, 10, 6, 7, 6, 6, 9, 6, 10, 10, 9, 8, 6, 6, 7, 7, 11, 10, 6, 6, 6, 6, 6, 12, 9, 12, 6, 6, 10, 10]

################################################################
################################################################
################### process_jail_list: ######################

[11, 6, 6, 15, 15, 6, 5, 6, 6, 5, 6, 6, 11, 6, 5, 5, 6, 6, 6, 6, 9, 9, 5, 5, 6, 6, 6, 6, 8, 7, 6, 7, 5, 6, 6, 7, 5, 5, 5, 9, 5, 9, 5, 6, 5, 6, 8, 5, 9, 9, 8, 7, 6, 6, 6, 6, 9, 9, 5, 6, 5, 5, 6, 8, 8, 8, 5, 6, 9, 9]

################################################################
