Numero total de amostras 70

Tempo total de processamento: 0:02:46

############## TEMPOS DE PROCESSAMENTO DO EXERCICIO NO JAIL  ####################
Soma 450 segundos
Media 6.428571428571429 segundos
Desvio padr達o 1.2713483120735423 segundos

95% 5.0 segundos
99% 5.0 segundos

############## TEMPOS DE PROCESSAMENTO DO EXERCICIO NO JAIL COM DOWNLOAD  ################
Soma 501 segundos
Media 7.1571428571428575 segundos
Desvio padr達o 1.7779258725164175 segundos

95% 6.0 segundos
99% 6.0 segundos

################### TEMPOS DE DOWNLOAD DO EXERCICIO NO JAIL #######################
Soma 51 segundos
Media 0.7285714285714285 segundos
Desvio padr達o 0.7731462358705605 segundos

95% 0.0 segundos
99% 0.0 segundos

############################ TEMPOS DE ESPERA NA FILA ############################
Soma 4028
Media 57.542857142857144 segundos
Desvio padr達o 31.1717297353528 segundos

95% 5.0 segundos
99% 5.0 segundos

################### queue_wait_time_list: ######################

[25, 14, 25, 5, 5, 5, 11, 10, 18, 23, 22, 18, 13, 41, 14, 26, 31, 19, 30, 34, 34, 38, 43, 51, 47, 42, 59, 55, 48, 52, 65, 79, 59, 66, 67, 72, 76, 84, 72, 71, 88, 77, 81, 87, 93, 88, 29, 35, 38, 46, 56, 60, 64, 68, 75, 80, 85, 105, 92, 107, 92, 108, 109, 96, 97, 97, 101, 100, 101, 104]

################################################################
################### jail_ex_download_list: ######################

[1, 1, 1, 1, 1, 3, 0, 0, 1, 0, 0, 1, 0, 0, 1, 1, 1, 2, 1, 0, 1, 1, 0, 0, 1, 0, 1, 1, 5, 0, 0, 1, 1, 1, 1, 0, 0, 0, 0, 1, 1, 1, 1, 1, 0, 0, 1, 0, 1, 1, 1, 1, 0, 1, 1, 1, 0, 1, 0, 1, 1, 0, 0, 1, 1, 1, 0, 0, 1, 1]

################################################################
################################################################
################### process_jail_download_list: ######################

[8, 9, 6, 7, 7, 13, 6, 6, 7, 6, 6, 7, 6, 12, 6, 6, 8, 9, 7, 6, 9, 7, 6, 6, 7, 6, 7, 6, 17, 6, 6, 7, 9, 8, 7, 6, 6, 6, 6, 8, 7, 6, 9, 7, 6, 8, 7, 6, 7, 7, 6, 7, 6, 7, 9, 7, 6, 7, 6, 8, 8, 6, 6, 7, 7, 7, 6, 6, 8, 7]

################################################################
################################################################
################### process_jail_list: ######################

[7, 8, 5, 6, 6, 10, 6, 6, 6, 6, 6, 6, 6, 12, 5, 5, 7, 7, 6, 6, 8, 6, 6, 6, 6, 6, 6, 5, 12, 6, 6, 6, 8, 7, 6, 6, 6, 6, 6, 7, 6, 5, 8, 6, 6, 8, 6, 6, 6, 6, 5, 6, 6, 6, 8, 6, 6, 6, 6, 7, 7, 6, 6, 6, 6, 6, 6, 6, 7, 6]

################################################################
