Numero total de amostras 70

Tempo total de processamento: 0:01:22

############## TEMPOS DE PROCESSAMENTO DO EXERCICIO NO JAIL  ####################
Soma 427 segundos
Media 6.1 segundos
Desvio padr達o 0.7955231881329058 segundos

95% 5.0 segundos
99% 5.0 segundos

############## TEMPOS DE PROCESSAMENTO DO EXERCICIO NO JAIL COM DOWNLOAD  ################
Soma 479 segundos
Media 6.8428571428571425 segundos
Desvio padr達o 0.935577961716168 segundos

95% 6.0 segundos
99% 6.0 segundos

################### TEMPOS DE DOWNLOAD DO EXERCICIO NO JAIL #######################
Soma 52 segundos
Media 0.7428571428571429 segundos
Desvio padr達o 0.43705881545081005 segundos

95% 0.0 segundos
99% 0.0 segundos

############################ TEMPOS DE ESPERA NA FILA ############################
Soma 885
Media 12.642857142857142 segundos
Desvio padr達o 5.479926261979689 segundos

95% 3.0 segundos
99% 3.0 segundos

################### queue_wait_time_list: ######################

[6, 8, 5, 5, 9, 3, 4, 6, 4, 8, 10, 14, 3, 4, 6, 7, 4, 10, 5, 12, 7, 8, 6, 11, 16, 11, 12, 7, 9, 14, 14, 10, 12, 10, 10, 11, 11, 18, 12, 13, 11, 16, 18, 13, 14, 16, 18, 13, 16, 15, 15, 16, 18, 19, 21, 20, 19, 16, 17, 18, 19, 18, 20, 18, 22, 20, 20, 22, 21, 21]

################################################################
################### jail_ex_download_list: ######################

[0, 1, 0, 1, 1, 1, 1, 1, 1, 1, 1, 1, 1, 1, 1, 1, 0, 0, 0, 1, 0, 0, 0, 0, 1, 1, 0, 1, 1, 1, 1, 1, 1, 1, 1, 1, 1, 0, 1, 1, 1, 1, 1, 0, 0, 1, 1, 1, 0, 1, 0, 1, 1, 1, 1, 1, 1, 1, 1, 1, 1, 1, 1, 1, 1, 0, 0, 0, 1, 1]

################################################################
################################################################
################### process_jail_download_list: ######################

[6, 9, 6, 7, 9, 7, 7, 7, 7, 6, 7, 7, 8, 8, 9, 9, 6, 6, 6, 7, 6, 6, 6, 6, 8, 6, 6, 6, 7, 7, 7, 6, 6, 7, 7, 6, 6, 6, 8, 7, 7, 7, 6, 6, 6, 6, 6, 8, 6, 7, 6, 8, 8, 8, 6, 7, 7, 7, 7, 7, 7, 6, 7, 6, 7, 6, 6, 6, 9, 9]

################################################################
################################################################
################### process_jail_list: ######################

[6, 8, 6, 6, 8, 6, 6, 6, 6, 5, 6, 6, 7, 7, 8, 8, 6, 6, 6, 6, 6, 6, 6, 6, 7, 5, 6, 5, 6, 6, 6, 5, 5, 6, 6, 5, 5, 6, 7, 6, 6, 6, 5, 6, 6, 5, 5, 7, 6, 6, 6, 7, 7, 7, 5, 6, 6, 6, 6, 6, 6, 5, 6, 5, 6, 6, 6, 6, 8, 8]

################################################################
