Numero total de amostras 70

Tempo total de processamento: 0:08:23

############## TEMPOS DE PROCESSAMENTO DO EXERCICIO NO JAIL  ####################
Soma 454 segundos
Media 6.485714285714286 segundos
Desvio padr達o 0.6266203485560375 segundos

95% 6.0 segundos
99% 6.0 segundos

############## TEMPOS DE PROCESSAMENTO DO EXERCICIO NO JAIL COM DOWNLOAD  ################
Soma 504 segundos
Media 7.2 segundos
Desvio padr達o 0.5756983337031395 segundos

95% 6.0 segundos
99% 6.0 segundos

################### TEMPOS DE DOWNLOAD DO EXERCICIO NO JAIL #######################
Soma 50 segundos
Media 0.7142857142857143 segundos
Desvio padr達o 0.48234122903240373 segundos

95% 0.0 segundos
99% 0.0 segundos

############################ TEMPOS DE ESPERA NA FILA ############################
Soma 15736
Media 224.8 segundos
Desvio padr達o 126.6450156934729 segundos

95% 6.5885 segundos
99% 6.781699999999999 segundos

################### queue_wait_time_list: ######################

[31, 38, 2, 9, 15, 23, 50, 63, 70, 78, 91, 97, 103, 116, 122, 136, 143, 150, 163, 170, 176, 188, 194, 206, 212, 218, 229, 235, 241, 254, 260, 265, 277, 283, 298, 304, 310, 322, 328, 335, 347, 353, 359, 370, 377, 389, 395, 44, 57, 84, 109, 129, 157, 182, 200, 224, 247, 271, 290, 316, 341, 364, 383, 401, 407, 414, 421, 427, 434, 439]

################################################################
################### jail_ex_download_list: ######################

[0, 0, 1, 1, 1, 1, 1, 1, 1, 1, 1, 1, 1, 0, 1, 0, 1, 1, 1, 1, 1, 1, 1, 1, 1, 1, 1, 1, 1, 0, 0, 1, 0, 0, 1, 1, 0, 0, 0, 0, 1, 0, 0, 1, 1, 1, 1, 1, 0, 1, 0, 0, 1, 1, 0, 0, 1, 1, 2, 0, 1, 1, 1, 1, 1, 1, 1, 1, 0, 1]

################################################################
################################################################
################### process_jail_download_list: ######################

[8, 7, 8, 7, 8, 9, 8, 8, 8, 7, 7, 7, 7, 7, 8, 8, 8, 8, 7, 7, 7, 7, 7, 7, 7, 7, 7, 7, 7, 7, 6, 7, 7, 8, 7, 7, 7, 7, 7, 7, 7, 7, 6, 7, 7, 7, 7, 7, 7, 8, 7, 8, 7, 7, 6, 6, 7, 7, 8, 7, 7, 7, 7, 7, 8, 7, 7, 8, 6, 8]

################################################################
################################################################
################### process_jail_list: ######################

[8, 7, 7, 6, 7, 8, 7, 7, 7, 6, 6, 6, 6, 7, 7, 8, 7, 7, 6, 6, 6, 6, 6, 6, 6, 6, 6, 6, 6, 7, 6, 6, 7, 8, 6, 6, 7, 7, 7, 7, 6, 7, 6, 6, 6, 6, 6, 6, 7, 7, 7, 8, 6, 6, 6, 6, 6, 6, 6, 7, 6, 6, 6, 6, 7, 6, 6, 7, 6, 7]

################################################################
