Numero total de amostras 70

Tempo total de processamento: 0:02:50

############## TEMPOS DE PROCESSAMENTO DO EXERCICIO NO JAIL  ####################
Soma 569 segundos
Media 8.128571428571428 segundos
Desvio padr達o 1.1942891319158209 segundos

95% 6.0 segundos
99% 6.0 segundos

############## TEMPOS DE PROCESSAMENTO DO EXERCICIO NO JAIL COM DOWNLOAD  ################
Soma 659 segundos
Media 9.414285714285715 segundos
Desvio padr達o 1.6944687928067363 segundos

95% 7.0 segundos
99% 7.0 segundos

################### TEMPOS DE DOWNLOAD DO EXERCICIO NO JAIL #######################
Soma 90 segundos
Media 1.2857142857142858 segundos
Desvio padr達o 0.880630571852711 segundos

95% 0.0 segundos
99% 0.0 segundos

############################ TEMPOS DE ESPERA NA FILA ############################
Soma 3253
Media 46.47142857142857 segundos
Desvio padr達o 29.561906679553204 segundos

95% 2.0 segundos
99% 2.0 segundos

################### queue_wait_time_list: ######################

[17, 16, 3, 12, 2, 11, 21, 3, 2, 39, 7, 11, 7, 16, 8, 43, 7, 11, 44, 21, 15, 20, 20, 27, 33, 26, 32, 39, 53, 45, 38, 54, 48, 43, 48, 61, 60, 73, 57, 55, 56, 66, 59, 65, 65, 26, 25, 34, 33, 37, 49, 50, 60, 64, 72, 74, 74, 100, 99, 81, 82, 83, 98, 98, 81, 108, 92, 93, 90, 91]

################################################################
################### jail_ex_download_list: ######################

[1, 1, 1, 0, 1, 0, 1, 1, 1, 1, 1, 1, 1, 1, 1, 0, 1, 1, 1, 1, 2, 1, 0, 1, 2, 3, 1, 1, 0, 1, 1, 1, 1, 1, 1, 1, 1, 4, 1, 1, 1, 1, 1, 1, 2, 1, 1, 1, 1, 1, 1, 1, 1, 1, 4, 4, 1, 2, 2, 3, 3, 3, 2, 2, 3, 0, 1, 1, 1, 1]

################################################################
################################################################
################### process_jail_download_list: ######################

[8, 8, 8, 8, 8, 8, 9, 8, 8, 8, 8, 8, 8, 8, 7, 8, 8, 7, 9, 9, 9, 9, 8, 11, 9, 9, 9, 9, 8, 9, 9, 8, 9, 9, 8, 8, 9, 13, 7, 8, 8, 11, 9, 11, 12, 10, 11, 9, 9, 9, 9, 9, 9, 11, 13, 13, 10, 11, 11, 13, 13, 13, 11, 11, 13, 7, 11, 11, 11, 11]

################################################################
################################################################
################### process_jail_list: ######################

[7, 7, 7, 8, 7, 8, 8, 7, 7, 7, 7, 7, 7, 7, 6, 8, 7, 6, 8, 8, 7, 8, 8, 10, 7, 6, 8, 8, 8, 8, 8, 7, 8, 8, 7, 7, 8, 9, 6, 7, 7, 10, 8, 10, 10, 9, 10, 8, 8, 8, 8, 8, 8, 10, 9, 9, 9, 9, 9, 10, 10, 10, 9, 9, 10, 7, 10, 10, 10, 10]

################################################################
