Numero total de amostras 70

Tempo total de processamento: 0:01:52

############## TEMPOS DE PROCESSAMENTO DO EXERCICIO NO JAIL  ####################
Soma 967 segundos
Media 13.814285714285715 segundos
Desvio padr達o 1.7671030137557038 segundos

95% 9.6555 segundos
99% 9.6831 segundos

############## TEMPOS DE PROCESSAMENTO DO EXERCICIO NO JAIL COM DOWNLOAD  ################
Soma 1145 segundos
Media 16.357142857142858 segundos
Desvio padr達o 1.874914964058098 segundos

95% 12.0 segundos
99% 12.0 segundos

################### TEMPOS DE DOWNLOAD DO EXERCICIO NO JAIL #######################
Soma 178 segundos
Media 2.5428571428571427 segundos
Desvio padr達o 0.5525451315946776 segundos

95% 1.0 segundos
99% 1.0 segundos

############################ TEMPOS DE ESPERA NA FILA ############################
Soma 1514
Media 21.62857142857143 segundos
Desvio padr達o 14.052118730509166 segundos

95% 0.6555 segundos
99% 0.6830999999999999 segundos

################### queue_wait_time_list: ######################

[22, 8, 3, 5, 3, 3, 14, 10, 1, 36, 1, 0, 1, 2, 27, 2, 14, 1, 28, 23, 6, 13, 6, 5, 16, 2, 12, 27, 5, 13, 38, 20, 12, 11, 29, 21, 29, 22, 28, 20, 21, 21, 29, 37, 29, 37, 28, 14, 14, 16, 20, 20, 22, 28, 29, 38, 37, 41, 45, 44, 45, 45, 44, 43, 43, 36, 37, 37, 36, 39]

################################################################
################### jail_ex_download_list: ######################

[2, 3, 2, 2, 2, 2, 2, 2, 2, 2, 2, 2, 2, 3, 3, 3, 3, 3, 2, 1, 2, 3, 3, 3, 3, 3, 3, 3, 3, 3, 3, 3, 3, 3, 3, 3, 3, 1, 2, 2, 3, 2, 2, 3, 3, 3, 2, 3, 3, 2, 2, 3, 3, 2, 3, 3, 3, 2, 2, 2, 2, 3, 3, 3, 2, 3, 3, 3, 3, 2]

################################################################
################################################################
################### process_jail_download_list: ######################

[17, 18, 14, 18, 17, 16, 17, 15, 12, 15, 13, 12, 12, 18, 18, 18, 17, 12, 17, 15, 18, 17, 18, 18, 15, 18, 18, 18, 19, 17, 16, 17, 18, 19, 19, 17, 18, 16, 18, 17, 18, 16, 19, 17, 18, 17, 18, 17, 17, 15, 16, 16, 17, 18, 19, 16, 16, 15, 15, 15, 14, 13, 13, 14, 13, 17, 17, 16, 16, 15]

################################################################
################################################################
################### process_jail_list: ######################

[15, 15, 12, 16, 15, 14, 15, 13, 10, 13, 11, 10, 10, 15, 15, 15, 14, 9, 15, 14, 16, 14, 15, 15, 12, 15, 15, 15, 16, 14, 13, 14, 15, 16, 16, 14, 15, 15, 16, 15, 15, 14, 17, 14, 15, 14, 16, 14, 14, 13, 14, 13, 14, 16, 16, 13, 13, 13, 13, 13, 12, 10, 10, 11, 11, 14, 14, 13, 13, 13]

################################################################
