Numero total de amostras 70

Tempo total de processamento: 0:03:31

############## TEMPOS DE PROCESSAMENTO DO EXERCICIO NO JAIL  ####################
Soma 541 segundos
Media 7.728571428571429 segundos
Desvio padr達o 1.9192366679894126 segundos

95% 6.0 segundos
99% 6.0 segundos

############## TEMPOS DE PROCESSAMENTO DO EXERCICIO NO JAIL COM DOWNLOAD  ################
Soma 614 segundos
Media 8.771428571428572 segundos
Desvio padr達o 2.2498979568697175 segundos

95% 7.0 segundos
99% 7.0 segundos

################### TEMPOS DE DOWNLOAD DO EXERCICIO NO JAIL #######################
Soma 73 segundos
Media 1.042857142857143 segundos
Desvio padr達o 0.9477147594641134 segundos

95% 0.0 segundos
99% 0.0 segundos

############################ TEMPOS DE ESPERA NA FILA ############################
Soma 5315
Media 75.92857142857143 segundos
Desvio padr達o 42.315252713943444 segundos

95% 5.5885 segundos
99% 5.7817 segundos

################### queue_wait_time_list: ######################

[22, 1, 23, 18, 8, 9, 28, 8, 12, 19, 29, 13, 14, 24, 18, 33, 29, 44, 58, 69, 33, 58, 47, 63, 58, 63, 68, 74, 74, 86, 80, 73, 92, 87, 92, 98, 98, 94, 103, 109, 104, 113, 108, 113, 118, 119, 33, 49, 63, 68, 81, 81, 87, 97, 102, 108, 112, 118, 138, 122, 122, 145, 123, 146, 145, 130, 131, 131, 139, 140]

################################################################
################### jail_ex_download_list: ######################

[1, 1, 1, 0, 0, 1, 1, 1, 1, 0, 1, 1, 1, 1, 1, 0, 0, 5, 1, 1, 0, 1, 4, 1, 0, 0, 1, 1, 1, 0, 1, 1, 1, 1, 1, 1, 1, 1, 1, 0, 1, 1, 1, 0, 0, 0, 1, 4, 1, 1, 1, 1, 0, 1, 1, 0, 1, 0, 1, 2, 3, 1, 3, 2, 1, 2, 2, 2, 1, 1]

################################################################
################################################################
################### process_jail_download_list: ######################

[8, 8, 8, 7, 7, 7, 8, 8, 8, 8, 7, 8, 7, 7, 8, 14, 7, 16, 8, 8, 16, 8, 14, 8, 8, 7, 9, 9, 9, 8, 9, 9, 8, 9, 8, 8, 8, 7, 8, 7, 7, 8, 7, 7, 7, 7, 18, 12, 7, 8, 9, 9, 8, 8, 8, 7, 8, 7, 9, 10, 11, 8, 11, 9, 9, 11, 11, 11, 9, 9]

################################################################
################################################################
################### process_jail_list: ######################

[7, 7, 7, 7, 7, 6, 7, 7, 7, 8, 6, 7, 6, 6, 7, 14, 7, 11, 7, 7, 16, 7, 10, 7, 8, 7, 8, 8, 8, 8, 8, 8, 7, 8, 7, 7, 7, 6, 7, 7, 6, 7, 6, 7, 7, 7, 17, 8, 6, 7, 8, 8, 8, 7, 7, 7, 7, 7, 8, 8, 8, 7, 8, 7, 8, 9, 9, 9, 8, 8]

################################################################
