Numero total de amostras 70

Tempo total de processamento: 0:18:12

############## TEMPOS DE PROCESSAMENTO DO EXERCICIO NO JAIL  ####################
Soma 906 segundos
Media 12.942857142857143 segundos
Desvio padr達o 5.616012093713358 segundos

95% 8.0 segundos
99% 8.0 segundos

############## TEMPOS DE PROCESSAMENTO DO EXERCICIO NO JAIL COM DOWNLOAD  ################
Soma 1092 segundos
Media 15.6 segundos
Desvio padr達o 7.451557842875158 segundos

95% 8.0 segundos
99% 8.0 segundos

################### TEMPOS DE DOWNLOAD DO EXERCICIO NO JAIL #######################
Soma 186 segundos
Media 2.657142857142857 segundos
Desvio padr達o 2.3777883738929355 segundos

95% 0.0 segundos
99% 0.0 segundos

############################ TEMPOS DE ESPERA NA FILA ############################
Soma 37523
Media 536.0428571428571 segundos
Desvio padr達o 312.5986671991643 segundos

95% 13.5215 segundos
99% 13.880299999999998 segundos

################### queue_wait_time_list: ######################

[34, 41, 5, 50, 18, 26, 59, 75, 89, 96, 118, 132, 153, 210, 239, 327, 339, 348, 383, 391, 402, 438, 450, 467, 500, 514, 545, 557, 567, 598, 612, 622, 652, 664, 677, 709, 721, 748, 774, 788, 815, 833, 846, 867, 878, 897, 909, 105, 183, 300, 367, 419, 483, 528, 584, 632, 689, 732, 799, 856, 887, 1026, 922, 937, 950, 962, 975, 988, 1003, 1013]

################################################################
################### jail_ex_download_list: ######################

[0, 1, 3, 1, 1, 1, 2, 3, 0, 1, 4, 5, 2, 3, 16, 2, 1, 2, 0, 2, 1, 2, 4, 3, 1, 1, 3, 1, 2, 3, 1, 3, 3, 4, 3, 2, 1, 8, 3, 1, 3, 3, 1, 1, 0, 2, 2, 3, 6, 8, 3, 7, 4, 2, 5, 6, 6, 2, 1, 1, 2, 1, 2, 3, 2, 1, 2, 3, 2, 2]

################################################################
################################################################
################### process_jail_download_list: ######################

[8, 10, 13, 10, 9, 9, 17, 14, 8, 10, 15, 22, 31, 30, 62, 13, 10, 19, 9, 12, 18, 13, 18, 16, 15, 15, 13, 11, 17, 15, 11, 11, 13, 13, 13, 13, 12, 27, 14, 12, 19, 14, 11, 11, 10, 13, 14, 14, 27, 28, 15, 20, 18, 18, 15, 21, 21, 17, 17, 12, 11, 15, 15, 14, 12, 14, 14, 16, 11, 14]

################################################################
################################################################
################### process_jail_list: ######################

[8, 9, 10, 9, 8, 8, 15, 11, 8, 9, 11, 17, 29, 27, 46, 11, 9, 17, 9, 10, 17, 11, 14, 13, 14, 14, 10, 10, 15, 12, 10, 8, 10, 9, 10, 11, 11, 19, 11, 11, 16, 11, 10, 10, 10, 11, 12, 11, 21, 20, 12, 13, 14, 16, 10, 15, 15, 15, 16, 11, 9, 14, 13, 11, 10, 13, 12, 13, 9, 12]

################################################################
