Numero total de amostras 70

Tempo total de processamento: 0:14:16

############## TEMPOS DE PROCESSAMENTO DO EXERCICIO NO JAIL  ####################
Soma 737 segundos
Media 10.528571428571428 segundos
Desvio padr達o 2.6388386437512814 segundos

95% 7.0 segundos
99% 7.0 segundos

############## TEMPOS DE PROCESSAMENTO DO EXERCICIO NO JAIL COM DOWNLOAD  ################
Soma 860 segundos
Media 12.285714285714286 segundos
Desvio padr達o 3.3344215910617505 segundos

95% 8.0 segundos
99% 8.0 segundos

################### TEMPOS DE DOWNLOAD DO EXERCICIO NO JAIL #######################
Soma 123 segundos
Media 1.7571428571428571 segundos
Desvio padr達o 1.0479328534339034 segundos

95% 0.0 segundos
99% 0.0 segundos

############################ TEMPOS DE ESPERA NA FILA ############################
Soma 28458
Media 406.54285714285714 segundos
Desvio padr達o 218.23641739533534 segundos

95% 19.421 segundos
99% 20.0282 segundos

################### queue_wait_time_list: ######################

[39, 60, 5, 82, 50, 27, 93, 71, 105, 123, 140, 154, 170, 190, 204, 218, 233, 246, 254, 262, 269, 277, 290, 303, 322, 332, 343, 360, 370, 379, 394, 403, 421, 429, 438, 459, 470, 477, 495, 504, 524, 533, 541, 567, 580, 588, 606, 312, 353, 386, 412, 449, 487, 514, 552, 597, 754, 621, 634, 764, 649, 773, 662, 682, 783, 701, 797, 712, 724, 740]

################################################################
################### jail_ex_download_list: ######################

[1, 2, 5, 2, 1, 3, 1, 2, 3, 3, 3, 2, 5, 3, 2, 1, 4, 1, 2, 1, 1, 1, 3, 2, 1, 1, 1, 1, 1, 1, 2, 2, 1, 1, 2, 2, 0, 1, 1, 2, 1, 1, 1, 1, 1, 1, 2, 2, 1, 1, 1, 2, 1, 2, 2, 0, 1, 1, 2, 1, 3, 1, 2, 4, 3, 1, 1, 3, 4, 2]

################################################################
################################################################
################### process_jail_download_list: ######################

[12, 12, 22, 12, 11, 13, 12, 12, 19, 18, 15, 17, 21, 15, 15, 15, 14, 9, 9, 8, 9, 13, 14, 10, 11, 12, 10, 10, 10, 8, 10, 10, 9, 10, 12, 12, 8, 10, 10, 11, 10, 9, 11, 14, 9, 10, 16, 11, 8, 9, 9, 11, 9, 11, 16, 10, 11, 13, 16, 10, 14, 11, 21, 20, 15, 12, 10, 13, 16, 15]

################################################################
################################################################
################### process_jail_list: ######################

[11, 10, 17, 10, 10, 10, 11, 10, 16, 15, 12, 15, 16, 12, 13, 14, 10, 8, 7, 7, 8, 12, 11, 8, 10, 11, 9, 9, 9, 7, 8, 8, 8, 9, 10, 10, 8, 9, 9, 9, 9, 8, 10, 13, 8, 9, 14, 9, 7, 8, 8, 9, 8, 9, 14, 10, 10, 12, 14, 9, 11, 10, 19, 16, 12, 11, 9, 10, 12, 13]

################################################################
