Numero total de amostras 70

Tempo total de processamento: 0:08:35

############## TEMPOS DE PROCESSAMENTO DO EXERCICIO NO JAIL  ####################
Soma 470 segundos
Media 6.714285714285714 segundos
Desvio padr達o 0.6791351042288408 segundos

95% 6.0 segundos
99% 6.0 segundos

############## TEMPOS DE PROCESSAMENTO DO EXERCICIO NO JAIL COM DOWNLOAD  ################
Soma 517 segundos
Media 7.385714285714286 segundos
Desvio padr達o 0.8990925130034036 segundos

95% 6.0 segundos
99% 6.0 segundos

################### TEMPOS DE DOWNLOAD DO EXERCICIO NO JAIL #######################
Soma 47 segundos
Media 0.6714285714285714 segundos
Desvio padr達o 0.5787036885865455 segundos

95% 0.0 segundos
99% 0.0 segundos

############################ TEMPOS DE ESPERA NA FILA ############################
Soma 16331
Media 233.3 segundos
Desvio padr達o 132.76395272383667 segundos

95% 11.5885 segundos
99% 11.7817 segundos

################### queue_wait_time_list: ######################

[33, 64, 7, 51, 39, 14, 80, 92, 21, 45, 71, 28, 57, 133, 86, 105, 99, 126, 119, 139, 112, 145, 151, 164, 176, 157, 183, 170, 188, 194, 200, 207, 212, 221, 232, 239, 245, 251, 258, 265, 271, 278, 284, 291, 305, 310, 317, 297, 323, 451, 329, 395, 335, 401, 343, 459, 350, 407, 357, 413, 363, 369, 419, 376, 425, 382, 388, 431, 439, 444]

################################################################
################### jail_ex_download_list: ######################

[1, 1, 2, 1, 1, 1, 0, 1, 0, 1, 1, 0, 1, 1, 0, 1, 0, 0, 1, 1, 0, 0, 0, 0, 1, 0, 0, 1, 1, 1, 0, 1, 1, 3, 0, 1, 0, 0, 1, 0, 1, 1, 1, 1, 0, 1, 0, 1, 0, 1, 1, 1, 1, 1, 0, 0, 1, 1, 1, 0, 1, 1, 0, 0, 1, 1, 1, 1, 0, 1]

################################################################
################################################################
################### process_jail_download_list: ######################

[7, 8, 8, 7, 7, 8, 7, 8, 7, 7, 9, 6, 8, 7, 7, 8, 7, 7, 9, 7, 7, 7, 7, 7, 8, 7, 6, 7, 7, 7, 7, 7, 9, 12, 8, 7, 7, 7, 8, 7, 8, 7, 8, 7, 6, 8, 7, 8, 7, 9, 7, 7, 9, 7, 7, 6, 8, 7, 7, 7, 7, 8, 7, 7, 7, 7, 7, 8, 6, 8]

################################################################
################################################################
################### process_jail_list: ######################

[6, 7, 6, 6, 6, 7, 7, 7, 7, 6, 8, 6, 7, 6, 7, 7, 7, 7, 8, 6, 7, 7, 7, 7, 7, 7, 6, 6, 6, 6, 7, 6, 8, 9, 8, 6, 7, 7, 7, 7, 7, 6, 7, 6, 6, 7, 7, 7, 7, 8, 6, 6, 8, 6, 7, 6, 7, 6, 6, 7, 6, 7, 7, 7, 6, 6, 6, 7, 6, 7]

################################################################
