Numero total de amostras 70

Tempo total de processamento: 0:02:05

############## TEMPOS DE PROCESSAMENTO DO EXERCICIO NO JAIL  ####################
Soma 433 segundos
Media 6.185714285714286 segundos
Desvio padr達o 0.6822830820719745 segundos

95% 5.0 segundos
99% 5.0 segundos

############## TEMPOS DE PROCESSAMENTO DO EXERCICIO NO JAIL COM DOWNLOAD  ################
Soma 482 segundos
Media 6.885714285714286 segundos
Desvio padr達o 0.784544583871199 segundos

95% 6.0 segundos
99% 6.0 segundos

################### TEMPOS DE DOWNLOAD DO EXERCICIO NO JAIL #######################
Soma 49 segundos
Media 0.7 segundos
Desvio padr達o 0.4884377427793931 segundos

95% 0.0 segundos
99% 0.0 segundos

############################ TEMPOS DE ESPERA NA FILA ############################
Soma 2276
Media 32.51428571428571 segundos
Desvio padr達o 17.38944084958526 segundos

95% 1.6555 segundos
99% 1.6831 segundos

################### queue_wait_time_list: ######################

[10, 19, 10, 2, 1, 14, 10, 11, 4, 13, 17, 6, 22, 6, 7, 8, 29, 13, 15, 16, 26, 17, 18, 28, 20, 33, 22, 30, 27, 29, 33, 32, 35, 35, 39, 37, 43, 38, 40, 45, 47, 45, 40, 45, 50, 48, 49, 23, 22, 25, 29, 34, 37, 41, 44, 48, 59, 59, 51, 52, 51, 58, 59, 63, 63, 52, 55, 56, 55, 56]

################################################################
################### jail_ex_download_list: ######################

[0, 1, 0, 1, 2, 1, 0, 0, 1, 1, 0, 1, 1, 1, 1, 0, 1, 1, 0, 0, 1, 1, 1, 0, 0, 1, 0, 1, 1, 1, 1, 1, 1, 1, 0, 1, 0, 1, 1, 1, 1, 1, 1, 0, 1, 0, 0, 1, 1, 1, 1, 1, 1, 1, 0, 0, 1, 0, 1, 1, 1, 1, 1, 1, 0, 1, 0, 1, 1, 0]

################################################################
################################################################
################### process_jail_download_list: ######################

[6, 7, 6, 8, 8, 8, 7, 7, 7, 8, 6, 7, 7, 8, 8, 6, 6, 7, 6, 6, 7, 8, 8, 6, 6, 7, 6, 6, 6, 8, 6, 7, 7, 6, 7, 7, 6, 6, 6, 7, 6, 6, 8, 7, 6, 7, 6, 8, 8, 7, 8, 7, 7, 8, 7, 7, 7, 6, 7, 7, 7, 8, 8, 7, 6, 6, 6, 8, 8, 6]

################################################################
################################################################
################### process_jail_list: ######################

[6, 6, 6, 7, 6, 7, 7, 7, 6, 7, 6, 6, 6, 7, 7, 6, 5, 6, 6, 6, 6, 7, 7, 6, 6, 6, 6, 5, 5, 7, 5, 6, 6, 5, 7, 6, 6, 5, 5, 6, 5, 5, 7, 7, 5, 7, 6, 7, 7, 6, 7, 6, 6, 7, 7, 7, 6, 6, 6, 6, 6, 7, 7, 6, 6, 5, 6, 7, 7, 6]

################################################################
