Numero total de amostras 70

Tempo total de processamento: 0:01:48

############## TEMPOS DE PROCESSAMENTO DO EXERCICIO NO JAIL  ####################
Soma 704 segundos
Media 10.057142857142857 segundos
Desvio padr達o 0.9544738907708611 segundos

95% 8.6555 segundos
99% 8.6831 segundos

############## TEMPOS DE PROCESSAMENTO DO EXERCICIO NO JAIL COM DOWNLOAD  ################
Soma 823 segundos
Media 11.757142857142858 segundos
Desvio padr達o 1.0748516746272387 segundos

95% 9.6555 segundos
99% 9.6831 segundos

################### TEMPOS DE DOWNLOAD DO EXERCICIO NO JAIL #######################
Soma 119 segundos
Media 1.7 segundos
Desvio padr達o 0.6622472563713862 segundos

95% 1.0 segundos
99% 1.0 segundos

############################ TEMPOS DE ESPERA NA FILA ############################
Soma 1723
Media 24.614285714285714 segundos
Desvio padr達o 12.976124071477097 segundos

95% 0.6555 segundos
99% 0.6830999999999999 segundos

################### queue_wait_time_list: ######################

[8, 7, 15, 8, 8, 14, 14, 8, 3, 14, 20, 2, 7, 13, 3, 0, 19, 1, 7, 13, 18, 7, 17, 17, 19, 14, 13, 19, 18, 25, 39, 24, 32, 44, 30, 25, 25, 33, 34, 29, 31, 37, 28, 23, 24, 34, 30, 35, 23, 29, 25, 41, 46, 33, 30, 34, 32, 36, 41, 34, 38, 39, 38, 46, 45, 43, 37, 44, 40, 41]

################################################################
################### jail_ex_download_list: ######################

[2, 2, 1, 1, 2, 1, 2, 2, 3, 1, 1, 3, 2, 1, 3, 3, 1, 3, 3, 2, 1, 2, 2, 2, 3, 2, 2, 2, 3, 1, 2, 1, 1, 2, 1, 2, 2, 1, 2, 1, 1, 2, 1, 2, 1, 1, 2, 1, 2, 2, 2, 2, 1, 2, 1, 2, 1, 1, 1, 1, 2, 2, 1, 1, 1, 2, 2, 2, 2, 1]

################################################################
################################################################
################### process_jail_download_list: ######################

[12, 12, 12, 12, 13, 12, 13, 12, 12, 11, 12, 12, 12, 12, 12, 13, 12, 13, 14, 11, 13, 13, 14, 14, 12, 11, 12, 12, 13, 11, 12, 13, 11, 11, 11, 13, 13, 11, 12, 10, 10, 11, 11, 14, 12, 10, 11, 12, 12, 11, 12, 11, 9, 11, 10, 11, 11, 11, 12, 12, 13, 12, 10, 10, 10, 11, 13, 11, 12, 11]

################################################################
################################################################
################### process_jail_list: ######################

[10, 10, 11, 11, 11, 11, 11, 10, 9, 10, 11, 9, 10, 11, 9, 10, 11, 10, 11, 9, 12, 11, 12, 12, 9, 9, 10, 10, 10, 10, 10, 12, 10, 9, 10, 11, 11, 10, 10, 9, 9, 9, 10, 12, 11, 9, 9, 11, 10, 9, 10, 9, 8, 9, 9, 9, 10, 10, 11, 11, 11, 10, 9, 9, 9, 9, 11, 9, 10, 10]

################################################################
