Numero total de amostras 70

Tempo total de processamento: 0:09:23

############## TEMPOS DE PROCESSAMENTO DO EXERCICIO NO JAIL  ####################
Soma 504 segundos
Media 7.2 segundos
Desvio padr達o 1.3480144128097655 segundos

95% 6.0 segundos
99% 6.0 segundos

############## TEMPOS DE PROCESSAMENTO DO EXERCICIO NO JAIL COM DOWNLOAD  ################
Soma 564 segundos
Media 8.057142857142857 segundos
Desvio padr達o 1.5755789347385414 segundos

95% 7.0 segundos
99% 7.0 segundos

################### TEMPOS DE DOWNLOAD DO EXERCICIO NO JAIL #######################
Soma 60 segundos
Media 0.8571428571428571 segundos
Desvio padr達o 0.5421047417431507 segundos

95% 0.0 segundos
99% 0.0 segundos

############################ TEMPOS DE ESPERA NA FILA ############################
Soma 17843
Media 254.9 segundos
Desvio padr達o 147.77929006267615 segundos

95% 5.5885 segundos
99% 5.7817 segundos

################### queue_wait_time_list: ######################

[30, 36, 1, 43, 8, 15, 22, 58, 65, 72, 86, 92, 98, 113, 119, 134, 142, 150, 172, 187, 195, 208, 215, 223, 237, 245, 259, 265, 273, 290, 298, 305, 318, 324, 337, 344, 351, 363, 369, 375, 389, 396, 402, 414, 422, 436, 444, 50, 79, 105, 127, 157, 202, 231, 252, 283, 312, 331, 357, 382, 408, 428, 451, 457, 464, 472, 478, 485, 493, 499]

################################################################
################### jail_ex_download_list: ######################

[1, 1, 1, 1, 1, 1, 1, 1, 1, 0, 0, 1, 1, 1, 1, 2, 1, 0, 3, 1, 0, 1, 1, 1, 1, 1, 1, 1, 2, 1, 1, 1, 1, 1, 1, 1, 0, 1, 1, 1, 1, 0, 0, 1, 0, 1, 1, 2, 1, 1, 1, 1, 0, 1, 1, 1, 0, 1, 0, 1, 0, 0, 1, 1, 1, 0, 1, 1, 0, 1]

################################################################
################################################################
################### process_jail_download_list: ######################

[7, 8, 8, 8, 8, 8, 8, 8, 8, 7, 7, 7, 8, 7, 8, 9, 9, 8, 16, 8, 8, 8, 9, 9, 8, 8, 7, 9, 11, 8, 8, 8, 7, 8, 7, 8, 7, 7, 7, 8, 8, 7, 7, 9, 7, 9, 8, 9, 8, 9, 8, 16, 7, 7, 8, 8, 7, 7, 7, 7, 7, 8, 7, 8, 9, 7, 7, 9, 7, 7]

################################################################
################################################################
################### process_jail_list: ######################

[6, 7, 7, 7, 7, 7, 7, 7, 7, 7, 7, 6, 7, 6, 7, 7, 8, 8, 13, 7, 8, 7, 8, 8, 7, 7, 6, 8, 9, 7, 7, 7, 6, 7, 6, 7, 7, 6, 6, 7, 7, 7, 7, 8, 7, 8, 7, 7, 7, 8, 7, 15, 7, 6, 7, 7, 7, 6, 7, 6, 7, 8, 6, 7, 8, 7, 6, 8, 7, 6]

################################################################
