Numero total de amostras 70

Tempo total de processamento: 0:05:17

############## TEMPOS DE PROCESSAMENTO DO EXERCICIO NO JAIL  ####################
Soma 534 segundos
Media 7.628571428571429 segundos
Desvio padrão 3.3173631033071547 segundos

95% 5.0 segundos
99% 5.0 segundos

############## TEMPOS DE PROCESSAMENTO DO EXERCICIO NO JAIL COM DOWNLOAD  ################
Soma 615 segundos
Media 8.785714285714286 segundos
Desvio padrão 4.232165461060794 segundos

95% 6.0 segundos
99% 6.0 segundos

################### TEMPOS DE DOWNLOAD DO EXERCICIO NO JAIL #######################
Soma 81 segundos
Media 1.1571428571428573 segundos
Desvio padrão 1.1165727445525218 segundos

95% 0.0 segundos
99% 0.0 segundos

############################ TEMPOS DE ESPERA NA FILA ############################
Soma 8689
Media 124.12857142857143 segundos
Desvio padrão 70.61807163054175 segundos

95% 5.933 segundos
99% 6.098599999999999 segundos

################### queue_wait_time_list: ######################

[23, 23, 2, 33, 8, 13, 18, 27, 8, 47, 38, 36, 58, 45, 63, 73, 58, 77, 83, 97, 83, 107, 88, 93, 112, 122, 103, 117, 127, 129, 137, 146, 162, 138, 153, 152, 167, 170, 177, 182, 191, 182, 196, 211, 201, 197, 211, 43, 52, 68, 73, 92, 102, 118, 132, 141, 157, 171, 187, 189, 207, 241, 216, 245, 221, 227, 221, 232, 236, 234]

################################################################
################### jail_ex_download_list: ######################

[1, 4, 1, 0, 0, 0, 1, 1, 4, 1, 0, 2, 1, 4, 0, 1, 3, 1, 0, 1, 2, 1, 0, 2, 1, 0, 4, 3, 0, 2, 1, 1, 1, 3, 4, 0, 1, 2, 0, 0, 1, 1, 1, 1, 1, 1, 1, 0, 1, 0, 2, 0, 1, 0, 1, 1, 0, 1, 1, 1, 0, 1, 1, 2, 1, 0, 3, 0, 1, 2]

################################################################
################################################################
################### process_jail_download_list: ######################

[6, 15, 7, 6, 6, 6, 6, 7, 19, 6, 6, 12, 7, 17, 6, 6, 18, 7, 6, 6, 12, 6, 6, 14, 7, 6, 17, 14, 6, 12, 6, 7, 6, 19, 20, 6, 6, 14, 6, 6, 6, 10, 6, 14, 7, 16, 6, 6, 6, 6, 12, 6, 6, 6, 6, 6, 6, 7, 6, 11, 6, 7, 6, 16, 7, 6, 15, 6, 6, 14]

################################################################
################################################################
################### process_jail_list: ######################

[5, 11, 6, 6, 6, 6, 5, 6, 15, 5, 6, 10, 6, 13, 6, 5, 15, 6, 6, 5, 10, 5, 6, 12, 6, 6, 13, 11, 6, 10, 5, 6, 5, 16, 16, 6, 5, 12, 6, 6, 5, 9, 5, 13, 6, 15, 5, 6, 5, 6, 10, 6, 5, 6, 5, 5, 6, 6, 5, 10, 6, 6, 5, 14, 6, 6, 12, 6, 5, 12]

################################################################
Numero total de amostras 70

Tempo total de processamento: 0:05:14

############## TEMPOS DE PROCESSAMENTO DO EXERCICIO NO JAIL  ####################
Soma 550 segundos
Media 7.857142857142857 segundos
Desvio padrão 5.020773174054582 segundos
Minimo 5 segundos
Maximo 27 segundos

95% 5.0 segundos
99% 5.0 segundos

############## TEMPOS DE PROCESSAMENTO DO EXERCICIO NO JAIL COM DOWNLOAD  ################
Soma 626 segundos
Media 8.942857142857143 segundos
Desvio padrão 6.405100008778082 segundos
Minimo 6 segundos
Maximo 38 segundos

95% 6.0 segundos
99% 6.0 segundos

################### TEMPOS DE DOWNLOAD DO EXERCICIO NO JAIL #######################
Soma 76 segundos
Media 1.0857142857142856 segundos
Desvio padrão 1.6539377872464347 segundos
Minimo 0 segundos
Maximo 11 segundos

95% 0.0 segundos
99% 0.0 segundos

############################ TEMPOS DE ESPERA NA FILA ############################
Soma 8430
Media 120.42857142857143 segundos
Desvio padrão 71.20625402480387 segundos
Minimo 1 segundos
Maximo 243 segundos

95% 1.0 segundos
99% 1.0 segundos

################### queue_wait_time_list: ######################

[22, 33, 57, 1, 5, 1, 7, 27, 42, 12, 17, 10, 37, 34, 67, 53, 57, 72, 82, 86, 67, 81, 95, 104, 91, 100, 114, 109, 137, 119, 128, 115, 135, 142, 151, 165, 142, 195, 156, 170, 175, 186, 200, 160, 191, 201, 208, 47, 62, 77, 88, 95, 102, 123, 133, 146, 160, 180, 191, 203, 230, 243, 214, 213, 219, 223, 222, 229, 233, 238]

################################################################
################### jail_ex_download_list: ######################

[1, 1, 0, 1, 1, 1, 1, 1, 0, 1, 1, 4, 0, 7, 0, 0, 3, 0, 1, 1, 1, 1, 1, 1, 1, 1, 1, 1, 0, 0, 0, 4, 2, 0, 0, 1, 3, 1, 0, 1, 1, 1, 1, 11, 1, 1, 1, 0, 0, 0, 1, 1, 2, 0, 0, 0, 1, 1, 1, 1, 2, 0, 0, 2, 0, 0, 2, 0, 0, 0]

################################################################
################################################################
################### process_jail_download_list: ######################

[6, 7, 6, 6, 6, 14, 6, 6, 6, 6, 6, 29, 6, 28, 6, 6, 13, 6, 6, 6, 18, 8, 10, 6, 6, 6, 7, 6, 6, 6, 6, 27, 11, 6, 6, 6, 22, 6, 6, 6, 6, 6, 6, 38, 14, 14, 7, 6, 6, 6, 9, 6, 15, 6, 6, 6, 6, 6, 6, 6, 19, 6, 6, 12, 6, 6, 10, 6, 6, 6]

################################################################
################################################################
################### process_jail_list: ######################

[5, 6, 6, 5, 5, 13, 5, 5, 6, 5, 5, 25, 6, 21, 6, 6, 10, 6, 5, 5, 17, 7, 9, 5, 5, 5, 6, 5, 6, 6, 6, 23, 9, 6, 6, 5, 19, 5, 6, 5, 5, 5, 5, 27, 13, 13, 6, 6, 6, 6, 8, 5, 13, 6, 6, 6, 5, 5, 5, 5, 17, 6, 6, 10, 6, 6, 8, 6, 6, 6]

################################################################
