Numero total de amostras 70

Tempo total de processamento: 0:02:40

############## TEMPOS DE PROCESSAMENTO DO EXERCICIO NO JAIL  ####################
Soma 558 segundos
Media 7.9714285714285715 segundos
Desvio padr達o 1.2869835005205952 segundos

95% 6.0 segundos
99% 6.0 segundos

############## TEMPOS DE PROCESSAMENTO DO EXERCICIO NO JAIL COM DOWNLOAD  ################
Soma 633 segundos
Media 9.042857142857143 segundos
Desvio padr達o 1.4777948271057146 segundos

95% 7.0 segundos
99% 7.0 segundos

################### TEMPOS DE DOWNLOAD DO EXERCICIO NO JAIL #######################
Soma 75 segundos
Media 1.0714285714285714 segundos
Desvio padr達o 0.5933302759227196 segundos

95% 0.0 segundos
99% 0.0 segundos

############################ TEMPOS DE ESPERA NA FILA ############################
Soma 3826
Media 54.65714285714286 segundos
Desvio padr達o 29.603516062544095 segundos

95% 3.6555 segundos
99% 3.6831 segundos

################### queue_wait_time_list: ######################

[23, 22, 33, 48, 3, 5, 4, 4, 19, 33, 13, 28, 14, 12, 11, 24, 17, 18, 16, 23, 28, 35, 34, 43, 43, 38, 55, 49, 48, 62, 56, 55, 58, 70, 70, 65, 71, 75, 80, 77, 80, 76, 80, 83, 88, 86, 85, 29, 30, 44, 46, 52, 63, 63, 70, 76, 81, 85, 96, 97, 98, 90, 89, 97, 100, 88, 92, 93, 94, 93]

################################################################
################### jail_ex_download_list: ######################

[1, 1, 1, 1, 2, 2, 3, 2, 0, 0, 1, 1, 1, 1, 1, 2, 1, 1, 1, 2, 1, 1, 1, 0, 1, 2, 0, 2, 2, 1, 1, 1, 1, 2, 1, 1, 1, 0, 0, 1, 1, 1, 1, 1, 0, 1, 1, 1, 1, 1, 1, 1, 2, 2, 1, 1, 1, 1, 0, 1, 0, 1, 1, 2, 1, 1, 1, 1, 1, 1]

################################################################
################################################################
################### process_jail_download_list: ######################

[9, 10, 13, 10, 11, 12, 12, 11, 7, 9, 9, 8, 9, 9, 9, 10, 9, 9, 9, 10, 8, 11, 13, 8, 9, 11, 11, 10, 10, 11, 11, 11, 10, 9, 9, 9, 9, 8, 7, 8, 8, 8, 8, 8, 7, 8, 7, 8, 8, 9, 10, 9, 11, 11, 9, 8, 8, 8, 7, 8, 8, 7, 7, 8, 8, 8, 8, 8, 8, 7]

################################################################
################################################################
################### process_jail_list: ######################

[8, 9, 12, 9, 9, 10, 9, 9, 7, 9, 8, 7, 8, 8, 8, 8, 8, 8, 8, 8, 7, 10, 12, 8, 8, 9, 11, 8, 8, 10, 10, 10, 9, 7, 8, 8, 8, 8, 7, 7, 7, 7, 7, 7, 7, 7, 6, 7, 7, 8, 9, 8, 9, 9, 8, 7, 7, 7, 7, 7, 8, 6, 6, 6, 7, 7, 7, 7, 7, 6]

################################################################
