Numero total de amostras 70

Tempo total de processamento: 0:07:10

############## TEMPOS DE PROCESSAMENTO DO EXERCICIO NO JAIL  ####################
Soma 395 segundos
Media 5.642857142857143 segundos
Desvio padr達o 0.47915742374995496 segundos

95% 5.0 segundos
99% 5.0 segundos

############## TEMPOS DE PROCESSAMENTO DO EXERCICIO NO JAIL COM DOWNLOAD  ################
Soma 429 segundos
Media 6.128571428571429 segundos
Desvio padr達o 0.33472498611028517 segundos

95% 6.0 segundos
99% 6.0 segundos

################### TEMPOS DE DOWNLOAD DO EXERCICIO NO JAIL #######################
Soma 34 segundos
Media 0.4857142857142857 segundos
Desvio padr達o 0.4997958767010259 segundos

95% 0.0 segundos
99% 0.0 segundos

############################ TEMPOS DE ESPERA NA FILA ############################
Soma 12942
Media 184.88571428571427 segundos
Desvio padr達o 106.94812398770628 segundos

95% 5.2775 segundos
99% 5.4155 segundos

################### queue_wait_time_list: ######################

[29, 77, 2, 129, 34, 7, 50, 67, 11, 40, 103, 18, 55, 45, 23, 82, 72, 61, 92, 113, 150, 87, 97, 124, 109, 145, 119, 140, 135, 156, 161, 166, 177, 187, 172, 182, 192, 198, 203, 208, 214, 220, 225, 230, 235, 240, 299, 246, 346, 251, 304, 257, 351, 309, 262, 267, 314, 357, 272, 320, 277, 362, 283, 325, 289, 330, 294, 368, 336, 341]

################################################################
################### jail_ex_download_list: ######################

[1, 0, 1, 0, 1, 1, 0, 0, 1, 0, 0, 1, 1, 0, 1, 1, 0, 1, 1, 0, 1, 1, 1, 0, 0, 1, 0, 1, 0, 0, 0, 0, 0, 1, 0, 1, 1, 0, 0, 1, 1, 0, 0, 1, 1, 1, 0, 1, 0, 1, 0, 0, 0, 0, 0, 0, 1, 0, 1, 1, 1, 1, 1, 1, 0, 1, 0, 0, 0, 0]

################################################################
################################################################
################### process_jail_download_list: ######################

[6, 6, 6, 6, 7, 6, 6, 6, 7, 6, 6, 6, 6, 6, 6, 6, 6, 7, 6, 6, 7, 6, 7, 6, 6, 6, 6, 6, 6, 6, 6, 6, 6, 6, 6, 6, 7, 6, 6, 6, 7, 6, 6, 6, 6, 6, 6, 6, 6, 7, 6, 6, 6, 6, 6, 6, 6, 6, 6, 6, 6, 7, 6, 6, 6, 6, 6, 6, 6, 6]

################################################################
################################################################
################### process_jail_list: ######################

[5, 6, 5, 6, 6, 5, 6, 6, 6, 6, 6, 5, 5, 6, 5, 5, 6, 6, 5, 6, 6, 5, 6, 6, 6, 5, 6, 5, 6, 6, 6, 6, 6, 5, 6, 5, 6, 6, 6, 5, 6, 6, 6, 5, 5, 5, 6, 5, 6, 6, 6, 6, 6, 6, 6, 6, 5, 6, 5, 5, 5, 6, 5, 5, 6, 5, 6, 6, 6, 6]

################################################################
