Numero total de amostras 70

Tempo total de processamento: 0:03:06

############## TEMPOS DE PROCESSAMENTO DO EXERCICIO NO JAIL  ####################
Soma 496 segundos
Media 7.085714285714285 segundos
Desvio padr達o 2.6443625056380773 segundos

95% 5.0 segundos
99% 5.0 segundos

############## TEMPOS DE PROCESSAMENTO DO EXERCICIO NO JAIL COM DOWNLOAD  ################
Soma 551 segundos
Media 7.871428571428571 segundos
Desvio padr達o 3.1619226907122218 segundos

95% 6.0 segundos
99% 6.0 segundos

################### TEMPOS DE DOWNLOAD DO EXERCICIO NO JAIL #######################
Soma 55 segundos
Media 0.7857142857142857 segundos
Desvio padr達o 0.7347080497499308 segundos

95% 0.0 segundos
99% 0.0 segundos

############################ TEMPOS DE ESPERA NA FILA ############################
Soma 4292
Media 61.31428571428572 segundos
Desvio padr達o 35.967264027621745 segundos

95% 2.6555 segundos
99% 2.6830999999999996 segundos

################### queue_wait_time_list: ######################

[10, 32, 24, 2, 3, 16, 15, 26, 8, 7, 4, 18, 12, 11, 28, 19, 24, 20, 28, 37, 41, 37, 46, 54, 49, 68, 49, 50, 58, 63, 57, 59, 67, 76, 72, 85, 71, 80, 76, 88, 87, 95, 97, 89, 97, 103, 98, 33, 37, 41, 45, 54, 62, 67, 77, 81, 86, 94, 121, 102, 120, 119, 125, 106, 107, 111, 110, 107, 115, 116]

################################################################
################### jail_ex_download_list: ######################

[1, 1, 1, 1, 1, 0, 0, 1, 0, 0, 2, 2, 1, 1, 0, 1, 0, 1, 0, 0, 0, 3, 1, 1, 0, 0, 1, 0, 0, 1, 2, 0, 1, 0, 1, 0, 1, 1, 2, 1, 2, 0, 2, 1, 1, 0, 1, 1, 1, 0, 1, 1, 1, 0, 0, 1, 0, 0, 0, 0, 0, 2, 1, 1, 1, 1, 1, 3, 1, 1]

################################################################
################################################################
################### process_jail_download_list: ######################

[10, 6, 7, 7, 7, 6, 6, 17, 6, 6, 10, 13, 7, 7, 6, 6, 6, 7, 6, 6, 6, 16, 7, 7, 6, 6, 12, 6, 6, 7, 14, 6, 16, 6, 7, 6, 7, 7, 15, 7, 14, 6, 14, 7, 7, 6, 7, 7, 7, 6, 7, 7, 7, 6, 6, 7, 6, 6, 6, 6, 6, 14, 6, 6, 6, 7, 7, 18, 7, 7]

################################################################
################################################################
################### process_jail_list: ######################

[9, 5, 6, 6, 6, 6, 6, 16, 6, 6, 8, 11, 6, 6, 6, 5, 6, 6, 6, 6, 6, 13, 6, 6, 6, 6, 11, 6, 6, 6, 12, 6, 15, 6, 6, 6, 6, 6, 13, 6, 12, 6, 12, 6, 6, 6, 6, 6, 6, 6, 6, 6, 6, 6, 6, 6, 6, 6, 6, 6, 6, 12, 5, 5, 5, 6, 6, 15, 6, 6]

################################################################
