Numero total de amostras 70

Tempo total de processamento: 0:08:28

############## TEMPOS DE PROCESSAMENTO DO EXERCICIO NO JAIL  ####################
Soma 455 segundos
Media 6.5 segundos
Desvio padr達o 0.5542047068934521 segundos

95% 6.0 segundos
99% 6.0 segundos

############## TEMPOS DE PROCESSAMENTO DO EXERCICIO NO JAIL COM DOWNLOAD  ################
Soma 511 segundos
Media 7.3 segundos
Desvio padr達o 0.6175990377490653 segundos

95% 6.0 segundos
99% 6.0 segundos

################### TEMPOS DE DOWNLOAD DO EXERCICIO NO JAIL #######################
Soma 56 segundos
Media 0.8 segundos
Desvio padr達o 0.5237229365663817 segundos

95% 0.0 segundos
99% 0.0 segundos

############################ TEMPOS DE ESPERA NA FILA ############################
Soma 16556
Media 236.5142857142857 segundos
Desvio padr達o 128.7358028629779 segundos

95% 15.244 segundos
99% 15.464799999999999 segundos

################### queue_wait_time_list: ######################

[33, 40, 10, 44, 18, 26, 52, 68, 75, 82, 95, 101, 108, 120, 126, 138, 145, 151, 163, 170, 176, 189, 196, 203, 217, 223, 235, 242, 248, 259, 265, 272, 288, 294, 306, 312, 317, 329, 335, 342, 353, 359, 365, 379, 385, 398, 404, 60, 89, 114, 132, 157, 183, 209, 229, 254, 281, 300, 324, 347, 372, 391, 411, 417, 422, 428, 435, 442, 448, 455]

################################################################
################### jail_ex_download_list: ######################

[1, 1, 3, 1, 1, 1, 1, 1, 1, 1, 1, 0, 0, 0, 1, 1, 0, 0, 1, 1, 1, 1, 1, 0, 1, 1, 1, 1, 1, 0, 0, 2, 1, 1, 1, 1, 1, 1, 1, 1, 0, 1, 1, 1, 0, 0, 1, 1, 1, 0, 1, 1, 0, 1, 1, 1, 1, 0, 0, 0, 1, 1, 1, 1, 0, 1, 1, 1, 1, 1]

################################################################
################################################################
################### process_jail_download_list: ######################

[8, 8, 9, 8, 9, 8, 8, 8, 7, 8, 7, 7, 7, 7, 7, 7, 7, 7, 8, 7, 8, 7, 8, 7, 7, 7, 7, 7, 7, 7, 7, 9, 7, 7, 7, 7, 7, 7, 7, 7, 6, 7, 7, 7, 7, 7, 7, 8, 7, 7, 7, 7, 7, 9, 7, 8, 7, 6, 7, 7, 8, 8, 7, 8, 7, 7, 7, 7, 7, 7]

################################################################
################################################################
################### process_jail_list: ######################

[7, 7, 6, 7, 8, 7, 7, 7, 6, 7, 6, 7, 7, 7, 6, 6, 7, 7, 7, 6, 7, 6, 7, 7, 6, 6, 6, 6, 6, 7, 7, 7, 6, 6, 6, 6, 6, 6, 6, 6, 6, 6, 6, 6, 7, 7, 6, 7, 6, 7, 6, 6, 7, 8, 6, 7, 6, 6, 7, 7, 7, 7, 6, 7, 7, 6, 6, 6, 6, 6]

################################################################
