Numero total de amostras 70

Tempo total de processamento: 0:07:01

############## TEMPOS DE PROCESSAMENTO DO EXERCICIO NO JAIL  ####################
Soma 386 segundos
Media 5.514285714285714 segundos
Desvio padr達o 0.49979587670102593 segundos

95% 5.0 segundos
99% 5.0 segundos

############## TEMPOS DE PROCESSAMENTO DO EXERCICIO NO JAIL COM DOWNLOAD  ################
Soma 421 segundos
Media 6.014285714285714 segundos
Desvio padr達o 0.11866605518454393 segundos

95% 6.0 segundos
99% 6.0 segundos

################### TEMPOS DE DOWNLOAD DO EXERCICIO NO JAIL #######################
Soma 35 segundos
Media 0.5 segundos
Desvio padr達o 0.5 segundos

95% 0.0 segundos
99% 0.0 segundos

############################ TEMPOS DE ESPERA NA FILA ############################
Soma 12571
Media 179.5857142857143 segundos
Desvio padr達o 104.31798815669916 segundos

95% 4.933 segundos
99% 5.0986 segundos

################### queue_wait_time_list: ######################

[28, 43, 1, 7, 12, 17, 22, 33, 38, 48, 58, 64, 69, 79, 84, 94, 100, 105, 115, 120, 125, 136, 141, 146, 156, 161, 172, 177, 182, 192, 197, 202, 213, 218, 223, 233, 238, 250, 255, 260, 270, 275, 281, 291, 296, 306, 311, 53, 74, 89, 110, 130, 151, 166, 187, 208, 228, 244, 265, 286, 301, 358, 317, 322, 327, 332, 337, 342, 347, 353]

################################################################
################### jail_ex_download_list: ######################

[0, 0, 1, 0, 0, 0, 0, 0, 0, 0, 0, 0, 0, 0, 1, 1, 1, 1, 1, 1, 1, 1, 1, 1, 1, 1, 1, 1, 1, 1, 1, 1, 1, 1, 1, 1, 1, 0, 0, 0, 0, 0, 0, 0, 0, 0, 0, 0, 0, 1, 1, 1, 1, 1, 1, 1, 1, 1, 0, 0, 0, 1, 0, 0, 0, 0, 0, 0, 0, 1]

################################################################
################################################################
################### process_jail_download_list: ######################

[6, 6, 7, 6, 6, 6, 6, 6, 6, 6, 6, 6, 6, 6, 6, 6, 6, 6, 6, 6, 6, 6, 6, 6, 6, 6, 6, 6, 6, 6, 6, 6, 6, 6, 6, 6, 6, 6, 6, 6, 6, 6, 6, 6, 6, 6, 6, 6, 6, 6, 6, 6, 6, 6, 6, 6, 6, 6, 6, 6, 6, 6, 6, 6, 6, 6, 6, 6, 6, 6]

################################################################
################################################################
################### process_jail_list: ######################

[6, 6, 6, 6, 6, 6, 6, 6, 6, 6, 6, 6, 6, 6, 5, 5, 5, 5, 5, 5, 5, 5, 5, 5, 5, 5, 5, 5, 5, 5, 5, 5, 5, 5, 5, 5, 5, 6, 6, 6, 6, 6, 6, 6, 6, 6, 6, 6, 6, 5, 5, 5, 5, 5, 5, 5, 5, 5, 6, 6, 6, 5, 6, 6, 6, 6, 6, 6, 6, 5]

################################################################
