Numero total de amostras 70

Tempo total de processamento: 0:08:26

############## TEMPOS DE PROCESSAMENTO DO EXERCICIO NO JAIL  ####################
Soma 465 segundos
Media 6.642857142857143 segundos
Desvio padr達o 0.9715336077668175 segundos

95% 6.0 segundos
99% 6.0 segundos

############## TEMPOS DE PROCESSAMENTO DO EXERCICIO NO JAIL COM DOWNLOAD  ################
Soma 507 segundos
Media 7.242857142857143 segundos
Desvio padr達o 0.9013595173912774 segundos

95% 6.0 segundos
99% 6.0 segundos

################### TEMPOS DE DOWNLOAD DO EXERCICIO NO JAIL #######################
Soma 42 segundos
Media 0.6 segundos
Desvio padr達o 0.5182387756347729 segundos

95% 0.0 segundos
99% 0.0 segundos

############################ TEMPOS DE ESPERA NA FILA ############################
Soma 15605
Media 222.92857142857142 segundos
Desvio padr達o 128.41198446835887 segundos

95% 10.5885 segundos
99% 10.781699999999999 segundos

################### queue_wait_time_list: ######################

[32, 63, 6, 51, 38, 13, 75, 88, 19, 45, 69, 25, 57, 124, 82, 99, 94, 117, 111, 130, 105, 136, 141, 154, 168, 148, 174, 160, 180, 187, 193, 199, 205, 211, 218, 224, 230, 236, 242, 247, 254, 260, 266, 272, 284, 290, 302, 278, 311, 439, 317, 380, 323, 386, 329, 446, 335, 393, 341, 399, 350, 356, 406, 362, 412, 368, 374, 419, 425, 432]

################################################################
################### jail_ex_download_list: ######################

[1, 1, 2, 1, 1, 1, 0, 0, 1, 1, 0, 1, 1, 0, 0, 1, 0, 0, 0, 0, 1, 0, 1, 1, 0, 1, 1, 1, 1, 0, 1, 1, 1, 1, 1, 1, 0, 0, 0, 1, 1, 1, 0, 0, 1, 0, 1, 1, 1, 1, 1, 0, 1, 0, 1, 1, 1, 0, 1, 0, 0, 0, 0, 0, 1, 0, 0, 0, 1, 1]

################################################################
################################################################
################### process_jail_download_list: ######################

[7, 7, 8, 7, 7, 7, 7, 7, 7, 7, 7, 8, 7, 7, 7, 7, 6, 7, 7, 7, 7, 6, 8, 7, 7, 7, 7, 8, 8, 7, 7, 7, 7, 7, 7, 7, 7, 7, 6, 7, 7, 7, 7, 7, 7, 13, 9, 7, 7, 8, 7, 7, 7, 7, 7, 9, 7, 6, 9, 8, 7, 7, 7, 7, 8, 7, 7, 7, 8, 7]

################################################################
################################################################
################### process_jail_list: ######################

[6, 6, 6, 6, 6, 6, 7, 7, 6, 6, 7, 7, 6, 7, 7, 6, 6, 7, 7, 7, 6, 6, 7, 6, 7, 6, 6, 7, 7, 7, 6, 6, 6, 6, 6, 6, 7, 7, 6, 6, 6, 6, 7, 7, 6, 13, 8, 6, 6, 7, 6, 7, 6, 7, 6, 8, 6, 6, 8, 8, 7, 7, 7, 7, 7, 7, 7, 7, 7, 6]

################################################################
