Numero total de amostras 70

Tempo total de processamento: 0:11:34

############## TEMPOS DE PROCESSAMENTO DO EXERCICIO NO JAIL  ####################
Soma 606 segundos
Media 8.657142857142857 segundos
Desvio padr達o 1.6808646948665975 segundos

95% 4.2775 segundos
99% 4.4155 segundos

############## TEMPOS DE PROCESSAMENTO DO EXERCICIO NO JAIL COM DOWNLOAD  ################
Soma 693 segundos
Media 9.9 segundos
Desvio padr達o 1.9504578217141004 segundos

95% 5.2775 segundos
99% 5.4155 segundos

################### TEMPOS DE DOWNLOAD DO EXERCICIO NO JAIL #######################
Soma 87 segundos
Media 1.2428571428571429 segundos
Desvio padr達o 0.6640936742382548 segundos

95% 0.6555 segundos
99% 0.6830999999999999 segundos

############################ TEMPOS DE ESPERA NA FILA ############################
Soma 20993
Media 299.9 segundos
Desvio padr達o 184.21114825888563 segundos

95% 6.244 segundos
99% 6.464799999999999 segundos

################### queue_wait_time_list: ######################

[27, 35, 1, 43, 9, 17, 18, 61, 71, 89, 97, 106, 125, 137, 145, 161, 170, 178, 195, 203, 218, 225, 235, 252, 260, 267, 282, 293, 309, 318, 326, 348, 361, 370, 386, 398, 413, 431, 440, 458, 470, 479, 498, 510, 523, 540, 548, 51, 80, 115, 154, 186, 211, 244, 274, 301, 334, 377, 422, 448, 488, 531, 556, 567, 577, 586, 596, 606, 615, 628]

################################################################
################### jail_ex_download_list: ######################

[1, 1, 1, 1, 1, 1, 2, 1, 1, 1, 1, 1, 3, 1, 1, 1, 1, 2, 1, 1, 1, 1, 1, 1, 1, 1, 1, 1, 1, 1, 1, 3, 1, 1, 1, 4, 1, 1, 1, 2, 1, 1, 1, 3, 1, 1, 1, 1, 1, 0, 1, 1, 1, 1, 1, 1, 1, 1, 1, 3, 1, 1, 1, 1, 1, 2, 2, 1, 3, 1]

################################################################
################################################################
################### process_jail_download_list: ######################

[8, 9, 9, 9, 9, 2, 10, 11, 10, 9, 10, 10, 13, 9, 9, 10, 9, 9, 9, 8, 8, 11, 10, 9, 7, 8, 12, 9, 9, 9, 9, 13, 10, 8, 12, 16, 10, 10, 9, 11, 10, 10, 13, 14, 9, 9, 9, 11, 9, 11, 8, 10, 8, 9, 9, 9, 15, 10, 10, 11, 11, 9, 12, 11, 10, 11, 10, 10, 14, 9]

################################################################
################################################################
################### process_jail_list: ######################

[7, 8, 8, 8, 8, 1, 8, 10, 9, 8, 9, 9, 10, 8, 8, 9, 8, 7, 8, 7, 7, 10, 9, 8, 6, 7, 11, 8, 8, 8, 8, 10, 9, 7, 11, 12, 9, 9, 8, 9, 9, 9, 12, 11, 8, 8, 8, 10, 8, 11, 7, 9, 7, 8, 8, 8, 14, 9, 9, 8, 10, 8, 11, 10, 9, 9, 8, 9, 11, 8]

################################################################
