Numero total de amostras 70

Tempo total de processamento: 0:09:51

############## TEMPOS DE PROCESSAMENTO DO EXERCICIO NO JAIL  ####################
Soma 526 segundos
Media 7.514285714285714 segundos
Desvio padr達o 1.2620035900204443 segundos

95% 6.0 segundos
99% 6.0 segundos

############## TEMPOS DE PROCESSAMENTO DO EXERCICIO NO JAIL COM DOWNLOAD  ################
Soma 592 segundos
Media 8.457142857142857 segundos
Desvio padr達o 1.348922472470043 segundos

95% 7.0 segundos
99% 7.0 segundos

################### TEMPOS DE DOWNLOAD DO EXERCICIO NO JAIL #######################
Soma 66 segundos
Media 0.9428571428571428 segundos
Desvio padr達o 0.41007714555449504 segundos

95% 0.0 segundos
99% 0.0 segundos

############################ TEMPOS DE ESPERA NA FILA ############################
Soma 19978
Media 285.4 segundos
Desvio padr達o 151.12827096779174 segundos

95% 14.8995 segundos
99% 15.147899999999998 segundos

################### queue_wait_time_list: ######################

[38, 9, 57, 18, 29, 68, 75, 93, 103, 112, 126, 134, 140, 157, 165, 182, 190, 198, 212, 218, 228, 242, 250, 264, 271, 280, 296, 304, 311, 325, 333, 340, 353, 360, 373, 380, 391, 404, 410, 416, 429, 436, 446, 460, 464, 479, 485, 47, 85, 119, 148, 175, 205, 236, 257, 287, 318, 347, 367, 398, 423, 453, 471, 492, 500, 506, 512, 519, 525, 534]

################################################################
################### jail_ex_download_list: ######################

[1, 1, 1, 2, 2, 0, 1, 1, 1, 0, 1, 0, 1, 1, 1, 1, 1, 1, 1, 1, 1, 1, 1, 1, 1, 0, 1, 1, 1, 0, 1, 1, 1, 1, 1, 1, 1, 1, 1, 1, 1, 1, 1, 0, 0, 1, 1, 2, 1, 1, 1, 1, 1, 1, 1, 1, 1, 1, 1, 1, 1, 1, 1, 2, 1, 1, 1, 1, 1, 0]

################################################################
################################################################
################### process_jail_download_list: ######################

[10, 10, 11, 12, 10, 8, 11, 11, 10, 8, 9, 7, 8, 9, 11, 9, 8, 8, 8, 10, 8, 8, 8, 8, 10, 8, 8, 8, 8, 9, 8, 7, 7, 8, 7, 12, 8, 7, 7, 8, 7, 11, 8, 7, 7, 7, 7, 11, 9, 8, 10, 8, 8, 8, 8, 10, 8, 8, 7, 7, 7, 8, 8, 9, 7, 7, 8, 7, 9, 8]

################################################################
################################################################
################### process_jail_list: ######################

[9, 9, 10, 10, 8, 8, 10, 10, 9, 8, 8, 7, 7, 8, 10, 8, 7, 7, 7, 9, 7, 7, 7, 7, 9, 8, 7, 7, 7, 9, 7, 6, 6, 7, 6, 11, 7, 6, 6, 7, 6, 10, 7, 7, 7, 6, 6, 9, 8, 7, 9, 7, 7, 7, 7, 9, 7, 7, 6, 6, 6, 7, 7, 7, 6, 6, 7, 6, 8, 8]

################################################################
