Numero total de amostras 70

Tempo total de processamento: 0:08:42

############## TEMPOS DE PROCESSAMENTO DO EXERCICIO NO JAIL  ####################
Soma 470 segundos
Media 6.714285714285714 segundos
Desvio padr達o 0.830539534499922 segundos

95% 6.0 segundos
99% 6.0 segundos

############## TEMPOS DE PROCESSAMENTO DO EXERCICIO NO JAIL COM DOWNLOAD  ################
Soma 523 segundos
Media 7.4714285714285715 segundos
Desvio padr達o 0.9520118332312077 segundos

95% 7.0 segundos
99% 7.0 segundos

################### TEMPOS DE DOWNLOAD DO EXERCICIO NO JAIL #######################
Soma 53 segundos
Media 0.7571428571428571 segundos
Desvio padr達o 0.5460432815318969 segundos

95% 0.0 segundos
99% 0.0 segundos

############################ TEMPOS DE ESPERA NA FILA ############################
Soma 16922
Media 241.74285714285713 segundos
Desvio padr達o 133.313452939656 segundos

95% 12.5885 segundos
99% 12.7817 segundos

################### queue_wait_time_list: ######################

[41, 8, 15, 21, 26, 34, 47, 55, 63, 70, 88, 99, 107, 119, 126, 138, 143, 148, 161, 168, 175, 187, 194, 199, 213, 221, 234, 240, 248, 260, 264, 271, 286, 293, 299, 312, 318, 331, 337, 343, 359, 365, 371, 383, 391, 403, 409, 77, 113, 132, 155, 181, 206, 228, 254, 279, 305, 325, 351, 378, 397, 465, 415, 421, 427, 434, 440, 446, 452, 458]

################################################################
################### jail_ex_download_list: ######################

[1, 1, 1, 1, 1, 1, 1, 1, 0, 1, 3, 1, 0, 0, 0, 1, 1, 1, 1, 1, 1, 1, 0, 1, 1, 1, 1, 1, 1, 1, 1, 1, 1, 1, 1, 1, 1, 0, 1, 0, 1, 1, 1, 1, 0, 1, 1, 1, 0, 1, 1, 1, 1, 0, 1, 1, 1, 0, 2, 1, 0, 0, 0, 0, 0, 0, 0, 0, 0, 1]

################################################################
################################################################
################### process_jail_download_list: ######################

[7, 7, 7, 8, 8, 8, 8, 8, 8, 8, 12, 9, 7, 7, 7, 7, 7, 7, 7, 7, 7, 8, 7, 7, 8, 8, 7, 9, 7, 8, 7, 8, 7, 7, 7, 7, 8, 7, 7, 8, 7, 7, 7, 8, 7, 7, 7, 12, 7, 7, 7, 7, 8, 7, 7, 7, 7, 7, 9, 7, 7, 7, 7, 7, 7, 7, 7, 7, 7, 8]

################################################################
################################################################
################### process_jail_list: ######################

[6, 6, 6, 7, 7, 7, 7, 7, 8, 7, 9, 8, 7, 7, 7, 6, 6, 6, 6, 6, 6, 7, 7, 6, 7, 7, 6, 8, 6, 7, 6, 7, 6, 6, 6, 6, 7, 7, 6, 8, 6, 6, 6, 7, 7, 6, 6, 11, 7, 6, 6, 6, 7, 7, 6, 6, 6, 7, 7, 6, 7, 7, 7, 7, 7, 7, 7, 7, 7, 7]

################################################################
