Numero total de amostras 70

Tempo total de processamento: 0:05:06

############## TEMPOS DE PROCESSAMENTO DO EXERCICIO NO JAIL  ####################
Soma 529 segundos
Media 7.557142857142857 segundos
Desvio padr達o 2.4120869108110767 segundos

95% 5.0 segundos
99% 5.0 segundos

############## TEMPOS DE PROCESSAMENTO DO EXERCICIO NO JAIL COM DOWNLOAD  ################
Soma 601 segundos
Media 8.585714285714285 segundos
Desvio padr達o 3.002346021472719 segundos

95% 6.0 segundos
99% 6.0 segundos

################### TEMPOS DE DOWNLOAD DO EXERCICIO NO JAIL #######################
Soma 72 segundos
Media 1.0285714285714285 segundos
Desvio padr達o 0.7740695533796609 segundos

95% 0.0 segundos
99% 0.0 segundos

############################ TEMPOS DE ESPERA NA FILA ############################
Soma 8712
Media 124.45714285714286 segundos
Desvio padr達o 67.76528519493606 segundos

95% 9.0 segundos
99% 9.0 segundos

################### queue_wait_time_list: ######################

[26, 31, 33, 9, 14, 25, 40, 9, 20, 40, 36, 51, 57, 72, 61, 60, 70, 78, 94, 82, 87, 108, 98, 95, 104, 114, 116, 125, 125, 129, 134, 145, 142, 150, 151, 161, 166, 172, 176, 171, 180, 187, 189, 197, 202, 212, 207, 47, 49, 67, 78, 87, 104, 120, 133, 140, 155, 162, 181, 192, 200, 239, 240, 213, 218, 223, 221, 228, 234, 230]

################################################################
################### jail_ex_download_list: ######################

[0, 1, 1, 1, 1, 2, 2, 4, 1, 1, 0, 1, 1, 1, 1, 2, 1, 1, 0, 1, 1, 1, 1, 1, 2, 1, 2, 1, 1, 1, 0, 0, 1, 1, 2, 0, 1, 0, 1, 2, 1, 1, 2, 1, 0, 2, 1, 0, 2, 1, 2, 1, 0, 0, 1, 1, 1, 2, 0, 0, 3, 1, 2, 0, 1, 0, 1, 1, 0, 1]

################################################################
################################################################
################### process_jail_download_list: ######################

[6, 7, 9, 7, 7, 11, 11, 18, 7, 7, 6, 7, 6, 7, 7, 12, 11, 6, 6, 7, 7, 7, 7, 12, 14, 7, 12, 6, 10, 7, 6, 6, 12, 7, 13, 6, 7, 6, 7, 11, 11, 7, 14, 7, 6, 12, 7, 6, 14, 6, 11, 10, 6, 6, 11, 7, 7, 12, 6, 6, 14, 7, 17, 6, 7, 6, 12, 7, 6, 12]

################################################################
################################################################
################### process_jail_list: ######################

[6, 6, 8, 6, 6, 9, 9, 14, 6, 6, 6, 6, 5, 6, 6, 10, 10, 5, 6, 6, 6, 6, 6, 11, 12, 6, 10, 5, 9, 6, 6, 6, 11, 6, 11, 6, 6, 6, 6, 9, 10, 6, 12, 6, 6, 10, 6, 6, 12, 5, 9, 9, 6, 6, 10, 6, 6, 10, 6, 6, 11, 6, 15, 6, 6, 6, 11, 6, 6, 11]

################################################################
