Numero total de amostras 70

Tempo total de processamento: 0:03:26

############## TEMPOS DE PROCESSAMENTO DO EXERCICIO NO JAIL  ####################
Soma 540 segundos
Media 7.714285714285714 segundos
Desvio padr達o 1.1605769149479943 segundos

95% 6.0 segundos
99% 6.0 segundos

############## TEMPOS DE PROCESSAMENTO DO EXERCICIO NO JAIL COM DOWNLOAD  ################
Soma 608 segundos
Media 8.685714285714285 segundos
Desvio padr達o 1.2822174669895359 segundos

95% 7.0 segundos
99% 7.0 segundos

################### TEMPOS DE DOWNLOAD DO EXERCICIO NO JAIL #######################
Soma 68 segundos
Media 0.9714285714285714 segundos
Desvio padr達o 0.5062870041905527 segundos

95% 0.0 segundos
99% 0.0 segundos

############################ TEMPOS DE ESPERA NA FILA ############################
Soma 5227
Media 74.67142857142858 segundos
Desvio padr達o 43.79129770972814 segundos

95% 3.0 segundos
99% 3.0 segundos

################### queue_wait_time_list: ######################

[16, 15, 27, 26, 4, 27, 3, 16, 32, 3, 38, 9, 8, 21, 10, 33, 20, 20, 38, 32, 39, 47, 53, 54, 47, 46, 59, 59, 54, 65, 74, 58, 73, 67, 75, 82, 91, 83, 96, 103, 96, 110, 97, 103, 116, 110, 65, 81, 91, 90, 104, 109, 130, 115, 130, 117, 131, 121, 122, 136, 135, 122, 123, 123, 125, 136, 140, 140, 141, 145]

################################################################
################### jail_ex_download_list: ######################

[1, 1, 1, 1, 1, 0, 1, 0, 1, 2, 1, 1, 1, 1, 2, 1, 0, 0, 1, 1, 3, 1, 1, 1, 1, 1, 1, 1, 0, 2, 1, 1, 1, 1, 2, 1, 1, 1, 1, 1, 1, 1, 1, 1, 0, 1, 2, 1, 1, 1, 1, 1, 1, 0, 1, 0, 0, 1, 1, 1, 1, 1, 1, 1, 1, 1, 1, 1, 1, 1]

################################################################
################################################################
################### process_jail_download_list: ######################

[8, 8, 9, 9, 8, 8, 8, 7, 8, 9, 11, 9, 9, 9, 9, 8, 8, 8, 11, 9, 11, 9, 8, 8, 9, 9, 10, 9, 8, 11, 11, 9, 11, 11, 10, 11, 8, 11, 10, 9, 9, 9, 9, 9, 8, 9, 11, 11, 9, 9, 9, 9, 8, 8, 8, 8, 7, 7, 7, 7, 7, 7, 7, 7, 8, 7, 7, 7, 7, 7]

################################################################
################################################################
################### process_jail_list: ######################

[7, 7, 8, 8, 7, 8, 7, 7, 7, 7, 10, 8, 8, 8, 7, 7, 8, 8, 10, 8, 8, 8, 7, 7, 8, 8, 9, 8, 8, 9, 10, 8, 10, 10, 8, 10, 7, 10, 9, 8, 8, 8, 8, 8, 8, 8, 9, 10, 8, 8, 8, 8, 7, 8, 7, 8, 7, 6, 6, 6, 6, 6, 6, 6, 7, 6, 6, 6, 6, 6]

################################################################
