Numero total de amostras 70

Tempo total de processamento: 0:08:27

############## TEMPOS DE PROCESSAMENTO DO EXERCICIO NO JAIL  ####################
Soma 459 segundos
Media 6.557142857142857 segundos
Desvio padr達o 0.5765838877317304 segundos

95% 6.0 segundos
99% 6.0 segundos

############## TEMPOS DE PROCESSAMENTO DO EXERCICIO NO JAIL COM DOWNLOAD  ################
Soma 509 segundos
Media 7.271428571428571 segundos
Desvio padr達o 0.6076048662324783 segundos

95% 6.0 segundos
99% 6.0 segundos

################### TEMPOS DE DOWNLOAD DO EXERCICIO NO JAIL #######################
Soma 50 segundos
Media 0.7142857142857143 segundos
Desvio padr達o 0.5111012519999519 segundos

95% 0.0 segundos
99% 0.0 segundos

############################ TEMPOS DE ESPERA NA FILA ############################
Soma 15864
Media 226.62857142857143 segundos
Desvio padr達o 129.83937014949018 segundos

95% 7.244 segundos
99% 7.464799999999999 segundos

################### queue_wait_time_list: ######################

[27, 40, 2, 10, 16, 21, 54, 33, 61, 68, 81, 87, 94, 107, 114, 127, 134, 140, 155, 162, 168, 181, 187, 194, 209, 216, 228, 234, 240, 252, 258, 265, 276, 283, 295, 301, 307, 320, 327, 333, 344, 350, 357, 371, 377, 389, 395, 46, 74, 101, 120, 148, 174, 201, 222, 246, 270, 289, 313, 339, 364, 383, 401, 407, 414, 420, 426, 433, 438, 445]

################################################################
################### jail_ex_download_list: ######################

[1, 0, 2, 0, 0, 1, 1, 1, 0, 0, 0, 1, 0, 1, 1, 1, 0, 1, 0, 0, 1, 1, 0, 0, 1, 1, 0, 0, 1, 1, 1, 0, 0, 1, 0, 0, 1, 1, 1, 0, 1, 1, 1, 1, 1, 1, 1, 1, 1, 1, 1, 1, 1, 2, 1, 1, 1, 1, 1, 0, 1, 1, 1, 0, 1, 1, 1, 0, 1, 1]

################################################################
################################################################
################### process_jail_download_list: ######################

[7, 7, 8, 7, 6, 7, 8, 8, 8, 7, 7, 8, 7, 8, 7, 8, 7, 8, 8, 7, 7, 7, 7, 8, 8, 7, 7, 6, 7, 7, 8, 6, 7, 7, 7, 7, 7, 7, 7, 7, 7, 8, 8, 7, 7, 7, 7, 8, 8, 7, 8, 8, 8, 9, 7, 7, 7, 7, 8, 6, 7, 7, 7, 7, 7, 7, 8, 6, 8, 7]

################################################################
################################################################
################### process_jail_list: ######################

[6, 7, 6, 7, 6, 6, 7, 7, 8, 7, 7, 7, 7, 7, 6, 7, 7, 7, 8, 7, 6, 6, 7, 8, 7, 6, 7, 6, 6, 6, 7, 6, 7, 6, 7, 7, 6, 6, 6, 7, 6, 7, 7, 6, 6, 6, 6, 7, 7, 6, 7, 7, 7, 7, 6, 6, 6, 6, 7, 6, 6, 6, 6, 7, 6, 6, 7, 6, 7, 6]

################################################################
