Numero total de amostras 70

Tempo total de processamento: 0:03:14

############## TEMPOS DE PROCESSAMENTO DO EXERCICIO NO JAIL  ####################
Soma 524 segundos
Media 7.485714285714286 segundos
Desvio padr達o 0.9818765872822617 segundos

95% 6.0 segundos
99% 6.0 segundos

############## TEMPOS DE PROCESSAMENTO DO EXERCICIO NO JAIL COM DOWNLOAD  ################
Soma 579 segundos
Media 8.271428571428572 segundos
Desvio padr達o 0.9844712659440029 segundos

95% 7.0 segundos
99% 7.0 segundos

################### TEMPOS DE DOWNLOAD DO EXERCICIO NO JAIL #######################
Soma 55 segundos
Media 0.7857142857142857 segundos
Desvio padr達o 0.5040651075536386 segundos

95% 0.0 segundos
99% 0.0 segundos

############################ TEMPOS DE ESPERA NA FILA ############################
Soma 5103
Media 72.9 segundos
Desvio padr達o 37.999680449784236 segundos

95% 8.6555 segundos
99% 8.6831 segundos

################### queue_wait_time_list: ######################

[45, 10, 9, 8, 14, 15, 13, 23, 23, 22, 44, 28, 41, 28, 29, 34, 35, 50, 50, 54, 60, 54, 49, 60, 64, 59, 65, 70, 69, 76, 77, 84, 82, 89, 88, 95, 93, 101, 99, 105, 104, 115, 106, 111, 108, 117, 111, 35, 40, 39, 44, 55, 65, 71, 76, 83, 90, 94, 100, 134, 118, 136, 137, 139, 120, 125, 125, 128, 131, 132]

################################################################
################### jail_ex_download_list: ######################

[0, 1, 1, 1, 1, 1, 1, 1, 1, 1, 1, 1, 0, 1, 2, 1, 1, 0, 0, 1, 1, 0, 0, 1, 1, 1, 1, 2, 1, 1, 0, 0, 1, 1, 1, 1, 1, 1, 1, 1, 1, 1, 1, 0, 1, 1, 0, 1, 1, 1, 1, 0, 1, 2, 0, 0, 1, 1, 1, 0, 1, 0, 0, 1, 1, 1, 1, 1, 0, 0]

################################################################
################################################################
################### process_jail_download_list: ######################

[7, 8, 8, 8, 11, 11, 11, 8, 8, 9, 8, 8, 7, 9, 9, 8, 8, 7, 8, 8, 8, 7, 8, 8, 8, 8, 7, 9, 9, 9, 10, 8, 8, 8, 8, 8, 8, 8, 8, 8, 7, 8, 8, 9, 9, 10, 9, 8, 7, 7, 8, 7, 8, 9, 10, 8, 8, 8, 8, 7, 10, 7, 7, 7, 10, 9, 9, 9, 8, 8]

################################################################
################################################################
################### process_jail_list: ######################

[7, 7, 7, 7, 10, 10, 10, 7, 7, 8, 7, 7, 7, 8, 7, 7, 7, 7, 8, 7, 7, 7, 8, 7, 7, 7, 6, 7, 8, 8, 10, 8, 7, 7, 7, 7, 7, 7, 7, 7, 6, 7, 7, 9, 8, 9, 9, 7, 6, 6, 7, 7, 7, 7, 10, 8, 7, 7, 7, 7, 9, 7, 7, 6, 9, 8, 8, 8, 8, 8]

################################################################
