Numero total de amostras 70

Tempo total de processamento: 0:04:57

############## TEMPOS DE PROCESSAMENTO DO EXERCICIO NO JAIL  ####################
Soma 519 segundos
Media 7.414285714285715 segundos
Desvio padrão 2.428949550395674 segundos

95% 5.0 segundos
99% 5.0 segundos

############## TEMPOS DE PROCESSAMENTO DO EXERCICIO NO JAIL COM DOWNLOAD  ################
Soma 592 segundos
Media 8.457142857142857 segundos
Desvio padrão 2.9889592755707475 segundos

95% 6.0 segundos
99% 6.0 segundos

################### TEMPOS DE DOWNLOAD DO EXERCICIO NO JAIL #######################
Soma 73 segundos
Media 1.042857142857143 segundos
Desvio padrão 0.8524873570191824 segundos

95% 0.0 segundos
99% 0.0 segundos

############################ TEMPOS DE ESPERA NA FILA ############################
Soma 8354
Media 119.34285714285714 segundos
Desvio padrão 67.0521941079774 segundos

95% 5.933 segundos
99% 6.098599999999999 segundos

################### queue_wait_time_list: ######################

[24, 34, 32, 2, 8, 22, 13, 45, 12, 19, 45, 29, 53, 66, 60, 55, 75, 67, 80, 70, 91, 101, 97, 88, 113, 106, 105, 121, 117, 133, 121, 138, 149, 143, 141, 164, 158, 154, 179, 168, 174, 190, 185, 195, 190, 199, 206, 39, 50, 60, 76, 87, 96, 112, 127, 132, 148, 159, 166, 179, 200, 237, 206, 210, 215, 215, 220, 226, 231, 226]

################################################################
################### jail_ex_download_list: ######################

[0, 0, 4, 3, 1, 2, 0, 0, 1, 1, 1, 1, 1, 0, 1, 0, 1, 2, 1, 1, 1, 1, 1, 1, 1, 1, 1, 1, 1, 0, 1, 1, 1, 0, 1, 0, 1, 0, 1, 1, 0, 1, 1, 0, 2, 1, 0, 1, 1, 1, 1, 1, 2, 1, 1, 1, 1, 1, 2, 4, 1, 1, 2, 1, 0, 1, 1, 1, 1, 4]

################################################################
################################################################
################### process_jail_download_list: ######################

[6, 6, 15, 12, 7, 13, 6, 6, 12, 7, 11, 7, 9, 6, 7, 6, 6, 11, 7, 7, 7, 7, 6, 11, 10, 6, 10, 7, 6, 6, 13, 7, 11, 6, 11, 6, 7, 6, 7, 7, 6, 7, 6, 6, 11, 9, 6, 7, 7, 9, 15, 6, 11, 7, 7, 12, 7, 10, 16, 14, 7, 6, 11, 7, 6, 13, 7, 6, 7, 19]

################################################################
################################################################
################### process_jail_list: ######################

[6, 6, 11, 9, 6, 11, 6, 6, 11, 6, 10, 6, 8, 6, 6, 6, 5, 9, 6, 6, 6, 6, 5, 10, 9, 5, 9, 6, 5, 6, 12, 6, 10, 6, 10, 6, 6, 6, 6, 6, 6, 6, 5, 6, 9, 8, 6, 6, 6, 8, 14, 5, 9, 6, 6, 11, 6, 9, 14, 10, 6, 5, 9, 6, 6, 12, 6, 5, 6, 15]

################################################################
Numero total de amostras 70

Tempo total de processamento: 0:04:38

############## TEMPOS DE PROCESSAMENTO DO EXERCICIO NO JAIL  ####################
Soma 482 segundos
Media 6.885714285714286 segundos
Desvio padrão 1.5724671892362303 segundos

95% 5.0 segundos
99% 5.0 segundos

############## TEMPOS DE PROCESSAMENTO DO EXERCICIO NO JAIL COM DOWNLOAD  ################
Soma 542 segundos
Media 7.742857142857143 segundos
Desvio padrão 2.453485650403257 segundos

95% 6.0 segundos
99% 6.0 segundos

################### TEMPOS DE DOWNLOAD DO EXERCICIO NO JAIL #######################
Soma 60 segundos
Media 0.8571428571428571 segundos
Desvio padrão 1.0991648035240769 segundos

95% 0.0 segundos
99% 0.0 segundos

############################ TEMPOS DE ESPERA NA FILA ############################
Soma 7334
Media 104.77142857142857 segundos
Desvio padrão 62.14824935554649 segundos

95% 5.2775 segundos
99% 5.4155 segundos

################### queue_wait_time_list: ######################

[37, 2, 19, 8, 7, 13, 23, 28, 13, 31, 18, 32, 25, 43, 43, 49, 56, 52, 62, 71, 62, 77, 67, 83, 92, 86, 97, 101, 97, 107, 121, 111, 133, 110, 127, 147, 137, 133, 162, 154, 144, 153, 168, 178, 173, 183, 168, 36, 47, 55, 70, 82, 91, 104, 117, 116, 143, 158, 160, 178, 204, 207, 184, 210, 187, 193, 191, 198, 198, 202]

################################################################
################### jail_ex_download_list: ######################

[1, 1, 0, 0, 1, 1, 1, 0, 1, 0, 0, 0, 1, 1, 0, 1, 1, 0, 1, 1, 1, 0, 0, 2, 0, 1, 1, 1, 1, 0, 1, 1, 0, 0, 0, 1, 1, 3, 1, 0, 2, 1, 0, 1, 1, 0, 3, 1, 1, 1, 6, 0, 1, 0, 0, 6, 0, 0, 1, 1, 1, 0, 1, 1, 1, 0, 1, 0, 1, 1]

################################################################
################################################################
################### process_jail_download_list: ######################

[8, 7, 7, 6, 8, 7, 7, 6, 8, 8, 6, 6, 8, 8, 6, 8, 6, 6, 7, 7, 10, 6, 6, 10, 6, 7, 6, 7, 8, 6, 7, 7, 6, 9, 6, 7, 7, 14, 7, 6, 11, 9, 6, 8, 6, 6, 12, 7, 7, 9, 16, 6, 9, 8, 6, 20, 6, 6, 11, 7, 8, 6, 9, 12, 7, 6, 9, 6, 8, 7]

################################################################
################################################################
################### process_jail_list: ######################

[7, 6, 7, 6, 7, 6, 6, 6, 7, 8, 6, 6, 7, 7, 6, 7, 5, 6, 6, 6, 9, 6, 6, 8, 6, 6, 5, 6, 7, 6, 6, 6, 6, 9, 6, 6, 6, 11, 6, 6, 9, 8, 6, 7, 5, 6, 9, 6, 6, 8, 10, 6, 8, 8, 6, 14, 6, 6, 10, 6, 7, 6, 8, 11, 6, 6, 8, 6, 7, 6]

################################################################
