Numero total de amostras 70

Tempo total de processamento: 0:05:32

############## TEMPOS DE PROCESSAMENTO DO EXERCICIO NO JAIL  ####################
Soma 579 segundos
Media 8.271428571428572 segundos
Desvio padr達o 4.887071657726649 segundos

95% 5.0 segundos
99% 5.0 segundos

############## TEMPOS DE PROCESSAMENTO DO EXERCICIO NO JAIL COM DOWNLOAD  ################
Soma 658 segundos
Media 9.4 segundos
Desvio padr達o 6.0057115672142825 segundos

95% 6.0 segundos
99% 6.0 segundos

################### TEMPOS DE DOWNLOAD DO EXERCICIO NO JAIL #######################
Soma 79 segundos
Media 1.1285714285714286 segundos
Desvio padr達o 1.2974857948182332 segundos

95% 0.0 segundos
99% 0.0 segundos

############################ TEMPOS DE ESPERA NA FILA ############################
Soma 9517
Media 135.95714285714286 segundos
Desvio padr達o 78.49175310898877 segundos

95% 5.5885 segundos
99% 5.7817 segundos

################### queue_wait_time_list: ######################

[33, 39, 8, 1, 19, 14, 31, 18, 23, 44, 29, 48, 64, 73, 53, 57, 70, 78, 88, 103, 94, 99, 124, 108, 102, 138, 120, 125, 159, 134, 150, 139, 164, 175, 155, 194, 180, 185, 190, 211, 200, 191, 220, 225, 212, 236, 228, 44, 57, 69, 82, 80, 114, 129, 144, 155, 169, 174, 206, 215, 231, 261, 271, 241, 245, 251, 244, 257, 261, 266]

################################################################
################### jail_ex_download_list: ######################

[0, 0, 1, 4, 2, 1, 2, 1, 1, 0, 0, 1, 0, 0, 1, 3, 2, 1, 1, 1, 0, 0, 0, 1, 6, 1, 0, 3, 0, 1, 0, 3, 1, 0, 4, 1, 0, 0, 0, 0, 1, 5, 1, 1, 3, 0, 3, 3, 1, 0, 1, 2, 0, 1, 1, 0, 1, 2, 0, 1, 0, 2, 1, 1, 1, 0, 3, 0, 0, 1]

################################################################
################################################################
################### process_jail_download_list: ######################

[6, 6, 6, 20, 16, 6, 16, 6, 7, 6, 6, 6, 6, 6, 6, 16, 13, 6, 7, 6, 6, 6, 6, 7, 27, 6, 6, 18, 6, 6, 6, 20, 6, 6, 22, 6, 6, 6, 6, 6, 7, 25, 6, 7, 19, 6, 20, 16, 7, 6, 6, 26, 6, 6, 7, 6, 7, 22, 6, 6, 6, 14, 7, 6, 7, 6, 20, 6, 6, 6]

################################################################
################################################################
################### process_jail_list: ######################

[6, 6, 5, 16, 14, 5, 14, 5, 6, 6, 6, 5, 6, 6, 5, 13, 11, 5, 6, 5, 6, 6, 6, 6, 21, 5, 6, 15, 6, 5, 6, 17, 5, 6, 18, 5, 6, 6, 6, 6, 6, 20, 5, 6, 16, 6, 17, 13, 6, 6, 5, 24, 6, 5, 6, 6, 6, 20, 6, 5, 6, 12, 6, 5, 6, 6, 17, 6, 6, 5]

################################################################
