Numero total de amostras 70

Tempo total de processamento: 0:02:13

############## TEMPOS DE PROCESSAMENTO DO EXERCICIO NO JAIL  ####################
Soma 461 segundos
Media 6.585714285714285 segundos
Desvio padr達o 1.5070582237577679 segundos

95% 5.0 segundos
99% 5.0 segundos

############## TEMPOS DE PROCESSAMENTO DO EXERCICIO NO JAIL COM DOWNLOAD  ################
Soma 516 segundos
Media 7.371428571428571 segundos
Desvio padr達o 1.7085618728829777 segundos

95% 6.0 segundos
99% 6.0 segundos

################### TEMPOS DE DOWNLOAD DO EXERCICIO NO JAIL #######################
Soma 55 segundos
Media 0.7857142857142857 segundos
Desvio padr達o 0.5578749768504754 segundos

95% 0.0 segundos
99% 0.0 segundos

############################ TEMPOS DE ESPERA NA FILA ############################
Soma 2627
Media 37.52857142857143 segundos
Desvio padr達o 20.336962428453432 segundos

95% 2.6555 segundos
99% 2.6830999999999996 segundos

################### queue_wait_time_list: ######################

[10, 16, 12, 2, 3, 17, 5, 13, 8, 15, 8, 22, 8, 9, 12, 13, 17, 20, 22, 15, 27, 32, 24, 36, 27, 29, 28, 33, 35, 29, 38, 38, 33, 44, 44, 53, 48, 42, 43, 50, 51, 56, 49, 54, 59, 58, 59, 22, 23, 33, 39, 38, 46, 44, 49, 54, 55, 65, 67, 69, 61, 68, 59, 70, 63, 70, 72, 64, 65, 65]

################################################################
################### jail_ex_download_list: ######################

[0, 1, 1, 1, 2, 0, 1, 0, 0, 1, 1, 1, 0, 0, 1, 1, 1, 0, 1, 1, 1, 0, 1, 1, 1, 1, 1, 1, 0, 1, 1, 1, 2, 0, 0, 0, 0, 0, 2, 0, 0, 0, 1, 1, 1, 1, 1, 1, 1, 1, 0, 1, 0, 2, 1, 1, 1, 1, 1, 1, 1, 1, 2, 1, 1, 1, 1, 1, 0, 1]

################################################################
################################################################
################### process_jail_download_list: ######################

[6, 11, 6, 9, 9, 6, 6, 6, 6, 11, 6, 6, 8, 8, 8, 8, 6, 6, 6, 6, 6, 6, 6, 6, 7, 6, 10, 6, 6, 10, 10, 9, 10, 6, 6, 6, 6, 6, 10, 6, 6, 6, 10, 9, 6, 6, 10, 10, 10, 9, 6, 7, 6, 10, 10, 6, 9, 9, 6, 6, 6, 8, 10, 7, 6, 8, 6, 6, 8, 6]

################################################################
################################################################
################### process_jail_list: ######################

[6, 10, 5, 8, 7, 6, 5, 6, 6, 10, 5, 5, 8, 8, 7, 7, 5, 6, 5, 5, 5, 6, 5, 5, 6, 5, 9, 5, 6, 9, 9, 8, 8, 6, 6, 6, 6, 6, 8, 6, 6, 6, 9, 8, 5, 5, 9, 9, 9, 8, 6, 6, 6, 8, 9, 5, 8, 8, 5, 5, 5, 7, 8, 6, 5, 7, 5, 5, 8, 5]

################################################################
