Numero total de amostras 70

Tempo total de processamento: 0:02:04

############## TEMPOS DE PROCESSAMENTO DO EXERCICIO NO JAIL  ####################
Soma 1123 segundos
Media 16.042857142857144 segundos
Desvio padr達o 2.32031841586891 segundos

95% 9.6555 segundos
99% 9.6831 segundos

############## TEMPOS DE PROCESSAMENTO DO EXERCICIO NO JAIL COM DOWNLOAD  ################
Soma 1332 segundos
Media 19.02857142857143 segundos
Desvio padr達o 2.8484152414553434 segundos

95% 11.6555 segundos
99% 11.6831 segundos

################### TEMPOS DE DOWNLOAD DO EXERCICIO NO JAIL #######################
Soma 209 segundos
Media 2.9857142857142858 segundos
Desvio padr達o 1.048711551556169 segundos

95% 1.0 segundos
99% 1.0 segundos

############################ TEMPOS DE ESPERA NA FILA ############################
Soma 1556
Media 22.228571428571428 segundos
Desvio padr達o 14.561369076695883 segundos

95% 0.0 segundos
99% 0.0 segundos

################### queue_wait_time_list: ######################

[3, 14, 2, 13, 15, 3, 32, 0, 30, 5, 0, 0, 14, 2, 1, 7, 12, 36, 5, 29, 6, 4, 5, 13, 4, 2, 7, 33, 21, 39, 31, 23, 29, 15, 14, 13, 30, 14, 22, 28, 23, 21, 22, 22, 21, 22, 31, 13, 14, 22, 23, 22, 43, 27, 43, 30, 43, 42, 40, 31, 41, 39, 29, 39, 44, 45, 47, 48, 39, 54]

################################################################
################### jail_ex_download_list: ######################

[2, 3, 2, 3, 3, 4, 4, 1, 2, 2, 2, 2, 2, 3, 3, 3, 3, 1, 2, 3, 2, 4, 4, 1, 4, 4, 4, 4, 1, 1, 2, 2, 4, 3, 4, 3, 3, 3, 2, 1, 3, 3, 3, 3, 3, 4, 3, 3, 3, 3, 3, 3, 1, 2, 4, 4, 4, 4, 5, 4, 5, 5, 4, 5, 4, 4, 3, 3, 2, 3]

################################################################
################################################################
################### process_jail_download_list: ######################

[14, 19, 15, 20, 17, 21, 22, 11, 20, 18, 12, 12, 18, 20, 21, 19, 20, 18, 18, 22, 18, 20, 20, 18, 22, 22, 18, 22, 17, 18, 18, 18, 23, 18, 19, 18, 19, 17, 17, 18, 18, 18, 18, 17, 19, 18, 20, 20, 18, 19, 19, 18, 22, 16, 23, 21, 23, 23, 24, 23, 24, 24, 22, 24, 19, 19, 18, 17, 19, 12]

################################################################
################################################################
################### process_jail_list: ######################

[12, 16, 13, 17, 14, 17, 18, 10, 18, 16, 10, 10, 16, 17, 18, 16, 17, 17, 16, 19, 16, 16, 16, 17, 18, 18, 14, 18, 16, 17, 16, 16, 19, 15, 15, 15, 16, 14, 15, 17, 15, 15, 15, 14, 16, 14, 17, 17, 15, 16, 16, 15, 21, 14, 19, 17, 19, 19, 19, 19, 19, 19, 18, 19, 15, 15, 15, 14, 17, 9]

################################################################
