Numero total de amostras 70

Tempo total de processamento: 0:14:58

############## TEMPOS DE PROCESSAMENTO DO EXERCICIO NO JAIL  ####################
Soma 774 segundos
Media 11.057142857142857 segundos
Desvio padrão 2.5739670010411904 segundos

95% 7.0 segundos
99% 7.0 segundos

############## TEMPOS DE PROCESSAMENTO DO EXERCICIO NO JAIL COM DOWNLOAD  ################
Soma 900 segundos
Media 12.857142857142858 segundos
Desvio padrão 2.943689202760539 segundos

95% 8.0 segundos
99% 8.0 segundos

################### TEMPOS DE DOWNLOAD DO EXERCICIO NO JAIL #######################
Soma 126 segundos
Media 1.8 segundos
Desvio padrão 0.8383657572069263 segundos

95% 0.6555 segundos
99% 0.6830999999999999 segundos

############################ TEMPOS DE ESPERA NA FILA ############################
Soma 27492
Media 392.74285714285713 segundos
Desvio padrão 247.5077306564259 segundos

95% 7.555 segundos
99% 7.8309999999999995 segundos

################### queue_wait_time_list: ######################

[28, 38, 1, 11, 49, 20, 57, 68, 77, 86, 119, 128, 137, 151, 159, 178, 187, 198, 221, 233, 246, 271, 290, 301, 332, 345, 365, 373, 390, 409, 419, 434, 461, 471, 485, 517, 528, 557, 572, 583, 607, 621, 633, 660, 679, 703, 716, 102, 144, 169, 210, 258, 313, 355, 402, 448, 502, 539, 595, 645, 691, 826, 729, 742, 753, 764, 780, 795, 802, 814]

################################################################
################### jail_ex_download_list: ######################

[1, 2, 2, 2, 1, 1, 2, 1, 1, 3, 1, 1, 1, 2, 2, 2, 1, 2, 2, 2, 2, 3, 1, 2, 1, 1, 1, 3, 2, 2, 3, 3, 2, 3, 2, 1, 1, 3, 2, 1, 2, 3, 1, 4, 3, 2, 2, 4, 1, 2, 1, 1, 2, 2, 1, 3, 3, 1, 0, 2, 2, 3, 1, 2, 1, 1, 2, 1, 1, 1]

################################################################
################################################################
################### process_jail_download_list: ######################

[10, 12, 11, 10, 9, 9, 12, 10, 10, 17, 10, 10, 8, 9, 10, 10, 12, 13, 13, 13, 13, 20, 12, 13, 13, 11, 9, 18, 13, 11, 15, 15, 11, 15, 18, 11, 12, 16, 12, 13, 14, 13, 13, 20, 13, 13, 14, 17, 8, 10, 12, 14, 20, 11, 8, 14, 16, 19, 13, 16, 13, 16, 14, 12, 12, 17, 15, 9, 12, 13]

################################################################
################################################################
################### process_jail_list: ######################

[9, 10, 9, 8, 8, 8, 10, 9, 9, 14, 9, 9, 7, 7, 8, 8, 11, 11, 11, 11, 11, 17, 11, 11, 12, 10, 8, 15, 11, 9, 12, 12, 9, 12, 16, 10, 11, 13, 10, 12, 12, 10, 12, 16, 10, 11, 12, 13, 7, 8, 11, 13, 18, 9, 7, 11, 13, 18, 13, 14, 11, 13, 13, 10, 11, 16, 13, 8, 11, 12]

################################################################
Numero total de amostras 70

Tempo total de processamento: 0:16:54

############## TEMPOS DE PROCESSAMENTO DO EXERCICIO NO JAIL  ####################
Soma 852 segundos
Media 12.17142857142857 segundos
Desvio padrão 3.303554054008365 segundos

95% 8.0 segundos
99% 8.0 segundos

############## TEMPOS DE PROCESSAMENTO DO EXERCICIO NO JAIL COM DOWNLOAD  ################
Soma 1015 segundos
Media 14.5 segundos
Desvio padrão 3.849860850917676 segundos

95% 9.0 segundos
99% 9.0 segundos

################### TEMPOS DE DOWNLOAD DO EXERCICIO NO JAIL #######################
Soma 163 segundos
Media 2.3285714285714287 segundos
Desvio padrão 1.317155252498229 segundos

95% 1.0 segundos
99% 1.0 segundos

############################ TEMPOS DE ESPERA NA FILA ############################
Soma 32501
Media 464.3 segundos
Desvio padrão 264.54242705903664 segundos

95% 11.866 segundos
99% 12.197199999999999 segundos

################### queue_wait_time_list: ######################

[28, 69, 4, 101, 47, 16, 114, 86, 127, 137, 148, 165, 180, 193, 205, 216, 228, 240, 253, 263, 278, 289, 303, 318, 364, 374, 383, 400, 409, 417, 438, 452, 469, 478, 486, 516, 525, 536, 567, 580, 613, 629, 643, 674, 684, 698, 727, 347, 392, 426, 461, 498, 550, 593, 655, 711, 879, 745, 755, 893, 772, 912, 791, 805, 927, 818, 944, 838, 854, 865]

################################################################
################### jail_ex_download_list: ######################

[3, 4, 2, 2, 5, 3, 2, 2, 1, 2, 4, 3, 2, 2, 1, 2, 3, 2, 1, 3, 1, 3, 3, 1, 2, 1, 1, 1, 1, 2, 3, 2, 2, 1, 2, 1, 1, 1, 2, 1, 3, 5, 4, 1, 2, 1, 4, 6, 1, 1, 1, 2, 3, 5, 6, 3, 1, 2, 2, 4, 5, 4, 1, 2, 4, 2, 2, 2, 1, 2]

################################################################
################################################################
################### process_jail_download_list: ######################

[20, 18, 13, 14, 23, 13, 14, 15, 11, 12, 18, 16, 13, 13, 12, 13, 13, 14, 11, 15, 12, 15, 16, 30, 11, 10, 9, 10, 9, 10, 14, 10, 10, 9, 13, 10, 11, 15, 14, 14, 17, 14, 13, 11, 15, 14, 19, 18, 9, 13, 9, 19, 18, 21, 20, 16, 15, 11, 18, 20, 20, 16, 14, 14, 17, 20, 17, 17, 12, 15]

################################################################
################################################################
################### process_jail_list: ######################

[17, 14, 11, 12, 18, 10, 12, 13, 10, 10, 14, 13, 11, 11, 11, 11, 10, 12, 10, 12, 11, 12, 13, 29, 9, 9, 8, 9, 8, 8, 11, 8, 8, 8, 11, 9, 10, 14, 12, 13, 14, 9, 9, 10, 13, 13, 15, 12, 8, 12, 8, 17, 15, 16, 14, 13, 14, 9, 16, 16, 15, 12, 13, 12, 13, 18, 15, 15, 11, 13]

################################################################
