Numero total de amostras 70

Tempo total de processamento: 0:11:13

############## TEMPOS DE PROCESSAMENTO DO EXERCICIO NO JAIL  ####################
Soma 591 segundos
Media 8.442857142857143 segundos
Desvio padr達o 2.039857938230813 segundos

95% 6.0 segundos
99% 6.0 segundos

############## TEMPOS DE PROCESSAMENTO DO EXERCICIO NO JAIL COM DOWNLOAD  ################
Soma 673 segundos
Media 9.614285714285714 segundos
Desvio padr達o 2.503100118669174 segundos

95% 7.0 segundos
99% 7.0 segundos

################### TEMPOS DE DOWNLOAD DO EXERCICIO NO JAIL #######################
Soma 82 segundos
Media 1.1714285714285715 segundos
Desvio padr達o 0.9098104758908948 segundos

95% 0.0 segundos
99% 0.0 segundos

############################ TEMPOS DE ESPERA NA FILA ############################
Soma 22006
Media 314.37142857142857 segundos
Desvio padr達o 179.8841032783189 segundos

95% 7.244 segundos
99% 7.464799999999999 segundos

################### queue_wait_time_list: ######################

[28, 64, 2, 55, 44, 10, 117, 131, 17, 82, 73, 90, 102, 110, 138, 124, 144, 151, 159, 166, 173, 180, 189, 196, 215, 236, 245, 255, 267, 275, 282, 288, 296, 311, 321, 341, 349, 359, 376, 383, 394, 411, 422, 440, 452, 462, 478, 303, 332, 368, 403, 431, 470, 555, 489, 562, 496, 503, 569, 510, 575, 517, 524, 581, 532, 590, 541, 549, 597, 606]

################################################################
################### jail_ex_download_list: ######################

[1, 1, 1, 2, 1, 1, 1, 1, 3, 1, 2, 1, 1, 1, 0, 1, 1, 1, 1, 1, 1, 1, 1, 1, 7, 1, 3, 2, 1, 0, 0, 1, 1, 2, 2, 1, 1, 1, 1, 1, 1, 2, 2, 2, 1, 1, 1, 1, 1, 1, 1, 1, 1, 1, 1, 0, 1, 1, 0, 1, 1, 1, 0, 1, 1, 0, 1, 1, 2, 1]

################################################################
################################################################
################### process_jail_download_list: ######################

[15, 10, 9, 10, 12, 8, 8, 8, 12, 9, 10, 13, 8, 8, 7, 8, 8, 8, 8, 8, 8, 10, 8, 20, 21, 10, 11, 13, 9, 8, 7, 8, 8, 11, 12, 9, 10, 10, 8, 12, 10, 11, 10, 13, 11, 9, 11, 9, 10, 9, 9, 10, 9, 8, 8, 8, 8, 8, 7, 8, 7, 8, 9, 9, 9, 8, 9, 7, 10, 11]

################################################################
################################################################
################### process_jail_list: ######################

[14, 9, 8, 8, 11, 7, 7, 7, 9, 8, 8, 12, 7, 7, 7, 7, 7, 7, 7, 7, 7, 9, 7, 19, 14, 9, 8, 11, 8, 8, 7, 7, 7, 9, 10, 8, 9, 9, 7, 11, 9, 9, 8, 11, 10, 8, 10, 8, 9, 8, 8, 9, 8, 7, 7, 8, 7, 7, 7, 7, 6, 7, 9, 8, 8, 8, 8, 6, 8, 10]

################################################################
