Numero total de amostras 70

Tempo total de processamento: 0:07:32

############## TEMPOS DE PROCESSAMENTO DO EXERCICIO NO JAIL  ####################
Soma 414 segundos
Media 5.914285714285715 segundos
Desvio padr達o 0.27994168488950605 segundos

95% 5.0 segundos
99% 5.0 segundos

############## TEMPOS DE PROCESSAMENTO DO EXERCICIO NO JAIL COM DOWNLOAD  ################
Soma 453 segundos
Media 6.4714285714285715 segundos
Desvio padr達o 0.49918300599017557 segundos

95% 6.0 segundos
99% 6.0 segundos

################### TEMPOS DE DOWNLOAD DO EXERCICIO NO JAIL #######################
Soma 39 segundos
Media 0.5571428571428572 segundos
Desvio padr達o 0.4967239614489631 segundos

95% 0.0 segundos
99% 0.0 segundos

############################ TEMPOS DE ESPERA NA FILA ############################
Soma 14144
Media 202.05714285714285 segundos
Desvio padr達o 113.35354121562523 segundos

95% 11.933 segundos
99% 12.098600000000001 segundos

################### queue_wait_time_list: ######################

[30, 37, 8, 53, 14, 19, 25, 42, 59, 64, 75, 82, 87, 98, 104, 115, 121, 127, 138, 143, 149, 161, 166, 172, 183, 188, 200, 205, 211, 222, 227, 233, 244, 250, 261, 266, 272, 284, 289, 295, 306, 312, 317, 328, 334, 345, 351, 48, 70, 93, 109, 132, 155, 177, 193, 216, 239, 255, 278, 300, 323, 339, 356, 362, 367, 373, 378, 384, 390, 395]

################################################################
################### jail_ex_download_list: ######################

[1, 0, 1, 1, 0, 1, 0, 1, 0, 1, 1, 0, 1, 1, 0, 0, 1, 0, 0, 1, 0, 0, 1, 0, 0, 1, 0, 1, 0, 0, 1, 0, 1, 1, 0, 1, 0, 0, 1, 0, 0, 1, 1, 1, 0, 0, 1, 0, 0, 0, 1, 1, 1, 1, 1, 1, 1, 1, 1, 1, 0, 1, 1, 0, 1, 0, 1, 0, 1, 1]

################################################################
################################################################
################### process_jail_download_list: ######################

[7, 6, 7, 7, 6, 7, 6, 7, 6, 7, 7, 6, 7, 7, 6, 6, 7, 6, 6, 7, 6, 6, 7, 6, 6, 6, 6, 7, 6, 6, 7, 6, 7, 6, 6, 7, 6, 6, 7, 6, 6, 6, 7, 7, 6, 6, 6, 6, 6, 6, 7, 7, 7, 7, 7, 7, 6, 7, 7, 7, 6, 7, 7, 6, 7, 6, 7, 6, 6, 7]

################################################################
################################################################
################### process_jail_list: ######################

[6, 6, 6, 6, 6, 6, 6, 6, 6, 6, 6, 6, 6, 6, 6, 6, 6, 6, 6, 6, 6, 6, 6, 6, 6, 5, 6, 6, 6, 6, 6, 6, 6, 5, 6, 6, 6, 6, 6, 6, 6, 5, 6, 6, 6, 6, 5, 6, 6, 6, 6, 6, 6, 6, 6, 6, 5, 6, 6, 6, 6, 6, 6, 6, 6, 6, 6, 6, 5, 6]

################################################################
