Numero total de amostras 70

Tempo total de processamento: 0:01:37

############## TEMPOS DE PROCESSAMENTO DO EXERCICIO NO JAIL  ####################
Soma 489 segundos
Media 6.985714285714286 segundos
Desvio padr達o 2.538238180554475 segundos

95% 5.0 segundos
99% 5.0 segundos

############## TEMPOS DE PROCESSAMENTO DO EXERCICIO NO JAIL COM DOWNLOAD  ################
Soma 552 segundos
Media 7.885714285714286 segundos
Desvio padr達o 3.1146788742655187 segundos

95% 6.0 segundos
99% 6.0 segundos

################### TEMPOS DE DOWNLOAD DO EXERCICIO NO JAIL #######################
Soma 63 segundos
Media 0.9 segundos
Desvio padr達o 0.7773581634521594 segundos

95% 0.0 segundos
99% 0.0 segundos

############################ TEMPOS DE ESPERA NA FILA ############################
Soma 1349
Media 19.271428571428572 segundos
Desvio padr達o 8.918554380890324 segundos

95% 4.0 segundos
99% 4.0 segundos

################### queue_wait_time_list: ######################

[6, 21, 15, 14, 5, 5, 4, 4, 6, 6, 12, 8, 14, 8, 11, 6, 11, 11, 10, 15, 11, 16, 9, 10, 10, 11, 25, 13, 18, 14, 15, 27, 20, 16, 18, 23, 19, 22, 22, 25, 21, 23, 28, 25, 27, 26, 13, 18, 20, 21, 21, 24, 26, 29, 30, 24, 32, 31, 29, 28, 30, 31, 32, 30, 29, 33, 33, 32, 33, 34]

################################################################
################### jail_ex_download_list: ######################

[1, 0, 1, 3, 2, 1, 2, 1, 1, 1, 1, 1, 1, 1, 1, 1, 1, 2, 1, 0, 2, 0, 0, 0, 1, 1, 1, 1, 1, 1, 1, 0, 0, 0, 0, 1, 1, 0, 3, 1, 0, 1, 1, 2, 1, 0, 3, 1, 0, 0, 3, 1, 1, 1, 1, 2, 0, 0, 0, 0, 1, 0, 1, 0, 0, 1, 1, 1, 1, 1]

################################################################
################################################################
################### process_jail_download_list: ######################

[7, 6, 6, 18, 15, 7, 15, 7, 7, 7, 6, 6, 6, 6, 6, 7, 6, 11, 6, 6, 11, 6, 6, 6, 7, 7, 6, 7, 7, 7, 7, 6, 6, 6, 6, 7, 7, 6, 14, 7, 6, 7, 6, 13, 7, 6, 18, 7, 6, 6, 14, 6, 7, 11, 11, 13, 6, 6, 6, 6, 7, 6, 7, 6, 6, 7, 7, 7, 14, 14]

################################################################
################################################################
################### process_jail_list: ######################

[6, 6, 5, 15, 13, 6, 13, 6, 6, 6, 5, 5, 5, 5, 5, 6, 5, 9, 5, 6, 9, 6, 6, 6, 6, 6, 5, 6, 6, 6, 6, 6, 6, 6, 6, 6, 6, 6, 11, 6, 6, 6, 5, 11, 6, 6, 15, 6, 6, 6, 11, 5, 6, 10, 10, 11, 6, 6, 6, 6, 6, 6, 6, 6, 6, 6, 6, 6, 13, 13]

################################################################
