Numero total de amostras 70

Tempo total de processamento: 0:08:26

############## TEMPOS DE PROCESSAMENTO DO EXERCICIO NO JAIL  ####################
Soma 446 segundos
Media 6.371428571428571 segundos
Desvio padr達o 0.7401047912564923 segundos

95% 6.0 segundos
99% 6.0 segundos

############## TEMPOS DE PROCESSAMENTO DO EXERCICIO NO JAIL COM DOWNLOAD  ################
Soma 507 segundos
Media 7.242857142857143 segundos
Desvio padr達o 0.7257649026217449 segundos

95% 6.0 segundos
99% 6.0 segundos

################### TEMPOS DE DOWNLOAD DO EXERCICIO NO JAIL #######################
Soma 61 segundos
Media 0.8714285714285714 segundos
Desvio padr達o 0.4113194299682276 segundos

95% 0.0 segundos
99% 0.0 segundos

############################ TEMPOS DE ESPERA NA FILA ############################
Soma 15485
Media 221.21428571428572 segundos
Desvio padr達o 127.9571237180802 segundos

95% 4.5885 segundos
99% 4.7817 segundos

################### queue_wait_time_list: ######################

[25, 53, 0, 7, 13, 19, 32, 39, 60, 66, 78, 85, 93, 105, 111, 124, 130, 137, 151, 157, 163, 176, 182, 190, 202, 208, 219, 226, 232, 244, 250, 256, 268, 274, 286, 292, 298, 311, 317, 323, 336, 342, 348, 362, 369, 381, 387, 47, 72, 99, 118, 145, 170, 196, 213, 238, 261, 280, 304, 330, 356, 375, 393, 405, 411, 417, 423, 429, 435, 441]

################################################################
################### jail_ex_download_list: ######################

[2, 1, 1, 1, 1, 1, 1, 1, 0, 1, 1, 1, 0, 1, 1, 1, 2, 1, 1, 1, 1, 1, 0, 1, 1, 0, 1, 1, 1, 1, 1, 0, 1, 1, 0, 1, 1, 1, 1, 1, 1, 1, 1, 1, 1, 1, 1, 0, 1, 1, 1, 0, 1, 1, 1, 1, 1, 0, 1, 0, 0, 1, 1, 1, 1, 1, 1, 1, 1, 1]

################################################################
################################################################
################### process_jail_download_list: ######################

[8, 8, 7, 7, 7, 7, 8, 8, 7, 7, 8, 8, 7, 7, 8, 7, 8, 8, 7, 7, 8, 7, 8, 7, 7, 6, 7, 7, 7, 7, 7, 6, 7, 7, 7, 7, 7, 7, 7, 8, 7, 7, 8, 8, 7, 7, 7, 7, 7, 7, 7, 7, 7, 7, 7, 7, 7, 7, 7, 7, 7, 7, 12, 7, 7, 7, 7, 7, 7, 7]

################################################################
################################################################
################### process_jail_list: ######################

[6, 7, 6, 6, 6, 6, 7, 7, 7, 6, 7, 7, 7, 6, 7, 6, 6, 7, 6, 6, 7, 6, 8, 6, 6, 6, 6, 6, 6, 6, 6, 6, 6, 6, 7, 6, 6, 6, 6, 7, 6, 6, 7, 7, 6, 6, 6, 7, 6, 6, 6, 7, 6, 6, 6, 6, 6, 7, 6, 7, 7, 6, 11, 6, 6, 6, 6, 6, 6, 6]

################################################################
