Numero total de amostras 70

Tempo total de processamento: 0:07:02

############## TEMPOS DE PROCESSAMENTO DO EXERCICIO NO JAIL  ####################
Soma 378 segundos
Media 5.4 segundos
Desvio padr達o 0.48989794855663565 segundos

95% 5.0 segundos
99% 5.0 segundos

############## TEMPOS DE PROCESSAMENTO DO EXERCICIO NO JAIL COM DOWNLOAD  ################
Soma 423 segundos
Media 6.042857142857143 segundos
Desvio padr達o 0.2025349554108261 segundos

95% 6.0 segundos
99% 6.0 segundos

################### TEMPOS DE DOWNLOAD DO EXERCICIO NO JAIL #######################
Soma 45 segundos
Media 0.6428571428571429 segundos
Desvio padr達o 0.4791574237499549 segundos

95% 0.0 segundos
99% 0.0 segundos

############################ TEMPOS DE ESPERA NA FILA ############################
Soma 13209
Media 188.7 segundos
Desvio padr達o 104.60652123894708 segundos

95% 12.933 segundos
99% 13.0986 segundos

################### queue_wait_time_list: ######################

[31, 36, 9, 51, 15, 21, 26, 41, 57, 62, 72, 77, 82, 93, 98, 109, 114, 119, 130, 135, 140, 150, 155, 160, 171, 176, 186, 191, 196, 207, 212, 217, 227, 232, 243, 248, 253, 263, 268, 274, 285, 290, 295, 305, 311, 321, 326, 46, 67, 87, 104, 124, 145, 166, 181, 202, 222, 238, 258, 280, 300, 316, 331, 336, 341, 347, 352, 357, 362, 367]

################################################################
################### jail_ex_download_list: ######################

[1, 1, 1, 1, 0, 1, 1, 1, 1, 1, 1, 1, 1, 1, 1, 0, 0, 0, 0, 0, 0, 0, 0, 0, 1, 1, 1, 1, 1, 1, 1, 1, 1, 1, 1, 1, 1, 1, 1, 1, 0, 0, 0, 0, 0, 0, 0, 1, 1, 1, 0, 0, 0, 0, 1, 1, 1, 1, 1, 0, 0, 0, 0, 1, 1, 1, 1, 1, 1, 1]

################################################################
################################################################
################### process_jail_download_list: ######################

[6, 6, 7, 6, 6, 6, 6, 6, 6, 6, 6, 6, 6, 6, 7, 6, 6, 6, 6, 6, 6, 6, 6, 6, 6, 6, 6, 6, 6, 6, 6, 6, 6, 6, 6, 6, 6, 6, 6, 7, 6, 6, 6, 6, 6, 6, 6, 6, 6, 6, 6, 6, 6, 6, 6, 6, 6, 6, 6, 6, 6, 6, 6, 6, 6, 6, 6, 6, 6, 6]

################################################################
################################################################
################### process_jail_list: ######################

[5, 5, 6, 5, 6, 5, 5, 5, 5, 5, 5, 5, 5, 5, 6, 6, 6, 6, 6, 6, 6, 6, 6, 6, 5, 5, 5, 5, 5, 5, 5, 5, 5, 5, 5, 5, 5, 5, 5, 6, 6, 6, 6, 6, 6, 6, 6, 5, 5, 5, 6, 6, 6, 6, 5, 5, 5, 5, 5, 6, 6, 6, 6, 5, 5, 5, 5, 5, 5, 5]

################################################################
