Numero total de amostras 70

Tempo total de processamento: 0:05:16

############## TEMPOS DE PROCESSAMENTO DO EXERCICIO NO JAIL  ####################
Soma 552 segundos
Media 7.885714285714286 segundos
Desvio padr達o 4.31456952708861 segundos

95% 5.0 segundos
99% 5.0 segundos

############## TEMPOS DE PROCESSAMENTO DO EXERCICIO NO JAIL COM DOWNLOAD  ################
Soma 633 segundos
Media 9.042857142857143 segundos
Desvio padr達o 5.670564885657246 segundos

95% 6.0 segundos
99% 6.0 segundos

################### TEMPOS DE DOWNLOAD DO EXERCICIO NO JAIL #######################
Soma 81 segundos
Media 1.1571428571428573 segundos
Desvio padr達o 1.5823645442882015 segundos

95% 0.0 segundos
99% 0.0 segundos

############################ TEMPOS DE ESPERA NA FILA ############################
Soma 9001
Media 128.5857142857143 segundos
Desvio padr達o 76.06378767796387 segundos

95% 5.6555 segundos
99% 5.6831 segundos

################### queue_wait_time_list: ######################

[18, 28, 6, 26, 10, 5, 40, 47, 16, 21, 30, 35, 41, 54, 50, 60, 74, 64, 60, 79, 95, 84, 90, 121, 105, 111, 90, 141, 126, 131, 136, 157, 152, 140, 157, 172, 186, 167, 172, 207, 182, 198, 213, 187, 202, 213, 223, 45, 54, 69, 70, 100, 117, 120, 147, 162, 177, 192, 202, 218, 249, 257, 227, 226, 232, 237, 242, 237, 247, 252]

################################################################
################### jail_ex_download_list: ######################

[1, 3, 1, 0, 1, 5, 1, 1, 0, 0, 0, 0, 1, 1, 0, 1, 0, 1, 1, 0, 0, 1, 1, 0, 1, 0, 8, 1, 0, 1, 1, 1, 0, 6, 3, 0, 1, 0, 3, 1, 1, 0, 0, 3, 3, 1, 0, 1, 1, 1, 2, 0, 0, 6, 0, 0, 0, 0, 1, 0, 4, 1, 1, 2, 1, 0, 0, 3, 1, 1]

################################################################
################################################################
################### process_jail_download_list: ######################

[12, 15, 6, 6, 7, 16, 6, 9, 6, 6, 6, 6, 9, 6, 6, 6, 6, 6, 13, 6, 6, 6, 7, 6, 7, 6, 35, 7, 6, 6, 6, 7, 6, 21, 17, 6, 7, 6, 19, 7, 6, 6, 6, 19, 14, 15, 6, 7, 8, 7, 24, 6, 6, 25, 6, 6, 6, 6, 6, 6, 16, 7, 6, 14, 7, 6, 6, 15, 6, 6]

################################################################
################################################################
################### process_jail_list: ######################

[11, 12, 5, 6, 6, 11, 5, 8, 6, 6, 6, 6, 8, 5, 6, 5, 6, 5, 12, 6, 6, 5, 6, 6, 6, 6, 27, 6, 6, 5, 5, 6, 6, 15, 14, 6, 6, 6, 16, 6, 5, 6, 6, 16, 11, 14, 6, 6, 7, 6, 22, 6, 6, 19, 6, 6, 6, 6, 5, 6, 12, 6, 5, 12, 6, 6, 6, 12, 5, 5]

################################################################
