Numero total de amostras 70

Tempo total de processamento: 0:01:52

############## TEMPOS DE PROCESSAMENTO DO EXERCICIO NO JAIL  ####################
Soma 854 segundos
Media 12.2 segundos
Desvio padr達o 1.7204650534085255 segundos

95% 7.0 segundos
99% 7.0 segundos

############## TEMPOS DE PROCESSAMENTO DO EXERCICIO NO JAIL COM DOWNLOAD  ################
Soma 1038 segundos
Media 14.82857142857143 segundos
Desvio padr達o 2.090600929134482 segundos

95% 9.0 segundos
99% 9.0 segundos

################### TEMPOS DE DOWNLOAD DO EXERCICIO NO JAIL #######################
Soma 184 segundos
Media 2.6285714285714286 segundos
Desvio padr達o 0.9587406706035725 segundos

95% 1.0 segundos
99% 1.0 segundos

############################ TEMPOS DE ESPERA NA FILA ############################
Soma 1664
Media 23.771428571428572 segundos
Desvio padr達o 14.251988762045436 segundos

95% 0.0 segundos
99% 0.0 segundos

################### queue_wait_time_list: ######################

[27, 3, 5, 16, 2, 0, 8, 0, 7, 1, 8, 15, 9, 15, 6, 20, 19, 33, 5, 16, 5, 21, 3, 3, 14, 33, 27, 27, 13, 13, 13, 13, 18, 22, 21, 26, 19, 25, 35, 34, 35, 27, 34, 34, 26, 34, 26, 12, 21, 19, 18, 27, 27, 35, 42, 41, 42, 41, 41, 40, 33, 46, 49, 49, 49, 41, 49, 42, 42, 42]

################################################################
################### jail_ex_download_list: ######################

[3, 2, 5, 2, 2, 3, 4, 3, 5, 3, 4, 2, 5, 2, 5, 3, 2, 3, 3, 1, 3, 2, 3, 3, 3, 3, 3, 4, 3, 2, 3, 2, 2, 1, 2, 3, 3, 3, 2, 2, 2, 2, 2, 3, 3, 3, 3, 3, 1, 3, 3, 3, 3, 1, 3, 3, 3, 3, 3, 3, 3, 1, 1, 1, 2, 1, 2, 2, 1, 3]

################################################################
################################################################
################### process_jail_download_list: ######################

[17, 11, 18, 14, 11, 12, 16, 12, 18, 12, 16, 14, 19, 14, 19, 16, 16, 17, 16, 14, 16, 14, 16, 16, 14, 16, 16, 16, 14, 14, 14, 14, 16, 14, 15, 17, 16, 15, 15, 15, 16, 17, 16, 16, 16, 16, 16, 14, 14, 16, 16, 16, 16, 14, 15, 15, 15, 14, 14, 14, 17, 11, 10, 10, 9, 15, 9, 16, 15, 15]

################################################################
################################################################
################### process_jail_list: ######################

[14, 9, 13, 12, 9, 9, 12, 9, 13, 9, 12, 12, 14, 12, 14, 13, 14, 14, 13, 13, 13, 12, 13, 13, 11, 13, 13, 12, 11, 12, 11, 12, 14, 13, 13, 14, 13, 12, 13, 13, 14, 15, 14, 13, 13, 13, 13, 11, 13, 13, 13, 13, 13, 13, 12, 12, 12, 11, 11, 11, 14, 10, 9, 9, 7, 14, 7, 14, 14, 12]

################################################################
