Numero total de amostras 70

Tempo total de processamento: 0:03:29

############## TEMPOS DE PROCESSAMENTO DO EXERCICIO NO JAIL  ####################
Soma 505 segundos
Media 7.214285714285714 segundos
Desvio padr達o 5.419258929682063 segundos
Minimo 5 segundos
Maximo 36 segundos

95% 5.0 segundos
99% 5.0 segundos

############## TEMPOS DE PROCESSAMENTO DO EXERCICIO NO JAIL COM DOWNLOAD  ################
Soma 587 segundos
Media 8.385714285714286 segundos
Desvio padr達o 7.109938430802051 segundos
Minimo 6 segundos
Maximo 44 segundos

95% 6.0 segundos
99% 6.0 segundos

################### TEMPOS DE DOWNLOAD DO EXERCICIO NO JAIL #######################
Soma 82 segundos
Media 1.1714285714285715 segundos
Desvio padr達o 1.8202937641367403 segundos
Minimo 0 segundos
Maximo 11 segundos

95% 0.0 segundos
99% 0.0 segundos

############################ TEMPOS DE ESPERA NA FILA ############################
Soma 3994
Media 57.05714285714286 segundos
Desvio padr達o 35.05175182672685 segundos
Minimo 1 segundos
Maximo 116 segundos

95% 1.0 segundos
99% 1.0 segundos

################### queue_wait_time_list: ######################

[27, 12, 1, 1, 14, 13, 4, 24, 15, 3, 8, 32, 8, 8, 12, 22, 18, 19, 48, 24, 25, 37, 29, 35, 42, 76, 32, 50, 45, 47, 51, 55, 46, 59, 64, 95, 63, 68, 81, 73, 76, 85, 85, 89, 90, 91, 91, 31, 40, 46, 55, 59, 68, 72, 81, 73, 92, 111, 94, 113, 96, 98, 116, 116, 100, 116, 103, 105, 108, 108]

################################################################
################### jail_ex_download_list: ######################

[1, 1, 1, 1, 1, 4, 1, 1, 0, 1, 1, 1, 0, 1, 1, 1, 1, 1, 1, 0, 1, 1, 1, 0, 0, 1, 3, 1, 0, 0, 0, 0, 8, 0, 0, 1, 0, 1, 1, 1, 0, 1, 1, 1, 0, 1, 11, 1, 1, 0, 0, 1, 0, 1, 1, 7, 1, 1, 0, 1, 1, 1, 0, 1, 1, 5, 1, 1, 0, 1]

################################################################
################################################################
################### process_jail_download_list: ######################

[6, 7, 6, 9, 6, 18, 6, 13, 6, 7, 6, 6, 6, 11, 6, 6, 6, 7, 6, 6, 6, 7, 6, 6, 6, 6, 20, 7, 6, 6, 6, 6, 44, 6, 6, 6, 6, 6, 6, 6, 6, 7, 6, 6, 6, 6, 42, 7, 7, 6, 6, 7, 6, 7, 6, 26, 7, 7, 6, 6, 6, 6, 6, 6, 6, 25, 7, 6, 6, 6]

################################################################
################################################################
################### process_jail_list: ######################

[5, 6, 5, 8, 5, 14, 5, 12, 6, 6, 5, 5, 6, 10, 5, 5, 5, 6, 5, 6, 5, 6, 5, 6, 6, 5, 17, 6, 6, 6, 6, 6, 36, 6, 6, 5, 6, 5, 5, 5, 6, 6, 5, 5, 6, 5, 31, 6, 6, 6, 6, 6, 6, 6, 5, 19, 6, 6, 6, 5, 5, 5, 6, 5, 5, 20, 6, 5, 6, 5]

################################################################
