Numero total de amostras 70

Tempo total de processamento: 0:07:33

############## TEMPOS DE PROCESSAMENTO DO EXERCICIO NO JAIL  ####################
Soma 412 segundos
Media 5.885714285714286 segundos
Desvio padr達o 0.31815796359028703 segundos

95% 5.0 segundos
99% 5.0 segundos

############## TEMPOS DE PROCESSAMENTO DO EXERCICIO NO JAIL COM DOWNLOAD  ################
Soma 454 segundos
Media 6.485714285714286 segundos
Desvio padr達o 0.49979587670102593 segundos

95% 6.0 segundos
99% 6.0 segundos

################### TEMPOS DE DOWNLOAD DO EXERCICIO NO JAIL #######################
Soma 42 segundos
Media 0.6 segundos
Desvio padr達o 0.48989794855663565 segundos

95% 0.0 segundos
99% 0.0 segundos

############################ TEMPOS DE ESPERA NA FILA ############################
Soma 14020
Media 200.28571428571428 segundos
Desvio padr達o 113.65412981713335 segundos

95% 9.5885 segundos
99% 9.781699999999999 segundos

################### queue_wait_time_list: ######################

[28, 5, 51, 12, 17, 23, 34, 39, 57, 63, 73, 79, 85, 97, 102, 113, 119, 125, 136, 141, 147, 158, 164, 170, 181, 186, 197, 203, 209, 220, 226, 231, 243, 249, 260, 265, 271, 282, 288, 293, 304, 310, 315, 327, 332, 343, 349, 46, 68, 91, 108, 130, 152, 175, 192, 215, 237, 254, 276, 299, 322, 338, 354, 361, 366, 372, 377, 383, 388, 394]

################################################################
################### jail_ex_download_list: ######################

[1, 1, 1, 0, 1, 0, 0, 1, 1, 0, 1, 1, 1, 0, 1, 1, 0, 1, 1, 1, 0, 0, 1, 0, 0, 1, 1, 0, 1, 1, 0, 1, 1, 0, 0, 1, 0, 1, 1, 1, 1, 0, 1, 1, 1, 1, 0, 1, 1, 1, 0, 1, 1, 1, 0, 0, 0, 1, 1, 0, 0, 0, 1, 0, 1, 0, 1, 0, 1, 0]

################################################################
################################################################
################### process_jail_download_list: ######################

[7, 7, 7, 6, 7, 6, 6, 7, 7, 6, 7, 6, 7, 6, 7, 7, 6, 6, 6, 7, 6, 6, 7, 6, 6, 7, 7, 6, 7, 7, 6, 7, 7, 6, 6, 7, 6, 7, 6, 7, 7, 6, 7, 6, 7, 7, 6, 6, 6, 7, 6, 7, 7, 7, 6, 6, 6, 7, 6, 6, 6, 6, 7, 6, 7, 6, 7, 6, 7, 6]

################################################################
################################################################
################### process_jail_list: ######################

[6, 6, 6, 6, 6, 6, 6, 6, 6, 6, 6, 5, 6, 6, 6, 6, 6, 5, 5, 6, 6, 6, 6, 6, 6, 6, 6, 6, 6, 6, 6, 6, 6, 6, 6, 6, 6, 6, 5, 6, 6, 6, 6, 5, 6, 6, 6, 5, 5, 6, 6, 6, 6, 6, 6, 6, 6, 6, 5, 6, 6, 6, 6, 6, 6, 6, 6, 6, 6, 6]

################################################################
