Numero total de amostras 70

Tempo total de processamento: 0:04:23

############## TEMPOS DE PROCESSAMENTO DO EXERCICIO NO JAIL  ####################
Soma 477 segundos
Media 6.814285714285714 segundos
Desvio padr達o 0.6610134457862443 segundos

95% 6.0 segundos
99% 6.0 segundos

############## TEMPOS DE PROCESSAMENTO DO EXERCICIO NO JAIL COM DOWNLOAD  ################
Soma 528 segundos
Media 7.542857142857143 segundos
Desvio padr達o 0.6904597699196899 segundos

95% 7.0 segundos
99% 7.0 segundos

################### TEMPOS DE DOWNLOAD DO EXERCICIO NO JAIL #######################
Soma 51 segundos
Media 0.7285714285714285 segundos
Desvio padr達o 0.4757378801527632 segundos

95% 0.0 segundos
99% 0.0 segundos

############################ TEMPOS DE ESPERA NA FILA ############################
Soma 7348
Media 104.97142857142858 segundos
Desvio padr達o 58.95978567235987 segundos

95% 8.6555 segundos
99% 8.6831 segundos

################### queue_wait_time_list: ######################

[31, 30, 9, 8, 14, 15, 25, 26, 20, 21, 47, 41, 53, 42, 63, 58, 53, 64, 70, 80, 75, 85, 75, 91, 90, 102, 97, 101, 108, 113, 113, 120, 130, 126, 125, 138, 146, 152, 138, 159, 164, 153, 171, 170, 176, 183, 36, 36, 46, 59, 69, 81, 86, 96, 107, 119, 130, 147, 158, 165, 177, 207, 182, 208, 188, 189, 195, 194, 201, 201]

################################################################
################### jail_ex_download_list: ######################

[1, 1, 1, 2, 0, 0, 1, 1, 0, 0, 1, 1, 1, 1, 1, 1, 1, 1, 0, 0, 0, 1, 0, 1, 1, 1, 1, 1, 1, 1, 1, 1, 1, 0, 0, 1, 0, 0, 1, 1, 1, 0, 1, 1, 0, 1, 1, 1, 1, 1, 0, 0, 1, 1, 1, 1, 1, 0, 1, 1, 0, 0, 1, 0, 1, 1, 1, 1, 1, 1]

################################################################
################################################################
################### process_jail_download_list: ######################

[7, 7, 8, 8, 7, 7, 7, 7, 7, 7, 8, 7, 7, 7, 8, 7, 7, 8, 7, 7, 7, 7, 7, 7, 7, 8, 7, 8, 7, 8, 8, 8, 9, 7, 7, 10, 8, 7, 10, 8, 8, 7, 8, 8, 7, 8, 7, 7, 8, 7, 7, 7, 7, 7, 7, 8, 9, 8, 8, 8, 7, 7, 8, 7, 8, 8, 8, 8, 8, 8]

################################################################
################################################################
################### process_jail_list: ######################

[6, 6, 7, 6, 7, 7, 6, 6, 7, 7, 7, 6, 6, 6, 7, 6, 6, 7, 7, 7, 7, 6, 7, 6, 6, 7, 6, 7, 6, 7, 7, 7, 8, 7, 7, 9, 8, 7, 9, 7, 7, 7, 7, 7, 7, 7, 6, 6, 7, 6, 7, 7, 6, 6, 6, 7, 8, 8, 7, 7, 7, 7, 7, 7, 7, 7, 7, 7, 7, 7]

################################################################
