Numero total de amostras 70

Tempo total de processamento: 0:02:15

############## TEMPOS DE PROCESSAMENTO DO EXERCICIO NO JAIL  ####################
Soma 479 segundos
Media 6.8428571428571425 segundos
Desvio padr達o 1.4700409545870703 segundos

95% 5.0 segundos
99% 5.0 segundos

############## TEMPOS DE PROCESSAMENTO DO EXERCICIO NO JAIL COM DOWNLOAD  ################
Soma 514 segundos
Media 7.3428571428571425 segundos
Desvio padr達o 1.6723440716185025 segundos

95% 6.0 segundos
99% 6.0 segundos

################### TEMPOS DE DOWNLOAD DO EXERCICIO NO JAIL #######################
Soma 35 segundos
Media 0.5 segundos
Desvio padr達o 0.5 segundos

95% 0.0 segundos
99% 0.0 segundos

############################ TEMPOS DE ESPERA NA FILA ############################
Soma 2791
Media 39.871428571428574 segundos
Desvio padr達o 19.621359664968196 segundos

95% 6.6555 segundos
99% 6.6831000000000005 segundos

################### queue_wait_time_list: ######################

[17, 33, 12, 13, 26, 6, 30, 7, 8, 7, 13, 8, 19, 10, 16, 11, 16, 16, 22, 23, 43, 24, 36, 22, 29, 30, 35, 40, 32, 39, 40, 55, 43, 45, 46, 46, 50, 57, 49, 52, 52, 57, 60, 53, 55, 59, 21, 28, 36, 35, 40, 45, 49, 50, 52, 56, 66, 67, 60, 68, 60, 69, 72, 62, 73, 62, 62, 63, 66, 67]

################################################################
################### jail_ex_download_list: ######################

[1, 0, 1, 0, 0, 1, 0, 0, 1, 1, 1, 1, 0, 1, 1, 1, 0, 1, 0, 0, 0, 1, 1, 1, 1, 0, 0, 0, 1, 1, 1, 0, 0, 0, 1, 0, 0, 0, 0, 0, 1, 0, 1, 0, 1, 1, 1, 1, 0, 1, 1, 0, 0, 0, 0, 1, 0, 0, 1, 1, 0, 0, 1, 1, 1, 0, 1, 1, 0, 0]

################################################################
################################################################
################### process_jail_download_list: ######################

[7, 6, 8, 8, 6, 6, 6, 6, 8, 8, 7, 6, 6, 7, 11, 7, 6, 11, 6, 6, 6, 7, 10, 12, 10, 6, 6, 6, 7, 7, 9, 6, 6, 6, 7, 8, 6, 6, 6, 6, 6, 6, 6, 7, 7, 7, 12, 10, 6, 10, 9, 8, 7, 7, 7, 7, 9, 9, 7, 7, 6, 6, 11, 7, 11, 6, 8, 8, 6, 6]

################################################################
################################################################
################### process_jail_list: ######################

[6, 6, 7, 8, 6, 5, 6, 6, 7, 7, 6, 5, 6, 6, 10, 6, 6, 10, 6, 6, 6, 6, 9, 11, 9, 6, 6, 6, 6, 6, 8, 6, 6, 6, 6, 8, 6, 6, 6, 6, 5, 6, 5, 7, 6, 6, 11, 9, 6, 9, 8, 8, 7, 7, 7, 6, 9, 9, 6, 6, 6, 6, 10, 6, 10, 6, 7, 7, 6, 6]

################################################################
