Numero total de amostras 70

Tempo total de processamento: 0:02:48

############## TEMPOS DE PROCESSAMENTO DO EXERCICIO NO JAIL  ####################
Soma 443 segundos
Media 6.328571428571428 segundos
Desvio padr達o 1.3598469301614016 segundos

95% 5.0 segundos
99% 5.0 segundos

############## TEMPOS DE PROCESSAMENTO DO EXERCICIO NO JAIL COM DOWNLOAD  ################
Soma 495 segundos
Media 7.071428571428571 segundos
Desvio padr達o 1.7098156005122604 segundos

95% 6.0 segundos
99% 6.0 segundos

################### TEMPOS DE DOWNLOAD DO EXERCICIO NO JAIL #######################
Soma 52 segundos
Media 0.7428571428571429 segundos
Desvio padr達o 0.6253162465211225 segundos

95% 0.0 segundos
99% 0.0 segundos

############################ TEMPOS DE ESPERA NA FILA ############################
Soma 3798
Media 54.25714285714286 segundos
Desvio padr達o 29.73919285785569 segundos

95% 4.6555 segundos
99% 4.6831 segundos

################### queue_wait_time_list: ######################

[13, 26, 24, 5, 4, 17, 18, 16, 9, 25, 8, 32, 7, 30, 13, 13, 29, 20, 20, 43, 28, 40, 36, 36, 49, 51, 42, 44, 48, 59, 51, 56, 67, 58, 62, 58, 69, 63, 70, 75, 75, 75, 79, 83, 88, 81, 31, 37, 40, 47, 52, 55, 63, 66, 71, 78, 83, 100, 101, 87, 87, 103, 104, 91, 92, 101, 109, 95, 96, 94]

################################################################
################### jail_ex_download_list: ######################

[1, 0, 1, 1, 1, 1, 1, 1, 0, 0, 1, 0, 2, 2, 1, 1, 0, 1, 0, 1, 0, 1, 1, 1, 0, 1, 1, 0, 0, 1, 0, 0, 1, 1, 1, 0, 2, 1, 0, 1, 1, 1, 1, 0, 1, 2, 1, 1, 0, 1, 0, 1, 1, 1, 0, 1, 0, 0, 0, 1, 1, 0, 0, 0, 1, 3, 1, 1, 1, 1]

################################################################
################################################################
################### process_jail_download_list: ######################

[8, 6, 9, 7, 7, 6, 10, 6, 6, 6, 6, 6, 10, 10, 6, 6, 6, 7, 6, 7, 6, 6, 7, 9, 6, 9, 9, 6, 6, 6, 6, 6, 7, 6, 10, 8, 10, 6, 6, 6, 9, 6, 7, 6, 7, 10, 6, 6, 6, 7, 6, 6, 6, 7, 6, 7, 6, 6, 6, 7, 10, 6, 6, 6, 6, 15, 6, 7, 7, 11]

################################################################
################################################################
################### process_jail_list: ######################

[7, 6, 8, 6, 6, 5, 9, 5, 6, 6, 5, 6, 8, 8, 5, 5, 6, 6, 6, 6, 6, 5, 6, 8, 6, 8, 8, 6, 6, 5, 6, 6, 6, 5, 9, 8, 8, 5, 6, 5, 8, 5, 6, 6, 6, 8, 5, 5, 6, 6, 6, 5, 5, 6, 6, 6, 6, 6, 6, 6, 9, 6, 6, 6, 5, 12, 5, 6, 6, 10]

################################################################
