Numero total de amostras 70

Tempo total de processamento: 0:13:35

############## TEMPOS DE PROCESSAMENTO DO EXERCICIO NO JAIL  ####################
Soma 702 segundos
Media 10.028571428571428 segundos
Desvio padrão 1.8591198268568503 segundos

95% 7.6555 segundos
99% 7.6831 segundos

############## TEMPOS DE PROCESSAMENTO DO EXERCICIO NO JAIL COM DOWNLOAD  ################
Soma 815 segundos
Media 11.642857142857142 segundos
Desvio padrão 2.5130272824720747 segundos

95% 8.0 segundos
99% 8.0 segundos

################### TEMPOS DE DOWNLOAD DO EXERCICIO NO JAIL #######################
Soma 113 segundos
Media 1.6142857142857143 segundos
Desvio padrão 1.0041749583308552 segundos

95% 0.0 segundos
99% 0.0 segundos

############################ TEMPOS DE ESPERA NA FILA ############################
Soma 27214
Media 388.77142857142854 segundos
Desvio padrão 213.57682936315055 segundos

95% 17.177 segundos
99% 17.563399999999998 segundos

################### queue_wait_time_list: ######################

[54, 8, 22, 40, 74, 84, 95, 117, 125, 136, 163, 173, 183, 207, 218, 233, 243, 253, 271, 280, 290, 322, 335, 361, 379, 391, 410, 420, 436, 452, 461, 468, 485, 494, 512, 521, 529, 548, 558, 566, 592, 604, 613, 632, 642, 660, 671, 63, 105, 151, 195, 225, 263, 304, 347, 402, 445, 476, 503, 538, 577, 622, 651, 682, 692, 708, 718, 728, 738, 750]

################################################################
################### jail_ex_download_list: ######################

[1, 2, 1, 4, 1, 2, 1, 1, 1, 2, 2, 1, 1, 1, 0, 2, 1, 2, 1, 2, 3, 2, 1, 5, 2, 3, 1, 4, 1, 1, 0, 1, 1, 1, 1, 1, 1, 2, 1, 3, 2, 1, 1, 1, 1, 1, 1, 1, 2, 2, 2, 1, 1, 4, 3, 1, 1, 1, 1, 1, 2, 1, 1, 1, 4, 2, 2, 1, 2, 4]

################################################################
################################################################
################### process_jail_download_list: ######################

[10, 15, 18, 15, 11, 12, 11, 10, 11, 16, 11, 11, 13, 12, 8, 11, 11, 10, 10, 11, 14, 14, 12, 19, 13, 12, 11, 16, 10, 10, 8, 9, 9, 10, 10, 9, 10, 10, 9, 12, 13, 10, 10, 11, 10, 12, 12, 12, 12, 13, 12, 9, 9, 19, 15, 9, 8, 10, 10, 10, 16, 10, 10, 11, 16, 11, 11, 11, 13, 16]

################################################################
################################################################
################### process_jail_list: ######################

[9, 13, 17, 11, 10, 10, 10, 9, 10, 14, 9, 10, 12, 11, 8, 9, 10, 8, 9, 9, 11, 12, 11, 14, 11, 9, 10, 12, 9, 9, 8, 8, 8, 9, 9, 8, 9, 8, 8, 9, 11, 9, 9, 10, 9, 11, 11, 11, 10, 11, 10, 8, 8, 15, 12, 8, 7, 9, 9, 9, 14, 9, 9, 10, 12, 9, 9, 10, 11, 12]

################################################################
Numero total de amostras 70

Tempo total de processamento: 0:19:50

############## TEMPOS DE PROCESSAMENTO DO EXERCICIO NO JAIL  ####################
Soma 1000 segundos
Media 14.285714285714286 segundos
Desvio padrão 7.286274488266781 segundos
Minimo 4 segundos
Maximo 39 segundos

95% 5.9665 segundos
99% 6.049300000000001 segundos

############## TEMPOS DE PROCESSAMENTO DO EXERCICIO NO JAIL COM DOWNLOAD  ################
Soma 1190 segundos
Media 17.0 segundos
Desvio padrão 8.660254037844387 segundos
Minimo 6 segundos
Maximo 42 segundos

95% 6.6555 segundos
99% 6.6831000000000005 segundos

################### TEMPOS DE DOWNLOAD DO EXERCICIO NO JAIL #######################
Soma 190 segundos
Media 2.7142857142857144 segundos
Desvio padrão 2.2177392423228603 segundos
Minimo 0 segundos
Maximo 9 segundos

95% 0.0 segundos
99% 0.0 segundos

############################ TEMPOS DE ESPERA NA FILA ############################
Soma 39484
Media 564.0571428571428 segundos
Desvio padrão 334.983448875326 segundos
Minimo 6 segundos
Maximo 1076 segundos

95% 11.244 segundos
99% 11.4648 segundos

################### queue_wait_time_list: ######################

[52, 205, 6, 335, 81, 14, 154, 174, 23, 122, 399, 31, 161, 144, 41, 240, 186, 167, 270, 286, 310, 255, 283, 360, 298, 511, 345, 540, 441, 421, 452, 466, 492, 559, 523, 579, 610, 632, 668, 700, 702, 719, 741, 761, 769, 775, 935, 783, 1042, 790, 949, 803, 1049, 958, 811, 818, 979, 1057, 826, 988, 840, 1065, 866, 996, 886, 1005, 908, 1076, 1017, 1034]

################################################################
################### jail_ex_download_list: ######################

[4, 9, 2, 1, 6, 1, 1, 2, 2, 7, 6, 1, 0, 2, 2, 4, 0, 1, 5, 2, 5, 1, 2, 1, 0, 1, 2, 5, 3, 6, 2, 2, 5, 2, 1, 8, 4, 4, 9, 4, 3, 4, 7, 1, 0, 1, 4, 1, 1, 2, 1, 1, 2, 4, 1, 1, 1, 1, 3, 1, 2, 1, 6, 0, 3, 2, 6, 1, 3, 1]

################################################################
################################################################
################### process_jail_download_list: ######################

[30, 36, 9, 11, 42, 10, 8, 13, 9, 23, 26, 12, 7, 13, 12, 16, 20, 9, 17, 12, 25, 18, 6, 40, 14, 13, 16, 20, 12, 21, 15, 27, 21, 20, 18, 32, 24, 36, 34, 29, 18, 23, 21, 9, 7, 9, 15, 8, 8, 14, 10, 9, 9, 22, 9, 9, 10, 9, 15, 9, 27, 13, 21, 10, 23, 13, 27, 10, 18, 9]

################################################################
################################################################
################### process_jail_list: ######################

[26, 27, 7, 10, 36, 9, 7, 11, 7, 16, 20, 11, 7, 11, 10, 12, 20, 8, 12, 10, 20, 17, 4, 39, 14, 12, 14, 15, 9, 15, 13, 25, 16, 18, 17, 24, 20, 32, 25, 25, 15, 19, 14, 8, 7, 8, 11, 7, 7, 12, 9, 8, 7, 18, 8, 8, 9, 8, 12, 8, 25, 12, 15, 10, 20, 11, 21, 9, 15, 8]

################################################################
