Numero total de amostras 70

Tempo total de processamento: 0:02:46

############## TEMPOS DE PROCESSAMENTO DO EXERCICIO NO JAIL  ####################
Soma 440 segundos
Media 6.285714285714286 segundos
Desvio padr達o 0.6356741560367711 segundos

95% 6.0 segundos
99% 6.0 segundos

############## TEMPOS DE PROCESSAMENTO DO EXERCICIO NO JAIL COM DOWNLOAD  ################
Soma 491 segundos
Media 7.014285714285714 segundos
Desvio padr達o 0.8862901353854913 segundos

95% 6.0 segundos
99% 6.0 segundos

################### TEMPOS DE DOWNLOAD DO EXERCICIO NO JAIL #######################
Soma 51 segundos
Media 0.7285714285714285 segundos
Desvio padr達o 0.5836199490232998 segundos

95% 0.0 segundos
99% 0.0 segundos

############################ TEMPOS DE ESPERA NA FILA ############################
Soma 3693
Media 52.75714285714286 segundos
Desvio padr達o 30.30343484269244 segundos

95% 1.6555 segundos
99% 1.6831 segundos

################### queue_wait_time_list: ######################

[24, 2, 1, 12, 3, 6, 8, 16, 20, 8, 15, 21, 12, 11, 19, 24, 28, 17, 26, 38, 29, 33, 37, 36, 40, 46, 46, 64, 41, 55, 54, 50, 61, 67, 55, 76, 60, 63, 63, 67, 71, 80, 76, 80, 75, 81, 84, 30, 32, 40, 46, 51, 59, 68, 73, 72, 97, 85, 97, 86, 100, 90, 89, 101, 101, 104, 91, 93, 92, 95]

################################################################
################### jail_ex_download_list: ######################

[1, 2, 2, 1, 1, 1, 1, 1, 1, 1, 1, 1, 0, 0, 1, 1, 1, 1, 1, 0, 1, 0, 0, 0, 1, 1, 3, 1, 1, 0, 0, 1, 0, 1, 1, 1, 0, 1, 0, 1, 1, 1, 1, 1, 1, 1, 0, 1, 1, 1, 1, 1, 0, 1, 0, 0, 0, 0, 1, 0, 1, 0, 0, 1, 0, 1, 0, 1, 1, 0]

################################################################
################################################################
################### process_jail_download_list: ######################

[7, 8, 8, 7, 7, 7, 7, 7, 7, 7, 7, 7, 6, 6, 7, 7, 7, 7, 7, 6, 7, 7, 6, 7, 7, 7, 12, 7, 7, 7, 7, 7, 6, 7, 8, 7, 6, 7, 6, 7, 7, 9, 7, 7, 7, 7, 7, 8, 7, 10, 7, 7, 7, 7, 6, 6, 6, 7, 7, 7, 7, 6, 6, 7, 6, 7, 7, 7, 7, 7]

################################################################
################################################################
################### process_jail_list: ######################

[6, 6, 6, 6, 6, 6, 6, 6, 6, 6, 6, 6, 6, 6, 6, 6, 6, 6, 6, 6, 6, 7, 6, 7, 6, 6, 9, 6, 6, 7, 7, 6, 6, 6, 7, 6, 6, 6, 6, 6, 6, 8, 6, 6, 6, 6, 7, 7, 6, 9, 6, 6, 7, 6, 6, 6, 6, 7, 6, 7, 6, 6, 6, 6, 6, 6, 7, 6, 6, 7]

################################################################
