Numero total de amostras 70

Tempo total de processamento: 0:23:34

############## TEMPOS DE PROCESSAMENTO DO EXERCICIO NO JAIL  ####################
Soma 1185 segundos
Media 16.928571428571427 segundos
Desvio padr達o 4.998060848458926 segundos

95% 9.0 segundos
99% 9.0 segundos

############## TEMPOS DE PROCESSAMENTO DO EXERCICIO NO JAIL COM DOWNLOAD  ################
Soma 1420 segundos
Media 20.285714285714285 segundos
Desvio padr達o 6.185565818079694 segundos

95% 10.6555 segundos
99% 10.6831 segundos

################### TEMPOS DE DOWNLOAD DO EXERCICIO NO JAIL #######################
Soma 235 segundos
Media 3.357142857142857 segundos
Desvio padr達o 1.6127679337596175 segundos

95% 1.0 segundos
99% 1.0 segundos

############################ TEMPOS DE ESPERA NA FILA ############################
Soma 57233
Media 817.6142857142858 segundos
Desvio padr達o 384.08329799135805 segundos

95% 87.6985 segundos
99% 88.4437 segundos

################### queue_wait_time_list: ######################

[97, 148, 177, 203, 262, 280, 302, 349, 373, 393, 450, 483, 529, 557, 580, 626, 651, 667, 702, 720, 735, 781, 801, 855, 873, 886, 914, 936, 948, 973, 992, 1026, 1040, 1054, 1084, 1109, 1123, 1143, 1159, 1176, 1212, 1229, 1254, 1264, 1276, 1305, 1319, 70, 123, 232, 323, 423, 504, 605, 683, 754, 837, 898, 959, 1013, 1070, 1133, 1193, 1242, 1289, 1334, 1349, 1368, 1399, 1416]

################################################################
################### jail_ex_download_list: ######################

[5, 4, 6, 5, 3, 4, 3, 6, 3, 4, 4, 3, 6, 4, 6, 4, 3, 3, 5, 2, 3, 4, 7, 3, 2, 1, 2, 1, 3, 4, 4, 1, 1, 3, 2, 2, 1, 4, 2, 3, 4, 3, 1, 1, 3, 2, 3, 6, 5, 7, 3, 5, 4, 5, 3, 7, 3, 2, 2, 2, 2, 1, 3, 1, 2, 3, 2, 6, 5, 3]

################################################################
################################################################
################### process_jail_download_list: ######################

[27, 29, 27, 30, 19, 23, 22, 25, 21, 31, 34, 21, 29, 24, 26, 26, 17, 16, 19, 16, 20, 21, 36, 19, 14, 13, 23, 12, 12, 20, 22, 14, 15, 17, 26, 15, 11, 16, 18, 18, 18, 14, 10, 13, 14, 15, 16, 28, 26, 31, 26, 28, 26, 22, 20, 28, 19, 17, 15, 14, 15, 11, 20, 13, 17, 16, 19, 32, 18, 15]

################################################################
################################################################
################### process_jail_list: ######################

[22, 25, 21, 25, 16, 19, 19, 19, 18, 27, 30, 18, 23, 20, 20, 22, 14, 13, 14, 14, 17, 17, 29, 16, 12, 12, 21, 11, 9, 16, 18, 13, 14, 14, 24, 13, 10, 12, 16, 15, 14, 11, 9, 12, 11, 13, 13, 22, 21, 24, 23, 23, 22, 17, 17, 21, 16, 15, 13, 12, 13, 10, 17, 12, 15, 13, 17, 26, 13, 12]

################################################################
