Numero total de amostras 70

Tempo total de processamento: 0:02:41

############## TEMPOS DE PROCESSAMENTO DO EXERCICIO NO JAIL  ####################
Soma 428 segundos
Media 6.114285714285714 segundos
Desvio padr達o 0.7278708115918284 segundos

95% 5.0 segundos
99% 5.0 segundos

############## TEMPOS DE PROCESSAMENTO DO EXERCICIO NO JAIL COM DOWNLOAD  ################
Soma 468 segundos
Media 6.685714285714286 segundos
Desvio padr達o 0.766119295873824 segundos

95% 6.0 segundos
99% 6.0 segundos

################### TEMPOS DE DOWNLOAD DO EXERCICIO NO JAIL #######################
Soma 40 segundos
Media 0.5714285714285714 segundos
Desvio padr達o 0.49487165930539356 segundos

95% 0.0 segundos
99% 0.0 segundos

############################ TEMPOS DE ESPERA NA FILA ############################
Soma 3682
Media 52.6 segundos
Desvio padr達o 27.850314181351706 segundos

95% 6.6555 segundos
99% 6.6831000000000005 segundos

################### queue_wait_time_list: ######################

[15, 23, 16, 23, 26, 15, 6, 8, 41, 7, 10, 12, 12, 19, 27, 18, 27, 20, 24, 32, 37, 31, 34, 38, 46, 42, 53, 45, 41, 58, 51, 54, 58, 55, 62, 65, 75, 62, 70, 74, 79, 70, 71, 82, 79, 83, 33, 35, 38, 44, 50, 49, 58, 63, 66, 73, 79, 83, 96, 87, 86, 99, 98, 101, 87, 91, 90, 91, 95, 94]

################################################################
################### jail_ex_download_list: ######################

[1, 1, 0, 0, 1, 1, 1, 1, 1, 1, 1, 0, 0, 1, 0, 1, 1, 0, 1, 0, 0, 0, 0, 0, 0, 1, 1, 1, 1, 1, 1, 0, 0, 0, 0, 1, 1, 0, 1, 1, 0, 0, 0, 1, 0, 0, 0, 0, 1, 1, 1, 1, 1, 0, 1, 1, 0, 1, 1, 0, 0, 1, 1, 1, 1, 1, 1, 1, 0, 0]

################################################################
################################################################
################### process_jail_download_list: ######################

[8, 7, 6, 7, 7, 6, 7, 7, 8, 7, 7, 6, 6, 6, 6, 6, 8, 7, 6, 6, 6, 6, 6, 6, 7, 6, 7, 7, 6, 7, 7, 6, 7, 6, 6, 7, 8, 10, 8, 7, 6, 6, 6, 7, 7, 6, 7, 6, 6, 7, 7, 7, 7, 6, 7, 7, 6, 7, 7, 6, 6, 6, 6, 8, 7, 7, 7, 8, 6, 6]

################################################################
################################################################
################### process_jail_list: ######################

[7, 6, 6, 7, 6, 5, 6, 6, 7, 6, 6, 6, 6, 5, 6, 5, 7, 7, 5, 6, 6, 6, 6, 6, 7, 5, 6, 6, 5, 6, 6, 6, 7, 6, 6, 6, 7, 10, 7, 6, 6, 6, 6, 6, 7, 6, 7, 6, 5, 6, 6, 6, 6, 6, 6, 6, 6, 6, 6, 6, 6, 5, 5, 7, 6, 6, 6, 7, 6, 6]

################################################################
