Numero total de amostras 70

Tempo total de processamento: 0:02:48

############## TEMPOS DE PROCESSAMENTO DO EXERCICIO NO JAIL  ####################
Soma 580 segundos
Media 8.285714285714286 segundos
Desvio padr達o 4.510758115384841 segundos

95% 5.0 segundos
99% 5.0 segundos

############## TEMPOS DE PROCESSAMENTO DO EXERCICIO NO JAIL COM DOWNLOAD  ################
Soma 672 segundos
Media 9.6 segundos
Desvio padr達o 5.710641695241313 segundos

95% 6.0 segundos
99% 6.0 segundos

################### TEMPOS DE DOWNLOAD DO EXERCICIO NO JAIL #######################
Soma 92 segundos
Media 1.3142857142857143 segundos
Desvio padr達o 1.3788489728015605 segundos

95% 0.0 segundos
99% 0.0 segundos

############################ TEMPOS DE ESPERA NA FILA ############################
Soma 3913
Media 55.9 segundos
Desvio padr達o 30.49878217709216 segundos

95% 2.9665 segundos
99% 3.0492999999999997 segundos

################### queue_wait_time_list: ######################

[16, 16, 23, 22, 19, 47, 48, 7, 6, 39, 11, 10, 35, 30, 1, 18, 4, 28, 18, 71, 19, 28, 27, 52, 31, 55, 35, 39, 28, 40, 43, 42, 40, 55, 59, 51, 64, 63, 53, 60, 67, 52, 65, 66, 64, 72, 87, 102, 103, 91, 75, 76, 90, 79, 78, 96, 95, 108, 83, 84, 107, 100, 99, 76, 76, 88, 91, 90, 100, 100]

################################################################
################### jail_ex_download_list: ######################

[0, 0, 1, 1, 3, 1, 1, 1, 1, 4, 1, 1, 1, 0, 6, 4, 5, 3, 1, 0, 1, 1, 1, 1, 0, 0, 1, 1, 2, 1, 0, 0, 3, 0, 0, 1, 1, 1, 4, 0, 1, 4, 2, 1, 2, 0, 0, 1, 1, 1, 1, 1, 1, 1, 1, 0, 0, 0, 0, 0, 0, 2, 2, 4, 4, 0, 3, 3, 1, 1]

################################################################
################################################################
################### process_jail_download_list: ######################

[6, 6, 6, 6, 16, 6, 6, 6, 6, 20, 7, 7, 6, 6, 24, 17, 22, 19, 6, 6, 6, 7, 7, 7, 6, 6, 6, 7, 18, 7, 6, 6, 20, 6, 6, 7, 6, 6, 19, 6, 7, 19, 18, 7, 18, 6, 6, 7, 7, 7, 6, 6, 7, 7, 7, 6, 6, 6, 6, 6, 6, 20, 20, 21, 21, 6, 16, 16, 6, 6]

################################################################
################################################################
################### process_jail_list: ######################

[6, 6, 5, 5, 13, 5, 5, 5, 5, 16, 6, 6, 5, 6, 18, 13, 17, 16, 5, 6, 5, 6, 6, 6, 6, 6, 5, 6, 16, 6, 6, 6, 17, 6, 6, 6, 5, 5, 15, 6, 6, 15, 16, 6, 16, 6, 6, 6, 6, 6, 5, 5, 6, 6, 6, 6, 6, 6, 6, 6, 6, 18, 18, 17, 17, 6, 13, 13, 5, 5]

################################################################
