Numero total de amostras 70

Tempo total de processamento: 0:01:55

############## TEMPOS DE PROCESSAMENTO DO EXERCICIO NO JAIL  ####################
Soma 494 segundos
Media 7.057142857142857 segundos
Desvio padr達o 2.4835787213829406 segundos

95% 5.0 segundos
99% 5.0 segundos

############## TEMPOS DE PROCESSAMENTO DO EXERCICIO NO JAIL COM DOWNLOAD  ################
Soma 555 segundos
Media 7.928571428571429 segundos
Desvio padr達o 3.0487535090891944 segundos

95% 6.0 segundos
99% 6.0 segundos

################### TEMPOS DE DOWNLOAD DO EXERCICIO NO JAIL #######################
Soma 61 segundos
Media 0.8714285714285714 segundos
Desvio padr達o 0.8267220740703021 segundos

95% 0.0 segundos
99% 0.0 segundos

############################ TEMPOS DE ESPERA NA FILA ############################
Soma 1833
Media 26.185714285714287 segundos
Desvio padr達o 14.790240853001546 segundos

95% 0.6555 segundos
99% 0.6830999999999999 segundos

################### queue_wait_time_list: ######################

[19, 8, 9, 13, 17, 2, 1, 7, 0, 17, 11, 7, 6, 14, 6, 5, 16, 4, 11, 10, 10, 11, 15, 14, 22, 17, 28, 31, 23, 19, 25, 21, 27, 20, 28, 26, 37, 39, 24, 33, 33, 37, 40, 34, 37, 31, 38, 20, 23, 25, 27, 32, 31, 33, 37, 49, 48, 39, 49, 43, 44, 45, 52, 53, 43, 47, 53, 46, 45, 46]

################################################################
################### jail_ex_download_list: ######################

[1, 1, 1, 1, 0, 2, 2, 1, 2, 0, 1, 1, 1, 2, 0, 0, 2, 2, 1, 1, 1, 0, 0, 0, 0, 0, 2, 0, 2, 1, 0, 1, 1, 1, 1, 0, 1, 1, 2, 1, 0, 1, 2, 0, 2, 1, 1, 1, 0, 0, 1, 0, 0, 1, 1, 1, 1, 0, 1, 0, 0, 4, 0, 0, 1, 3, 0, 1, 1, 0]

################################################################
################################################################
################### process_jail_download_list: ######################

[6, 6, 6, 7, 6, 7, 7, 7, 8, 6, 10, 10, 7, 13, 6, 6, 11, 11, 7, 7, 13, 6, 6, 6, 6, 6, 12, 6, 12, 7, 6, 7, 7, 11, 7, 6, 7, 7, 12, 6, 6, 6, 16, 6, 15, 14, 7, 7, 6, 6, 7, 6, 6, 14, 6, 7, 7, 6, 7, 6, 6, 18, 6, 6, 7, 17, 6, 6, 6, 6]

################################################################
################################################################
################### process_jail_list: ######################

[5, 5, 5, 6, 6, 5, 5, 6, 6, 6, 9, 9, 6, 11, 6, 6, 9, 9, 6, 6, 12, 6, 6, 6, 6, 6, 10, 6, 10, 6, 6, 6, 6, 10, 6, 6, 6, 6, 10, 5, 6, 5, 14, 6, 13, 13, 6, 6, 6, 6, 6, 6, 6, 13, 5, 6, 6, 6, 6, 6, 6, 14, 6, 6, 6, 14, 6, 5, 5, 6]

################################################################
