Numero total de amostras 70

Tempo total de processamento: 0:02:26

############## TEMPOS DE PROCESSAMENTO DO EXERCICIO NO JAIL  ####################
Soma 493 segundos
Media 7.042857142857143 segundos
Desvio padr達o 3.818884333286412 segundos
Minimo 5 segundos
Maximo 25 segundos

95% 5.0 segundos
99% 5.0 segundos

############## TEMPOS DE PROCESSAMENTO DO EXERCICIO NO JAIL COM DOWNLOAD  ################
Soma 557 segundos
Media 7.957142857142857 segundos
Desvio padr達o 4.81496392001232 segundos
Minimo 6 segundos
Maximo 30 segundos

95% 6.0 segundos
99% 6.0 segundos

################### TEMPOS DE DOWNLOAD DO EXERCICIO NO JAIL #######################
Soma 64 segundos
Media 0.9142857142857143 segundos
Desvio padr達o 1.2040747146117414 segundos
Minimo 0 segundos
Maximo 6 segundos

95% 0.0 segundos
99% 0.0 segundos

############################ TEMPOS DE ESPERA NA FILA ############################
Soma 1637
Media 23.385714285714286 segundos
Desvio padr達o 12.229113806396436 segundos
Minimo 4 segundos
Maximo 49 segundos

95% 5.311 segundos
99% 5.366199999999999 segundos

################### queue_wait_time_list: ######################

[13, 29, 12, 15, 18, 6, 7, 6, 13, 18, 9, 11, 13, 10, 14, 14, 13, 14, 4, 18, 13, 13, 14, 16, 17, 12, 14, 17, 17, 18, 16, 21, 14, 16, 14, 18, 15, 19, 22, 23, 23, 28, 25, 32, 28, 21, 20, 25, 22, 24, 46, 32, 31, 42, 41, 33, 33, 34, 45, 30, 38, 45, 44, 37, 38, 42, 48, 47, 48, 49]

################################################################
################### jail_ex_download_list: ######################

[1, 0, 1, 0, 1, 1, 1, 1, 1, 1, 1, 0, 1, 1, 1, 1, 1, 1, 6, 1, 1, 1, 1, 0, 1, 0, 0, 1, 1, 0, 0, 0, 2, 0, 0, 1, 2, 1, 1, 0, 1, 0, 0, 0, 1, 6, 0, 0, 1, 1, 4, 1, 1, 0, 0, 0, 1, 1, 0, 5, 0, 1, 1, 1, 1, 0, 0, 1, 1, 0]

################################################################
################################################################
################### process_jail_download_list: ######################

[6, 6, 6, 6, 7, 6, 7, 7, 7, 7, 6, 6, 7, 6, 7, 6, 6, 7, 23, 6, 6, 7, 7, 14, 6, 6, 6, 6, 7, 7, 7, 7, 16, 6, 6, 7, 20, 6, 6, 6, 7, 6, 6, 6, 6, 27, 7, 6, 7, 7, 20, 7, 7, 6, 6, 6, 7, 7, 6, 30, 6, 7, 7, 7, 7, 6, 6, 7, 7, 6]

################################################################
################################################################
################### process_jail_list: ######################

[5, 6, 5, 6, 6, 5, 6, 6, 6, 6, 5, 6, 6, 5, 6, 5, 5, 6, 17, 5, 5, 6, 6, 14, 5, 6, 6, 5, 6, 7, 7, 7, 14, 6, 6, 6, 18, 5, 5, 6, 6, 6, 6, 6, 5, 21, 7, 6, 6, 6, 16, 6, 6, 6, 6, 6, 6, 6, 6, 25, 6, 6, 6, 6, 6, 6, 6, 6, 6, 6]

################################################################
