Numero total de amostras 70

Tempo total de processamento: 0:09:03

############## TEMPOS DE PROCESSAMENTO DO EXERCICIO NO JAIL  ####################
Soma 2026 segundos
Media 28.942857142857143 segundos
Desvio padr達o 9.27960238416298 segundos

95% 11.9665 segundos
99% 12.049299999999999 segundos

############## TEMPOS DE PROCESSAMENTO DO EXERCICIO NO JAIL COM DOWNLOAD  ################
Soma 2129 segundos
Media 30.414285714285715 segundos
Desvio padr達o 9.954888041478284 segundos

95% 12.9665 segundos
99% 13.0493 segundos

################### TEMPOS DE DOWNLOAD DO EXERCICIO NO JAIL #######################
Soma 103 segundos
Media 1.4714285714285715 segundos
Desvio padr達o 1.3386712876305855 segundos

95% 0.0 segundos
99% 0.0 segundos

############################ TEMPOS DE ESPERA NA FILA ############################
Soma 16364
Media 233.77142857142857 segundos
Desvio padr達o 141.92394053844188 segundos

95% 0.6555 segundos
99% 0.6830999999999999 segundos

################### queue_wait_time_list: ######################

[14, 63, 47, 6, 1, 73, 30, 116, 0, 45, 81, 8, 188, 36, 49, 135, 92, 94, 113, 114, 128, 91, 119, 163, 188, 180, 202, 151, 157, 164, 176, 229, 231, 201, 187, 229, 263, 258, 230, 281, 290, 259, 289, 313, 290, 257, 363, 364, 432, 432, 320, 386, 320, 319, 390, 433, 434, 346, 350, 412, 367, 366, 416, 452, 401, 400, 453, 460, 458, 459]

################################################################
################### jail_ex_download_list: ######################

[1, 1, 0, 4, 2, 0, 0, 1, 1, 3, 3, 1, 1, 1, 3, 0, 3, 1, 0, 2, 1, 0, 4, 1, 4, 1, 0, 1, 7, 4, 1, 1, 0, 1, 4, 3, 0, 2, 3, 1, 1, 0, 2, 1, 2, 2, 1, 1, 1, 0, 0, 1, 3, 3, 1, 2, 2, 0, 1, 0, 0, 1, 1, 1, 2, 2, 0, 1, 2, 2]

################################################################
################################################################
################### process_jail_download_list: ######################

[24, 30, 28, 49, 50, 25, 20, 22, 16, 40, 38, 23, 14, 31, 47, 17, 31, 20, 18, 48, 39, 29, 50, 19, 47, 26, 30, 28, 34, 26, 16, 32, 38, 32, 47, 31, 19, 37, 31, 36, 35, 34, 32, 36, 32, 37, 42, 42, 23, 26, 32, 30, 49, 49, 29, 28, 28, 24, 19, 21, 21, 26, 18, 11, 38, 38, 16, 17, 29, 29]

################################################################
################################################################
################### process_jail_list: ######################

[23, 29, 28, 45, 48, 25, 20, 21, 15, 37, 35, 22, 13, 30, 44, 17, 28, 19, 18, 46, 38, 29, 46, 18, 43, 25, 30, 27, 27, 22, 15, 31, 38, 31, 43, 28, 19, 35, 28, 35, 34, 34, 30, 35, 30, 35, 41, 41, 22, 26, 32, 29, 46, 46, 28, 26, 26, 24, 18, 21, 21, 25, 17, 10, 36, 36, 16, 16, 27, 27]

################################################################
