Numero total de amostras 70

Tempo total de processamento: 0:01:43

############## TEMPOS DE PROCESSAMENTO DO EXERCICIO NO JAIL  ####################
Soma 514 segundos
Media 7.3428571428571425 segundos
Desvio padrão 4.112301108645045 segundos

95% 5.0 segundos
99% 5.0 segundos

############## TEMPOS DE PROCESSAMENTO DO EXERCICIO NO JAIL COM DOWNLOAD  ################
Soma 587 segundos
Media 8.385714285714286 segundos
Desvio padrão 5.113826795052402 segundos

95% 6.0 segundos
99% 6.0 segundos

################### TEMPOS DE DOWNLOAD DO EXERCICIO NO JAIL #######################
Soma 73 segundos
Media 1.042857142857143 segundos
Desvio padrão 1.1393696789480239 segundos

95% 0.0 segundos
99% 0.0 segundos

############################ TEMPOS DE ESPERA NA FILA ############################
Soma 1418
Media 20.257142857142856 segundos
Desvio padrão 11.07853228325036 segundos

95% 0.0 segundos
99% 0.0 segundos

################### queue_wait_time_list: ######################

[20, 8, 10, 11, 12, 0, 7, 0, 7, 1, 23, 15, 6, 5, 8, 4, 12, 14, 29, 20, 6, 2, 0, 13, 11, 15, 11, 12, 13, 17, 15, 19, 19, 19, 17, 29, 23, 20, 22, 26, 25, 26, 31, 29, 26, 27, 13, 18, 23, 26, 20, 19, 28, 35, 30, 37, 30, 36, 35, 32, 32, 34, 33, 37, 28, 38, 37, 37, 38, 37]

################################################################
################### jail_ex_download_list: ######################

[1, 0, 0, 0, 0, 1, 1, 2, 1, 2, 1, 1, 0, 0, 1, 0, 1, 1, 1, 0, 0, 5, 4, 0, 0, 1, 1, 1, 3, 1, 1, 1, 0, 1, 1, 1, 0, 1, 1, 1, 0, 1, 1, 1, 1, 4, 4, 1, 1, 0, 3, 3, 1, 1, 1, 0, 0, 1, 1, 1, 0, 0, 0, 0, 4, 0, 1, 0, 2, 2]

################################################################
################################################################
################### process_jail_download_list: ######################

[6, 6, 7, 7, 6, 7, 7, 8, 7, 8, 6, 7, 6, 6, 6, 6, 6, 6, 6, 6, 6, 25, 24, 6, 6, 7, 6, 6, 19, 6, 6, 6, 6, 6, 7, 7, 6, 7, 7, 6, 6, 6, 7, 6, 7, 22, 20, 6, 7, 6, 22, 22, 7, 7, 7, 6, 6, 6, 7, 6, 6, 6, 6, 6, 22, 6, 7, 6, 14, 14]

################################################################
################################################################
################### process_jail_list: ######################

[5, 6, 7, 7, 6, 6, 6, 6, 6, 6, 5, 6, 6, 6, 5, 6, 5, 5, 5, 6, 6, 20, 20, 6, 6, 6, 5, 5, 16, 5, 5, 5, 6, 5, 6, 6, 6, 6, 6, 5, 6, 5, 6, 5, 6, 18, 16, 5, 6, 6, 19, 19, 6, 6, 6, 6, 6, 5, 6, 5, 6, 6, 6, 6, 18, 6, 6, 6, 12, 12]

################################################################
Numero total de amostras 70

Tempo total de processamento: 0:01:37

############## TEMPOS DE PROCESSAMENTO DO EXERCICIO NO JAIL  ####################
Soma 482 segundos
Media 6.885714285714286 segundos
Desvio padrão 2.314814754346182 segundos
Minimo 5 segundos
Maximo 14 segundos

95% 5.0 segundos
99% 5.0 segundos

############## TEMPOS DE PROCESSAMENTO DO EXERCICIO NO JAIL COM DOWNLOAD  ################
Soma 544 segundos
Media 7.771428571428571 segundos
Desvio padrão 2.7316736291743435 segundos
Minimo 6 segundos
Maximo 17 segundos

95% 6.0 segundos
99% 6.0 segundos

################### TEMPOS DE DOWNLOAD DO EXERCICIO NO JAIL #######################
Soma 62 segundos
Media 0.8857142857142857 segundos
Desvio padrão 0.6663945022680344 segundos
Minimo 0 segundos
Maximo 3 segundos

95% 0.0 segundos
99% 0.0 segundos

############################ TEMPOS DE ESPERA NA FILA ############################
Soma 554
Media 7.914285714285715 segundos
Desvio padrão 3.4215404097438635 segundos
Minimo 0 segundos
Maximo 16 segundos

95% 1.311 segundos
99% 1.3661999999999999 segundos

################### queue_wait_time_list: ######################

[4, 11, 6, 6, 6, 9, 5, 0, 4, 10, 3, 10, 11, 5, 10, 2, 3, 6, 5, 3, 8, 7, 3, 13, 7, 10, 6, 9, 11, 15, 6, 6, 12, 8, 14, 10, 11, 10, 14, 16, 13, 14, 13, 4, 13, 9, 8, 12, 9, 8, 7, 8, 8, 8, 5, 8, 7, 4, 7, 7, 6, 6, 4, 4, 8, 4, 6, 10, 9, 10]

################################################################
################### jail_ex_download_list: ######################

[1, 1, 1, 0, 1, 0, 2, 2, 0, 0, 1, 1, 1, 1, 1, 1, 1, 1, 1, 1, 0, 0, 1, 0, 1, 1, 1, 1, 3, 1, 1, 2, 1, 0, 0, 0, 3, 1, 1, 1, 0, 1, 1, 0, 1, 1, 1, 0, 1, 1, 2, 1, 1, 0, 1, 0, 1, 1, 1, 1, 1, 0, 0, 1, 1, 1, 1, 0, 2, 2]

################################################################
################################################################
################### process_jail_download_list: ######################

[7, 7, 7, 6, 11, 6, 12, 10, 6, 6, 6, 7, 6, 6, 7, 7, 7, 7, 6, 6, 6, 6, 7, 6, 7, 6, 7, 7, 17, 10, 13, 14, 7, 11, 6, 6, 17, 6, 7, 6, 6, 10, 7, 10, 7, 6, 7, 6, 7, 13, 14, 6, 7, 6, 6, 6, 6, 7, 7, 6, 7, 6, 6, 7, 7, 7, 7, 6, 13, 13]

################################################################
################################################################
################### process_jail_list: ######################

[6, 6, 6, 6, 10, 6, 10, 8, 6, 6, 5, 6, 5, 5, 6, 6, 6, 6, 5, 5, 6, 6, 6, 6, 6, 5, 6, 6, 14, 9, 12, 12, 6, 11, 6, 6, 14, 5, 6, 5, 6, 9, 6, 10, 6, 5, 6, 6, 6, 12, 12, 5, 6, 6, 5, 6, 5, 6, 6, 5, 6, 6, 6, 6, 6, 6, 6, 6, 11, 11]

################################################################
