Numero total de amostras 70

Tempo total de processamento: 0:05:45

############## TEMPOS DE PROCESSAMENTO DO EXERCICIO NO JAIL  ####################
Soma 594 segundos
Media 8.485714285714286 segundos
Desvio padr達o 5.421499152561448 segundos

95% 5.0 segundos
99% 5.0 segundos

############## TEMPOS DE PROCESSAMENTO DO EXERCICIO NO JAIL COM DOWNLOAD  ################
Soma 674 segundos
Media 9.628571428571428 segundos
Desvio padr達o 6.667986263957547 segundos

95% 6.0 segundos
99% 6.0 segundos

################### TEMPOS DE DOWNLOAD DO EXERCICIO NO JAIL #######################
Soma 80 segundos
Media 1.1428571428571428 segundos
Desvio padr達o 1.4859889855938102 segundos

95% 0.0 segundos
99% 0.0 segundos

############################ TEMPOS DE ESPERA NA FILA ############################
Soma 9809
Media 140.12857142857143 segundos
Desvio padr達o 78.50130507169409 segundos

95% 6.9665 segundos
99% 7.0493 segundos

################### queue_wait_time_list: ######################

[24, 54, 8, 14, 5, 20, 21, 35, 29, 40, 34, 49, 60, 84, 65, 70, 61, 111, 80, 96, 101, 106, 131, 116, 109, 146, 127, 141, 131, 147, 166, 182, 157, 161, 196, 171, 187, 174, 202, 207, 194, 211, 221, 227, 237, 232, 237, 45, 47, 75, 91, 84, 122, 136, 152, 161, 176, 192, 207, 216, 219, 264, 241, 247, 252, 257, 249, 262, 266, 271]

################################################################
################### jail_ex_download_list: ######################

[0, 1, 1, 1, 3, 0, 1, 0, 1, 1, 3, 1, 0, 1, 0, 0, 3, 0, 1, 0, 1, 1, 0, 0, 4, 1, 0, 1, 4, 3, 0, 0, 0, 2, 0, 1, 0, 5, 1, 1, 3, 1, 0, 0, 1, 1, 3, 1, 4, 1, 0, 8, 0, 1, 0, 0, 1, 0, 2, 1, 2, 4, 1, 0, 0, 0, 1, 0, 0, 1]

################################################################
################################################################
################### process_jail_download_list: ######################

[6, 7, 7, 7, 19, 6, 16, 6, 7, 6, 16, 6, 6, 7, 6, 6, 27, 6, 6, 6, 6, 7, 6, 6, 26, 7, 6, 6, 20, 16, 6, 6, 6, 16, 6, 6, 6, 25, 6, 6, 16, 6, 6, 6, 6, 6, 15, 6, 18, 6, 6, 30, 6, 6, 6, 6, 6, 6, 15, 7, 22, 32, 7, 6, 6, 6, 18, 6, 6, 6]

################################################################
################################################################
################### process_jail_list: ######################

[6, 6, 6, 6, 16, 6, 15, 6, 6, 5, 13, 5, 6, 6, 6, 6, 24, 6, 5, 6, 5, 6, 6, 6, 22, 6, 6, 5, 16, 13, 6, 6, 6, 14, 6, 5, 6, 20, 5, 5, 13, 5, 6, 6, 5, 5, 12, 5, 14, 5, 6, 22, 6, 5, 6, 6, 5, 6, 13, 6, 20, 28, 6, 6, 6, 6, 17, 6, 6, 5]

################################################################
