Numero total de amostras 70

Tempo total de processamento: 0:03:01

############## TEMPOS DE PROCESSAMENTO DO EXERCICIO NO JAIL  ####################
Soma 618 segundos
Media 8.82857142857143 segundos
Desvio padr達o 3.5212474598456422 segundos

95% 6.0 segundos
99% 6.0 segundos

############## TEMPOS DE PROCESSAMENTO DO EXERCICIO NO JAIL COM DOWNLOAD  ################
Soma 723 segundos
Media 10.32857142857143 segundos
Desvio padr達o 5.392379354426098 segundos

95% 7.0 segundos
99% 7.0 segundos

################### TEMPOS DE DOWNLOAD DO EXERCICIO NO JAIL #######################
Soma 105 segundos
Media 1.5 segundos
Desvio padr達o 2.102719327782139 segundos

95% 0.0 segundos
99% 0.0 segundos

############################ TEMPOS DE ESPERA NA FILA ############################
Soma 3568
Media 50.97142857142857 segundos
Desvio padr達o 30.21493075974735 segundos

95% 4.6555 segundos
99% 4.6831 segundos

################### queue_wait_time_list: ######################

[24, 5, 5, 6, 14, 4, 22, 10, 11, 9, 18, 10, 16, 17, 15, 21, 21, 44, 30, 28, 27, 35, 40, 40, 43, 35, 45, 49, 38, 62, 54, 49, 55, 54, 58, 61, 56, 67, 66, 60, 65, 72, 71, 78, 71, 77, 78, 28, 35, 36, 39, 44, 50, 49, 61, 65, 73, 76, 120, 121, 119, 119, 83, 84, 82, 83, 90, 91, 89, 95]

################################################################
################### jail_ex_download_list: ######################

[1, 1, 1, 1, 1, 2, 1, 0, 1, 1, 1, 1, 0, 0, 1, 1, 1, 0, 1, 1, 1, 1, 0, 1, 1, 1, 1, 1, 1, 1, 1, 0, 1, 1, 0, 1, 1, 1, 1, 1, 2, 1, 1, 1, 2, 1, 1, 2, 1, 1, 1, 1, 1, 1, 1, 1, 1, 1, 2, 2, 1, 2, 1, 1, 1, 1, 9, 9, 9, 12]

################################################################
################################################################
################### process_jail_download_list: ######################

[10, 8, 9, 9, 8, 9, 9, 7, 9, 9, 9, 9, 9, 9, 9, 10, 10, 8, 8, 11, 11, 8, 8, 8, 9, 7, 9, 9, 8, 7, 8, 8, 9, 9, 7, 9, 9, 9, 9, 9, 9, 9, 9, 9, 10, 9, 9, 11, 8, 8, 8, 9, 9, 9, 9, 9, 9, 9, 9, 9, 9, 10, 11, 11, 11, 16, 33, 33, 33, 27]

################################################################
################################################################
################### process_jail_list: ######################

[9, 7, 8, 8, 7, 7, 8, 7, 8, 8, 8, 8, 9, 9, 8, 9, 9, 8, 7, 10, 10, 7, 8, 7, 8, 6, 8, 8, 7, 6, 7, 8, 8, 8, 7, 8, 8, 8, 8, 8, 7, 8, 8, 8, 8, 8, 8, 9, 7, 7, 7, 8, 8, 8, 8, 8, 8, 8, 7, 7, 8, 8, 10, 10, 10, 15, 24, 24, 24, 15]

################################################################
