Numero total de amostras 70

Tempo total de processamento: 0:04:08

############## TEMPOS DE PROCESSAMENTO DO EXERCICIO NO JAIL  ####################
Soma 463 segundos
Media 6.614285714285714 segundos
Desvio padr達o 0.5422929398886374 segundos

95% 6.0 segundos
99% 6.0 segundos

############## TEMPOS DE PROCESSAMENTO DO EXERCICIO NO JAIL COM DOWNLOAD  ################
Soma 495 segundos
Media 7.071428571428571 segundos
Desvio padr達o 0.5160683390910983 segundos

95% 6.0 segundos
99% 6.0 segundos

################### TEMPOS DE DOWNLOAD DO EXERCICIO NO JAIL #######################
Soma 32 segundos
Media 0.45714285714285713 segundos
Desvio padr達o 0.5260557897006276 segundos

95% 0.0 segundos
99% 0.0 segundos

############################ TEMPOS DE ESPERA NA FILA ############################
Soma 6749
Media 96.41428571428571 segundos
Desvio padr達o 54.431737815659105 segundos

95% 4.6555 segundos
99% 4.6831 segundos

################### queue_wait_time_list: ######################

[22, 21, 31, 32, 5, 4, 48, 11, 10, 15, 15, 43, 26, 27, 60, 42, 53, 65, 54, 80, 69, 64, 75, 86, 75, 85, 90, 101, 96, 106, 97, 112, 112, 118, 121, 123, 128, 134, 135, 140, 145, 151, 155, 146, 161, 156, 37, 37, 49, 59, 70, 81, 91, 102, 107, 117, 128, 139, 152, 162, 189, 188, 165, 166, 172, 173, 178, 177, 183, 182]

################################################################
################### jail_ex_download_list: ######################

[0, 0, 1, 1, 1, 2, 0, 0, 0, 0, 1, 1, 1, 1, 0, 1, 0, 0, 0, 0, 0, 0, 0, 1, 0, 1, 1, 1, 1, 1, 1, 1, 1, 0, 1, 1, 0, 0, 0, 1, 0, 0, 1, 0, 0, 1, 1, 1, 0, 0, 0, 0, 1, 1, 1, 0, 0, 1, 0, 0, 0, 0, 1, 1, 0, 0, 0, 0, 0, 0]

################################################################
################################################################
################### process_jail_download_list: ######################

[7, 7, 7, 7, 8, 8, 7, 6, 7, 7, 8, 8, 7, 7, 7, 8, 7, 6, 7, 7, 7, 6, 7, 7, 7, 7, 7, 7, 7, 7, 7, 7, 7, 7, 7, 7, 8, 7, 7, 8, 7, 6, 7, 7, 6, 8, 7, 7, 7, 7, 7, 7, 7, 7, 7, 7, 8, 8, 6, 6, 7, 7, 8, 8, 7, 7, 7, 7, 7, 7]

################################################################
################################################################
################### process_jail_list: ######################

[7, 7, 6, 6, 7, 6, 7, 6, 7, 7, 7, 7, 6, 6, 7, 7, 7, 6, 7, 7, 7, 6, 7, 6, 7, 6, 6, 6, 6, 6, 6, 6, 6, 7, 6, 6, 8, 7, 7, 7, 7, 6, 6, 7, 6, 7, 6, 6, 7, 7, 7, 7, 6, 6, 6, 7, 8, 7, 6, 6, 7, 7, 7, 7, 7, 7, 7, 7, 7, 7]

################################################################
