Numero total de amostras 70

Tempo total de processamento: 0:02:14

############## TEMPOS DE PROCESSAMENTO DO EXERCICIO NO JAIL  ####################
Soma 572 segundos
Media 8.17142857142857 segundos
Desvio padr達o 0.9557559247815847 segundos

95% 4.9665 segundos
99% 5.0493 segundos

############## TEMPOS DE PROCESSAMENTO DO EXERCICIO NO JAIL COM DOWNLOAD  ################
Soma 659 segundos
Media 9.414285714285715 segundos
Desvio padr達o 1.048711551556169 segundos

95% 6.622 segundos
99% 6.7324 segundos

################### TEMPOS DE DOWNLOAD DO EXERCICIO NO JAIL #######################
Soma 87 segundos
Media 1.2428571428571429 segundos
Desvio padr達o 0.4909382936411309 segundos

95% 0.0 segundos
99% 0.0 segundos

############################ TEMPOS DE ESPERA NA FILA ############################
Soma 2643
Media 37.75714285714286 segundos
Desvio padr達o 20.066628810957127 segundos

95% 5.6555 segundos
99% 5.6831 segundos

################### queue_wait_time_list: ######################

[13, 18, 12, 23, 11, 15, 11, 12, 17, 20, 6, 7, 35, 24, 7, 5, 25, 6, 22, 16, 21, 16, 26, 31, 21, 48, 56, 26, 24, 31, 30, 30, 40, 44, 35, 34, 53, 48, 39, 40, 39, 46, 47, 56, 52, 55, 56, 26, 29, 34, 34, 40, 45, 43, 52, 68, 56, 66, 67, 65, 63, 62, 74, 61, 73, 73, 60, 74, 61, 68]

################################################################
################### jail_ex_download_list: ######################

[1, 1, 1, 1, 1, 1, 1, 1, 1, 1, 2, 1, 1, 2, 1, 2, 1, 2, 2, 1, 2, 1, 1, 0, 1, 1, 1, 1, 1, 1, 1, 1, 2, 1, 1, 1, 0, 1, 2, 1, 1, 1, 2, 1, 1, 1, 1, 1, 1, 1, 1, 1, 2, 2, 2, 1, 1, 2, 2, 2, 1, 2, 1, 2, 1, 2, 1, 2, 1, 1]

################################################################
################################################################
################### process_jail_download_list: ######################

[9, 9, 9, 8, 9, 9, 9, 9, 9, 9, 11, 10, 9, 8, 9, 10, 10, 10, 9, 9, 9, 9, 4, 8, 9, 10, 9, 9, 9, 8, 9, 9, 11, 10, 9, 9, 9, 9, 10, 10, 10, 10, 10, 9, 9, 9, 9, 10, 9, 9, 9, 11, 10, 10, 9, 10, 9, 11, 11, 12, 10, 11, 9, 11, 9, 9, 10, 10, 10, 11]

################################################################
################################################################
################### process_jail_list: ######################

[8, 8, 8, 7, 8, 8, 8, 8, 8, 8, 9, 9, 8, 6, 8, 8, 9, 8, 7, 8, 7, 8, 3, 8, 8, 9, 8, 8, 8, 7, 8, 8, 9, 9, 8, 8, 9, 8, 8, 9, 9, 9, 8, 8, 8, 8, 8, 9, 8, 8, 8, 10, 8, 8, 7, 9, 8, 9, 9, 10, 9, 9, 8, 9, 8, 7, 9, 8, 9, 10]

################################################################
