Numero total de amostras 70

Tempo total de processamento: 0:04:11

############## TEMPOS DE PROCESSAMENTO DO EXERCICIO NO JAIL  ####################
Soma 460 segundos
Media 6.571428571428571 segundos
Desvio padr達o 0.49487165930539356 segundos

95% 6.0 segundos
99% 6.0 segundos

############## TEMPOS DE PROCESSAMENTO DO EXERCICIO NO JAIL COM DOWNLOAD  ################
Soma 501 segundos
Media 7.1571428571428575 segundos
Desvio padr達o 0.4354214472608049 segundos

95% 6.0 segundos
99% 6.0 segundos

################### TEMPOS DE DOWNLOAD DO EXERCICIO NO JAIL #######################
Soma 41 segundos
Media 0.5857142857142857 segundos
Desvio padr達o 0.49259827570190473 segundos

95% 0.0 segundos
99% 0.0 segundos

############################ TEMPOS DE ESPERA NA FILA ############################
Soma 6788
Media 96.97142857142858 segundos
Desvio padr達o 54.90406475417473 segundos

95% 4.0 segundos
99% 4.0 segundos

################### queue_wait_time_list: ######################

[21, 21, 32, 31, 4, 4, 37, 42, 10, 11, 15, 16, 26, 27, 48, 52, 43, 53, 60, 71, 66, 75, 65, 81, 86, 91, 82, 92, 97, 107, 101, 113, 102, 113, 118, 124, 128, 134, 123, 135, 140, 145, 151, 163, 158, 150, 37, 47, 60, 70, 76, 87, 97, 108, 119, 129, 141, 146, 157, 185, 184, 162, 167, 168, 190, 190, 173, 173, 179, 179]

################################################################
################### jail_ex_download_list: ######################

[1, 1, 0, 0, 1, 1, 0, 0, 1, 1, 1, 1, 0, 0, 0, 1, 0, 1, 0, 0, 0, 0, 0, 0, 0, 0, 0, 0, 0, 1, 1, 1, 1, 1, 1, 1, 1, 1, 1, 1, 0, 1, 1, 1, 1, 1, 0, 0, 0, 0, 0, 0, 0, 1, 1, 1, 0, 1, 1, 1, 1, 1, 1, 1, 1, 1, 1, 1, 1, 0]

################################################################
################################################################
################### process_jail_download_list: ######################

[7, 7, 7, 7, 8, 8, 7, 7, 7, 7, 7, 7, 7, 7, 7, 8, 7, 8, 7, 7, 7, 7, 7, 7, 7, 7, 7, 7, 6, 7, 8, 7, 8, 7, 7, 7, 7, 8, 7, 8, 7, 7, 8, 7, 7, 8, 7, 7, 7, 7, 7, 7, 6, 7, 7, 7, 7, 7, 7, 7, 7, 7, 7, 7, 8, 8, 7, 7, 8, 7]

################################################################
################################################################
################### process_jail_list: ######################

[6, 6, 7, 7, 7, 7, 7, 7, 6, 6, 6, 6, 7, 7, 7, 7, 7, 7, 7, 7, 7, 7, 7, 7, 7, 7, 7, 7, 6, 6, 7, 6, 7, 6, 6, 6, 6, 7, 6, 7, 7, 6, 7, 6, 6, 7, 7, 7, 7, 7, 7, 7, 6, 6, 6, 6, 7, 6, 6, 6, 6, 6, 6, 6, 7, 7, 6, 6, 7, 7]

################################################################
