Numero total de amostras 70

Tempo total de processamento: 0:01:42

############## TEMPOS DE PROCESSAMENTO DO EXERCICIO NO JAIL  ####################
Soma 428 segundos
Media 6.114285714285714 segundos
Desvio padr達o 0.6874976808866265 segundos

95% 5.0 segundos
99% 5.0 segundos

############## TEMPOS DE PROCESSAMENTO DO EXERCICIO NO JAIL COM DOWNLOAD  ################
Soma 479 segundos
Media 6.8428571428571425 segundos
Desvio padr達o 0.9045237781872418 segundos

95% 6.0 segundos
99% 6.0 segundos

################### TEMPOS DE DOWNLOAD DO EXERCICIO NO JAIL #######################
Soma 51 segundos
Media 0.7285714285714285 segundos
Desvio padr達o 0.5048742013449227 segundos

95% 0.0 segundos
99% 0.0 segundos

############################ TEMPOS DE ESPERA NA FILA ############################
Soma 1395
Media 19.928571428571427 segundos
Desvio padr達o 10.355566382484389 segundos

95% 2.0 segundos
99% 2.0 segundos

################### queue_wait_time_list: ######################

[8, 7, 11, 8, 7, 15, 7, 11, 2, 6, 11, 2, 10, 12, 15, 3, 2, 17, 5, 12, 4, 14, 4, 23, 9, 10, 13, 17, 17, 23, 20, 14, 19, 22, 25, 23, 18, 21, 24, 25, 29, 27, 27, 27, 29, 30, 27, 15, 19, 18, 22, 25, 24, 27, 33, 33, 34, 29, 28, 35, 36, 32, 36, 31, 35, 32, 36, 33, 32, 38]

################################################################
################### jail_ex_download_list: ######################

[1, 1, 1, 1, 1, 0, 0, 1, 1, 0, 1, 1, 1, 1, 0, 2, 2, 0, 0, 0, 0, 1, 1, 1, 0, 0, 0, 1, 0, 0, 1, 1, 0, 0, 1, 1, 1, 0, 1, 1, 1, 0, 0, 1, 1, 1, 1, 1, 1, 1, 1, 1, 1, 1, 1, 1, 1, 1, 1, 1, 1, 0, 0, 1, 1, 1, 0, 1, 1, 1]

################################################################
################################################################
################### process_jail_download_list: ######################

[8, 8, 8, 7, 7, 6, 6, 8, 7, 6, 7, 7, 7, 7, 6, 9, 9, 6, 6, 6, 6, 7, 7, 6, 6, 6, 6, 7, 6, 7, 6, 9, 6, 6, 6, 6, 7, 6, 7, 7, 7, 6, 6, 6, 6, 6, 7, 9, 9, 9, 7, 7, 7, 7, 7, 6, 7, 8, 8, 7, 7, 6, 6, 7, 7, 6, 6, 7, 7, 7]

################################################################
################################################################
################### process_jail_list: ######################

[7, 7, 7, 6, 6, 6, 6, 7, 6, 6, 6, 6, 6, 6, 6, 7, 7, 6, 6, 6, 6, 6, 6, 5, 6, 6, 6, 6, 6, 7, 5, 8, 6, 6, 5, 5, 6, 6, 6, 6, 6, 6, 6, 5, 5, 5, 6, 8, 8, 8, 6, 6, 6, 6, 6, 5, 6, 7, 7, 6, 6, 6, 6, 6, 6, 5, 6, 6, 6, 6]

################################################################
