Numero total de amostras 70

Tempo total de processamento: 0:01:24

############## TEMPOS DE PROCESSAMENTO DO EXERCICIO NO JAIL  ####################
Soma 616 segundos
Media 8.8 segundos
Desvio padr達o 1.1161157134071207 segundos

95% 7.0 segundos
99% 7.0 segundos

############## TEMPOS DE PROCESSAMENTO DO EXERCICIO NO JAIL COM DOWNLOAD  ################
Soma 735 segundos
Media 10.5 segundos
Desvio padr達o 1.8185551564752873 segundos

95% 8.0 segundos
99% 8.0 segundos

################### TEMPOS DE DOWNLOAD DO EXERCICIO NO JAIL #######################
Soma 119 segundos
Media 1.7 segundos
Desvio padr達o 1.0330260679880527 segundos

95% 0.0 segundos
99% 0.0 segundos

############################ TEMPOS DE ESPERA NA FILA ############################
Soma 1096
Media 15.657142857142857 segundos
Desvio padr達o 6.269850110502106 segundos

95% 1.0 segundos
99% 1.0 segundos

################### queue_wait_time_list: ######################

[14, 14, 14, 13, 18, 14, 10, 8, 6, 16, 5, 9, 11, 3, 9, 4, 2, 1, 1, 11, 12, 11, 7, 10, 15, 13, 12, 18, 15, 14, 17, 14, 16, 20, 17, 13, 21, 16, 15, 14, 20, 17, 18, 21, 18, 17, 16, 16, 14, 15, 15, 24, 23, 22, 23, 21, 21, 22, 22, 21, 20, 21, 22, 22, 23, 24, 27, 26, 26, 26]

################################################################
################### jail_ex_download_list: ######################

[2, 2, 1, 1, 2, 1, 1, 3, 4, 1, 4, 2, 3, 4, 3, 4, 4, 3, 5, 1, 0, 0, 3, 3, 1, 2, 1, 1, 1, 1, 1, 2, 1, 1, 1, 1, 1, 2, 2, 2, 2, 1, 1, 1, 2, 2, 2, 0, 1, 1, 2, 1, 1, 1, 1, 1, 2, 2, 2, 1, 1, 2, 1, 2, 2, 1, 1, 1, 2, 1]

################################################################
################################################################
################### process_jail_download_list: ######################

[10, 10, 10, 9, 11, 9, 10, 11, 14, 8, 15, 11, 11, 15, 12, 15, 15, 14, 15, 11, 9, 10, 12, 13, 9, 10, 9, 11, 9, 9, 9, 13, 10, 9, 9, 9, 9, 12, 9, 9, 10, 9, 10, 9, 12, 10, 11, 9, 10, 10, 13, 11, 11, 9, 11, 9, 9, 11, 11, 9, 9, 11, 9, 11, 11, 10, 9, 9, 9, 8]

################################################################
################################################################
################### process_jail_list: ######################

[8, 8, 9, 8, 9, 8, 9, 8, 10, 7, 11, 9, 8, 11, 9, 11, 11, 11, 10, 10, 9, 10, 9, 10, 8, 8, 8, 10, 8, 8, 8, 11, 9, 8, 8, 8, 8, 10, 7, 7, 8, 8, 9, 8, 10, 8, 9, 9, 9, 9, 11, 10, 10, 8, 10, 8, 7, 9, 9, 8, 8, 9, 8, 9, 9, 9, 8, 8, 7, 7]

################################################################
