Numero total de amostras 70

Tempo total de processamento: 0:01:45

############## TEMPOS DE PROCESSAMENTO DO EXERCICIO NO JAIL  ####################
Soma 499 segundos
Media 7.128571428571429 segundos
Desvio padr達o 2.661478797164295 segundos

95% 5.0 segundos
99% 5.0 segundos

############## TEMPOS DE PROCESSAMENTO DO EXERCICIO NO JAIL COM DOWNLOAD  ################
Soma 564 segundos
Media 8.057142857142857 segundos
Desvio padr達o 3.2243967953522024 segundos

95% 6.0 segundos
99% 6.0 segundos

################### TEMPOS DE DOWNLOAD DO EXERCICIO NO JAIL #######################
Soma 65 segundos
Media 0.9285714285714286 segundos
Desvio padr達o 0.8162882644092373 segundos

95% 0.0 segundos
99% 0.0 segundos

############################ TEMPOS DE ESPERA NA FILA ############################
Soma 1249
Media 17.84285714285714 segundos
Desvio padr達o 8.499807920999013 segundos

95% 1.0 segundos
99% 1.0 segundos

################### queue_wait_time_list: ######################

[8, 7, 11, 15, 20, 18, 6, 7, 9, 1, 1, 14, 6, 5, 21, 9, 4, 3, 12, 9, 8, 11, 13, 10, 10, 11, 12, 14, 15, 15, 16, 14, 20, 18, 15, 23, 25, 19, 17, 19, 18, 20, 23, 27, 22, 26, 24, 15, 14, 19, 19, 22, 21, 24, 25, 26, 30, 31, 25, 25, 31, 31, 27, 28, 31, 32, 28, 29, 32, 33]

################################################################
################### jail_ex_download_list: ######################

[1, 1, 1, 1, 1, 0, 0, 0, 1, 2, 2, 1, 1, 2, 1, 1, 2, 2, 2, 1, 1, 1, 2, 0, 1, 0, 1, 1, 1, 1, 0, 0, 1, 1, 1, 1, 0, 1, 1, 0, 1, 0, 0, 1, 1, 1, 0, 1, 1, 0, 1, 1, 1, 0, 2, 2, 0, 0, 1, 1, 1, 1, 1, 1, 0, 0, 0, 0, 4, 4]

################################################################
################################################################
################### process_jail_download_list: ######################

[7, 7, 6, 7, 7, 6, 6, 6, 7, 13, 13, 6, 7, 7, 7, 7, 8, 8, 11, 12, 12, 6, 11, 6, 7, 6, 6, 7, 12, 6, 6, 6, 6, 7, 6, 12, 6, 11, 7, 6, 11, 6, 6, 6, 12, 6, 6, 7, 12, 6, 6, 7, 7, 6, 17, 17, 6, 6, 7, 7, 7, 7, 7, 7, 6, 6, 6, 6, 19, 19]

################################################################
################################################################
################### process_jail_list: ######################

[6, 6, 5, 6, 6, 6, 6, 6, 6, 11, 11, 5, 6, 5, 6, 6, 6, 6, 9, 11, 11, 5, 9, 6, 6, 6, 5, 6, 11, 5, 6, 6, 5, 6, 5, 11, 6, 10, 6, 6, 10, 6, 6, 5, 11, 5, 6, 6, 11, 6, 5, 6, 6, 6, 15, 15, 6, 6, 6, 6, 6, 6, 6, 6, 6, 6, 6, 6, 15, 15]

################################################################
