Numero total de amostras 70

Tempo total de processamento: 0:02:56

############## TEMPOS DE PROCESSAMENTO DO EXERCICIO NO JAIL  ####################
Soma 469 segundos
Media 6.7 segundos
Desvio padr達o 3.5631045852899534 segundos

95% 5.0 segundos
99% 5.0 segundos

############## TEMPOS DE PROCESSAMENTO DO EXERCICIO NO JAIL COM DOWNLOAD  ################
Soma 523 segundos
Media 7.4714285714285715 segundos
Desvio padr達o 4.390644041828125 segundos

95% 5.6555 segundos
99% 5.6831 segundos

################### TEMPOS DE DOWNLOAD DO EXERCICIO NO JAIL #######################
Soma 54 segundos
Media 0.7714285714285715 segundos
Desvio padr達o 1.0443238218569753 segundos

95% 0.0 segundos
99% 0.0 segundos

############################ TEMPOS DE ESPERA NA FILA ############################
Soma 4541
Media 64.87142857142857 segundos
Desvio padr達o 33.70838023339572 segundos

95% 4.6555 segundos
99% 4.6831 segundos

################### queue_wait_time_list: ######################

[17, 22, 28, 5, 36, 5, 4, 19, 8, 10, 29, 13, 14, 50, 25, 21, 32, 42, 38, 42, 45, 55, 63, 63, 50, 43, 59, 59, 75, 68, 72, 72, 80, 77, 79, 90, 83, 83, 87, 88, 97, 92, 92, 97, 97, 101, 100, 33, 22, 45, 55, 68, 63, 71, 79, 84, 89, 93, 100, 116, 115, 117, 104, 105, 105, 108, 108, 111, 111, 112]

################################################################
################### jail_ex_download_list: ######################

[1, 1, 0, 4, 1, 1, 1, 0, 1, 0, 1, 1, 1, 0, 1, 1, 1, 0, 1, 1, 1, 0, 0, 1, 1, 5, 0, 1, 0, 0, 0, 1, 1, 0, 0, 0, 0, 1, 0, 0, 0, 1, 1, 1, 0, 0, 1, 1, 4, 1, 1, 0, 5, 1, 1, 0, 0, 0, 1, 0, 1, 1, 0, 0, 1, 1, 0, 1, 0, 0]

################################################################
################################################################
################### process_jail_download_list: ######################

[6, 7, 6, 25, 7, 6, 7, 6, 6, 6, 6, 6, 7, 6, 6, 6, 6, 6, 6, 6, 7, 5, 6, 7, 6, 27, 6, 7, 6, 6, 6, 7, 7, 6, 6, 6, 6, 8, 6, 6, 6, 7, 7, 7, 6, 6, 7, 6, 30, 6, 7, 6, 14, 10, 8, 6, 7, 6, 7, 6, 6, 8, 6, 6, 9, 7, 6, 8, 6, 6]

################################################################
################################################################
################### process_jail_list: ######################

[5, 6, 6, 21, 6, 5, 6, 6, 5, 6, 5, 5, 6, 6, 5, 5, 5, 6, 5, 5, 6, 5, 6, 6, 5, 22, 6, 6, 6, 6, 6, 6, 6, 6, 6, 6, 6, 7, 6, 6, 6, 6, 6, 6, 6, 6, 6, 5, 26, 5, 6, 6, 9, 9, 7, 6, 7, 6, 6, 6, 5, 7, 6, 6, 8, 6, 6, 7, 6, 6]

################################################################
