Numero total de amostras 70

Tempo total de processamento: 0:20:21

############## TEMPOS DE PROCESSAMENTO DO EXERCICIO NO JAIL  ####################
Soma 4739 segundos
Media 67.7 segundos
Desvio padr達o 29.40085032783916 segundos

95% 31.0 segundos
99% 31.0 segundos

############## TEMPOS DE PROCESSAMENTO DO EXERCICIO NO JAIL COM DOWNLOAD  ################
Soma 4875 segundos
Media 69.64285714285714 segundos
Desvio padr達o 29.2174291008861 segundos

95% 32.0 segundos
99% 32.0 segundos

################### TEMPOS DE DOWNLOAD DO EXERCICIO NO JAIL #######################
Soma 136 segundos
Media 1.9428571428571428 segundos
Desvio padr達o 1.5388837725137408 segundos

95% 0.0 segundos
99% 0.0 segundos

############################ TEMPOS DE ESPERA NA FILA ############################
Soma 40339
Media 576.2714285714286 segundos
Desvio padr達o 334.2358842592019 segundos

95% 2.6555 segundos
99% 2.6830999999999996 segundos

################### queue_wait_time_list: ######################

[4, 2, 5, 3, 106, 105, 80, 141, 173, 79, 332, 182, 240, 135, 248, 136, 288, 304, 328, 385, 452, 408, 543, 421, 553, 379, 598, 451, 560, 730, 682, 681, 597, 730, 579, 820, 778, 731, 857, 739, 795, 851, 249, 329, 386, 420, 451, 554, 654, 653, 777, 819, 856, 911, 1046, 862, 948, 1033, 996, 1034, 892, 997, 893, 893, 1069, 1017, 1123, 1010, 1128, 1128]

################################################################
################### jail_ex_download_list: ######################

[3, 1, 3, 1, 0, 0, 3, 6, 2, 4, 2, 5, 4, 0, 1, 0, 2, 3, 1, 0, 1, 1, 3, 1, 1, 2, 0, 3, 2, 2, 2, 3, 0, 1, 4, 4, 4, 1, 2, 0, 0, 1, 1, 1, 0, 1, 1, 1, 1, 1, 4, 4, 2, 0, 1, 1, 1, 5, 4, 5, 1, 4, 3, 3, 1, 1, 1, 1, 4, 4]

################################################################
################################################################
################### process_jail_download_list: ######################

[78, 106, 80, 106, 32, 32, 98, 43, 119, 67, 80, 58, 68, 118, 84, 118, 47, 78, 60, 38, 106, 140, 39, 32, 47, 78, 58, 113, 127, 51, 51, 50, 58, 50, 108, 40, 44, 70, 39, 117, 72, 66, 84, 60, 38, 32, 106, 47, 80, 91, 44, 40, 39, 103, 79, 32, 72, 99, 40, 99, 58, 40, 108, 108, 90, 32, 45, 63, 40, 40]

################################################################
################################################################
################### process_jail_list: ######################

[75, 105, 77, 105, 32, 32, 95, 37, 117, 63, 78, 53, 64, 118, 83, 118, 45, 75, 59, 38, 105, 139, 36, 31, 46, 76, 58, 110, 125, 49, 49, 47, 58, 49, 104, 36, 40, 69, 37, 117, 72, 65, 83, 59, 38, 31, 105, 46, 79, 90, 40, 36, 37, 103, 78, 31, 71, 94, 36, 94, 57, 36, 105, 105, 89, 31, 44, 62, 36, 36]

################################################################
