Numero total de amostras 70

Tempo total de processamento: 0:03:12

############## TEMPOS DE PROCESSAMENTO DO EXERCICIO NO JAIL  ####################
Soma 507 segundos
Media 7.242857142857143 segundos
Desvio padr達o 1.088061372818835 segundos

95% 6.0 segundos
99% 6.0 segundos

############## TEMPOS DE PROCESSAMENTO DO EXERCICIO NO JAIL COM DOWNLOAD  ################
Soma 577 segundos
Media 8.242857142857142 segundos
Desvio padr達o 1.3673301857030342 segundos

95% 7.0 segundos
99% 7.0 segundos

################### TEMPOS DE DOWNLOAD DO EXERCICIO NO JAIL #######################
Soma 70 segundos
Media 1.0 segundos
Desvio padr達o 0.5345224838248488 segundos

95% 0.0 segundos
99% 0.0 segundos

############################ TEMPOS DE ESPERA NA FILA ############################
Soma 4850
Media 69.28571428571429 segundos
Desvio padr達o 38.23877719844939 segundos

95% 1.6555 segundos
99% 1.6831 segundos

################### queue_wait_time_list: ######################

[15, 22, 14, 15, 21, 23, 3, 2, 1, 37, 37, 8, 10, 9, 48, 30, 29, 30, 42, 47, 53, 53, 58, 62, 58, 52, 81, 63, 66, 69, 72, 74, 87, 84, 92, 89, 83, 95, 99, 110, 96, 101, 104, 105, 109, 110, 114, 36, 42, 42, 48, 59, 62, 68, 73, 90, 94, 100, 105, 128, 129, 113, 130, 115, 120, 119, 121, 125, 124, 125]

################################################################
################### jail_ex_download_list: ######################

[2, 1, 2, 2, 1, 1, 1, 1, 2, 1, 1, 1, 1, 1, 1, 1, 1, 1, 1, 1, 1, 1, 1, 1, 1, 1, 1, 1, 1, 0, 1, 3, 1, 1, 1, 1, 1, 1, 1, 1, 1, 1, 0, 1, 1, 1, 1, 1, 1, 1, 1, 1, 1, 0, 3, 1, 1, 1, 0, 1, 1, 1, 0, 1, 0, 0, 1, 1, 1, 0]

################################################################
################################################################
################### process_jail_download_list: ######################

[10, 10, 10, 10, 10, 10, 10, 10, 10, 8, 8, 8, 8, 8, 8, 9, 10, 10, 8, 8, 8, 7, 7, 7, 7, 8, 8, 8, 8, 8, 12, 13, 8, 8, 7, 8, 8, 7, 8, 7, 7, 7, 7, 7, 7, 8, 9, 8, 8, 8, 8, 7, 8, 8, 13, 8, 7, 8, 7, 8, 8, 9, 7, 8, 7, 7, 7, 7, 7, 7]

################################################################
################################################################
################### process_jail_list: ######################

[8, 9, 8, 8, 9, 9, 9, 9, 8, 7, 7, 7, 7, 7, 7, 8, 9, 9, 7, 7, 7, 6, 6, 6, 6, 7, 7, 7, 7, 8, 11, 10, 7, 7, 6, 7, 7, 6, 7, 6, 6, 6, 7, 6, 6, 7, 8, 7, 7, 7, 7, 6, 7, 8, 10, 7, 6, 7, 7, 7, 7, 8, 7, 7, 7, 7, 6, 6, 6, 7]

################################################################
