Numero total de amostras 70

Tempo total de processamento: 0:01:41

############## TEMPOS DE PROCESSAMENTO DO EXERCICIO NO JAIL  ####################
Soma 437 segundos
Media 6.242857142857143 segundos
Desvio padr達o 0.8182859138068391 segundos

95% 5.0 segundos
99% 5.0 segundos

############## TEMPOS DE PROCESSAMENTO DO EXERCICIO NO JAIL COM DOWNLOAD  ################
Soma 481 segundos
Media 6.871428571428571 segundos
Desvio padr達o 1.0408983561112497 segundos

95% 6.0 segundos
99% 6.0 segundos

################### TEMPOS DE DOWNLOAD DO EXERCICIO NO JAIL #######################
Soma 44 segundos
Media 0.6285714285714286 segundos
Desvio padr達o 0.5390846361175201 segundos

95% 0.0 segundos
99% 0.0 segundos

############################ TEMPOS DE ESPERA NA FILA ############################
Soma 1449
Media 20.7 segundos
Desvio padr達o 10.932716300823218 segundos

95% 2.6555 segundos
99% 2.6830999999999996 segundos

################### queue_wait_time_list: ######################

[9, 9, 13, 8, 7, 10, 2, 15, 7, 7, 3, 4, 19, 4, 13, 5, 6, 12, 12, 11, 5, 11, 5, 15, 10, 16, 28, 17, 12, 15, 17, 19, 24, 17, 21, 26, 23, 20, 25, 26, 30, 27, 27, 30, 30, 27, 16, 19, 18, 22, 23, 27, 34, 30, 31, 35, 36, 36, 32, 33, 33, 33, 38, 38, 32, 37, 34, 39, 36, 38]

################################################################
################### jail_ex_download_list: ######################

[1, 1, 1, 1, 1, 1, 0, 0, 1, 0, 1, 0, 1, 1, 1, 1, 1, 1, 1, 1, 0, 1, 0, 0, 1, 0, 1, 1, 1, 1, 1, 1, 0, 1, 1, 0, 1, 0, 0, 0, 0, 0, 1, 0, 0, 1, 0, 0, 1, 2, 2, 1, 1, 1, 1, 1, 1, 0, 0, 1, 0, 0, 1, 1, 1, 0, 0, 0, 0, 0]

################################################################
################################################################
################### process_jail_download_list: ######################

[6, 6, 6, 8, 8, 6, 6, 7, 7, 6, 7, 6, 10, 7, 6, 7, 7, 8, 8, 7, 6, 7, 6, 6, 7, 6, 8, 6, 7, 6, 7, 7, 6, 7, 7, 6, 6, 6, 6, 6, 6, 6, 7, 6, 6, 7, 7, 6, 10, 10, 10, 8, 6, 8, 8, 8, 8, 6, 6, 7, 7, 7, 7, 7, 7, 6, 6, 7, 6, 7]

################################################################
################################################################
################### process_jail_list: ######################

[5, 5, 5, 7, 7, 5, 6, 7, 6, 6, 6, 6, 9, 6, 5, 6, 6, 7, 7, 6, 6, 6, 6, 6, 6, 6, 7, 5, 6, 5, 6, 6, 6, 6, 6, 6, 5, 6, 6, 6, 6, 6, 6, 6, 6, 6, 7, 6, 9, 8, 8, 7, 5, 7, 7, 7, 7, 6, 6, 6, 7, 7, 6, 6, 6, 6, 6, 7, 6, 7]

################################################################
