Numero total de amostras 65

Tempo total de processamento: 0:13:18

############## TEMPOS DE PROCESSAMENTO DO EXERCICIO NO JAIL  ####################
Soma 681 segundos
Media 10.476923076923077 segundos
Desvio padrão 3.5996055010672503 segundos

95% 6.0 segundos
99% 6.0 segundos

############## TEMPOS DE PROCESSAMENTO DO EXERCICIO NO JAIL COM DOWNLOAD  ################
Soma 801 segundos
Media 12.323076923076924 segundos
Desvio padrão 4.13654516682216 segundos

95% 7.0 segundos
99% 7.0 segundos

################### TEMPOS DE DOWNLOAD DO EXERCICIO NO JAIL #######################
Soma 120 segundos
Media 1.8461538461538463 segundos
Desvio padrão 1.1926798426654956 segundos

95% 0.0 segundos
99% 0.0 segundos

############################ TEMPOS DE ESPERA NA FILA ############################
Soma 24214
Media 372.5230769230769 segundos
Desvio padrão 195.18922634930505 segundos

95% 20.944000000000003 segundos
99% 21.4048 segundos

################### queue_wait_time_list: ######################

[39, 64, 10, 89, 52, 28, 100, 75, 112, 124, 139, 158, 172, 188, 209, 221, 229, 237, 246, 257, 269, 278, 286, 297, 319, 327, 335, 354, 365, 373, 388, 396, 416, 428, 437, 453, 461, 470, 486, 493, 506, 512, 521, 545, 554, 564, 591, 309, 345, 381, 404, 445, 479, 499, 531, 576, 610, 624, 641, 655, 668, 685, 716, 731, 742]

################################################################
################### jail_ex_download_list: ######################

[3, 2, 5, 3, 2, 1, 2, 3, 1, 2, 4, 4, 4, 4, 3, 1, 0, 1, 2, 2, 3, 1, 1, 1, 2, 2, 2, 2, 1, 0, 1, 0, 3, 2, 0, 1, 1, 1, 1, 1, 1, 1, 1, 2, 2, 2, 4, 2, 0, 0, 1, 1, 1, 1, 3, 3, 2, 2, 4, 4, 3, 1, 2, 1, 1]

################################################################
################################################################
################### process_jail_download_list: ######################

[14, 12, 19, 12, 13, 12, 12, 15, 12, 16, 20, 15, 17, 21, 13, 9, 9, 10, 12, 13, 10, 9, 11, 13, 9, 9, 11, 12, 9, 9, 9, 9, 13, 10, 9, 9, 10, 9, 8, 7, 7, 9, 11, 10, 11, 13, 19, 11, 9, 8, 12, 9, 8, 8, 15, 16, 15, 17, 15, 14, 18, 32, 15, 12, 16]

################################################################
################################################################
################### process_jail_list: ######################

[11, 10, 14, 9, 11, 11, 10, 12, 11, 14, 16, 11, 13, 17, 10, 8, 9, 9, 10, 11, 7, 8, 10, 12, 7, 7, 9, 10, 8, 9, 8, 9, 10, 8, 9, 8, 9, 8, 7, 6, 6, 8, 10, 8, 9, 11, 15, 9, 9, 8, 11, 8, 7, 7, 12, 13, 13, 15, 11, 10, 15, 31, 13, 11, 15]

################################################################
Numero total de amostras 70

Tempo total de processamento: 0:07:01

############## TEMPOS DE PROCESSAMENTO DO EXERCICIO NO JAIL  ####################
Soma 376 segundos
Media 5.371428571428571 segundos
Desvio padrão 0.4831867007225075 segundos
Minimo 5 segundos
Maximo 6 segundos

95% 5.0 segundos
99% 5.0 segundos

############## TEMPOS DE PROCESSAMENTO DO EXERCICIO NO JAIL COM DOWNLOAD  ################
Soma 422 segundos
Media 6.0285714285714285 segundos
Desvio padrão 0.1665986255670086 segundos
Minimo 6 segundos
Maximo 7 segundos

95% 6.0 segundos
99% 6.0 segundos

################### TEMPOS DE DOWNLOAD DO EXERCICIO NO JAIL #######################
Soma 46 segundos
Media 0.6571428571428571 segundos
Desvio padrão 0.4746642207381757 segundos
Minimo 0 segundos
Maximo 1 segundos

95% 0.0 segundos
99% 0.0 segundos

############################ TEMPOS DE ESPERA NA FILA ############################
Soma 12464
Media 178.05714285714285 segundos
Desvio padrão 100.09037140993928 segundos
Minimo 5 segundos
Maximo 349 segundos

95% 8.933 segundos
99% 9.0986 segundos

################### queue_wait_time_list: ######################

[31, 41, 5, 46, 11, 16, 21, 36, 26, 52, 62, 67, 72, 82, 87, 98, 103, 108, 116, 121, 127, 137, 141, 145, 155, 160, 170, 174, 180, 190, 195, 200, 211, 216, 221, 231, 236, 245, 250, 255, 266, 271, 277, 287, 292, 297, 302, 57, 77, 93, 113, 132, 150, 165, 185, 205, 226, 240, 261, 282, 292, 349, 307, 313, 318, 323, 328, 333, 339, 344]

################################################################
################### jail_ex_download_list: ######################

[0, 0, 1, 0, 0, 0, 0, 0, 0, 0, 0, 0, 0, 1, 1, 1, 0, 1, 1, 1, 1, 1, 1, 1, 1, 1, 1, 1, 1, 1, 1, 1, 1, 1, 1, 1, 1, 1, 1, 1, 0, 0, 0, 0, 0, 0, 0, 0, 1, 1, 1, 1, 1, 1, 1, 1, 1, 1, 0, 0, 0, 1, 1, 1, 1, 1, 1, 1, 1, 1]

################################################################
################################################################
################### process_jail_download_list: ######################

[6, 6, 7, 6, 6, 6, 6, 6, 6, 6, 6, 6, 6, 6, 6, 6, 6, 6, 6, 6, 6, 6, 6, 6, 6, 6, 6, 6, 6, 6, 6, 6, 6, 6, 6, 6, 6, 6, 6, 7, 6, 6, 6, 6, 6, 6, 6, 6, 6, 6, 6, 6, 6, 6, 6, 6, 6, 6, 6, 6, 6, 6, 6, 6, 6, 6, 6, 6, 6, 6]

################################################################
################################################################
################### process_jail_list: ######################

[6, 6, 6, 6, 6, 6, 6, 6, 6, 6, 6, 6, 6, 5, 5, 5, 6, 5, 5, 5, 5, 5, 5, 5, 5, 5, 5, 5, 5, 5, 5, 5, 5, 5, 5, 5, 5, 5, 5, 6, 6, 6, 6, 6, 6, 6, 6, 6, 5, 5, 5, 5, 5, 5, 5, 5, 5, 5, 6, 6, 6, 5, 5, 5, 5, 5, 5, 5, 5, 5]

################################################################
