Numero total de amostras 70

Tempo total de processamento: 0:07:11

############## TEMPOS DE PROCESSAMENTO DO EXERCICIO NO JAIL  ####################
Soma 395 segundos
Media 5.642857142857143 segundos
Desvio padr達o 0.4791574237499549 segundos

95% 5.0 segundos
99% 5.0 segundos

############## TEMPOS DE PROCESSAMENTO DO EXERCICIO NO JAIL COM DOWNLOAD  ################
Soma 431 segundos
Media 6.1571428571428575 segundos
Desvio padr達o 0.3639354057959142 segundos

95% 6.0 segundos
99% 6.0 segundos

################### TEMPOS DE DOWNLOAD DO EXERCICIO NO JAIL #######################
Soma 36 segundos
Media 0.5142857142857142 segundos
Desvio padr達o 0.49979587670102593 segundos

95% 0.0 segundos
99% 0.0 segundos

############################ TEMPOS DE ESPERA NA FILA ############################
Soma 13474
Media 192.4857142857143 segundos
Desvio padr達o 106.98875012383884 segundos

95% 11.933 segundos
99% 12.098600000000001 segundos

################### queue_wait_time_list: ######################

[30, 36, 8, 52, 14, 19, 25, 41, 57, 63, 74, 79, 84, 95, 100, 111, 116, 122, 132, 137, 143, 153, 159, 164, 174, 180, 190, 195, 201, 211, 216, 222, 232, 237, 248, 254, 259, 269, 274, 280, 291, 296, 301, 311, 316, 328, 333, 47, 68, 90, 105, 127, 148, 169, 185, 206, 227, 243, 264, 285, 306, 322, 338, 343, 348, 353, 359, 364, 370, 375]

################################################################
################### jail_ex_download_list: ######################

[0, 1, 1, 1, 1, 1, 0, 1, 1, 0, 1, 1, 1, 0, 0, 1, 1, 0, 0, 1, 1, 1, 0, 0, 0, 0, 1, 1, 0, 0, 1, 1, 1, 1, 0, 0, 0, 1, 1, 0, 0, 0, 1, 1, 1, 0, 0, 0, 0, 0, 0, 0, 1, 0, 1, 0, 1, 0, 1, 0, 1, 0, 0, 1, 1, 1, 0, 0, 1, 1]

################################################################
################################################################
################### process_jail_download_list: ######################

[6, 6, 7, 6, 6, 7, 6, 7, 7, 6, 6, 6, 7, 6, 6, 6, 7, 6, 6, 6, 6, 6, 6, 6, 6, 6, 6, 7, 6, 6, 6, 6, 6, 7, 6, 6, 6, 6, 7, 6, 6, 6, 6, 6, 7, 6, 6, 6, 6, 6, 6, 6, 6, 6, 6, 6, 6, 6, 6, 6, 6, 6, 6, 6, 6, 7, 6, 6, 6, 6]

################################################################
################################################################
################### process_jail_list: ######################

[6, 5, 6, 5, 5, 6, 6, 6, 6, 6, 5, 5, 6, 6, 6, 5, 6, 6, 6, 5, 5, 5, 6, 6, 6, 6, 5, 6, 6, 6, 5, 5, 5, 6, 6, 6, 6, 5, 6, 6, 6, 6, 5, 5, 6, 6, 6, 6, 6, 6, 6, 6, 5, 6, 5, 6, 5, 6, 5, 6, 5, 6, 6, 5, 5, 6, 6, 6, 5, 5]

################################################################
