Numero total de amostras 70

Tempo total de processamento: 0:17:28

############## TEMPOS DE PROCESSAMENTO DO EXERCICIO NO JAIL  ####################
Soma 4070 segundos
Media 58.142857142857146 segundos
Desvio padr達o 23.18144930406066 segundos

95% 31.0 segundos
99% 31.0 segundos

############## TEMPOS DE PROCESSAMENTO DO EXERCICIO NO JAIL COM DOWNLOAD  ################
Soma 4168 segundos
Media 59.542857142857144 segundos
Desvio padr達o 23.115045016664986 segundos

95% 32.0 segundos
99% 32.0 segundos

################### TEMPOS DE DOWNLOAD DO EXERCICIO NO JAIL #######################
Soma 98 segundos
Media 1.4 segundos
Desvio padr達o 1.3564659966250536 segundos

95% 0.0 segundos
99% 0.0 segundos

############################ TEMPOS DE ESPERA NA FILA ############################
Soma 33433
Media 477.6142857142857 segundos
Desvio padr達o 285.7840989706911 segundos

95% 1.6555 segundos
99% 1.6831 segundos

################### queue_wait_time_list: ######################

[121, 7, 83, 80, 1, 2, 32, 181, 7, 300, 258, 162, 120, 301, 163, 360, 180, 468, 307, 595, 410, 347, 416, 346, 563, 518, 416, 695, 663, 517, 544, 621, 662, 596, 733, 626, 701, 725, 774, 700, 773, 31, 83, 79, 200, 200, 259, 308, 359, 411, 469, 564, 544, 622, 627, 696, 724, 732, 945, 842, 841, 946, 890, 808, 808, 891, 829, 830, 910, 911]

################################################################
################### jail_ex_download_list: ######################

[1, 3, 3, 0, 1, 1, 0, 1, 3, 2, 1, 1, 1, 2, 1, 1, 1, 0, 0, 1, 1, 2, 2, 2, 1, 1, 2, 1, 1, 1, 1, 1, 1, 1, 6, 0, 1, 1, 0, 1, 0, 0, 3, 0, 0, 0, 1, 0, 1, 1, 0, 1, 1, 1, 0, 1, 1, 6, 4, 4, 4, 4, 1, 3, 3, 1, 0, 0, 3, 3]

################################################################
################################################################
################### process_jail_download_list: ######################

[64, 81, 39, 88, 33, 33, 50, 125, 81, 49, 53, 41, 64, 49, 41, 53, 125, 79, 55, 34, 61, 75, 105, 75, 34, 49, 105, 32, 35, 49, 83, 44, 35, 34, 79, 80, 35, 53, 59, 35, 59, 50, 39, 88, 60, 60, 53, 55, 53, 61, 79, 34, 83, 44, 80, 32, 53, 79, 40, 72, 72, 40, 105, 37, 37, 105, 65, 65, 37, 37]

################################################################
################################################################
################### process_jail_list: ######################

[63, 78, 36, 88, 32, 32, 50, 124, 78, 47, 52, 40, 63, 47, 40, 52, 124, 79, 55, 33, 60, 73, 103, 73, 33, 48, 103, 31, 34, 48, 82, 43, 34, 33, 73, 80, 34, 52, 59, 34, 59, 50, 36, 88, 60, 60, 52, 55, 52, 60, 79, 33, 82, 43, 80, 31, 52, 73, 36, 68, 68, 36, 104, 34, 34, 104, 65, 65, 34, 34]

################################################################
