Numero total de amostras 70

Tempo total de processamento: 0:01:44

############## TEMPOS DE PROCESSAMENTO DO EXERCICIO NO JAIL  ####################
Soma 442 segundos
Media 6.314285714285714 segundos
Desvio padr達o 0.9187391537607729 segundos

95% 5.0 segundos
99% 5.0 segundos

############## TEMPOS DE PROCESSAMENTO DO EXERCICIO NO JAIL COM DOWNLOAD  ################
Soma 491 segundos
Media 7.014285714285714 segundos
Desvio padr達o 1.101853725615638 segundos

95% 5.6555 segundos
99% 5.6831 segundos

################### TEMPOS DE DOWNLOAD DO EXERCICIO NO JAIL #######################
Soma 49 segundos
Media 0.7 segundos
Desvio padr達o 0.48843774277939306 segundos

95% 0.0 segundos
99% 0.0 segundos

############################ TEMPOS DE ESPERA NA FILA ############################
Soma 1700
Media 24.285714285714285 segundos
Desvio padr達o 11.1728533983591 segundos

95% 3.6555 segundos
99% 3.6831 segundos

################### queue_wait_time_list: ######################

[9, 16, 9, 9, 17, 15, 4, 3, 13, 12, 14, 7, 7, 6, 13, 20, 8, 14, 8, 21, 10, 20, 11, 17, 20, 18, 16, 28, 23, 25, 27, 23, 35, 22, 24, 33, 24, 26, 25, 30, 27, 29, 31, 35, 33, 30, 33, 20, 19, 22, 27, 30, 32, 30, 40, 35, 40, 39, 39, 35, 34, 40, 43, 43, 38, 43, 38, 38, 38, 37]

################################################################
################### jail_ex_download_list: ######################

[1, 0, 0, 0, 0, 1, 1, 1, 1, 1, 1, 1, 1, 1, 0, 1, 1, 0, 1, 0, 1, 0, 1, 1, 1, 0, 1, 1, 1, 1, 1, 0, 1, 1, 0, 0, 1, 1, 0, 2, 0, 0, 1, 1, 1, 1, 0, 1, 1, 1, 0, 0, 1, 1, 1, 1, 1, 1, 1, 1, 1, 1, 0, 1, 1, 1, 0, 1, 0, 0]

################################################################
################################################################
################### process_jail_download_list: ######################

[9, 6, 6, 6, 6, 7, 9, 9, 10, 10, 7, 6, 7, 7, 6, 8, 6, 6, 9, 6, 7, 6, 7, 9, 7, 6, 8, 6, 8, 7, 7, 6, 6, 7, 7, 6, 8, 7, 6, 9, 7, 6, 7, 8, 6, 7, 6, 8, 7, 7, 7, 6, 6, 9, 6, 8, 7, 7, 7, 7, 7, 8, 5, 6, 6, 8, 7, 7, 6, 6]

################################################################
################################################################
################### process_jail_list: ######################

[8, 6, 6, 6, 6, 6, 8, 8, 9, 9, 6, 5, 6, 6, 6, 7, 5, 6, 8, 6, 6, 6, 6, 8, 6, 6, 7, 5, 7, 6, 6, 6, 5, 6, 7, 6, 7, 6, 6, 7, 7, 6, 6, 7, 5, 6, 6, 7, 6, 6, 7, 6, 5, 8, 5, 7, 6, 6, 6, 6, 6, 7, 5, 5, 5, 7, 7, 6, 6, 6]

################################################################
