Numero total de amostras 70

Tempo total de processamento: 0:02:01

############## TEMPOS DE PROCESSAMENTO DO EXERCICIO NO JAIL  ####################
Soma 585 segundos
Media 8.357142857142858 segundos
Desvio padr達o 0.8949974347244049 segundos

95% 7.0 segundos
99% 7.0 segundos

############## TEMPOS DE PROCESSAMENTO DO EXERCICIO NO JAIL COM DOWNLOAD  ################
Soma 675 segundos
Media 9.642857142857142 segundos
Desvio padr達o 1.2987435058076522 segundos

95% 8.0 segundos
99% 8.0 segundos

################### TEMPOS DE DOWNLOAD DO EXERCICIO NO JAIL #######################
Soma 90 segundos
Media 1.2857142857142858 segundos
Desvio padr達o 0.6356741560367711 segundos

95% 0.0 segundos
99% 0.0 segundos

############################ TEMPOS DE ESPERA NA FILA ############################
Soma 2307
Media 32.957142857142856 segundos
Desvio padr達o 14.750724644946104 segundos

95% 3.622 segundos
99% 3.7323999999999997 segundos

################### queue_wait_time_list: ######################

[6, 31, 1, 19, 22, 17, 9, 15, 8, 15, 8, 16, 5, 25, 7, 21, 16, 17, 25, 21, 32, 22, 21, 39, 23, 25, 28, 24, 27, 36, 26, 30, 46, 36, 43, 37, 35, 34, 39, 45, 43, 38, 38, 47, 48, 44, 42, 26, 31, 30, 33, 34, 40, 38, 43, 51, 52, 48, 56, 55, 55, 54, 56, 47, 56, 48, 51, 51, 50, 50]

################################################################
################### jail_ex_download_list: ######################

[3, 1, 1, 1, 1, 2, 1, 0, 2, 2, 3, 2, 3, 1, 3, 1, 2, 2, 2, 2, 0, 1, 1, 1, 1, 2, 1, 1, 1, 1, 2, 1, 1, 1, 1, 1, 1, 1, 2, 1, 1, 1, 1, 1, 1, 1, 2, 1, 2, 2, 1, 1, 1, 0, 1, 1, 1, 1, 1, 1, 1, 2, 1, 1, 1, 1, 1, 1, 1, 1]

################################################################
################################################################
################### process_jail_download_list: ######################

[14, 9, 9, 9, 9, 11, 10, 9, 12, 11, 13, 11, 14, 8, 14, 8, 10, 10, 11, 9, 8, 9, 9, 9, 8, 11, 10, 9, 10, 9, 10, 9, 9, 10, 9, 9, 9, 10, 10, 9, 9, 9, 9, 9, 9, 9, 9, 11, 9, 9, 9, 9, 9, 8, 9, 10, 9, 9, 10, 10, 10, 10, 9, 9, 8, 9, 10, 9, 10, 10]

################################################################
################################################################
################### process_jail_list: ######################

[11, 8, 8, 8, 8, 9, 9, 9, 10, 9, 10, 9, 11, 7, 11, 7, 8, 8, 9, 7, 8, 8, 8, 8, 7, 9, 9, 8, 9, 8, 8, 8, 8, 9, 8, 8, 8, 9, 8, 8, 8, 8, 8, 8, 8, 8, 7, 10, 7, 7, 8, 8, 8, 8, 8, 9, 8, 8, 9, 9, 9, 8, 8, 8, 7, 8, 9, 8, 9, 9]

################################################################
