Numero total de amostras 70

Tempo total de processamento: 0:12:34

############## TEMPOS DE PROCESSAMENTO DO EXERCICIO NO JAIL  ####################
Soma 641 segundos
Media 9.157142857142857 segundos
Desvio padr達o 2.2968034575141556 segundos

95% 6.0 segundos
99% 6.0 segundos

############## TEMPOS DE PROCESSAMENTO DO EXERCICIO NO JAIL COM DOWNLOAD  ################
Soma 755 segundos
Media 10.785714285714286 segundos
Desvio padr達o 3.013744027157 segundos

95% 6.6555 segundos
99% 6.6831000000000005 segundos

################### TEMPOS DE DOWNLOAD DO EXERCICIO NO JAIL #######################
Soma 114 segundos
Media 1.6285714285714286 segundos
Desvio padr達o 1.0165969642661254 segundos

95% 0.0 segundos
99% 0.0 segundos

############################ TEMPOS DE ESPERA NA FILA ############################
Soma 22954
Media 327.9142857142857 segundos
Desvio padr達o 196.68842241017666 segundos

95% 12.8995 segundos
99% 13.1479 segundos

################### queue_wait_time_list: ######################

[31, 38, 7, 51, 16, 23, 44, 65, 80, 89, 105, 113, 123, 141, 155, 175, 189, 199, 218, 228, 240, 256, 265, 274, 295, 304, 321, 330, 342, 369, 379, 387, 405, 411, 426, 432, 438, 455, 468, 478, 494, 503, 514, 536, 546, 571, 581, 56, 97, 131, 163, 208, 248, 284, 312, 358, 397, 417, 445, 486, 524, 557, 591, 604, 622, 646, 660, 669, 679, 690]

################################################################
################### jail_ex_download_list: ######################

[1, 0, 2, 0, 1, 1, 1, 3, 2, 1, 1, 0, 1, 3, 1, 3, 2, 3, 1, 3, 1, 1, 1, 1, 2, 2, 1, 2, 4, 2, 1, 1, 0, 1, 0, 1, 1, 3, 2, 1, 1, 2, 1, 2, 3, 2, 2, 1, 1, 2, 2, 2, 1, 1, 1, 2, 1, 1, 0, 1, 3, 4, 2, 2, 5, 3, 2, 3, 2, 1]

################################################################
################################################################
################### process_jail_download_list: ######################

[8, 7, 10, 6, 8, 8, 8, 16, 10, 8, 9, 11, 9, 14, 9, 15, 11, 10, 11, 12, 9, 9, 10, 11, 10, 9, 10, 13, 17, 11, 9, 11, 7, 7, 7, 7, 8, 14, 11, 8, 10, 12, 11, 11, 12, 11, 11, 10, 9, 11, 13, 11, 9, 11, 10, 11, 9, 9, 11, 9, 13, 14, 14, 19, 25, 14, 10, 15, 11, 11]

################################################################
################################################################
################### process_jail_list: ######################

[7, 7, 8, 6, 7, 7, 7, 13, 8, 7, 8, 11, 8, 11, 8, 12, 9, 7, 10, 9, 8, 8, 9, 10, 8, 7, 9, 11, 13, 9, 8, 10, 7, 6, 7, 6, 7, 11, 9, 7, 9, 10, 10, 9, 9, 9, 9, 9, 8, 9, 11, 9, 8, 10, 9, 9, 8, 8, 11, 8, 10, 10, 12, 17, 20, 11, 8, 12, 9, 10]

################################################################
