Numero total de amostras 70

Tempo total de processamento: 0:05:27

############## TEMPOS DE PROCESSAMENTO DO EXERCICIO NO JAIL  ####################
Soma 568 segundos
Media 8.114285714285714 segundos
Desvio padr達o 4.920925746653939 segundos

95% 5.0 segundos
99% 5.0 segundos

############## TEMPOS DE PROCESSAMENTO DO EXERCICIO NO JAIL COM DOWNLOAD  ################
Soma 651 segundos
Media 9.3 segundos
Desvio padr達o 6.0718319193751435 segundos

95% 6.0 segundos
99% 6.0 segundos

################### TEMPOS DE DOWNLOAD DO EXERCICIO NO JAIL #######################
Soma 83 segundos
Media 1.1857142857142857 segundos
Desvio padr達o 1.3762563833287247 segundos

95% 0.0 segundos
99% 0.0 segundos

############################ TEMPOS DE ESPERA NA FILA ############################
Soma 9572
Media 136.74285714285713 segundos
Desvio padr達o 78.43153260087712 segundos

95% 3.622 segundos
99% 3.7323999999999997 segundos

################### queue_wait_time_list: ######################

[38, 23, 33, 1, 22, 7, 12, 18, 5, 48, 27, 58, 41, 63, 78, 69, 74, 105, 84, 78, 97, 95, 120, 140, 110, 125, 113, 135, 150, 132, 171, 155, 149, 196, 166, 181, 170, 202, 186, 191, 211, 220, 203, 218, 230, 226, 236, 43, 53, 54, 90, 99, 115, 131, 146, 160, 176, 190, 206, 216, 230, 264, 240, 237, 245, 250, 245, 255, 259, 256]

################################################################
################### jail_ex_download_list: ######################

[1, 0, 1, 1, 5, 1, 1, 0, 3, 0, 1, 1, 2, 1, 1, 0, 1, 0, 0, 4, 3, 1, 1, 0, 0, 1, 7, 0, 1, 4, 0, 1, 4, 0, 0, 1, 5, 0, 1, 2, 0, 1, 2, 2, 2, 1, 0, 0, 1, 3, 1, 1, 0, 0, 1, 1, 1, 1, 0, 1, 1, 1, 0, 1, 0, 0, 2, 1, 1, 1]

################################################################
################################################################
################### process_jail_download_list: ######################

[7, 6, 6, 7, 22, 6, 7, 6, 22, 6, 6, 6, 17, 7, 7, 6, 6, 6, 6, 23, 20, 6, 6, 6, 6, 7, 23, 6, 6, 20, 6, 6, 26, 6, 6, 6, 25, 6, 6, 16, 6, 6, 18, 14, 10, 6, 6, 6, 6, 28, 6, 7, 6, 6, 6, 7, 6, 7, 6, 6, 7, 6, 6, 10, 6, 6, 14, 6, 6, 15]

################################################################
################################################################
################### process_jail_list: ######################

[6, 6, 5, 6, 17, 5, 6, 6, 19, 6, 5, 5, 15, 6, 6, 6, 5, 6, 6, 19, 17, 5, 5, 6, 6, 6, 16, 6, 5, 16, 6, 5, 22, 6, 6, 5, 20, 6, 5, 14, 6, 5, 16, 12, 8, 5, 6, 6, 5, 25, 5, 6, 6, 6, 5, 6, 5, 6, 6, 5, 6, 5, 6, 9, 6, 6, 12, 5, 5, 14]

################################################################
