Numero total de amostras 70

Tempo total de processamento: 0:12:35

############## TEMPOS DE PROCESSAMENTO DO EXERCICIO NO JAIL  ####################
Soma 654 segundos
Media 9.342857142857143 segundos
Desvio padr達o 1.9703931028076187 segundos

95% 6.6555 segundos
99% 6.6831000000000005 segundos

############## TEMPOS DE PROCESSAMENTO DO EXERCICIO NO JAIL COM DOWNLOAD  ################
Soma 757 segundos
Media 10.814285714285715 segundos
Desvio padr達o 2.8045516939578117 segundos

95% 7.6555 segundos
99% 7.6831 segundos

################### TEMPOS DE DOWNLOAD DO EXERCICIO NO JAIL #######################
Soma 103 segundos
Media 1.4714285714285715 segundos
Desvio padr達o 1.0242966725853344 segundos

95% 0.0 segundos
99% 0.0 segundos

############################ TEMPOS DE ESPERA NA FILA ############################
Soma 26185
Media 374.07142857142856 segundos
Desvio padr達o 207.7806756743116 segundos

95% 20.1435 segundos
99% 20.612699999999997 segundos

################### queue_wait_time_list: ######################

[35, 43, 9, 50, 26, 58, 69, 81, 91, 100, 120, 139, 148, 166, 176, 210, 220, 228, 249, 259, 271, 294, 308, 317, 336, 347, 375, 382, 391, 412, 422, 431, 448, 457, 473, 493, 502, 520, 528, 536, 557, 566, 579, 596, 604, 622, 635, 111, 158, 197, 238, 282, 327, 363, 400, 439, 485, 509, 545, 588, 614, 701, 644, 651, 658, 664, 672, 679, 687, 694]

################################################################
################### jail_ex_download_list: ######################

[1, 1, 4, 1, 1, 1, 2, 1, 1, 1, 4, 1, 2, 1, 5, 2, 1, 1, 1, 2, 2, 2, 1, 2, 1, 4, 1, 1, 1, 1, 2, 1, 1, 4, 2, 2, 0, 1, 1, 1, 1, 4, 1, 1, 1, 3, 1, 1, 1, 2, 2, 1, 1, 3, 3, 1, 1, 1, 1, 1, 1, 1, 0, 0, 1, 1, 0, 1, 1, 1]

################################################################
################################################################
################### process_jail_download_list: ######################

[9, 8, 18, 9, 9, 12, 13, 11, 9, 12, 20, 10, 11, 11, 21, 11, 9, 11, 10, 13, 12, 15, 10, 11, 11, 17, 8, 10, 10, 10, 10, 9, 10, 17, 12, 9, 8, 9, 9, 10, 10, 14, 10, 9, 10, 14, 10, 10, 9, 14, 12, 13, 10, 13, 13, 10, 9, 12, 11, 9, 9, 8, 8, 8, 7, 8, 8, 9, 8, 8]

################################################################
################################################################
################### process_jail_list: ######################

[8, 7, 14, 8, 8, 11, 11, 10, 8, 11, 16, 9, 9, 10, 16, 9, 8, 10, 9, 11, 10, 13, 9, 9, 10, 13, 7, 9, 9, 9, 8, 8, 9, 13, 10, 7, 8, 8, 8, 9, 9, 10, 9, 8, 9, 11, 9, 9, 8, 12, 10, 12, 9, 10, 10, 9, 8, 11, 10, 8, 8, 7, 8, 8, 6, 7, 8, 8, 7, 7]

################################################################
