Numero total de amostras 70

Tempo total de processamento: 0:03:27

############## TEMPOS DE PROCESSAMENTO DO EXERCICIO NO JAIL  ####################
Soma 547 segundos
Media 7.814285714285714 segundos
Desvio padr達o 2.410055465531608 segundos

95% 5.0 segundos
99% 5.0 segundos

############## TEMPOS DE PROCESSAMENTO DO EXERCICIO NO JAIL COM DOWNLOAD  ################
Soma 617 segundos
Media 8.814285714285715 segundos
Desvio padr達o 2.8600342512577273 segundos

95% 6.0 segundos
99% 6.0 segundos

################### TEMPOS DE DOWNLOAD DO EXERCICIO NO JAIL #######################
Soma 70 segundos
Media 1.0 segundos
Desvio padr達o 0.7171371656006361 segundos

95% 0.0 segundos
99% 0.0 segundos

############################ TEMPOS DE ESPERA NA FILA ############################
Soma 5182
Media 74.02857142857142 segundos
Desvio padr達o 40.517005751931386 segundos

95% 3.0 segundos
99% 3.0 segundos

################### queue_wait_time_list: ######################

[27, 21, 31, 3, 18, 3, 4, 51, 9, 13, 39, 12, 12, 22, 27, 20, 58, 28, 36, 46, 56, 40, 49, 72, 53, 67, 63, 76, 81, 66, 84, 80, 71, 86, 92, 97, 88, 97, 92, 104, 101, 117, 97, 109, 103, 108, 113, 39, 50, 57, 65, 71, 79, 86, 93, 102, 108, 135, 134, 116, 135, 116, 122, 140, 141, 141, 126, 126, 126, 132]

################################################################
################### jail_ex_download_list: ######################

[0, 1, 0, 1, 1, 2, 2, 0, 1, 1, 1, 1, 1, 0, 1, 1, 1, 1, 1, 0, 3, 2, 1, 0, 1, 0, 1, 1, 1, 1, 1, 1, 2, 1, 0, 0, 1, 1, 0, 1, 0, 2, 1, 1, 1, 1, 1, 2, 1, 3, 1, 2, 1, 1, 0, 1, 1, 0, 1, 1, 1, 2, 0, 0, 2, 2, 1, 2, 2, 0]

################################################################
################################################################
################### process_jail_download_list: ######################

[6, 10, 6, 7, 7, 12, 13, 6, 6, 6, 7, 11, 12, 6, 16, 10, 6, 16, 6, 6, 12, 14, 10, 6, 6, 6, 7, 6, 6, 9, 6, 9, 12, 9, 6, 6, 7, 8, 8, 6, 6, 13, 8, 6, 9, 11, 6, 14, 10, 12, 9, 12, 9, 9, 8, 9, 11, 6, 10, 7, 10, 13, 6, 6, 13, 13, 7, 12, 12, 6]

################################################################
################################################################
################### process_jail_list: ######################

[6, 9, 6, 6, 6, 10, 11, 6, 5, 5, 6, 10, 11, 6, 15, 9, 5, 15, 5, 6, 9, 12, 9, 6, 5, 6, 6, 5, 5, 8, 5, 8, 10, 8, 6, 6, 6, 7, 8, 5, 6, 11, 7, 5, 8, 10, 5, 12, 9, 9, 8, 10, 8, 8, 8, 8, 10, 6, 9, 6, 9, 11, 6, 6, 11, 11, 6, 10, 10, 6]

################################################################
