Numero total de amostras 70

Tempo total de processamento: 0:05:57

############## TEMPOS DE PROCESSAMENTO DO EXERCICIO NO JAIL  ####################
Soma 606 segundos
Media 8.657142857142857 segundos
Desvio padr達o 6.561545363023898 segundos

95% 5.0 segundos
99% 5.0 segundos

############## TEMPOS DE PROCESSAMENTO DO EXERCICIO NO JAIL COM DOWNLOAD  ################
Soma 710 segundos
Media 10.142857142857142 segundos
Desvio padr達o 8.678850671580415 segundos

95% 6.0 segundos
99% 6.0 segundos

################### TEMPOS DE DOWNLOAD DO EXERCICIO NO JAIL #######################
Soma 104 segundos
Media 1.4857142857142858 segundos
Desvio padr達o 2.3283523122147813 segundos

95% 0.0 segundos
99% 0.0 segundos

############################ TEMPOS DE ESPERA NA FILA ############################
Soma 10246
Media 146.37142857142857 segundos
Desvio padr達o 84.82404838059469 segundos

95% 3.0 segundos
99% 3.0 segundos

################### queue_wait_time_list: ######################

[54, 3, 7, 3, 13, 39, 19, 24, 29, 33, 44, 31, 85, 64, 69, 80, 53, 99, 90, 95, 125, 110, 98, 156, 115, 130, 136, 147, 118, 161, 152, 168, 177, 208, 182, 194, 175, 219, 199, 214, 202, 224, 229, 234, 239, 249, 255, 50, 59, 74, 75, 105, 120, 142, 154, 173, 188, 203, 220, 244, 239, 290, 273, 259, 264, 254, 270, 275, 280, 285]

################################################################
################### jail_ex_download_list: ######################

[1, 1, 1, 4, 0, 0, 0, 0, 1, 1, 0, 6, 0, 1, 1, 0, 4, 1, 0, 0, 1, 1, 4, 1, 1, 1, 1, 0, 14, 1, 0, 0, 1, 1, 1, 0, 8, 0, 1, 0, 4, 1, 1, 1, 0, 0, 1, 0, 1, 1, 6, 1, 0, 0, 4, 0, 0, 1, 4, 0, 3, 1, 7, 1, 1, 4, 0, 0, 1, 1]

################################################################
################################################################
################### process_jail_download_list: ######################

[6, 6, 7, 33, 6, 6, 6, 6, 6, 7, 6, 26, 6, 6, 6, 6, 27, 6, 6, 6, 6, 6, 24, 6, 7, 6, 7, 6, 43, 7, 6, 6, 6, 7, 7, 6, 32, 6, 6, 6, 23, 6, 6, 7, 6, 6, 6, 6, 6, 7, 28, 6, 6, 6, 25, 6, 6, 6, 22, 6, 19, 7, 32, 6, 7, 23, 6, 6, 6, 6]

################################################################
################################################################
################### process_jail_list: ######################

[5, 5, 6, 29, 6, 6, 6, 6, 5, 6, 6, 20, 6, 5, 5, 6, 23, 5, 6, 6, 5, 5, 20, 5, 6, 5, 6, 6, 29, 6, 6, 6, 5, 6, 6, 6, 24, 6, 5, 6, 19, 5, 5, 6, 6, 6, 5, 6, 5, 6, 22, 5, 6, 6, 21, 6, 6, 5, 18, 6, 16, 6, 25, 5, 6, 19, 6, 6, 5, 5]

################################################################
