Numero total de amostras 70

Tempo total de processamento: 0:14:55

############## TEMPOS DE PROCESSAMENTO DO EXERCICIO NO JAIL  ####################
Soma 767 segundos
Media 10.957142857142857 segundos
Desvio padr達o 2.4403495902122256 segundos

95% 7.0 segundos
99% 7.0 segundos

############## TEMPOS DE PROCESSAMENTO DO EXERCICIO NO JAIL COM DOWNLOAD  ################
Soma 896 segundos
Media 12.8 segundos
Desvio padr達o 3.0873011792548795 segundos

95% 7.6555 segundos
99% 7.6831 segundos

################### TEMPOS DE DOWNLOAD DO EXERCICIO NO JAIL #######################
Soma 129 segundos
Media 1.8428571428571427 segundos
Desvio padr達o 0.9656339780640679 segundos

95% 0.6555 segundos
99% 0.6830999999999999 segundos

############################ TEMPOS DE ESPERA NA FILA ############################
Soma 30162
Media 430.8857142857143 segundos
Desvio padr達o 244.2169142882814 segundos

95% 10.488 segundos
99% 10.929599999999999 segundos

################### queue_wait_time_list: ######################

[33, 45, 0, 16, 67, 86, 99, 131, 140, 149, 172, 183, 199, 226, 234, 258, 269, 281, 305, 319, 330, 362, 376, 394, 404, 414, 434, 444, 453, 485, 499, 511, 536, 545, 563, 576, 587, 606, 617, 633, 667, 680, 694, 721, 736, 766, 776, 55, 115, 161, 213, 246, 291, 344, 386, 422, 471, 523, 553, 597, 652, 706, 751, 784, 793, 802, 809, 816, 822, 829]

################################################################
################### jail_ex_download_list: ######################

[1, 2, 1, 4, 4, 2, 3, 1, 1, 3, 1, 3, 2, 1, 2, 1, 2, 1, 3, 2, 3, 3, 2, 1, 2, 1, 1, 1, 2, 3, 1, 1, 1, 1, 2, 2, 1, 2, 2, 5, 2, 2, 2, 2, 1, 2, 1, 2, 3, 1, 2, 2, 3, 2, 1, 2, 3, 1, 1, 1, 4, 3, 3, 1, 1, 1, 1, 0, 1, 1]

################################################################
################################################################
################### process_jail_download_list: ######################

[13, 11, 16, 18, 20, 14, 16, 10, 10, 13, 12, 16, 15, 9, 13, 12, 12, 11, 15, 12, 15, 14, 11, 11, 11, 9, 10, 10, 19, 15, 13, 13, 10, 9, 14, 12, 11, 11, 17, 20, 14, 15, 12, 16, 16, 11, 9, 13, 17, 12, 14, 13, 15, 19, 9, 13, 15, 13, 11, 10, 16, 16, 16, 9, 10, 8, 8, 7, 8, 8]

################################################################
################################################################
################### process_jail_list: ######################

[12, 9, 15, 14, 16, 12, 13, 9, 9, 10, 11, 13, 13, 8, 11, 11, 10, 10, 12, 10, 12, 11, 9, 10, 9, 8, 9, 9, 17, 12, 12, 12, 9, 8, 12, 10, 10, 9, 15, 15, 12, 13, 10, 14, 15, 9, 8, 11, 14, 11, 12, 11, 12, 17, 8, 11, 12, 12, 10, 9, 12, 13, 13, 8, 9, 7, 7, 7, 7, 7]

################################################################
