Numero total de amostras 70

Tempo total de processamento: 0:04:42

############## TEMPOS DE PROCESSAMENTO DO EXERCICIO NO JAIL  ####################
Soma 491 segundos
Media 7.014285714285714 segundos
Desvio padr達o 2.1145270132575553 segundos

95% 5.0 segundos
99% 5.0 segundos

############## TEMPOS DE PROCESSAMENTO DO EXERCICIO NO JAIL COM DOWNLOAD  ################
Soma 556 segundos
Media 7.942857142857143 segundos
Desvio padr達o 2.852996992065483 segundos

95% 6.0 segundos
99% 6.0 segundos

################### TEMPOS DE DOWNLOAD DO EXERCICIO NO JAIL #######################
Soma 65 segundos
Media 0.9285714285714286 segundos
Desvio padr達o 0.9609731462195508 segundos

95% 0.0 segundos
99% 0.0 segundos

############################ TEMPOS DE ESPERA NA FILA ############################
Soma 7862
Media 112.31428571428572 segundos
Desvio padr達o 64.03158659312335 segundos

95% 3.9665 segundos
99% 4.0493 segundos

################### queue_wait_time_list: ######################

[33, 2, 22, 24, 8, 37, 5, 13, 17, 16, 47, 28, 33, 42, 52, 53, 61, 61, 71, 70, 76, 78, 95, 100, 85, 88, 101, 109, 115, 124, 120, 134, 123, 139, 145, 152, 145, 160, 149, 158, 163, 172, 182, 167, 177, 187, 189, 42, 56, 65, 80, 90, 104, 110, 129, 134, 153, 165, 171, 179, 191, 212, 220, 196, 199, 201, 205, 206, 211, 215]

################################################################
################### jail_ex_download_list: ######################

[0, 1, 1, 2, 0, 0, 3, 1, 1, 1, 0, 0, 1, 2, 1, 2, 1, 1, 0, 1, 0, 2, 1, 1, 0, 4, 2, 1, 0, 0, 0, 1, 4, 1, 0, 2, 1, 0, 0, 1, 1, 1, 0, 1, 0, 0, 3, 0, 1, 1, 0, 0, 1, 3, 0, 3, 0, 1, 1, 1, 1, 1, 0, 1, 1, 1, 1, 1, 0, 0]

################################################################
################################################################
################### process_jail_download_list: ######################

[6, 7, 7, 12, 6, 6, 13, 6, 6, 10, 6, 6, 12, 13, 6, 11, 6, 10, 6, 11, 6, 13, 6, 6, 6, 16, 12, 7, 6, 6, 6, 6, 15, 7, 6, 10, 9, 7, 6, 6, 6, 9, 6, 6, 6, 6, 13, 6, 6, 7, 6, 6, 6, 15, 6, 13, 6, 9, 6, 13, 6, 11, 6, 6, 8, 6, 7, 9, 6, 6]

################################################################
################################################################
################### process_jail_list: ######################

[6, 6, 6, 10, 6, 6, 10, 5, 5, 9, 6, 6, 11, 11, 5, 9, 5, 9, 6, 10, 6, 11, 5, 5, 6, 12, 10, 6, 6, 6, 6, 5, 11, 6, 6, 8, 8, 7, 6, 5, 5, 8, 6, 5, 6, 6, 10, 6, 5, 6, 6, 6, 5, 12, 6, 10, 6, 8, 5, 12, 5, 10, 6, 5, 7, 5, 6, 8, 6, 6]

################################################################
