Numero total de amostras 70

Tempo total de processamento: 0:06:28

############## TEMPOS DE PROCESSAMENTO DO EXERCICIO NO JAIL  ####################
Soma 669 segundos
Media 9.557142857142857 segundos
Desvio padr達o 9.254552106605567 segundos

95% 5.0 segundos
99% 5.0 segundos

############## TEMPOS DE PROCESSAMENTO DO EXERCICIO NO JAIL COM DOWNLOAD  ################
Soma 777 segundos
Media 11.1 segundos
Desvio padr達o 11.490555127706282 segundos

95% 6.0 segundos
99% 6.0 segundos

################### TEMPOS DE DOWNLOAD DO EXERCICIO NO JAIL #######################
Soma 108 segundos
Media 1.542857142857143 segundos
Desvio padr達o 2.340242443397169 segundos

95% 0.0 segundos
99% 0.0 segundos

############################ TEMPOS DE ESPERA NA FILA ############################
Soma 11314
Media 161.62857142857143 segundos
Desvio padr達o 95.5419386490369 segundos

95% 2.6555 segundos
99% 2.6830999999999996 segundos

################### queue_wait_time_list: ######################

[2, 36, 3, 25, 8, 42, 14, 19, 51, 30, 30, 91, 58, 69, 74, 51, 84, 129, 96, 107, 113, 118, 124, 162, 140, 146, 151, 157, 195, 168, 179, 184, 190, 233, 200, 211, 217, 222, 228, 266, 239, 250, 255, 262, 272, 283, 263, 47, 63, 80, 102, 84, 135, 120, 173, 158, 206, 195, 244, 230, 277, 327, 288, 294, 299, 304, 310, 315, 321, 295]

################################################################
################### jail_ex_download_list: ######################

[6, 1, 1, 1, 1, 0, 1, 1, 1, 1, 4, 0, 0, 0, 1, 5, 1, 1, 1, 1, 0, 1, 0, 1, 1, 0, 1, 0, 1, 0, 0, 1, 0, 1, 1, 1, 1, 1, 0, 1, 0, 0, 1, 0, 0, 0, 6, 1, 1, 0, 0, 9, 0, 11, 1, 7, 1, 7, 1, 7, 1, 1, 1, 1, 1, 1, 1, 1, 0, 7]

################################################################
################################################################
################### process_jail_download_list: ######################

[33, 7, 6, 6, 7, 6, 6, 7, 7, 7, 26, 6, 6, 6, 7, 39, 7, 7, 7, 7, 6, 7, 6, 7, 7, 6, 7, 6, 6, 6, 6, 7, 6, 7, 7, 7, 6, 7, 6, 7, 6, 6, 7, 6, 6, 6, 38, 6, 7, 6, 6, 43, 6, 44, 7, 43, 6, 42, 7, 39, 7, 7, 6, 7, 6, 7, 6, 7, 6, 41]

################################################################
################################################################
################### process_jail_list: ######################

[27, 6, 5, 5, 6, 6, 5, 6, 6, 6, 22, 6, 6, 6, 6, 34, 6, 6, 6, 6, 6, 6, 6, 6, 6, 6, 6, 6, 5, 6, 6, 6, 6, 6, 6, 6, 5, 6, 6, 6, 6, 6, 6, 6, 6, 6, 32, 5, 6, 6, 6, 34, 6, 33, 6, 36, 5, 35, 6, 32, 6, 6, 5, 6, 5, 6, 5, 6, 6, 34]

################################################################
