Numero total de amostras 7699

Tempo total de processamento: 1:49:57

############## TEMPOS DE PROCESSAMENTO DO EXERCICIO NO JAIL  ####################
Soma 46665 segundos
Media 6.061176776204702 segundos
Desvio padr達o 0.4657632576582074 segundos
Minimo 5 segundos
Maximo 8 segundos

95% 5.0 segundos
99% 5.0 segundos

############## TEMPOS DE PROCESSAMENTO DO EXERCICIO NO JAIL COM DOWNLOAD  ################
Soma 52054 segundos
Media 6.761137810105208 segundos
Desvio padr達o 0.5781819611083701 segundos
Minimo 6 segundos
Maximo 11 segundos

95% 6.0 segundos
99% 6.0 segundos

################### TEMPOS DE DOWNLOAD DO EXERCICIO NO JAIL #######################
Soma 5389 segundos
Media 0.6999610339005066 segundos
Desvio padr達o 0.4940100995719069 segundos
Minimo 0 segundos
Maximo 4 segundos

95% 0.0 segundos
99% 0.0 segundos

############################ TEMPOS DE ESPERA NA FILA ############################
Soma 23635
Media 3.06987920509157 segundos
Desvio padr達o 1.7526038738691712 segundos
Minimo 0 segundos
Maximo 12 segundos

95% 0.0 segundos
99% 0.0 segundos

################### queue_wait_time_list: ######################

[7, 5, 7, 12, 11, 10, 10, 11, 6, 11, 4, 5, 9, 3, 7, 5, 2, 1, 10, 9, 11, 11, 8, 11, 10, 6, 9, 10, 9, 11, 11, 8, 7, 10, 10, 12, 10, 8, 9, 8, 10, 10, 11, 9, 10, 10, 10, 1, 10, 11, 11, 11, 10, 9, 9, 9, 10, 9, 10, 9, 10, 8, 11, 10, 10, 10, 9, 9, 10, 10, 10, 10, 11, 10, 8, 9, 9, 11, 9, 8, 10, 10, 10, 10, 10, 9, 10, 9, 9, 9, 9, 10, 10, 9, 9, 10, 9, 10, 9, 10, 9, 10, 9, 9, 10, 9, 8, 9, 9, 10, 9, 10, 10, 10, 10, 9, 10, 9, 9, 9, 8, 8, 9, 9, 9, 9, 9, 9, 7, 9, 9, 9, 8, 8, 7, 8, 10, 9, 10, 7, 9, 9, 10, 1, 3, 3, 3, 4, 3, 2, 2, 4, 3, 5, 3, 2, 2, 2, 2, 0, 1, 1, 1, 3, 6, 2, 5, 2, 4, 3, 2, 3, 2, 0, 1, 3, 3, 2, 2, 1, 1, 1, 3, 2, 1, 2, 2, 0, 3, 10, 1, 1, 9, 9, 2, 4, 4, 0, 1, 3, 2, 1, 3, 2, 1, 3, 0, 2, 4, 2, 5, 1, 4, 3, 2, 3, 2, 2, 2, 3, 3, 2, 1, 4, 1, 3, 3, 2, 3, 1, 2, 2, 1, 3, 3, 2, 10, 8, 4, 2, 3, 8, 1, 4, 10, 2, 0, 1, 8, 8, 8, 1, 3, 8, 9, 9, 10, 9, 8, 9, 4, 3, 4, 2, 2, 1, 2, 1, 2, 1, 2, 2, 2, 3, 4, 4, 3, 2, 4, 1, 1, 3, 1, 9, 9, 8, 8, 8, 8, 7, 8, 9, 8, 7, 8, 7, 8, 7, 9, 7, 9, 7, 7, 9, 9, 6, 7, 9, 8, 9, 7, 7, 7, 7, 7, 7, 8, 7, 7, 6, 7, 6, 7, 7, 7, 6, 7, 6, 7, 5, 7, 6, 6, 7, 6, 5, 6, 6, 6, 5, 5, 5, 7, 7, 6, 6, 4, 6, 6, 5, 7, 6, 6, 6, 6, 6, 7, 6, 6, 7, 6, 5, 7, 6, 5, 5, 7, 5, 6, 6, 5, 5, 5, 5, 5, 6, 4, 6, 6, 5, 4, 5, 8, 5, 6, 5, 6, 8, 6, 5, 7, 5, 4, 6, 5, 5, 4, 5, 5, 6, 7, 7, 6, 5, 5, 6, 5, 6, 7, 6, 5, 5, 7, 6, 5, 6, 6, 5, 6, 6, 5, 5, 4, 7, 6, 5, 4, 3, 5, 3, 4, 1, 1, 3, 2, 2, 3, 3, 3, 3, 4, 1, 4, 1, 2, 2, 3, 2, 3, 3, 3, 3, 3, 2, 3, 3, 1, 2, 1, 2, 3, 2, 3, 2, 2, 0, 1, 3, 3, 3, 4, 4, 6, 5, 5, 1, 3, 4, 4, 2, 0, 1, 5, 1, 4, 3, 1, 4, 2, 2, 2, 1, 1, 1, 5, 3, 4, 5, 2, 4, 3, 2, 1, 2, 1, 1, 3, 3, 1, 0, 3, 3, 2, 1, 1, 1, 1, 2, 4, 3, 5, 2, 5, 4, 4, 5, 1, 2, 3, 1, 2, 4, 2, 2, 3, 4, 2, 6, 3, 3, 4, 1, 2, 3, 4, 3, 2, 2, 1, 2, 1, 2, 3, 2, 2, 3, 1, 1, 2, 1, 2, 1, 2, 2, 0, 2, 6, 4, 4, 3, 5, 4, 4, 3, 4, 3, 3, 2, 2, 4, 1, 1, 2, 4, 5, 2, 2, 3, 5, 5, 2, 2, 4, 2, 2, 3, 2, 3, 1, 1, 3, 3, 1, 1, 3, 0, 1, 0, 1, 1, 3, 1, 5, 6, 3, 4, 3, 5, 2, 3, 3, 3, 3, 2, 2, 2, 3, 5, 4, 4, 4, 3, 4, 3, 4, 1, 4, 3, 3, 2, 4, 3, 2, 0, 1, 2, 3, 3, 1, 2, 3, 2, 2, 0, 1, 2, 2, 3, 1, 2, 5, 2, 3, 4, 4, 3, 2, 2, 3, 3, 3, 3, 2, 2, 3, 1, 4, 4, 2, 1, 4, 3, 5, 3, 4, 6, 6, 3, 3, 4, 1, 3, 2, 1, 2, 2, 1, 3, 2, 1, 2, 0, 1, 2, 2, 2, 3, 5, 3, 5, 3, 2, 1, 5, 3, 3, 1, 3, 3, 2, 3, 3, 0, 3, 3, 2, 5, 3, 5, 6, 4, 3, 3, 3, 2, 2, 1, 2, 1, 1, 3, 0, 2, 1, 2, 2, 2, 2, 2, 1, 3, 3, 2, 3, 4, 1, 6, 2, 4, 4, 2, 2, 1, 2, 3, 0, 0, 4, 0, 2, 1, 2, 3, 1, 3, 1, 3, 3, 3, 3, 2, 3, 2, 1, 2, 1, 1, 0, 0, 2, 1, 2, 2, 2, 1, 3, 1, 3, 3, 2, 5, 7, 6, 4, 4, 4, 2, 1, 1, 4, 2, 2, 2, 2, 3, 2, 2, 3, 3, 1, 2, 1, 1, 2, 5, 4, 2, 3, 3, 4, 4, 1, 3, 2, 0, 0, 1, 3, 2, 2, 1, 2, 2, 1, 3, 2, 2, 7, 7, 4, 3, 6, 4, 4, 0, 5, 4, 3, 3, 2, 1, 2, 3, 4, 3, 2, 2, 1, 6, 3, 5, 3, 3, 3, 2, 3, 1, 3, 3, 1, 3, 1, 3, 3, 2, 1, 3, 1, 1, 2, 2, 1, 2, 1, 4, 3, 7, 2, 5, 4, 3, 4, 4, 1, 4, 5, 2, 0, 3, 2, 3, 3, 5, 3, 5, 5, 3, 2, 2, 4, 2, 2, 0, 2, 2, 1, 3, 0, 4, 1, 3, 1, 1, 1, 2, 3, 2, 0, 3, 3, 2, 3, 7, 4, 3, 4, 3, 3, 5, 3, 2, 1, 1, 3, 2, 4, 4, 3, 2, 5, 3, 2, 3, 1, 1, 3, 1, 1, 1, 2, 1, 4, 3, 2, 2, 1, 1, 3, 2, 2, 2, 2, 1, 1, 2, 2, 2, 2, 7, 2, 4, 4, 6, 3, 4, 3, 2, 2, 4, 1, 3, 3, 3, 2, 2, 5, 2, 2, 3, 2, 3, 1, 1, 3, 2, 1, 2, 4, 3, 1, 1, 1, 1, 2, 2, 2, 4, 0, 1, 3, 2, 0, 2, 4, 1, 1, 2, 7, 3, 5, 5, 2, 3, 2, 1, 2, 3, 3, 3, 4, 2, 2, 3, 4, 2, 1, 3, 2, 2, 1, 1, 2, 1, 0, 2, 3, 2, 2, 3, 3, 2, 2, 0, 1, 2, 2, 1, 1, 1, 1, 0, 0, 1, 2, 7, 2, 3, 2, 4, 4, 3, 2, 2, 4, 5, 1, 3, 2, 2, 3, 6, 0, 0, 3, 3, 3, 2, 0, 1, 1, 1, 2, 1, 2, 2, 2, 3, 2, 0, 2, 1, 2, 3, 2, 2, 1, 0, 1, 0, 1, 2, 2, 6, 4, 5, 2, 4, 3, 2, 1, 3, 3, 4, 0, 2, 1, 2, 3, 5, 2, 2, 2, 2, 3, 1, 0, 3, 3, 1, 1, 3, 3, 2, 1, 3, 3, 1, 3, 2, 2, 2, 2, 1, 2, 1, 0, 2, 2, 1, 4, 5, 6, 4, 3, 3, 1, 1, 2, 3, 4, 2, 1, 4, 1, 4, 4, 1, 2, 3, 2, 3, 0, 1, 2, 2, 0, 1, 1, 2, 3, 4, 1, 2, 2, 2, 2, 2, 2, 0, 0, 1, 1, 2, 1, 2, 2, 2, 4, 2, 6, 4, 4, 4, 0, 2, 2, 4, 2, 3, 6, 4, 3, 3, 5, 2, 4, 3, 2, 0, 2, 1, 1, 2, 3, 1, 2, 2, 2, 3, 2, 4, 2, 2, 3, 3, 0, 1, 1, 1, 1, 2, 1, 1, 1, 1, 3, 2, 5, 3, 4, 5, 1, 2, 1, 3, 3, 2, 5, 3, 2, 4, 3, 1, 4, 2, 3, 1, 2, 1, 2, 3, 2, 4, 2, 2, 2, 2, 1, 1, 3, 1, 1, 1, 3, 1, 2, 1, 2, 0, 2, 1, 0, 5, 3, 4, 3, 3, 5, 4, 1, 2, 2, 2, 3, 4, 2, 2, 4, 3, 1, 3, 2, 3, 1, 1, 2, 0, 3, 1, 3, 3, 2, 3, 1, 2, 0, 1, 1, 0, 1, 3, 1, 2, 1, 1, 0, 1, 1, 2, 7, 5, 3, 4, 2, 4, 3, 2, 3, 3, 1, 2, 3, 1, 1, 4, 2, 1, 3, 2, 2, 1, 1, 3, 3, 3, 1, 3, 3, 2, 4, 2, 1, 1, 1, 1, 1, 3, 1, 1, 0, 0, 1, 1, 2, 2, 1, 2, 7, 5, 1, 3, 2, 2, 2, 3, 1, 3, 2, 2, 2, 3, 2, 1, 3, 1, 1, 1, 2, 2, 2, 2, 1, 2, 3, 0, 3, 1, 2, 2, 1, 0, 3, 0, 2, 1, 1, 0, 0, 2, 2, 2, 0, 2, 2, 1, 0, 1, 2, 3, 2, 2, 2, 2, 2, 1, 4, 1, 3, 1, 3, 2, 1, 2, 0, 2, 3, 3, 1, 2, 1, 4, 3, 3, 4, 2, 3, 2, 1, 2, 1, 3, 3, 2, 4, 2, 3, 0, 2, 2, 2, 4, 4, 5, 1, 2, 2, 2, 1, 1, 2, 4, 4, 3, 2, 1, 4, 2, 1, 1, 2, 4, 5, 2, 2, 1, 3, 2, 3, 3, 3, 3, 5, 2, 3, 2, 3, 1, 2, 2, 3, 2, 2, 2, 1, 1, 3, 3, 4, 5, 3, 1, 2, 1, 1, 2, 1, 3, 1, 4, 3, 2, 2, 1, 3, 0, 5, 4, 1, 3, 1, 2, 2, 1, 4, 4, 3, 3, 4, 1, 3, 2, 3, 3, 2, 0, 1, 0, 1, 2, 1, 2, 1, 1, 4, 3, 4, 2, 1, 0, 0, 0, 0, 3, 2, 5, 0, 2, 3, 3, 2, 1, 0, 1, 0, 3, 4, 3, 2, 2, 3, 2, 1, 3, 4, 6, 5, 3, 4, 2, 0, 1, 2, 2, 1, 1, 2, 3, 4, 3, 4, 2, 2, 4, 2, 5, 1, 2, 1, 2, 3, 1, 1, 1, 1, 0, 1, 1, 2, 2, 1, 1, 2, 1, 0, 1, 3, 4, 1, 2, 4, 3, 2, 2, 4, 3, 2, 3, 3, 2, 1, 3, 2, 3, 3, 2, 3, 2, 2, 0, 3, 3, 4, 4, 1, 1, 0, 0, 0, 2, 3, 2, 2, 2, 1, 1, 3, 1, 2, 2, 3, 3, 2, 3, 3, 2, 2, 3, 2, 2, 4, 1, 3, 2, 3, 3, 2, 4, 2, 3, 3, 3, 2, 1, 3, 4, 5, 4, 2, 3, 4, 5, 2, 1, 2, 1, 3, 3, 1, 0, 2, 1, 2, 2, 1, 2, 1, 1, 2, 3, 3, 5, 1, 1, 3, 4, 5, 3, 2, 5, 2, 3, 3, 2, 2, 3, 4, 2, 1, 5, 2, 3, 4, 4, 4, 3, 3, 4, 4, 2, 2, 3, 3, 2, 3, 3, 3, 2, 3, 3, 4, 2, 1, 2, 1, 2, 2, 4, 1, 3, 2, 2, 4, 3, 3, 3, 4, 2, 2, 2, 5, 2, 2, 1, 2, 1, 2, 1, 1, 3, 0, 4, 4, 5, 5, 3, 4, 4, 2, 0, 1, 1, 3, 1, 2, 1, 2, 1, 1, 2, 2, 2, 2, 1, 1, 1, 2, 2, 3, 1, 2, 1, 3, 3, 2, 2, 3, 3, 3, 2, 2, 2, 3, 2, 1, 1, 2, 2, 1, 1, 2, 2, 3, 2, 2, 2, 3, 0, 1, 2, 1, 3, 2, 1, 5, 3, 2, 2, 2, 1, 2, 3, 3, 2, 2, 2, 2, 1, 2, 1, 2, 1, 2, 1, 3, 1, 4, 0, 1, 4, 3, 5, 4, 3, 1, 2, 2, 1, 1, 1, 3, 2, 2, 2, 3, 3, 3, 1, 4, 2, 1, 2, 0, 3, 1, 1, 1, 3, 1, 5, 1, 3, 3, 2, 0, 2, 5, 3, 3, 4, 1, 2, 1, 1, 3, 1, 3, 2, 3, 4, 4, 3, 4, 3, 4, 3, 3, 4, 2, 4, 1, 4, 2, 1, 2, 1, 2, 2, 1, 3, 1, 4, 3, 1, 1, 4, 4, 5, 4, 5, 4, 4, 1, 2, 3, 2, 2, 1, 3, 0, 1, 3, 5, 3, 3, 4, 4, 3, 4, 4, 4, 3, 4, 3, 3, 3, 3, 2, 3, 0, 3, 3, 2, 3, 2, 3, 2, 2, 3, 1, 3, 2, 1, 1, 2, 4, 4, 4, 3, 3, 2, 4, 2, 5, 1, 1, 1, 3, 2, 3, 3, 1, 1, 2, 3, 4, 2, 2, 3, 4, 2, 3, 3, 3, 2, 2, 2, 2, 4, 3, 1, 1, 1, 2, 1, 3, 2, 4, 4, 2, 3, 2, 4, 3, 3, 3, 2, 3, 4, 3, 4, 2, 2, 3, 3, 3, 1, 2, 2, 3, 5, 4, 4, 2, 4, 3, 3, 3, 2, 3, 4, 1, 2, 1, 0, 2, 1, 1, 0, 1, 1, 2, 2, 2, 1, 0, 0, 1, 0, 1, 1, 2, 4, 1, 1, 0, 1, 1, 1, 1, 2, 2, 2, 2, 3, 1, 1, 3, 2, 1, 2, 1, 1, 3, 1, 2, 2, 1, 1, 0, 2, 2, 2, 1, 3, 2, 2, 1, 3, 3, 3, 2, 2, 2, 2, 1, 2, 2, 3, 1, 1, 3, 2, 5, 2, 2, 2, 2, 2, 3, 3, 3, 1, 2, 1, 6, 5, 3, 4, 4, 3, 4, 3, 4, 4, 4, 3, 1, 4, 3, 2, 4, 3, 1, 2, 2, 4, 1, 1, 2, 1, 2, 1, 2, 3, 3, 4, 2, 2, 3, 2, 2, 3, 1, 1, 3, 4, 2, 2, 4, 1, 3, 3, 2, 1, 3, 2, 4, 4, 5, 2, 5, 2, 5, 4, 2, 4, 4, 3, 4, 3, 3, 2, 3, 2, 1, 2, 3, 3, 2, 2, 2, 1, 1, 2, 3, 4, 3, 3, 3, 2, 3, 4, 3, 3, 4, 3, 3, 2, 3, 4, 2, 4, 5, 5, 3, 4, 2, 2, 1, 1, 6, 2, 3, 2, 2, 1, 3, 2, 1, 1, 2, 1, 0, 2, 1, 2, 2, 1, 1, 3, 2, 1, 1, 1, 1, 1, 2, 1, 2, 1, 1, 4, 1, 2, 2, 2, 1, 1, 1, 1, 1, 2, 1, 1, 0, 1, 1, 1, 1, 2, 0, 2, 3, 2, 5, 4, 2, 4, 0, 1, 4, 5, 4, 3, 2, 3, 4, 1, 1, 2, 0, 4, 1, 0, 2, 5, 3, 3, 4, 5, 5, 3, 5, 5, 5, 5, 3, 4, 5, 2, 4, 4, 3, 4, 4, 3, 3, 3, 5, 2, 4, 4, 3, 4, 4, 2, 4, 5, 2, 2, 4, 4, 5, 5, 4, 5, 3, 4, 5, 4, 4, 4, 5, 2, 4, 4, 5, 2, 4, 4, 3, 3, 4, 4, 4, 4, 5, 3, 3, 5, 4, 3, 3, 4, 4, 4, 5, 3, 4, 3, 3, 4, 5, 2, 4, 5, 4, 3, 3, 3, 4, 0, 4, 3, 3, 2, 3, 3, 3, 2, 3, 1, 1, 5, 2, 3, 1, 4, 1, 0, 1, 3, 3, 3, 1, 2, 1, 3, 1, 4, 2, 4, 5, 4, 3, 4, 3, 2, 4, 3, 2, 3, 3, 2, 3, 2, 2, 2, 3, 4, 2, 4, 3, 3, 2, 3, 2, 2, 3, 3, 2, 2, 1, 1, 3, 3, 2, 2, 2, 2, 2, 3, 2, 4, 2, 1, 2, 2, 3, 2, 2, 3, 4, 4, 1, 2, 4, 3, 1, 4, 3, 4, 3, 3, 2, 4, 4, 3, 3, 3, 3, 1, 1, 3, 2, 4, 2, 2, 3, 3, 0, 3, 4, 4, 1, 2, 2, 2, 1, 2, 3, 2, 2, 2, 2, 4, 3, 2, 3, 1, 1, 1, 0, 2, 1, 2, 1, 1, 1, 1, 2, 0, 1, 0, 2, 2, 0, 2, 1, 2, 1, 2, 1, 1, 3, 1, 2, 1, 1, 1, 0, 1, 1, 2, 2, 1, 3, 2, 2, 0, 0, 3, 3, 3, 1, 2, 3, 3, 3, 3, 3, 4, 3, 0, 3, 2, 2, 2, 3, 4, 3, 4, 3, 2, 2, 1, 1, 1, 2, 4, 1, 1, 3, 3, 1, 1, 3, 2, 1, 0, 3, 3, 4, 1, 3, 2, 1, 2, 3, 3, 2, 3, 2, 2, 2, 3, 3, 3, 3, 5, 2, 4, 3, 3, 5, 4, 3, 3, 4, 4, 4, 3, 5, 4, 6, 4, 5, 4, 2, 5, 5, 6, 3, 5, 4, 5, 4, 4, 4, 5, 4, 4, 4, 4, 4, 4, 4, 4, 3, 4, 4, 5, 4, 4, 3, 3, 3, 4, 3, 4, 3, 2, 3, 4, 3, 4, 3, 2, 3, 3, 3, 3, 4, 4, 5, 2, 4, 3, 4, 3, 4, 2, 3, 4, 3, 4, 4, 3, 2, 4, 3, 3, 3, 3, 3, 4, 2, 2, 2, 3, 3, 3, 2, 4, 4, 4, 4, 3, 3, 4, 3, 4, 3, 4, 3, 3, 3, 4, 3, 3, 2, 3, 2, 3, 2, 3, 4, 2, 3, 2, 2, 3, 3, 3, 3, 3, 3, 4, 3, 4, 3, 4, 3, 3, 2, 3, 3, 3, 3, 2, 4, 4, 3, 3, 4, 4, 5, 3, 3, 5, 3, 6, 6, 5, 3, 2, 5, 4, 3, 3, 3, 3, 2, 4, 1, 5, 4, 4, 3, 5, 3, 0, 0, 1, 2, 1, 2, 2, 1, 1, 2, 2, 2, 1, 3, 4, 4, 3, 4, 3, 3, 3, 2, 4, 4, 3, 2, 2, 4, 4, 3, 3, 2, 3, 2, 4, 4, 4, 3, 3, 4, 3, 4, 3, 4, 4, 4, 3, 4, 5, 5, 3, 3, 4, 4, 4, 4, 2, 4, 3, 6, 4, 5, 6, 4, 5, 5, 6, 4, 3, 7, 5, 5, 4, 6, 4, 5, 7, 6, 7, 6, 7, 4, 5, 4, 4, 5, 6, 5, 7, 6, 6, 5, 5, 5, 6, 6, 6, 6, 6, 5, 6, 6, 6, 5, 5, 4, 5, 7, 7, 5, 5, 7, 7, 4, 4, 3, 4, 2, 5, 5, 4, 5, 5, 5, 4, 5, 4, 5, 5, 6, 7, 4, 7, 5, 6, 6, 5, 5, 3, 2, 5, 4, 2, 6, 3, 2, 1, 5, 4, 2, 3, 1, 3, 3, 1, 3, 4, 6, 5, 5, 6, 5, 4, 5, 6, 5, 6, 5, 5, 6, 5, 6, 5, 4, 4, 5, 6, 4, 6, 4, 2, 6, 5, 4, 5, 4, 5, 4, 6, 5, 5, 5, 5, 6, 4, 4, 4, 6, 5, 4, 4, 4, 4, 4, 4, 5, 6, 3, 1, 4, 1, 3, 3, 2, 3, 3, 4, 3, 3, 2, 4, 2, 5, 2, 4, 3, 4, 0, 4, 4, 3, 3, 1, 2, 2, 2, 2, 4, 0, 3, 1, 2, 2, 1, 4, 2, 1, 0, 1, 2, 0, 3, 4, 4, 3, 3, 2, 6, 4, 3, 2, 5, 4, 3, 5, 4, 3, 1, 4, 4, 4, 3, 2, 3, 5, 3, 4, 4, 4, 3, 1, 3, 3, 3, 3, 1, 4, 3, 3, 2, 2, 2, 2, 2, 0, 3, 1, 2, 4, 2, 4, 3, 5, 3, 3, 5, 3, 5, 2, 4, 0, 3, 4, 3, 4, 3, 4, 2, 3, 3, 5, 4, 5, 4, 3, 2, 3, 2, 2, 4, 2, 3, 4, 3, 5, 1, 4, 2, 1, 1, 1, 1, 2, 2, 1, 4, 2, 2, 3, 3, 4, 4, 4, 2, 5, 5, 6, 3, 4, 3, 6, 4, 3, 3, 3, 5, 5, 2, 4, 5, 4, 3, 5, 4, 4, 3, 3, 1, 3, 2, 4, 3, 5, 2, 0, 4, 0, 0, 1, 2, 2, 2, 4, 3, 3, 1, 4, 5, 0, 3, 6, 4, 5, 5, 4, 3, 5, 3, 3, 2, 4, 4, 3, 4, 3, 3, 3, 3, 2, 5, 3, 4, 3, 3, 1, 4, 5, 1, 3, 2, 3, 3, 1, 2, 0, 3, 1, 3, 2, 1, 2, 4, 5, 2, 4, 2, 3, 4, 4, 2, 5, 3, 1, 5, 5, 4, 4, 3, 4, 1, 4, 4, 4, 3, 4, 3, 3, 4, 2, 3, 4, 3, 3, 3, 4, 4, 3, 3, 2, 2, 3, 1, 2, 4, 1, 3, 3, 1, 1, 1, 3, 4, 2, 1, 6, 4, 4, 3, 2, 2, 5, 2, 3, 4, 2, 3, 4, 4, 4, 2, 4, 3, 4, 4, 2, 4, 3, 4, 3, 3, 3, 3, 3, 1, 3, 1, 2, 0, 4, 3, 3, 3, 1, 2, 0, 1, 1, 5, 4, 2, 2, 1, 1, 3, 4, 4, 4, 3, 4, 4, 4, 2, 3, 5, 3, 3, 4, 2, 2, 2, 5, 3, 3, 4, 2, 1, 5, 3, 2, 0, 1, 2, 2, 1, 4, 2, 2, 2, 2, 2, 1, 0, 1, 1, 3, 0, 3, 2, 2, 4, 3, 5, 3, 3, 6, 3, 3, 5, 2, 4, 2, 4, 2, 4, 5, 1, 1, 4, 4, 3, 2, 4, 4, 2, 3, 2, 3, 3, 1, 1, 3, 1, 1, 2, 2, 3, 2, 1, 1, 3, 3, 4, 3, 2, 2, 5, 2, 3, 2, 2, 6, 5, 4, 1, 1, 4, 3, 4, 2, 1, 2, 4, 2, 3, 3, 3, 1, 4, 3, 4, 2, 2, 1, 1, 0, 1, 2, 2, 3, 1, 3, 3, 2, 1, 2, 2, 4, 2, 3, 3, 3, 4, 2, 4, 3, 5, 2, 5, 5, 4, 4, 3, 2, 1, 4, 3, 3, 1, 2, 1, 3, 3, 1, 3, 5, 1, 4, 2, 1, 3, 3, 1, 1, 3, 2, 1, 2, 4, 2, 2, 2, 5, 3, 6, 5, 2, 3, 4, 4, 3, 4, 3, 3, 1, 4, 6, 4, 1, 5, 3, 4, 3, 3, 1, 4, 2, 2, 1, 2, 2, 1, 3, 2, 4, 5, 4, 3, 4, 2, 3, 1, 1, 2, 0, 4, 2, 1, 2, 4, 4, 2, 3, 3, 2, 3, 4, 4, 4, 3, 4, 2, 1, 3, 5, 3, 2, 5, 2, 3, 3, 2, 1, 4, 1, 2, 2, 1, 3, 3, 2, 5, 2, 5, 3, 4, 2, 1, 2, 1, 2, 4, 4, 2, 4, 4, 3, 2, 3, 4, 2, 2, 5, 4, 3, 3, 4, 4, 3, 1, 4, 4, 5, 3, 3, 4, 4, 4, 4, 1, 2, 3, 2, 2, 1, 5, 3, 3, 1, 4, 3, 5, 3, 3, 3, 1, 1, 2, 2, 1, 3, 5, 3, 1, 3, 5, 4, 2, 3, 5, 4, 3, 4, 4, 3, 3, 2, 4, 3, 4, 5, 3, 2, 4, 3, 3, 3, 6, 1, 2, 2, 1, 2, 4, 3, 4, 1, 4, 4, 5, 3, 4, 0, 3, 1, 0, 2, 3, 2, 1, 3, 2, 3, 2, 4, 3, 4, 3, 4, 4, 3, 3, 3, 2, 6, 2, 4, 4, 4, 2, 5, 4, 2, 5, 5, 1, 1, 1, 4, 1, 4, 2, 5, 2, 3, 3, 3, 2, 4, 3, 0, 4, 0, 1, 2, 3, 1, 3, 5, 1, 3, 4, 5, 3, 3, 4, 3, 4, 3, 3, 1, 3, 5, 3, 2, 3, 5, 5, 1, 4, 2, 3, 1, 1, 3, 3, 3, 2, 4, 1, 2, 2, 2, 3, 3, 4, 2, 3, 3, 2, 2, 2, 1, 2, 3, 2, 4, 0, 4, 4, 2, 3, 4, 2, 5, 4, 4, 2, 2, 3, 4, 2, 4, 5, 5, 4, 1, 4, 2, 4, 4, 1, 4, 3, 2, 1, 3, 2, 2, 1, 2, 2, 3, 3, 3, 2, 4, 2, 1, 1, 1, 3, 0, 1, 3, 4, 3, 5, 3, 3, 3, 4, 4, 3, 2, 2, 2, 3, 4, 4, 4, 5, 5, 3, 1, 3, 2, 3, 4, 1, 3, 3, 1, 1, 3, 2, 2, 4, 5, 1, 3, 2, 3, 4, 1, 1, 0, 2, 3, 2, 1, 2, 2, 3, 4, 4, 2, 3, 2, 0, 3, 2, 2, 4, 2, 4, 4, 6, 3, 5, 4, 2, 1, 3, 2, 4, 2, 2, 2, 2, 3, 3, 2, 3, 1, 3, 5, 0, 4, 2, 3, 0, 3, 5, 2, 1, 4, 3, 0, 3, 2, 4, 3, 4, 3, 2, 3, 4, 3, 1, 5, 2, 3, 3, 5, 2, 4, 3, 2, 1, 2, 3, 4, 4, 1, 2, 1, 1, 2, 1, 1, 6, 4, 4, 2, 4, 1, 4, 3, 4, 3, 2, 1, 3, 2, 3, 5, 2, 1, 4, 3, 5, 4, 4, 4, 4, 3, 4, 6, 6, 3, 4, 1, 3, 4, 2, 3, 2, 3, 4, 4, 2, 2, 1, 5, 5, 4, 2, 3, 4, 3, 3, 3, 2, 2, 5, 1, 1, 2, 5, 2, 5, 1, 4, 2, 3, 3, 3, 3, 3, 3, 3, 4, 3, 2, 4, 3, 4, 3, 4, 4, 4, 3, 4, 6, 3, 5, 3, 4, 5, 2, 5, 3, 0, 4, 6, 4, 5, 5, 3, 4, 5, 4, 4, 1, 5, 4, 2, 5, 2, 2, 3, 3, 1, 2, 0, 1, 1, 0, 1, 2, 2, 3, 3, 3, 4, 4, 4, 3, 2, 2, 2, 3, 4, 3, 4, 5, 5, 5, 6, 3, 5, 4, 4, 3, 4, 4, 4, 3, 4, 3, 3, 1, 2, 3, 2, 1, 2, 4, 2, 3, 2, 3, 3, 3, 2, 4, 5, 4, 3, 2, 2, 3, 3, 3, 5, 3, 2, 5, 4, 5, 4, 5, 4, 3, 2, 4, 2, 1, 3, 4, 3, 4, 5, 3, 4, 1, 4, 5, 4, 5, 5, 4, 5, 3, 5, 2, 4, 4, 3, 3, 3, 3, 3, 2, 1, 3, 1, 2, 2, 3, 2, 4, 5, 2, 6, 5, 3, 2, 2, 2, 1, 2, 4, 2, 3, 4, 2, 1, 3, 1, 4, 3, 2, 4, 1, 3, 3, 3, 2, 3, 3, 3, 3, 4, 3, 2, 3, 3, 4, 3, 4, 3, 4, 4, 3, 3, 2, 2, 3, 4, 3, 4, 3, 3, 2, 6, 3, 5, 4, 3, 1, 6, 2, 4, 2, 2, 2, 1, 3, 2, 2, 2, 1, 0, 1, 2, 1, 2, 4, 4, 5, 5, 6, 4, 5, 5, 4, 5, 5, 4, 5, 6, 4, 5, 4, 4, 5, 2, 3, 4, 5, 2, 4, 2, 2, 6, 4, 6, 1, 7, 6, 6, 3, 3, 3, 3, 2, 3, 2, 2, 1, 0, 2, 4, 1, 2, 4, 1, 6, 4, 5, 7, 6, 5, 5, 6, 5, 4, 3, 3, 3, 4, 3, 3, 3, 3, 3, 5, 3, 1, 4, 4, 2, 4, 2, 3, 2, 4, 4, 3, 2, 5, 2, 4, 3, 4, 4, 3, 3, 4, 4, 3, 3, 2, 6, 6, 7, 7, 3, 6, 6, 4, 5, 4, 6, 4, 6, 4, 5, 4, 2, 3, 3, 3, 3, 3, 2, 4, 4, 3, 3, 3, 3, 2, 3, 5, 4, 1, 4, 5, 2, 1, 2, 1, 3, 3, 2, 4, 3, 3, 4, 3, 3, 3, 2, 4, 5, 4, 4, 2, 2, 4, 4, 2, 3, 1, 3, 3, 3, 1, 3, 5, 2, 1, 2, 3, 3, 2, 3, 2, 3, 3, 4, 4, 3, 5, 3, 3, 4, 5, 5, 2, 5, 5, 6, 2, 5, 5, 4, 4, 3, 2, 2, 2, 2, 2, 2, 3, 2, 4, 1, 5, 2, 5, 2, 4, 4, 4, 4, 5, 4, 5, 5, 3, 3, 2, 3, 2, 4, 3, 5, 3, 3, 4, 4, 5, 3, 4, 3, 5, 4, 4, 4, 4, 3, 2, 3, 3, 3, 3, 3, 1, 2, 4, 4, 3, 3, 1, 5, 2, 3, 4, 3, 4, 4, 5, 5, 4, 2, 4, 4, 2, 3, 1, 1, 4, 3, 5, 4, 3, 3, 2, 6, 4, 3, 4, 6, 5, 5, 4, 5, 5, 3, 2, 2, 5, 5, 5, 6, 4, 5, 4, 4, 3, 4, 5, 6, 4, 4, 4, 6, 5, 5, 5, 3, 5, 4, 5, 5, 6, 4, 4, 4, 5, 4, 5, 4, 5, 4, 6, 5, 5, 4, 5, 5, 6, 5, 6, 4, 4, 4, 4, 5, 4, 4, 4, 5, 4, 5, 3, 3, 5, 4, 5, 4, 6, 5, 4, 5, 5, 4, 3, 3, 5, 4, 5, 5, 2, 4, 4, 6, 4, 4, 5, 6, 4, 4, 6, 7, 6, 5, 5, 4, 4, 3, 4, 6, 3, 7, 6, 4, 6, 4, 3, 3, 7, 5, 4, 5, 4, 5, 3, 5, 6, 5, 6, 6, 4, 5, 5, 5, 7, 6, 6, 7, 4, 7, 4, 7, 5, 7, 4, 6, 6, 5, 4, 6, 6, 5, 4, 5, 6, 5, 5, 7, 5, 5, 5, 7, 5, 6, 6, 5, 5, 7, 6, 3, 5, 4, 5, 4, 4, 5, 5, 6, 4, 7, 7, 7, 4, 5, 5, 5, 6, 6, 5, 5, 4, 5, 6, 5, 4, 6, 2, 4, 5, 2, 4, 4, 3, 3, 4, 7, 4, 3, 3, 2, 3, 3, 4, 3, 3, 2, 1, 1, 3, 1, 3, 2, 3, 3, 3, 4, 0, 3, 2, 2, 2, 3, 7, 6, 4, 4, 6, 7, 7, 5, 5, 4, 4, 6, 2, 5, 3, 5, 3, 2, 5, 4, 3, 4, 4, 5, 3, 4, 4, 4, 5, 6, 1, 6, 3, 5, 4, 2, 1, 2, 3, 3, 3, 3, 2, 1, 1, 3, 3, 5, 6, 4, 6, 5, 6, 7, 7, 5, 6, 6, 6, 7, 4, 5, 6, 4, 5, 7, 5, 6, 6, 4, 5, 5, 6, 6, 6, 6, 5, 5, 5, 5, 6, 6, 6, 6, 5, 5, 5, 4, 5, 5, 5, 4, 4, 4, 5, 5, 4, 2, 5, 5, 5, 4, 4, 3, 2, 4, 4, 3, 4, 2, 3, 3, 3, 4, 3, 6, 3, 5, 3, 3, 2, 6, 1, 4, 3, 1, 4, 4, 1, 1, 1, 3, 1, 1, 1, 2, 4, 4, 2, 5, 5, 2, 5, 6, 5, 1, 3, 1, 5, 5, 5, 5, 5, 4, 4, 3, 2, 4, 5, 3, 2, 2, 2, 2, 5, 3, 2, 1, 4, 2, 2, 3, 2, 3, 4, 3, 2, 4, 1, 2, 2, 5, 4, 3, 4, 4, 3, 3, 2, 5, 5, 3, 3, 3, 4, 5, 4, 4, 3, 2, 4, 4, 4, 4, 4, 3, 3, 3, 3, 4, 4, 5, 3, 2, 4, 3, 3, 4, 3, 2, 3, 3, 3, 3, 2, 3, 2, 3, 3, 2, 3, 2, 3, 4, 2, 3, 3, 2, 2, 2, 1, 1, 2, 3, 2, 2, 2, 2, 1, 2, 1, 2, 3, 3, 1, 1, 2, 4, 2, 0, 3, 2, 2, 2, 4, 0, 1, 2, 4, 4, 4, 3, 3, 3, 3, 4, 6, 3, 4, 2, 4, 3, 2, 2, 1, 4, 5, 2, 5, 2, 2, 4, 1, 3, 3, 3, 4, 4, 3, 4, 4, 2, 3, 3, 2, 2, 2, 1, 2, 2, 4, 1, 3, 4, 2, 3, 2, 3, 3, 3, 4, 2, 3, 2, 3, 3, 3, 2, 4, 3, 2, 3, 2, 2, 3, 3, 2, 3, 2, 2, 2, 3, 5, 3, 5, 4, 5, 2, 3, 2, 3, 2, 3, 3, 4, 4, 3, 3, 2, 3, 3, 3, 1, 1, 2, 4, 3, 2, 3, 3, 2, 4, 2, 3, 3, 2, 3, 2, 1, 4, 3, 4, 3, 3, 2, 1, 3, 3, 3, 2, 3, 1, 3, 2, 3, 4, 1, 2, 3, 1, 2, 3, 2, 3, 2, 3, 3, 4, 5, 2, 2, 2, 2, 1, 4, 3, 4, 4, 1, 1, 5, 3, 4, 4, 4, 2, 5, 5, 4, 1, 6, 4, 2, 3, 2, 1, 1, 2, 4, 2, 2, 1, 1, 1, 2, 1, 3, 3, 2, 2, 3, 3, 4, 3, 3, 3, 4, 1, 4, 3, 3, 4, 3, 2, 1, 1, 3, 2, 2, 4, 4, 3, 2, 2, 4, 4, 6, 4, 3, 1, 3, 3, 3, 2, 2, 2, 1, 2, 2, 2, 4, 1, 3, 3, 2, 2, 2, 3, 2, 1, 2, 1, 2, 1, 2, 2, 2, 1, 2, 2, 1, 2, 2, 2, 3, 0, 1, 3, 2, 1, 3, 2, 2, 2, 3, 1, 1, 2, 2, 2, 1, 1, 1, 2, 2, 1, 1, 0, 2, 1, 1, 1, 0, 1, 1, 2, 0, 4, 0, 2, 1, 2, 2, 2, 0, 0, 1, 1, 2, 2, 1, 1, 1, 0, 1, 2, 3, 2, 1, 1, 1, 1, 3, 0, 3, 2, 3, 1, 1, 2, 4, 1, 1, 2, 2, 1, 3, 1, 2, 2, 3, 2, 4, 5, 4, 5, 4, 2, 1, 2, 5, 5, 3, 4, 1, 2, 3, 5, 1, 2, 1, 4, 3, 2, 1, 2, 3, 2, 3, 3, 4, 6, 5, 6, 2, 2, 2, 1, 5, 5, 4, 5, 5, 5, 4, 6, 4, 4, 4, 4, 6, 5, 4, 4, 5, 3, 4, 5, 2, 5, 3, 5, 2, 5, 2, 3, 5, 3, 3, 2, 2, 3, 4, 3, 4, 4, 3, 4, 4, 3, 4, 0, 4, 1, 3, 3, 2, 1, 0, 0, 2, 2, 1, 3, 2, 2, 5, 5, 2, 3, 3, 4, 5, 4, 1, 5, 5, 4, 3, 4, 3, 3, 4, 2, 1, 1, 1, 3, 1, 3, 1, 1, 2, 2, 3, 2, 4, 2, 1, 3, 6, 4, 2, 2, 4, 4, 2, 2, 2, 3, 5, 4, 4, 6, 6, 4, 5, 5, 4, 5, 5, 5, 4, 4, 4, 5, 4, 3, 5, 6, 6, 5, 6, 5, 5, 3, 5, 4, 5, 6, 3, 5, 5, 4, 5, 4, 6, 4, 6, 5, 5, 5, 4, 4, 6, 5, 5, 5, 4, 4, 5, 3, 3, 4, 4, 2, 3, 4, 5, 3, 3, 4, 4, 4, 4, 3, 4, 5, 4, 4, 4, 4, 4, 3, 4, 4, 3, 3, 4, 2, 4, 2, 3, 2, 2, 3, 2, 3, 3, 3, 2, 2, 3, 3, 4, 3, 4, 3, 4, 3, 4, 2, 2, 1, 3, 3, 3, 4, 4, 3, 3, 3, 2, 1, 2, 1, 3, 3, 1, 2, 3, 2, 1, 3, 3, 2, 2, 2, 3, 2, 2, 1, 2, 2, 2, 3, 2, 2, 2, 3, 2, 3, 3, 1, 3, 5, 3, 3, 2, 3, 1, 5, 4, 3, 4, 5, 2, 1, 2, 2, 2, 3, 2, 3, 2, 3, 3, 4, 1, 1, 4, 2, 5, 2, 4, 1, 4, 3, 2, 3, 3, 2, 2, 1, 5, 4, 5, 1, 4, 2, 4, 3, 3, 4, 3, 4, 4, 4, 3, 3, 2, 2, 1, 2, 1, 3, 3, 3, 3, 4, 3, 2, 1, 2, 3, 2, 2, 1, 2, 2, 3, 3, 2, 3, 2, 2, 1, 2, 3, 2, 2, 1, 2, 3, 2, 3, 2, 4, 2, 1, 2, 3, 1, 3, 2, 3, 1, 1, 2, 3, 2, 3, 5, 4, 2, 2, 4, 3, 1, 4, 3, 3, 2, 3, 4, 4, 7, 3, 4, 3, 5, 4, 3, 4, 5, 4, 3, 2, 4, 2, 2, 3, 2, 5, 4, 3, 2, 3, 2, 1, 4, 3, 1, 3, 4, 2, 3, 3, 4, 3, 2, 1, 3, 2, 3, 5, 7, 1, 5, 6, 4, 2, 6, 5, 3, 4, 4, 3, 4, 1, 3, 4, 2, 2, 3, 3, 2, 3, 2, 4, 3, 2, 3, 2, 2, 2, 2, 1, 2, 3, 5, 4, 4, 4, 3, 4, 4, 2, 4, 6, 4, 3, 4, 6, 5, 5, 3, 4, 3, 6, 3, 5, 6, 4, 3, 4, 3, 4, 3, 6, 6, 4, 5, 4, 3, 5, 3, 2, 5, 5, 3, 4, 3, 5, 5, 5, 3, 2, 4, 5, 3, 3, 3, 3, 4, 6, 6, 1, 4, 3, 5, 6, 4, 5, 4, 4, 4, 5, 4, 5, 3, 6, 5, 6, 4, 4, 3, 3, 5, 4, 4, 5, 5, 4, 6, 3, 5, 4, 3, 4, 5, 5, 4, 4, 6, 5, 2, 3, 2, 2, 4, 3, 5, 2, 2, 5, 5, 4, 4, 6, 3, 5, 5, 5, 5, 3, 4, 4, 3, 3, 4, 3, 5, 4, 4, 5, 4, 5, 3, 4, 4, 4, 3, 3, 4, 4, 4, 3, 3, 3, 3, 3, 4, 2, 5, 3, 2, 2, 3, 5, 5, 4, 4, 2, 3, 2, 1, 1, 2, 5, 3, 1, 4, 1, 4, 4, 3, 2, 3, 3, 4, 2, 1, 1, 0, 4, 3, 2, 3, 2, 3, 2, 3, 1, 3, 2, 4, 3, 3, 3, 2, 4, 3, 3, 1, 2, 3, 2, 3, 2, 4, 3, 4, 4, 3, 2, 2, 2, 2, 1, 3, 3, 2, 3, 1, 2, 1, 2, 2, 2, 3, 3, 1, 2, 1, 1, 2, 3, 2, 1, 1, 2, 2, 2, 1, 1, 2, 1, 0, 1, 2, 2, 0, 0, 2, 0, 2, 2, 1, 2, 2, 2, 1, 2, 0, 3, 0, 1, 2, 1, 2, 1, 1, 1, 1, 0, 3, 3, 2, 1, 2, 1, 3, 2, 2, 3, 2, 3, 2, 2, 1, 3, 3, 3, 3, 2, 2, 3, 1, 2, 2, 1, 3, 1, 2, 2, 1, 2, 2, 2, 0, 3, 2, 1, 2, 1, 2, 2, 3, 2, 2, 1, 0, 1, 1, 1, 2, 1, 2, 2, 2, 2, 0, 2, 3, 1, 2, 1, 1, 3, 2, 4, 2, 4, 5, 4, 3, 1, 3, 1, 0, 1, 3, 1, 1, 4, 4, 4, 4, 1, 4, 1, 4, 3, 3, 2, 2, 1, 4, 3, 2, 3, 2, 2, 2, 2, 5, 1, 3, 3, 3, 4, 3, 5, 2, 3, 1, 4, 3, 0, 2, 2, 4, 2, 1, 4, 2, 2, 2, 3, 3, 2, 3, 2, 4, 3, 4, 3, 2, 4, 3, 3, 3, 3, 4, 4, 4, 2, 3, 4, 3, 2, 3, 4, 3, 3, 2, 2, 3, 3, 3, 3, 2, 6, 2, 0, 5, 3, 2, 2, 2, 3, 2, 2, 3, 3, 4, 2, 1, 2, 4, 3, 4, 3, 2, 3, 4, 2, 4, 3, 3, 3, 5, 4, 3, 1, 2, 2, 2, 3, 2, 1, 2, 2, 5, 2, 2, 2, 2, 4, 4, 2, 3, 4, 4, 1, 1, 3, 3, 3, 5, 4, 3, 2, 3, 4, 3, 3, 3, 3, 2, 1, 3, 4, 3, 2, 2, 1, 1, 2, 3, 3, 2, 2, 0, 2, 1, 1, 2, 2, 1, 1, 0, 2, 2, 1, 2, 3, 2, 2, 1, 3, 1, 2, 4, 2, 2, 1, 3, 2, 3, 3, 3, 4, 3, 3, 4, 3, 2, 2, 3, 4, 2, 2, 2, 2, 2, 3, 3, 3, 3, 1, 4, 5, 2, 4, 3, 1, 3, 4, 3, 4, 4, 3, 2, 3, 3, 4, 3, 4, 3, 3, 3, 2, 3, 4, 3, 3, 1, 1, 2, 3, 3, 4, 3, 2, 4, 2, 5, 4, 2, 1, 2, 1, 1, 3, 3, 3, 2, 1, 2, 2, 1, 3, 4, 2, 2, 2, 3, 2, 3, 3, 4, 5, 2, 2, 4, 3, 2, 3, 4, 2, 2, 2, 0, 2, 3, 3, 1, 3, 1, 2, 2, 1, 2, 1, 2, 1, 1, 1, 1, 2, 2, 3, 3, 2, 2, 2, 2, 2, 1, 2, 2, 2, 2, 2, 1, 1, 1, 3, 2, 2, 0, 2, 1, 1, 1, 2, 3, 2, 2, 1, 2, 1, 3, 2, 3, 2, 2, 2, 2, 2, 1, 2, 2, 2, 2, 3, 1, 2, 2, 2, 1, 2, 2, 1, 2, 1, 0, 2, 1, 2, 2, 2, 2, 0, 1, 1, 1, 1, 1, 2, 2, 3, 1, 2, 2, 1, 2, 2, 2, 2, 3, 7, 2, 4, 2, 2, 2, 1, 1, 1, 2, 1, 1, 4, 2, 3, 1, 2, 2, 2, 3, 1, 1, 3, 1, 1, 1, 2, 4, 4, 4, 2, 4, 3, 3, 1, 2, 3, 2, 1, 4, 0, 5, 4, 4, 1, 5, 5, 5, 6, 1, 1, 4, 1, 4, 1, 1, 2, 4, 2, 0, 5, 1, 4, 2, 4, 4, 5, 6, 4, 5, 5, 6, 6, 7, 4, 4, 6, 6, 4, 4, 4, 5, 6, 5, 6, 4, 7, 8, 7, 7, 7, 5, 7, 6, 6, 4, 6, 3, 7, 7, 5, 5, 7, 8, 7, 6, 7, 7, 6, 6, 7, 6, 8, 6, 6, 6, 6, 7, 6, 7, 6, 6, 6, 6, 7, 7, 7, 6, 7, 6, 6, 4, 5, 6, 5, 6, 7, 6, 5, 6, 5, 5, 6, 5, 6, 5, 5, 4, 6, 4, 6, 5, 6, 6, 5, 6, 7, 6, 5, 4, 4, 5, 5, 6, 5, 5, 5, 6, 5, 6, 5, 4, 3, 5, 5, 5, 4, 5, 5, 3, 6, 4, 4, 5, 4, 5, 4, 4, 1, 4, 5, 3, 3, 2, 3, 1, 3, 1, 3, 2, 4, 3, 2, 0, 3, 3, 2, 2, 1, 1, 2, 1, 2, 3, 1, 4, 5, 5, 3, 4, 5, 3, 5, 5, 4, 4, 4, 5, 5, 4, 4, 3, 2, 1, 2, 2, 3, 2, 4, 3, 2, 3, 3, 2, 0, 3, 6, 4, 5, 4, 5, 3, 4, 4, 4, 4, 5, 4, 4, 6, 4, 4, 5, 4, 5, 4, 3, 4, 6, 5, 3, 4, 5, 5, 4, 4, 4, 4, 4, 3, 4, 3, 5, 3, 3, 5, 5, 3, 4, 5, 2, 4, 4, 5, 3, 4, 0, 4, 3, 4, 5, 5, 4, 3, 5, 5, 2, 5, 3, 2, 3, 2, 3, 3, 3, 2, 2, 3, 2, 2, 3, 3, 4, 2, 3, 2, 5, 3, 2, 3, 2, 1, 1, 1, 2, 4, 3, 4, 3, 4, 5, 3, 5, 2, 5, 5, 4, 3, 4, 5, 3, 5, 4, 4, 3, 3, 4, 3, 2, 4, 4, 4, 4, 3, 2, 3, 4, 2, 3, 5, 3, 5, 3, 4, 4, 3, 4, 4, 3, 2, 4, 4, 4, 4, 2, 2, 1, 3, 1, 6, 3, 4, 3, 2, 3, 4, 4, 2, 1, 1, 1, 3, 2, 2, 3, 2, 3, 4, 3, 2, 3, 2, 3, 2, 3, 2, 4, 2, 1, 3, 4, 3, 4, 3, 6, 1, 2, 4, 3, 3, 3, 2, 2, 3, 2, 1, 3, 2, 3, 2, 3, 4, 3, 1, 1, 1, 1, 2, 4, 2, 4, 4, 1, 2, 1, 4, 1, 4, 2, 3, 3, 3, 6, 3, 3, 4, 5, 3, 3, 5, 1, 3, 4, 1, 1, 5, 2, 3, 1, 1, 2, 2, 3, 2, 3, 2, 1, 4, 4, 3, 2, 4, 3, 2, 3, 3, 3, 2, 3, 2, 1, 2, 3, 3, 2, 5, 3, 2, 4, 2, 5, 2, 1, 4, 5, 3, 2, 2, 3, 3, 4, 3, 3, 1, 5, 3, 3, 2, 2, 3, 4, 3, 2, 3, 4, 3, 2, 4, 3, 5, 2, 2, 0, 4, 5, 2, 3, 1, 2, 2, 0, 4, 3, 4, 4, 2, 3, 2, 1, 2, 2, 2, 2, 3, 4, 3, 3, 3, 2, 4, 2, 3, 4, 1, 4, 2, 2, 0, 0, 3, 0, 4, 1, 3, 2, 3, 3, 2, 4, 2, 4, 4, 1, 3, 3, 4, 4, 3, 1, 2, 2, 2, 2, 2, 3, 3, 4, 2, 3, 2, 5, 2, 3, 2, 1, 2, 1, 1, 3, 4, 2, 2, 3, 3, 3, 4, 5, 2, 4, 3, 2, 1, 1, 2, 1, 4, 4, 3, 3, 1, 5, 1, 2, 1, 2, 3, 2, 4, 3, 2, 2, 2, 2, 4, 4, 0, 5, 2, 5, 3, 1, 2, 1, 4, 3, 6, 3, 2, 6, 1, 2, 1, 2, 2, 3, 3, 1, 2, 1, 2, 2, 4, 4, 2, 4, 3, 5, 3, 1, 1, 3, 2, 2, 2, 5, 3, 6, 2, 0, 3, 2, 4, 3, 3, 3, 3, 1, 1, 4, 2, 4, 1, 2, 4, 4, 2, 2, 0, 3, 4, 3, 2, 5, 3, 6, 2, 1, 5, 1, 5, 4, 2, 2, 3, 1, 1, 3, 3, 3, 2, 2, 3, 3, 2, 2, 0, 2, 1, 6, 2, 3, 4, 5, 2, 3, 3, 0, 4, 3, 4, 2, 2, 3, 4, 2, 3, 2, 4, 2, 3, 1, 2, 2, 3, 3, 3, 5, 3, 3, 3, 2, 5, 2, 2, 3, 1, 5, 0, 2, 5, 2, 1, 2, 2, 2, 4, 3, 3, 5, 2, 4, 2, 1, 2, 3, 2, 1, 4, 4, 2, 4, 4, 2, 2, 4, 2, 4, 3, 4, 2, 3, 2, 4, 2, 3, 2, 5, 2, 2, 2, 0, 2, 3, 2, 4, 3, 2, 5, 3, 2, 1, 3, 3, 3, 4, 3, 2, 2, 2, 3, 4, 4, 1, 4, 3, 3, 1, 1, 2, 4, 1, 3, 2, 3, 6, 3, 1, 1, 3, 3, 2, 4, 3, 2, 2, 2, 2, 5, 5, 0, 5, 3, 4, 3, 0, 1, 3, 2, 6, 3, 2, 5, 2, 1, 0, 2, 2, 4, 3, 2, 2, 2, 1, 1, 4, 4, 2, 5, 3, 4, 3, 1, 1, 3, 2, 5, 2, 2, 5, 3, 2, 1, 2, 2, 4, 3, 3, 1, 2, 1, 2, 3, 3, 1, 4, 2, 4, 2, 1, 1, 3, 2, 5, 2, 2, 5, 5, 2, 3, 3, 1, 4, 2, 2, 0, 3, 1, 3, 2, 3, 2, 3, 1, 3, 2, 2, 1, 2, 1, 6, 4, 3, 4, 4, 1, 2, 4, 1, 4, 3, 4, 2, 2, 3, 3, 2, 2, 1, 3, 2, 3, 2, 1, 2, 3, 2, 5, 1, 2, 3, 3, 1, 2, 5, 2, 5, 3, 4, 2, 2, 2, 4, 2, 3, 3, 5, 1, 2, 2, 0, 1, 5, 2, 2, 1, 4, 4, 4, 4, 4, 5, 3, 2, 2, 2, 1, 4, 1, 3, 5, 2, 3, 2, 1, 1, 1]

################################################################
################### jail_ex_download_list: ######################

[2, 2, 2, 0, 1, 1, 1, 1, 3, 0, 4, 4, 1, 4, 4, 4, 4, 4, 1, 2, 2, 0, 2, 1, 1, 2, 1, 0, 1, 1, 1, 1, 1, 1, 1, 0, 0, 1, 1, 1, 1, 1, 0, 1, 1, 1, 1, 1, 1, 1, 1, 0, 0, 1, 1, 1, 0, 1, 0, 1, 1, 1, 1, 1, 0, 0, 1, 1, 1, 1, 1, 1, 1, 1, 1, 0, 1, 0, 1, 1, 1, 0, 1, 0, 1, 1, 1, 1, 1, 1, 1, 1, 1, 0, 0, 1, 0, 1, 1, 1, 0, 1, 0, 1, 1, 0, 1, 1, 1, 0, 1, 1, 0, 1, 0, 0, 0, 1, 0, 1, 1, 1, 1, 0, 1, 1, 1, 1, 1, 1, 0, 1, 1, 1, 1, 1, 1, 0, 1, 1, 1, 0, 0, 1, 1, 0, 0, 1, 1, 1, 1, 1, 0, 1, 1, 1, 1, 1, 1, 1, 1, 1, 1, 1, 0, 1, 0, 1, 0, 1, 1, 0, 1, 1, 0, 0, 1, 0, 0, 1, 1, 1, 1, 0, 0, 0, 0, 1, 1, 0, 1, 1, 1, 0, 0, 0, 1, 1, 1, 2, 1, 1, 1, 1, 1, 0, 1, 1, 0, 1, 1, 1, 1, 0, 1, 0, 1, 1, 0, 1, 1, 1, 1, 1, 1, 0, 1, 1, 0, 0, 1, 1, 0, 1, 1, 1, 1, 0, 1, 0, 0, 0, 1, 1, 0, 1, 1, 1, 1, 1, 1, 1, 0, 1, 1, 1, 0, 1, 1, 1, 1, 0, 1, 1, 2, 1, 0, 1, 1, 0, 0, 0, 1, 1, 1, 0, 1, 1, 1, 0, 1, 1, 1, 0, 0, 1, 0, 1, 0, 1, 1, 0, 0, 1, 0, 0, 0, 1, 0, 1, 1, 0, 0, 0, 1, 1, 0, 1, 1, 0, 0, 1, 0, 1, 1, 1, 0, 1, 1, 1, 1, 1, 1, 0, 0, 1, 1, 1, 1, 0, 1, 0, 1, 1, 0, 1, 1, 1, 0, 1, 1, 0, 0, 0, 0, 1, 1, 0, 1, 1, 0, 0, 1, 1, 1, 1, 0, 1, 0, 0, 0, 1, 0, 1, 1, 1, 0, 1, 1, 0, 1, 0, 1, 0, 1, 0, 1, 0, 1, 1, 2, 1, 1, 0, 0, 0, 1, 1, 1, 1, 1, 1, 1, 1, 1, 1, 1, 1, 1, 1, 1, 0, 1, 0, 0, 1, 1, 1, 0, 0, 1, 1, 1, 1, 0, 1, 0, 1, 0, 1, 1, 1, 1, 0, 1, 0, 1, 1, 1, 1, 0, 1, 1, 1, 1, 1, 1, 1, 1, 1, 1, 1, 1, 1, 1, 1, 1, 1, 1, 1, 1, 0, 1, 1, 0, 0, 1, 0, 1, 0, 1, 1, 1, 1, 1, 1, 1, 1, 0, 0, 1, 0, 0, 1, 1, 1, 1, 1, 1, 1, 1, 1, 1, 1, 1, 1, 1, 0, 1, 1, 1, 1, 1, 1, 0, 0, 0, 0, 1, 1, 1, 1, 1, 1, 1, 1, 0, 1, 0, 1, 1, 1, 1, 1, 1, 0, 0, 1, 1, 1, 0, 0, 0, 0, 1, 0, 1, 1, 1, 1, 1, 1, 1, 1, 0, 0, 1, 0, 1, 1, 1, 2, 1, 0, 1, 1, 1, 1, 1, 1, 1, 1, 0, 1, 1, 0, 1, 1, 0, 1, 1, 1, 1, 1, 1, 1, 1, 1, 0, 0, 1, 0, 1, 1, 1, 0, 1, 0, 1, 0, 1, 1, 0, 0, 1, 1, 1, 1, 1, 0, 1, 0, 0, 1, 0, 1, 0, 1, 0, 0, 0, 0, 1, 1, 1, 1, 1, 1, 1, 1, 0, 1, 1, 0, 1, 0, 2, 1, 1, 1, 1, 0, 1, 1, 1, 1, 1, 1, 1, 1, 0, 0, 1, 0, 0, 1, 1, 0, 0, 1, 0, 0, 0, 1, 1, 0, 1, 0, 1, 0, 1, 1, 1, 1, 0, 1, 0, 0, 1, 1, 1, 2, 0, 1, 1, 1, 1, 0, 0, 1, 1, 1, 0, 1, 1, 0, 1, 1, 1, 1, 2, 1, 1, 1, 1, 1, 0, 0, 1, 0, 1, 0, 0, 1, 1, 1, 1, 1, 1, 1, 1, 1, 0, 1, 1, 1, 0, 1, 1, 0, 1, 1, 1, 0, 1, 1, 1, 0, 1, 1, 1, 1, 1, 1, 2, 1, 1, 1, 1, 0, 1, 0, 1, 1, 0, 1, 1, 0, 0, 0, 0, 1, 0, 0, 1, 1, 0, 0, 0, 1, 1, 1, 1, 1, 1, 1, 1, 2, 1, 0, 1, 1, 1, 1, 1, 1, 1, 1, 1, 1, 2, 1, 0, 1, 2, 1, 1, 1, 0, 1, 1, 0, 0, 0, 1, 1, 0, 1, 1, 1, 1, 1, 1, 1, 0, 0, 1, 1, 0, 0, 1, 0, 1, 0, 1, 1, 1, 0, 1, 1, 1, 1, 1, 0, 2, 0, 1, 0, 1, 1, 1, 1, 1, 1, 1, 1, 0, 1, 1, 0, 1, 0, 0, 1, 1, 1, 0, 0, 0, 0, 1, 1, 1, 1, 1, 0, 1, 1, 1, 1, 0, 0, 1, 1, 1, 0, 1, 0, 0, 0, 0, 1, 1, 1, 2, 1, 1, 1, 0, 0, 1, 1, 1, 0, 1, 1, 1, 1, 1, 1, 0, 1, 1, 0, 1, 1, 0, 1, 1, 1, 1, 1, 0, 1, 1, 1, 1, 0, 0, 1, 1, 1, 1, 0, 0, 0, 1, 1, 1, 1, 1, 0, 0, 0, 1, 1, 1, 1, 0, 1, 1, 1, 1, 1, 1, 0, 1, 1, 1, 0, 0, 0, 1, 0, 1, 0, 0, 1, 0, 1, 0, 1, 1, 1, 1, 1, 1, 1, 1, 0, 1, 1, 0, 1, 1, 0, 1, 0, 1, 0, 0, 1, 1, 1, 1, 1, 1, 1, 0, 1, 1, 0, 1, 1, 1, 0, 1, 1, 1, 1, 1, 1, 1, 1, 1, 0, 0, 0, 1, 1, 0, 1, 0, 1, 1, 1, 1, 1, 0, 1, 1, 1, 1, 0, 1, 0, 1, 0, 1, 1, 1, 1, 1, 1, 0, 1, 1, 0, 1, 1, 1, 0, 1, 1, 1, 0, 0, 1, 1, 0, 0, 1, 0, 1, 1, 1, 0, 0, 1, 0, 0, 1, 1, 1, 1, 1, 0, 0, 0, 1, 1, 0, 0, 1, 1, 1, 1, 1, 1, 1, 1, 1, 1, 1, 0, 0, 1, 1, 1, 0, 1, 0, 1, 1, 1, 0, 1, 1, 1, 1, 1, 1, 0, 1, 0, 0, 1, 1, 0, 1, 1, 0, 1, 0, 1, 1, 1, 1, 1, 1, 0, 1, 1, 1, 0, 0, 1, 1, 1, 1, 1, 1, 1, 1, 1, 0, 1, 0, 1, 1, 0, 0, 1, 0, 0, 0, 1, 0, 0, 1, 1, 1, 1, 1, 1, 1, 1, 1, 1, 1, 1, 1, 1, 1, 1, 1, 1, 1, 1, 1, 0, 1, 0, 0, 1, 1, 1, 0, 1, 1, 0, 0, 1, 1, 1, 0, 1, 1, 0, 0, 1, 1, 0, 0, 1, 1, 0, 1, 0, 1, 1, 0, 1, 1, 1, 1, 1, 1, 1, 1, 0, 1, 0, 1, 1, 1, 1, 1, 0, 1, 1, 1, 1, 1, 0, 1, 1, 1, 1, 0, 0, 0, 1, 0, 1, 0, 0, 0, 1, 1, 1, 0, 0, 0, 1, 1, 0, 1, 1, 0, 0, 0, 0, 1, 1, 1, 0, 0, 0, 0, 1, 1, 1, 0, 1, 1, 0, 1, 1, 1, 1, 1, 1, 0, 1, 0, 1, 1, 0, 0, 0, 1, 0, 0, 0, 1, 0, 1, 0, 1, 0, 1, 1, 1, 0, 1, 1, 0, 0, 0, 0, 1, 1, 1, 1, 0, 1, 0, 1, 1, 1, 1, 1, 1, 1, 1, 1, 0, 1, 1, 0, 0, 1, 1, 1, 1, 1, 1, 1, 1, 1, 1, 0, 1, 1, 1, 1, 0, 1, 0, 1, 1, 1, 1, 1, 1, 0, 0, 1, 1, 0, 1, 1, 1, 1, 0, 1, 1, 1, 1, 1, 1, 1, 1, 0, 1, 1, 0, 0, 1, 1, 0, 1, 1, 0, 1, 1, 1, 1, 0, 0, 1, 1, 1, 1, 0, 1, 1, 1, 0, 1, 1, 1, 1, 1, 1, 0, 1, 1, 1, 1, 1, 1, 1, 1, 1, 1, 0, 1, 1, 1, 0, 0, 0, 1, 1, 0, 1, 1, 0, 1, 1, 1, 0, 1, 1, 0, 1, 0, 1, 1, 1, 0, 0, 1, 0, 1, 1, 0, 1, 1, 2, 0, 1, 1, 1, 1, 2, 1, 0, 1, 0, 1, 0, 1, 0, 0, 1, 1, 1, 0, 1, 1, 0, 1, 0, 1, 1, 0, 1, 1, 0, 1, 1, 1, 1, 1, 0, 0, 1, 0, 1, 1, 1, 0, 1, 1, 0, 0, 1, 1, 2, 1, 0, 0, 1, 1, 0, 1, 1, 1, 0, 1, 1, 1, 0, 0, 1, 0, 1, 0, 1, 1, 0, 1, 1, 1, 0, 1, 1, 0, 0, 0, 0, 1, 0, 1, 1, 0, 1, 0, 1, 0, 1, 1, 1, 1, 1, 1, 1, 1, 0, 1, 0, 1, 0, 1, 1, 1, 1, 1, 0, 1, 0, 0, 1, 0, 1, 0, 1, 0, 0, 1, 0, 0, 1, 0, 0, 0, 1, 0, 1, 0, 0, 1, 1, 1, 1, 0, 1, 1, 0, 1, 0, 1, 0, 1, 2, 1, 0, 1, 1, 0, 0, 1, 1, 1, 1, 0, 1, 0, 1, 1, 1, 0, 1, 1, 1, 0, 1, 0, 0, 1, 1, 1, 1, 1, 1, 0, 0, 1, 1, 1, 1, 1, 0, 1, 1, 1, 1, 0, 2, 1, 0, 0, 1, 1, 0, 1, 1, 1, 1, 1, 0, 1, 0, 1, 1, 1, 1, 0, 1, 1, 1, 0, 1, 1, 0, 0, 1, 1, 1, 1, 1, 1, 1, 1, 1, 0, 1, 1, 1, 0, 0, 1, 1, 1, 1, 1, 0, 1, 1, 1, 0, 1, 0, 1, 1, 2, 0, 1, 1, 1, 1, 0, 0, 0, 1, 1, 1, 1, 0, 1, 0, 1, 1, 1, 1, 1, 1, 1, 0, 1, 0, 1, 1, 0, 0, 1, 0, 0, 1, 1, 1, 0, 1, 1, 1, 1, 1, 1, 0, 0, 0, 1, 1, 1, 1, 0, 0, 1, 1, 1, 0, 1, 1, 0, 0, 1, 1, 1, 1, 1, 1, 1, 1, 1, 1, 0, 1, 1, 1, 0, 1, 1, 1, 1, 1, 1, 1, 0, 0, 1, 0, 0, 1, 1, 1, 1, 0, 1, 0, 0, 1, 1, 1, 1, 1, 1, 1, 1, 1, 1, 1, 0, 1, 1, 1, 1, 1, 0, 1, 1, 1, 1, 0, 0, 1, 1, 1, 1, 1, 1, 1, 1, 1, 0, 0, 1, 1, 1, 0, 1, 0, 0, 0, 1, 0, 0, 0, 1, 1, 1, 0, 0, 0, 0, 1, 1, 1, 1, 1, 1, 0, 0, 1, 1, 1, 1, 1, 1, 0, 1, 1, 1, 1, 1, 1, 1, 1, 1, 1, 0, 1, 1, 1, 0, 1, 1, 1, 1, 0, 1, 1, 0, 0, 1, 1, 1, 1, 0, 1, 1, 1, 0, 1, 0, 1, 1, 1, 1, 0, 0, 0, 1, 1, 0, 0, 1, 1, 1, 0, 0, 1, 1, 1, 1, 1, 1, 1, 0, 0, 1, 0, 0, 1, 1, 1, 1, 1, 1, 1, 1, 0, 0, 1, 1, 0, 1, 1, 0, 1, 0, 1, 1, 0, 1, 0, 1, 1, 1, 1, 1, 1, 1, 1, 1, 0, 1, 1, 0, 0, 1, 1, 1, 0, 1, 1, 1, 1, 1, 1, 0, 0, 1, 0, 1, 0, 1, 1, 1, 1, 0, 1, 1, 1, 1, 1, 0, 0, 1, 1, 1, 1, 1, 0, 1, 1, 1, 1, 0, 0, 0, 0, 1, 1, 1, 1, 1, 1, 0, 1, 1, 1, 1, 0, 0, 1, 1, 1, 0, 1, 1, 0, 1, 1, 1, 0, 1, 1, 0, 0, 1, 0, 0, 1, 2, 1, 1, 0, 0, 0, 1, 1, 1, 1, 1, 1, 1, 0, 1, 1, 1, 0, 1, 1, 0, 1, 0, 1, 0, 0, 1, 0, 1, 1, 0, 1, 1, 0, 1, 1, 1, 1, 0, 0, 0, 0, 1, 0, 1, 0, 0, 0, 1, 0, 0, 0, 0, 0, 1, 0, 1, 0, 0, 1, 1, 1, 1, 1, 1, 1, 1, 0, 1, 1, 1, 0, 2, 1, 1, 1, 1, 1, 0, 0, 1, 1, 1, 1, 1, 0, 0, 0, 0, 1, 0, 0, 1, 1, 0, 1, 1, 0, 1, 0, 0, 1, 0, 1, 1, 1, 1, 1, 0, 1, 0, 1, 1, 1, 1, 1, 1, 0, 1, 1, 0, 0, 0, 0, 1, 1, 1, 1, 0, 0, 1, 1, 0, 1, 0, 1, 0, 1, 0, 1, 1, 0, 0, 1, 1, 0, 1, 1, 0, 0, 1, 1, 1, 0, 1, 1, 0, 0, 0, 0, 0, 1, 1, 0, 1, 1, 1, 1, 1, 1, 1, 0, 1, 1, 1, 1, 0, 1, 1, 0, 1, 1, 1, 0, 0, 0, 1, 1, 1, 1, 0, 1, 1, 1, 0, 0, 2, 1, 2, 1, 1, 1, 1, 0, 0, 0, 1, 1, 0, 1, 1, 0, 1, 1, 1, 1, 1, 1, 0, 1, 1, 0, 1, 1, 1, 1, 1, 1, 1, 1, 1, 1, 0, 1, 0, 1, 1, 1, 0, 0, 0, 0, 1, 1, 0, 1, 1, 1, 0, 1, 1, 1, 1, 0, 0, 1, 0, 1, 1, 1, 1, 1, 1, 1, 1, 1, 0, 1, 1, 1, 0, 1, 0, 1, 1, 1, 1, 1, 1, 1, 1, 0, 1, 1, 1, 0, 0, 1, 1, 1, 1, 0, 1, 1, 1, 1, 1, 0, 1, 1, 0, 1, 1, 1, 1, 1, 0, 0, 1, 1, 1, 0, 1, 1, 1, 0, 0, 1, 0, 0, 0, 1, 1, 1, 1, 0, 1, 0, 1, 0, 0, 0, 0, 0, 1, 0, 1, 1, 1, 1, 0, 1, 1, 0, 1, 1, 1, 0, 0, 0, 1, 1, 0, 1, 1, 0, 0, 1, 1, 1, 1, 0, 0, 1, 1, 1, 0, 0, 0, 1, 0, 0, 0, 0, 0, 0, 1, 0, 1, 1, 1, 0, 1, 1, 1, 1, 0, 1, 0, 0, 0, 1, 1, 0, 1, 1, 0, 1, 0, 1, 1, 1, 0, 1, 0, 1, 1, 0, 0, 1, 1, 1, 1, 1, 1, 1, 1, 1, 1, 1, 1, 0, 1, 1, 0, 0, 1, 0, 1, 0, 1, 1, 1, 1, 0, 0, 0, 1, 1, 1, 1, 1, 1, 0, 1, 1, 0, 1, 1, 0, 1, 1, 1, 0, 1, 1, 1, 1, 0, 1, 1, 1, 1, 0, 1, 1, 0, 0, 1, 1, 0, 1, 1, 1, 1, 1, 1, 1, 0, 1, 0, 1, 0, 1, 0, 1, 1, 1, 1, 0, 1, 0, 1, 1, 0, 0, 1, 1, 1, 0, 0, 1, 1, 1, 1, 1, 0, 1, 1, 0, 1, 1, 0, 1, 0, 0, 1, 1, 1, 1, 1, 1, 1, 0, 1, 0, 0, 0, 1, 0, 1, 1, 1, 0, 0, 1, 1, 1, 1, 0, 1, 1, 1, 0, 1, 0, 1, 0, 0, 1, 0, 0, 1, 0, 1, 1, 1, 1, 0, 0, 1, 0, 1, 1, 1, 1, 0, 1, 0, 1, 0, 0, 1, 1, 0, 1, 1, 1, 1, 0, 0, 1, 0, 0, 1, 1, 0, 1, 0, 1, 0, 0, 1, 0, 1, 1, 1, 1, 1, 0, 1, 1, 1, 1, 1, 0, 1, 0, 0, 1, 1, 0, 0, 1, 0, 1, 1, 1, 1, 1, 1, 1, 1, 0, 0, 0, 1, 1, 0, 1, 0, 1, 1, 1, 1, 1, 0, 0, 1, 1, 1, 1, 0, 1, 1, 1, 0, 0, 1, 0, 1, 0, 1, 1, 1, 1, 1, 1, 1, 1, 0, 1, 0, 0, 1, 1, 1, 1, 0, 1, 1, 1, 1, 1, 0, 0, 1, 1, 1, 0, 1, 1, 1, 1, 1, 0, 0, 1, 1, 1, 1, 1, 1, 1, 1, 0, 0, 1, 1, 1, 1, 1, 1, 1, 1, 0, 0, 1, 1, 1, 0, 1, 1, 1, 0, 1, 1, 0, 1, 1, 1, 0, 1, 0, 1, 1, 1, 1, 1, 1, 0, 1, 0, 0, 1, 1, 1, 1, 1, 1, 1, 0, 0, 0, 1, 1, 1, 1, 1, 1, 1, 1, 1, 1, 1, 1, 1, 0, 1, 1, 1, 1, 1, 1, 1, 0, 1, 0, 0, 1, 0, 1, 0, 0, 0, 1, 0, 1, 0, 0, 1, 0, 1, 1, 1, 1, 0, 0, 1, 0, 1, 1, 1, 1, 1, 1, 1, 1, 1, 1, 0, 0, 0, 0, 0, 0, 0, 1, 1, 1, 1, 0, 1, 1, 1, 1, 1, 1, 0, 1, 1, 1, 1, 1, 1, 1, 1, 0, 1, 1, 0, 0, 1, 0, 1, 0, 0, 1, 1, 1, 1, 0, 1, 1, 2, 1, 1, 1, 1, 1, 0, 1, 1, 0, 0, 1, 0, 1, 2, 0, 0, 0, 0, 1, 2, 1, 1, 1, 1, 1, 1, 1, 0, 0, 0, 1, 1, 1, 1, 0, 1, 1, 1, 1, 1, 1, 1, 1, 0, 1, 0, 1, 1, 1, 0, 1, 0, 1, 1, 1, 0, 1, 1, 1, 1, 1, 1, 1, 1, 0, 1, 1, 1, 1, 0, 1, 1, 1, 1, 1, 1, 1, 1, 0, 0, 1, 1, 1, 1, 1, 0, 1, 1, 1, 2, 0, 2, 1, 1, 1, 1, 1, 2, 1, 1, 1, 1, 1, 1, 1, 0, 0, 0, 1, 1, 0, 1, 1, 0, 1, 1, 0, 1, 0, 1, 1, 1, 1, 1, 0, 1, 1, 0, 1, 1, 1, 1, 1, 1, 0, 1, 1, 1, 1, 1, 1, 1, 0, 1, 1, 1, 1, 2, 1, 1, 1, 0, 1, 1, 1, 0, 1, 1, 1, 1, 1, 0, 0, 1, 1, 0, 0, 0, 1, 1, 0, 0, 1, 2, 1, 1, 1, 1, 0, 1, 1, 1, 1, 2, 1, 1, 1, 1, 1, 1, 0, 1, 1, 1, 0, 1, 0, 1, 0, 1, 1, 0, 1, 1, 1, 1, 1, 1, 1, 0, 1, 1, 0, 1, 0, 0, 1, 0, 0, 1, 1, 0, 0, 0, 1, 1, 0, 1, 1, 1, 1, 1, 1, 0, 0, 0, 0, 1, 2, 1, 0, 1, 1, 1, 1, 1, 1, 1, 1, 1, 0, 1, 0, 1, 0, 1, 0, 1, 0, 1, 0, 0, 1, 1, 1, 1, 0, 0, 2, 1, 1, 1, 0, 0, 1, 1, 1, 1, 1, 1, 1, 1, 0, 1, 1, 1, 1, 0, 1, 1, 1, 1, 1, 1, 1, 0, 1, 1, 1, 1, 1, 1, 1, 1, 1, 1, 1, 1, 1, 1, 1, 1, 0, 1, 1, 0, 0, 0, 1, 1, 0, 1, 1, 1, 1, 0, 1, 0, 1, 0, 1, 0, 1, 1, 1, 1, 0, 1, 1, 1, 0, 1, 1, 0, 1, 1, 1, 1, 1, 1, 1, 0, 1, 1, 1, 1, 1, 1, 1, 1, 1, 0, 1, 0, 0, 1, 1, 0, 1, 1, 1, 1, 1, 0, 1, 0, 0, 1, 1, 2, 1, 1, 0, 1, 0, 1, 1, 1, 1, 1, 0, 1, 1, 0, 0, 1, 0, 1, 1, 1, 0, 1, 0, 0, 1, 0, 1, 1, 0, 1, 1, 1, 1, 0, 1, 0, 1, 0, 1, 1, 1, 1, 1, 1, 1, 1, 0, 1, 1, 1, 1, 1, 1, 1, 0, 1, 1, 0, 1, 1, 1, 0, 0, 1, 0, 1, 0, 1, 0, 1, 0, 0, 0, 1, 1, 1, 0, 1, 1, 0, 1, 0, 1, 0, 1, 1, 1, 1, 1, 1, 1, 1, 0, 1, 1, 0, 1, 1, 1, 0, 0, 1, 1, 1, 0, 0, 1, 1, 1, 1, 0, 1, 1, 1, 0, 0, 1, 1, 0, 0, 0, 1, 1, 1, 1, 1, 0, 0, 0, 1, 0, 1, 1, 0, 1, 1, 1, 1, 1, 1, 1, 0, 1, 1, 0, 0, 1, 1, 1, 1, 0, 1, 1, 0, 0, 1, 1, 1, 1, 1, 0, 1, 1, 0, 0, 1, 1, 1, 1, 1, 1, 1, 0, 1, 1, 1, 1, 1, 1, 1, 1, 0, 1, 1, 1, 1, 0, 1, 1, 1, 0, 1, 1, 1, 1, 0, 0, 1, 1, 1, 0, 0, 0, 1, 1, 0, 1, 1, 1, 1, 0, 1, 1, 0, 1, 1, 1, 0, 1, 1, 1, 1, 0, 1, 0, 1, 1, 1, 1, 1, 1, 1, 0, 2, 0, 1, 0, 0, 0, 1, 1, 1, 1, 1, 1, 1, 1, 1, 0, 1, 1, 1, 1, 1, 0, 1, 1, 0, 0, 0, 1, 1, 1, 0, 1, 1, 0, 1, 1, 0, 1, 1, 1, 1, 1, 1, 0, 0, 0, 1, 0, 1, 1, 0, 1, 0, 1, 1, 1, 1, 0, 1, 1, 1, 1, 1, 1, 0, 0, 2, 1, 1, 1, 1, 0, 1, 1, 1, 0, 1, 1, 1, 1, 1, 1, 1, 1, 0, 0, 1, 1, 0, 0, 0, 0, 1, 0, 1, 0, 1, 1, 0, 0, 1, 1, 0, 1, 1, 1, 0, 0, 1, 1, 1, 0, 1, 1, 0, 1, 1, 1, 0, 1, 0, 1, 0, 0, 1, 1, 0, 0, 1, 0, 1, 0, 1, 1, 1, 0, 1, 1, 0, 1, 0, 0, 1, 1, 1, 1, 0, 1, 1, 1, 1, 1, 1, 1, 1, 1, 0, 0, 0, 1, 1, 1, 1, 1, 0, 1, 1, 0, 1, 1, 0, 1, 0, 1, 0, 1, 0, 0, 1, 0, 1, 1, 0, 1, 0, 1, 0, 1, 1, 0, 1, 1, 0, 1, 1, 1, 1, 1, 1, 1, 1, 1, 1, 1, 1, 1, 1, 1, 1, 1, 1, 1, 0, 1, 1, 1, 1, 2, 0, 0, 1, 1, 1, 1, 0, 1, 1, 1, 1, 1, 0, 1, 2, 1, 1, 1, 1, 1, 0, 0, 1, 0, 0, 1, 1, 1, 0, 1, 0, 1, 1, 1, 1, 1, 0, 1, 0, 1, 1, 1, 1, 0, 1, 1, 1, 2, 0, 0, 1, 1, 0, 1, 1, 1, 1, 1, 1, 0, 0, 1, 1, 1, 0, 1, 1, 1, 1, 1, 1, 0, 1, 1, 1, 1, 1, 1, 0, 1, 1, 0, 1, 1, 0, 0, 0, 1, 1, 1, 1, 0, 1, 0, 1, 1, 0, 1, 1, 0, 1, 0, 1, 1, 1, 1, 1, 1, 1, 1, 1, 0, 1, 1, 0, 0, 0, 1, 1, 0, 1, 1, 0, 1, 1, 2, 0, 1, 0, 0, 1, 1, 1, 0, 1, 1, 1, 1, 1, 1, 0, 0, 1, 1, 1, 1, 0, 1, 1, 1, 1, 1, 1, 1, 1, 1, 0, 1, 1, 1, 0, 1, 1, 0, 1, 0, 0, 1, 1, 1, 1, 1, 1, 0, 1, 0, 0, 1, 1, 1, 1, 0, 1, 1, 1, 0, 0, 1, 1, 1, 0, 1, 1, 1, 1, 1, 0, 1, 1, 1, 1, 1, 1, 1, 0, 1, 0, 1, 1, 0, 1, 1, 0, 1, 0, 1, 0, 1, 1, 1, 1, 1, 1, 0, 0, 1, 1, 1, 1, 1, 0, 1, 1, 1, 1, 0, 1, 0, 1, 1, 1, 0, 0, 1, 0, 0, 1, 0, 1, 0, 1, 1, 1, 1, 1, 1, 1, 1, 1, 0, 0, 1, 0, 1, 0, 0, 1, 1, 1, 1, 1, 1, 1, 1, 1, 1, 1, 0, 0, 1, 1, 0, 1, 1, 1, 0, 0, 1, 1, 1, 1, 1, 1, 1, 1, 0, 0, 1, 0, 1, 2, 1, 1, 1, 1, 1, 1, 1, 1, 1, 1, 0, 0, 1, 1, 0, 1, 1, 1, 1, 1, 1, 1, 0, 1, 1, 1, 1, 1, 1, 1, 0, 1, 1, 0, 2, 1, 0, 1, 1, 0, 1, 1, 0, 0, 1, 1, 1, 2, 1, 1, 1, 0, 0, 0, 1, 1, 1, 1, 0, 1, 1, 1, 1, 1, 1, 1, 0, 1, 0, 0, 1, 1, 1, 1, 1, 1, 1, 1, 0, 0, 1, 1, 1, 0, 0, 1, 0, 0, 0, 1, 1, 1, 0, 1, 1, 1, 1, 1, 1, 0, 0, 0, 1, 1, 0, 0, 0, 0, 0, 1, 0, 0, 0, 1, 1, 1, 1, 0, 1, 1, 0, 0, 0, 1, 1, 1, 0, 0, 0, 1, 1, 0, 1, 1, 1, 1, 0, 0, 1, 1, 0, 1, 1, 1, 1, 0, 1, 1, 1, 1, 1, 1, 0, 1, 1, 0, 0, 1, 1, 1, 1, 0, 1, 1, 1, 0, 1, 1, 1, 1, 1, 0, 0, 0, 1, 1, 0, 0, 1, 1, 1, 1, 1, 0, 1, 0, 1, 1, 1, 1, 1, 0, 1, 0, 0, 1, 1, 0, 1, 1, 1, 1, 1, 0, 1, 0, 1, 1, 2, 0, 1, 1, 0, 0, 0, 0, 0, 1, 0, 1, 0, 1, 1, 1, 0, 1, 1, 0, 1, 1, 1, 0, 1, 1, 0, 1, 1, 1, 1, 1, 1, 0, 1, 0, 1, 0, 0, 1, 1, 1, 1, 1, 0, 1, 1, 0, 0, 0, 1, 0, 0, 0, 1, 1, 0, 1, 1, 1, 1, 1, 1, 1, 0, 1, 1, 0, 0, 0, 0, 1, 0, 0, 1, 1, 0, 0, 1, 0, 1, 2, 1, 0, 1, 0, 1, 1, 1, 1, 1, 1, 1, 1, 0, 0, 0, 1, 1, 1, 0, 0, 1, 1, 1, 0, 1, 1, 0, 1, 1, 1, 1, 0, 1, 1, 1, 1, 1, 0, 0, 1, 0, 1, 0, 1, 0, 1, 1, 1, 1, 0, 1, 0, 1, 1, 1, 1, 1, 1, 1, 1, 1, 0, 1, 1, 1, 1, 1, 1, 1, 1, 1, 0, 1, 0, 0, 1, 0, 0, 0, 1, 1, 1, 0, 1, 1, 1, 1, 1, 1, 1, 1, 1, 1, 1, 1, 0, 0, 1, 1, 0, 1, 0, 1, 1, 1, 0, 1, 1, 0, 1, 1, 1, 1, 1, 0, 1, 1, 0, 1, 0, 1, 0, 1, 1, 0, 0, 1, 1, 1, 1, 1, 1, 1, 1, 1, 2, 1, 0, 1, 0, 1, 1, 1, 0, 1, 1, 1, 0, 1, 0, 1, 1, 1, 0, 0, 0, 1, 1, 0, 1, 1, 0, 1, 1, 0, 0, 1, 1, 1, 0, 1, 1, 1, 1, 0, 1, 0, 0, 0, 1, 1, 1, 1, 0, 1, 1, 1, 1, 1, 1, 1, 1, 1, 0, 0, 1, 0, 0, 1, 0, 0, 1, 1, 0, 1, 1, 0, 1, 0, 1, 1, 1, 1, 1, 1, 1, 0, 1, 1, 1, 1, 0, 0, 1, 1, 0, 1, 0, 0, 1, 1, 0, 0, 1, 0, 1, 1, 1, 1, 1, 1, 1, 0, 1, 1, 0, 1, 1, 1, 1, 1, 0, 1, 0, 1, 0, 0, 1, 1, 1, 1, 1, 1, 0, 1, 0, 2, 1, 1, 1, 0, 1, 0, 1, 1, 1, 1, 1, 0, 1, 0, 1, 1, 1, 1, 1, 1, 0, 1, 1, 1, 1, 1, 0, 1, 1, 1, 1, 1, 1, 0, 1, 1, 1, 1, 0, 1, 2, 1, 1, 0, 1, 1, 0, 1, 1, 0, 0, 1, 1, 1, 0, 0, 1, 0, 1, 1, 0, 0, 1, 1, 1, 0, 1, 1, 1, 1, 1, 1, 1, 0, 0, 1, 0, 0, 0, 1, 1, 1, 1, 1, 1, 1, 0, 1, 1, 1, 0, 1, 1, 1, 1, 1, 1, 1, 1, 1, 1, 1, 0, 1, 1, 1, 0, 1, 1, 0, 1, 1, 1, 1, 1, 1, 1, 0, 1, 1, 1, 0, 1, 1, 0, 1, 0, 1, 0, 1, 1, 1, 1, 0, 1, 1, 1, 1, 0, 1, 0, 0, 0, 1, 1, 0, 0, 1, 0, 1, 0, 0, 1, 1, 0, 1, 1, 1, 1, 1, 1, 1, 1, 1, 0, 1, 1, 1, 1, 1, 0, 0, 1, 0, 0, 1, 1, 0, 1, 1, 0, 0, 1, 0, 2, 1, 2, 1, 1, 1, 1, 1, 2, 2, 1, 1, 1, 1, 1, 1, 1, 1, 1, 1, 2, 1, 0, 1, 1, 1, 1, 0, 2, 1, 1, 1, 0, 2, 2, 2, 1, 1, 0, 0, 1, 0, 1, 0, 1, 1, 1, 1, 1, 1, 0, 1, 0, 1, 0, 0, 1, 1, 1, 1, 1, 1, 1, 0, 1, 0, 0, 1, 1, 1, 0, 1, 0, 0, 0, 1, 0, 1, 1, 1, 2, 0, 1, 1, 0, 1, 2, 1, 1, 1, 1, 1, 1, 1, 1, 1, 1, 1, 1, 1, 1, 1, 0, 0, 1, 0, 1, 1, 0, 0, 0, 1, 1, 1, 1, 1, 1, 1, 2, 1, 1, 1, 1, 1, 0, 1, 1, 1, 1, 0, 1, 0, 1, 1, 0, 1, 0, 1, 1, 1, 1, 1, 0, 1, 1, 0, 1, 1, 1, 0, 0, 1, 1, 1, 1, 0, 0, 0, 0, 1, 1, 1, 1, 0, 1, 1, 1, 1, 1, 0, 1, 0, 1, 1, 0, 0, 0, 0, 1, 1, 1, 1, 0, 1, 1, 1, 1, 1, 1, 1, 1, 1, 1, 1, 1, 0, 1, 0, 0, 1, 1, 0, 1, 0, 0, 1, 0, 1, 1, 0, 0, 1, 1, 0, 0, 1, 0, 0, 0, 1, 0, 0, 1, 1, 1, 1, 1, 1, 1, 0, 1, 1, 1, 1, 0, 0, 1, 1, 1, 1, 1, 1, 1, 2, 1, 0, 1, 1, 1, 0, 1, 0, 1, 1, 1, 1, 0, 1, 1, 0, 1, 1, 0, 1, 1, 1, 1, 1, 1, 1, 1, 1, 0, 0, 1, 1, 1, 1, 0, 0, 1, 1, 1, 1, 1, 0, 0, 0, 0, 1, 1, 1, 2, 0, 0, 1, 1, 1, 1, 1, 0, 0, 1, 1, 1, 2, 1, 1, 1, 1, 1, 1, 1, 0, 1, 1, 0, 0, 0, 0, 0, 0, 0, 1, 1, 0, 0, 1, 1, 1, 0, 1, 1, 1, 1, 1, 1, 1, 1, 1, 0, 0, 1, 0, 1, 0, 0, 0, 1, 1, 0, 0, 1, 0, 0, 1, 1, 1, 1, 0, 0, 1, 1, 1, 0, 1, 0, 1, 1, 0, 0, 1, 1, 1, 0, 0, 1, 1, 1, 0, 0, 1, 1, 0, 0, 1, 1, 0, 1, 0, 1, 0, 1, 0, 1, 1, 1, 1, 0, 1, 1, 1, 1, 1, 1, 1, 1, 0, 1, 0, 1, 0, 1, 1, 0, 1, 0, 0, 1, 1, 1, 1, 1, 0, 1, 0, 0, 0, 1, 1, 1, 0, 1, 0, 1, 0, 1, 0, 1, 1, 1, 1, 1, 1, 0, 1, 0, 1, 0, 1, 0, 0, 1, 0, 0, 0, 1, 1, 1, 1, 1, 0, 1, 1, 1, 1, 1, 0, 1, 0, 1, 1, 1, 0, 0, 0, 1, 1, 0, 0, 1, 1, 0, 1, 0, 0, 1, 0, 0, 1, 1, 0, 1, 1, 0, 1, 1, 0, 1, 1, 1, 1, 1, 1, 1, 0, 1, 1, 1, 1, 0, 1, 0, 1, 0, 0, 0, 0, 1, 1, 0, 1, 1, 1, 0, 1, 1, 1, 0, 0, 1, 0, 1, 1, 1, 1, 1, 1, 1, 0, 1, 0, 1, 1, 1, 1, 1, 1, 0, 1, 0, 1, 1, 1, 1, 1, 0, 0, 1, 0, 0, 1, 1, 0, 1, 1, 1, 0, 1, 1, 1, 1, 1, 1, 0, 1, 1, 1, 1, 0, 0, 1, 1, 0, 0, 0, 1, 0, 0, 0, 1, 1, 1, 1, 1, 1, 1, 0, 0, 1, 1, 1, 1, 1, 1, 2, 0, 0, 1, 1, 1, 1, 0, 0, 0, 1, 1, 1, 1, 1, 1, 0, 1, 1, 1, 1, 0, 1, 1, 0, 1, 1, 0, 1, 1, 1, 1, 1, 1, 1, 0, 0, 1, 1, 0, 0, 1, 1, 1, 1, 1, 1, 1, 0, 0, 1, 0, 1, 0, 0, 0, 0, 1, 1, 0, 1, 1, 0, 1, 0, 0, 1, 1, 1, 0, 0, 0, 0, 1, 1, 0, 1, 1, 1, 1, 1, 1, 0, 1, 0, 1, 1, 1, 1, 2, 1, 1, 1, 0, 1, 1, 1, 0, 1, 1, 1, 1, 2, 1, 1, 1, 1, 2, 1, 1, 1, 0, 1, 1, 1, 1, 1, 1, 0, 0, 1, 1, 1, 0, 0, 1, 1, 1, 1, 1, 1, 0, 0, 1, 1, 1, 1, 1, 1, 1, 1, 1, 1, 0, 1, 1, 1, 1, 1, 1, 1, 1, 1, 1, 0, 0, 1, 1, 1, 0, 0, 1, 0, 1, 1, 1, 0, 1, 1, 0, 1, 1, 1, 1, 1, 0, 1, 2, 0, 1, 1, 0, 1, 1, 0, 1, 0, 0, 1, 1, 1, 1, 1, 1, 1, 1, 1, 1, 1, 1, 1, 0, 1, 0, 1, 1, 0, 1, 1, 1, 1, 1, 0, 1, 1, 1, 1, 1, 1, 1, 1, 1, 1, 0, 1, 1, 1, 0, 1, 1, 0, 1, 0, 1, 0, 1, 0, 1, 1, 1, 0, 1, 1, 1, 1, 0, 0, 0, 1, 1, 1, 1, 1, 0, 0, 1, 1, 1, 0, 1, 1, 0, 1, 1, 0, 2, 1, 0, 0, 0, 1, 1, 0, 1, 1, 1, 1, 1, 1, 0, 1, 0, 0, 1, 0, 1, 1, 1, 1, 1, 0, 1, 1, 1, 1, 1, 1, 0, 1, 0, 0, 1, 1, 1, 1, 0, 1, 0, 0, 1, 0, 1, 0, 1, 1, 1, 1, 1, 1, 0, 1, 0, 0, 0, 0, 1, 1, 0, 0, 0, 1, 0, 0, 0, 1, 0, 0, 1, 1, 0, 1, 1, 1, 1, 1, 1, 1, 1, 1, 0, 1, 0, 1, 1, 1, 1, 1, 1, 1, 0, 1, 1, 1, 1, 1, 1, 1, 1, 1, 1, 1, 1, 0, 1, 1, 1, 1, 1, 0, 1, 0, 1, 1, 0, 1, 1, 0, 1, 1, 1, 1, 0, 1, 1, 1, 1, 0, 1, 1, 1, 1, 0, 1, 1, 1, 1, 1, 1, 0, 0, 1, 1, 1, 0, 1, 0, 1, 1, 1, 1, 1, 1, 1, 1, 1, 1, 1, 1, 0, 1, 0, 1, 1, 0, 1, 1, 1, 1, 0, 1, 0, 1, 1, 1, 1, 1, 1, 0, 1, 0, 1, 2, 0, 1, 0, 1, 1, 1, 1, 0, 0, 1, 0, 1, 0, 1, 1, 1, 1, 1, 1, 1, 1, 1, 0, 0, 1, 1, 1, 1, 0, 1, 0, 1, 0, 0, 1, 1, 1, 0, 0, 0, 1, 0, 0, 1, 1, 1, 1, 0, 1, 0, 1, 1, 1, 1, 1, 1, 1, 1, 0, 1, 1, 1, 1, 1, 1, 1, 1, 1, 1, 1, 1, 1, 1, 1, 1, 1, 1, 1, 0, 0, 1, 1, 1, 0, 1, 1, 1, 1, 1, 1, 1, 0, 0, 0, 0, 1, 1, 1, 0, 0, 1, 0, 0, 1, 1, 2, 0, 0, 1, 1, 1, 0, 0, 0, 1, 0, 1, 0, 0, 1, 0, 1, 1, 1, 1, 0, 0, 0, 2, 0, 1, 0, 1, 0, 1, 1, 0, 1, 0, 1, 2, 1, 0, 2, 1, 0, 1, 1, 0, 1, 0, 1, 1, 0, 0, 1, 1, 1, 1, 0, 1, 1, 1, 1, 1, 1, 1, 0, 1, 1, 0, 1, 0, 1, 1, 1, 1, 1, 0, 0, 1, 0, 1, 1, 1, 1, 1, 1, 0, 0, 1, 1, 1, 1, 0, 0, 0, 1, 1, 1, 0, 0, 1, 1, 1, 0, 1, 0, 0, 1, 1, 0, 1, 1, 1, 1, 1, 1, 1, 1, 1, 1, 1, 1, 1, 1, 1, 0, 1, 1, 1, 1, 1, 0, 1, 0, 1, 1, 0, 0, 0, 1, 0, 1, 0, 1, 1, 1, 1, 1, 1, 0, 1, 1, 0, 0, 0, 0, 1, 1, 1, 1, 0, 1, 1, 1, 1, 1, 0, 1, 1, 1, 1, 1, 1, 1, 0, 1, 0, 0, 1, 0, 0, 1, 1, 1, 0, 1, 1, 1, 1, 0, 1, 1, 1, 1, 1, 0, 0, 0, 0, 1, 1, 1, 1, 0, 1, 0, 0, 0, 1, 0, 1, 1, 1, 1, 1, 0, 1, 1, 1, 1, 1, 1, 0, 1, 0, 0, 1, 0, 1, 1, 1, 1, 1, 1, 0, 1, 0, 1, 1, 0, 1, 0, 0, 0, 1, 1, 1, 0, 0, 1, 0, 1, 1, 1, 1, 0, 1, 1, 1, 0, 1, 0, 1, 1, 0, 1, 1, 1, 0, 1, 1, 1, 0, 1, 0, 1, 1, 1, 1, 1, 1, 1, 0, 0, 0, 1, 0, 0, 1, 1, 1, 1, 1, 1, 0, 1, 0, 1, 0, 1, 1, 1, 1, 0, 1, 1, 1, 1, 0, 1, 1, 1, 1, 0, 1, 0, 1, 1, 1, 1, 1, 1, 0, 1, 0, 1, 1, 1, 1, 1, 0, 0, 1, 0, 0, 1, 0, 0, 1, 1, 1, 1, 1, 1, 0, 1, 1, 1, 1, 0, 1, 0, 0, 1, 0, 0, 1, 1, 1, 1, 1, 1, 1, 1, 1, 1, 1, 0, 0, 1, 0, 0, 1, 0, 1, 1, 0, 1, 1, 0, 1, 1, 0, 0, 1, 1, 1, 1, 1, 1, 1, 1, 1, 0, 0, 1, 1, 0, 1, 0, 1, 1, 0, 0, 0, 1, 1, 1, 0, 1, 1, 1, 1, 1, 1, 1, 1, 1, 1, 1, 1, 1, 1, 1, 0, 1, 1, 1, 1, 0, 1, 1, 0, 1, 0, 1, 1, 1, 0, 1, 1, 1, 1, 1, 0, 1, 1, 1, 0, 1, 1, 0, 1, 0, 1, 1, 0, 1, 1, 1, 0, 1, 1, 1, 1, 1, 0, 0, 1, 1, 0, 1, 1, 0, 1, 1, 1, 1, 1, 1, 0, 1, 0, 0, 0, 1, 1, 1, 1, 0, 1, 0, 1, 1, 1, 1, 1, 1, 1, 1, 0, 1, 1, 1, 0, 1, 1, 0, 1, 1, 0, 1, 1, 1, 0, 0, 0, 0, 1, 1, 1, 0, 1, 1, 0, 0, 1, 1, 1, 1, 0, 1, 1, 0, 0, 0, 1, 1, 1, 0, 1, 0, 0, 1, 1, 1, 0, 1, 0, 1, 0, 1, 1, 1, 1, 1, 0, 0, 1, 1, 0, 1, 1, 1, 0, 0, 0, 1, 1, 0, 1, 0, 0, 1, 1, 1, 1, 1, 1, 0, 1, 1, 0, 0, 0, 1, 1, 1, 0, 0, 1, 1, 1, 1, 1, 1, 1, 0, 1, 0, 0, 1, 1, 1, 1, 1, 1, 1, 1, 0, 1, 1, 0, 1, 0, 1, 0, 1, 1, 0, 1, 0, 0, 0, 1, 1, 1, 0, 0, 1, 0, 0, 1, 1, 0, 1, 1, 1, 1, 1, 1, 1, 1, 0, 0, 0, 1, 1, 0, 0, 1, 1, 1, 1, 1, 1, 1, 1, 1, 1, 1, 1, 1, 1, 0, 1, 1, 0, 1, 1, 1, 1, 1, 1, 0, 1, 1, 1, 0, 0, 1, 1, 1, 0, 0, 0, 1, 0, 1, 1, 1, 0, 1, 0, 1, 1, 0, 1, 0, 1, 1, 1, 0, 1, 0, 0, 0, 0, 1, 1, 1, 0, 1, 1, 1, 0, 0, 1, 1, 1, 1, 1, 1, 0, 1, 0, 1, 0, 1, 1, 0, 0, 1, 0, 0, 1, 1, 0, 0, 0, 0, 0, 1, 1, 1, 1, 1, 1, 1, 0, 0, 0, 0, 1, 1, 1, 1, 1, 0, 0, 1, 1, 1, 0, 1, 1, 0, 1, 1, 1, 1, 1, 0, 0, 1, 1, 1, 1, 1, 0, 1, 0, 1, 1, 1, 1, 1, 0, 1, 1, 1, 1, 1, 0, 1, 1, 0, 1, 1, 1, 0, 0, 1, 1, 1, 1, 0, 0, 0, 1, 1, 1, 1, 1, 1, 1, 1, 1, 1, 1, 1, 0, 1, 0, 0, 1, 1, 1, 0, 1, 1, 0, 1, 1, 1, 1, 1, 1, 1, 1, 1, 0, 1, 0, 1, 1, 0, 1, 1, 1, 1, 1, 1, 1, 0, 1, 0, 0, 1, 1, 1, 0, 1, 1, 1, 1, 1, 1, 0, 1, 1, 1, 0, 1, 1, 0, 0, 1, 1, 1, 1, 1, 1, 0, 1, 0, 1, 1, 1, 0, 0, 0, 1, 1, 0, 0, 0, 1, 0, 1, 1, 1, 1, 1, 1, 1, 0, 0, 1, 0, 0, 1, 0, 1, 0, 1, 1, 0, 0, 1, 0, 1, 0, 0, 1, 1, 0, 0, 1, 1, 1, 0, 1, 1, 1, 0, 1, 1, 1, 0, 0, 1, 1, 1, 1, 0, 1, 1, 0, 1, 1, 0, 1, 0, 1, 1, 1, 1, 0, 0, 1, 1, 1, 0, 1, 1, 1, 1, 1, 1, 1, 1, 1, 2, 1, 1, 1, 1, 1, 1, 1, 1, 1, 0, 1, 1, 2, 0, 0, 0, 1, 1, 1, 1, 1, 1, 1, 1, 1, 1, 1, 0, 1, 1, 1, 1, 1, 1, 0, 1, 1, 1, 1, 1, 1, 1, 0, 1, 0, 1, 0, 1, 0, 1, 0, 1, 0, 1, 1, 0, 0, 0, 0, 1, 1, 1, 1, 1, 1, 1, 1, 1, 1, 0, 1, 1, 1, 1, 1, 1, 1, 1, 0, 1, 1, 0, 1, 1, 1, 1, 1, 0, 1, 0, 1, 1, 1, 0, 1, 0, 0, 0, 1, 1, 1, 0, 1, 1, 0, 1, 0, 0, 0, 0, 1, 1, 0, 1, 1, 1, 0, 1, 1, 1, 0, 1, 0, 0, 1, 0, 0, 1, 0, 1, 1, 0, 1, 0, 1, 1, 0, 1, 1, 1, 0, 1, 1, 1, 1, 1, 0, 0, 1, 1, 1, 0, 0, 1, 1, 0, 0, 0, 0, 0, 1, 1, 1, 1, 1, 1, 1, 0, 1, 0, 1, 1, 1, 1, 1, 1, 1, 1, 0, 0, 1, 1, 1, 1, 0, 1, 1, 1, 0, 0, 1, 0, 0, 1, 1, 1, 0, 1, 0, 1, 1, 1, 0, 0, 0, 1, 1, 1, 0, 0, 0, 1, 0, 0, 1, 0, 0, 1, 0, 1, 0, 1, 0, 0, 1, 1, 1, 1, 1, 1, 1, 0, 1, 0, 1, 1, 1, 1, 1, 1, 1, 1, 1, 0, 0, 1, 1, 0, 0, 1, 1, 1, 1, 0, 0, 0, 1, 1, 1, 0, 1, 0, 0, 1, 0, 0, 0, 1, 1, 1, 1, 1, 1, 1, 0, 0, 1, 0, 0, 1, 1, 1, 1, 0, 0, 1, 1, 0, 1, 0, 0, 0, 1, 1, 1, 1, 1, 1, 1, 0, 1, 1, 1, 0, 0, 1, 1, 0, 1, 0, 0, 0, 1, 1, 0, 1, 0, 0, 1, 1, 1, 0, 1, 0, 0, 0, 1, 1, 1, 0, 1, 1, 1, 0, 0, 1, 1, 1, 1, 1, 1, 1, 0, 1, 0, 1, 1, 1, 1, 0, 1, 1, 0, 1, 1, 1, 1, 0, 1, 1, 1, 1, 0, 1, 1, 0, 0, 1, 1, 1, 1, 1, 0, 1, 1, 1, 1, 1, 1, 0, 0, 0, 1, 1, 0, 1, 0, 1, 1, 1, 0, 1, 0, 0, 1, 0, 0, 1, 0, 1, 1, 0, 1, 1, 0, 0, 1, 1, 1, 1, 1, 1, 1, 1, 1, 1, 1, 1, 0, 0, 0, 1, 0, 1, 1, 0, 1, 1, 1, 0, 1, 0, 1, 1, 1, 1, 0, 1, 1, 1, 0, 1, 1, 1, 0, 1, 1, 1, 1, 1, 1, 1, 1, 0, 0, 1, 0, 0, 1, 1, 1, 0, 0, 0, 0, 1, 1, 0, 0, 1, 1, 1, 0, 1, 1, 1, 1, 1, 1, 1, 1, 1, 0, 1, 1, 1, 1, 0, 1, 0, 0, 0, 1, 0, 1, 0, 0, 1, 1, 1, 1, 0, 1, 1, 0, 1, 1, 1, 1, 0, 1, 1, 0, 1, 1, 0, 0, 0, 1, 0, 0, 1, 0, 1, 1, 0, 0, 1, 1, 1, 0, 1, 0, 0, 1, 1, 1, 1, 1, 1, 1, 1, 1, 1, 1, 0, 0, 1, 0, 0, 0, 1, 1, 1, 0, 0, 1, 1, 1, 0, 1, 0, 1, 1, 1, 1, 1, 0, 1, 1, 0, 0, 1, 0, 1, 1, 1, 0, 1, 1, 0, 1, 0, 1, 1, 0, 0, 1, 1, 1, 1, 1, 0, 1, 1, 1, 0, 1, 0, 1, 0, 1, 1, 1, 0, 1, 1, 1, 1, 0, 1, 1, 1, 0, 0, 1, 1, 0, 1, 1, 1, 1, 1, 1, 1, 0, 1, 0, 0, 1, 0, 0, 1, 1, 1, 1, 0, 1, 1, 2, 1, 1, 0, 1, 1, 1, 1, 1, 1, 1, 0, 0, 1, 0, 1, 1, 1, 1, 1, 1, 0, 1, 1, 0, 1, 0, 2, 1, 1, 0, 1, 1, 1, 0, 0, 1, 0, 0, 1, 1, 1, 1, 1, 1, 1, 1, 1, 1, 1, 1, 1, 1, 1, 1, 1, 1, 0, 1, 1, 1, 1, 0, 1, 1, 0, 0, 1, 0, 0, 1, 1, 1, 1, 1, 1, 1, 1, 0, 1, 0, 1, 1, 0, 1, 1, 1, 0, 1, 1, 1, 1, 0, 0, 1, 1, 1, 1, 0, 1, 0, 1, 1, 1, 0, 1, 1, 0, 1, 1, 0, 1, 0, 0, 0, 1, 1, 1, 1, 1, 0, 1, 0, 0, 1, 0, 0, 1, 0, 1, 1, 1, 1, 0, 0, 0, 0, 1, 0, 0, 0, 1, 1, 1, 1, 1, 0, 0, 1, 1, 1, 1, 1, 0, 1, 0, 1, 1, 1, 0, 0, 1, 0, 0, 1, 0, 0, 0, 0, 1, 0, 0, 1, 1, 1, 1, 1, 1, 0, 1, 0, 1, 1, 0, 0, 1, 1, 0, 0, 1, 1, 1, 1, 1, 1, 0, 1, 0, 0, 1, 1, 1, 1]

################################################################
################################################################
################### process_jail_download_list: ######################

[9, 9, 9, 6, 6, 7, 7, 7, 10, 6, 11, 11, 7, 11, 11, 11, 11, 11, 7, 8, 8, 6, 8, 8, 8, 8, 8, 6, 7, 7, 7, 7, 8, 7, 7, 6, 6, 8, 8, 7, 7, 7, 6, 7, 7, 7, 6, 6, 7, 7, 7, 6, 7, 6, 7, 7, 7, 7, 6, 7, 7, 7, 7, 7, 6, 6, 7, 6, 7, 7, 7, 7, 7, 7, 7, 7, 8, 6, 7, 8, 7, 6, 7, 6, 6, 6, 7, 7, 8, 7, 7, 7, 7, 7, 7, 7, 7, 7, 7, 7, 6, 6, 6, 7, 7, 7, 8, 7, 7, 6, 6, 7, 6, 6, 6, 6, 6, 7, 6, 7, 7, 6, 7, 7, 7, 7, 7, 6, 8, 7, 6, 7, 7, 7, 7, 8, 7, 7, 7, 7, 7, 7, 6, 7, 7, 7, 6, 6, 7, 7, 7, 7, 6, 6, 7, 7, 8, 6, 8, 7, 7, 7, 7, 7, 7, 8, 6, 7, 7, 7, 7, 6, 7, 7, 6, 6, 7, 6, 6, 7, 7, 8, 6, 6, 6, 7, 6, 6, 7, 6, 7, 7, 7, 6, 7, 6, 7, 7, 8, 8, 7, 7, 7, 7, 8, 6, 7, 7, 6, 7, 7, 7, 7, 7, 7, 6, 6, 6, 6, 7, 7, 7, 7, 7, 6, 6, 7, 7, 6, 7, 7, 7, 7, 8, 7, 7, 8, 7, 7, 7, 6, 6, 8, 7, 6, 7, 8, 7, 7, 7, 7, 7, 6, 7, 7, 7, 6, 7, 7, 7, 7, 6, 7, 7, 8, 7, 6, 8, 7, 6, 6, 7, 6, 7, 7, 6, 7, 7, 7, 6, 7, 7, 7, 6, 6, 6, 6, 6, 6, 7, 7, 6, 6, 7, 6, 6, 6, 7, 6, 7, 7, 6, 6, 6, 7, 7, 6, 7, 6, 6, 7, 7, 6, 7, 6, 6, 6, 7, 6, 7, 7, 7, 7, 6, 6, 7, 7, 7, 7, 6, 7, 6, 7, 7, 6, 7, 7, 7, 6, 7, 7, 7, 6, 6, 7, 7, 7, 7, 7, 7, 6, 6, 7, 7, 7, 6, 6, 7, 6, 6, 6, 7, 7, 7, 7, 7, 6, 7, 7, 7, 6, 6, 7, 7, 7, 6, 7, 6, 7, 7, 8, 8, 7, 7, 7, 7, 7, 6, 7, 7, 7, 7, 7, 8, 8, 7, 7, 7, 6, 7, 7, 6, 8, 7, 6, 7, 7, 7, 6, 7, 7, 7, 7, 7, 6, 6, 6, 7, 6, 7, 8, 7, 7, 7, 7, 7, 6, 7, 7, 7, 6, 6, 6, 7, 7, 7, 7, 8, 7, 7, 7, 6, 7, 7, 7, 7, 6, 7, 7, 7, 7, 6, 7, 7, 6, 6, 6, 6, 6, 6, 7, 7, 7, 6, 7, 7, 7, 7, 7, 6, 6, 7, 7, 8, 7, 7, 7, 7, 7, 7, 7, 7, 6, 7, 7, 7, 7, 7, 7, 7, 7, 7, 7, 7, 6, 6, 6, 7, 8, 7, 7, 7, 7, 7, 7, 6, 6, 7, 6, 7, 7, 7, 8, 7, 7, 6, 6, 6, 7, 7, 6, 6, 6, 6, 7, 7, 7, 7, 7, 7, 6, 7, 7, 7, 6, 7, 7, 6, 6, 7, 7, 8, 7, 6, 7, 7, 6, 7, 7, 7, 7, 6, 6, 7, 7, 6, 7, 7, 6, 7, 7, 8, 7, 6, 6, 7, 7, 8, 7, 6, 6, 6, 7, 7, 7, 6, 8, 6, 7, 6, 7, 7, 7, 6, 7, 7, 7, 7, 7, 6, 6, 6, 6, 6, 6, 6, 6, 7, 7, 6, 6, 6, 7, 7, 7, 7, 7, 7, 7, 7, 6, 7, 7, 6, 6, 6, 8, 7, 7, 6, 7, 6, 7, 7, 7, 7, 7, 7, 7, 7, 6, 6, 7, 6, 6, 7, 6, 6, 6, 7, 6, 6, 6, 7, 7, 6, 7, 6, 7, 6, 7, 7, 7, 7, 6, 6, 6, 6, 6, 6, 7, 8, 6, 7, 7, 7, 7, 6, 6, 6, 6, 7, 6, 7, 6, 6, 7, 7, 7, 7, 8, 7, 7, 7, 6, 7, 6, 6, 7, 6, 6, 7, 6, 7, 7, 7, 6, 7, 7, 7, 7, 7, 6, 6, 7, 7, 6, 7, 7, 6, 7, 7, 7, 6, 6, 7, 7, 6, 7, 7, 7, 7, 7, 7, 8, 7, 7, 7, 8, 6, 6, 6, 7, 7, 6, 7, 7, 6, 6, 6, 6, 7, 6, 6, 6, 7, 6, 7, 6, 8, 7, 7, 7, 7, 7, 6, 7, 7, 6, 6, 7, 7, 6, 7, 7, 7, 7, 7, 7, 7, 8, 7, 6, 7, 8, 6, 7, 7, 6, 7, 8, 6, 7, 6, 7, 8, 6, 7, 7, 6, 7, 7, 7, 7, 7, 6, 7, 7, 6, 6, 7, 6, 7, 6, 6, 7, 7, 6, 7, 7, 6, 7, 7, 6, 7, 6, 7, 6, 7, 7, 7, 7, 7, 6, 7, 7, 6, 7, 7, 6, 7, 6, 6, 7, 8, 7, 6, 6, 6, 6, 7, 7, 6, 7, 8, 6, 6, 7, 7, 7, 6, 7, 7, 7, 7, 6, 7, 7, 6, 6, 6, 6, 7, 7, 7, 7, 7, 6, 7, 7, 7, 7, 7, 6, 7, 7, 6, 7, 6, 7, 6, 7, 7, 6, 7, 7, 7, 7, 7, 7, 7, 7, 6, 6, 7, 7, 7, 6, 7, 7, 7, 7, 7, 6, 6, 6, 7, 7, 7, 6, 7, 6, 7, 7, 7, 7, 8, 6, 6, 7, 7, 7, 7, 7, 7, 7, 7, 7, 7, 6, 6, 7, 7, 7, 7, 6, 7, 7, 7, 7, 6, 6, 7, 7, 7, 6, 7, 7, 7, 7, 7, 7, 6, 7, 7, 6, 7, 6, 7, 6, 7, 6, 7, 6, 7, 6, 6, 7, 6, 8, 7, 6, 7, 6, 7, 7, 6, 7, 7, 6, 7, 7, 6, 7, 6, 6, 6, 6, 8, 7, 6, 7, 6, 7, 7, 7, 7, 7, 6, 7, 7, 6, 7, 6, 6, 6, 7, 6, 7, 7, 7, 6, 7, 7, 6, 8, 7, 6, 7, 6, 7, 6, 7, 7, 6, 6, 6, 7, 7, 6, 6, 6, 6, 7, 7, 7, 6, 6, 7, 7, 6, 7, 7, 7, 7, 7, 6, 6, 6, 6, 7, 6, 6, 6, 7, 7, 7, 6, 7, 6, 7, 7, 7, 7, 6, 7, 7, 7, 7, 7, 6, 6, 7, 7, 6, 6, 7, 7, 7, 6, 7, 7, 7, 7, 6, 7, 7, 7, 6, 7, 6, 6, 7, 6, 7, 6, 7, 7, 6, 7, 6, 7, 7, 7, 6, 6, 8, 7, 6, 7, 7, 7, 7, 6, 7, 6, 7, 6, 7, 7, 6, 6, 7, 6, 6, 6, 7, 6, 7, 7, 6, 7, 7, 7, 7, 7, 7, 7, 6, 7, 7, 7, 7, 6, 7, 7, 7, 7, 7, 7, 7, 7, 7, 6, 8, 7, 7, 7, 6, 7, 6, 7, 7, 6, 7, 6, 7, 8, 6, 6, 7, 7, 6, 6, 7, 6, 6, 7, 6, 7, 7, 6, 7, 7, 7, 7, 7, 7, 7, 7, 6, 7, 6, 7, 7, 8, 7, 7, 6, 7, 7, 8, 6, 7, 7, 7, 7, 6, 7, 6, 6, 6, 7, 6, 8, 6, 6, 6, 7, 7, 6, 6, 6, 6, 7, 7, 6, 7, 8, 6, 6, 6, 6, 7, 7, 7, 6, 6, 6, 7, 7, 7, 8, 7, 7, 6, 6, 7, 7, 7, 7, 7, 7, 6, 7, 6, 7, 7, 6, 6, 6, 7, 7, 6, 6, 7, 6, 6, 6, 7, 6, 7, 6, 7, 6, 7, 7, 6, 6, 7, 6, 6, 6, 7, 7, 6, 7, 7, 7, 8, 7, 7, 7, 7, 7, 6, 7, 7, 6, 7, 7, 6, 7, 6, 7, 7, 6, 7, 7, 7, 7, 7, 6, 7, 7, 7, 7, 6, 7, 6, 7, 7, 7, 7, 7, 7, 7, 7, 7, 6, 6, 7, 7, 7, 7, 7, 8, 7, 8, 7, 7, 7, 7, 7, 7, 7, 6, 6, 6, 7, 7, 7, 7, 7, 6, 7, 7, 7, 7, 6, 6, 7, 7, 7, 7, 6, 7, 7, 7, 6, 7, 7, 6, 7, 7, 7, 6, 7, 7, 7, 7, 7, 7, 8, 7, 7, 7, 6, 6, 7, 7, 6, 6, 6, 6, 7, 6, 7, 7, 6, 6, 7, 7, 6, 7, 6, 7, 7, 6, 7, 7, 7, 6, 6, 7, 6, 7, 7, 6, 7, 7, 7, 6, 7, 7, 7, 7, 7, 7, 6, 7, 7, 7, 6, 7, 6, 6, 7, 7, 7, 6, 7, 7, 6, 7, 6, 6, 6, 6, 7, 7, 7, 7, 7, 6, 7, 7, 6, 6, 6, 6, 7, 7, 6, 6, 8, 7, 7, 6, 7, 6, 8, 7, 6, 7, 7, 7, 6, 7, 7, 7, 6, 7, 7, 7, 6, 7, 7, 6, 6, 6, 7, 7, 7, 7, 6, 6, 6, 7, 7, 6, 7, 6, 7, 7, 6, 7, 7, 6, 7, 6, 7, 6, 8, 7, 7, 7, 6, 7, 7, 7, 6, 7, 6, 7, 6, 6, 7, 7, 7, 7, 6, 6, 6, 6, 7, 6, 7, 7, 7, 7, 7, 7, 6, 6, 7, 6, 6, 6, 7, 6, 7, 6, 6, 7, 7, 7, 7, 6, 7, 7, 6, 7, 7, 7, 6, 7, 8, 7, 6, 6, 6, 6, 6, 7, 7, 7, 7, 7, 7, 6, 7, 7, 7, 6, 7, 8, 7, 6, 7, 6, 6, 6, 7, 7, 7, 7, 8, 6, 6, 7, 7, 7, 7, 6, 6, 7, 6, 7, 7, 6, 8, 7, 6, 7, 7, 7, 6, 7, 6, 7, 7, 7, 6, 7, 6, 7, 7, 7, 7, 7, 7, 7, 7, 6, 7, 7, 6, 6, 6, 7, 7, 7, 7, 7, 7, 7, 6, 6, 7, 7, 8, 6, 6, 7, 7, 7, 6, 6, 6, 7, 7, 6, 7, 8, 6, 7, 7, 8, 6, 7, 7, 7, 7, 6, 6, 6, 7, 7, 7, 7, 6, 8, 6, 7, 7, 7, 7, 7, 6, 7, 6, 7, 6, 7, 6, 6, 6, 7, 6, 7, 8, 7, 7, 6, 7, 6, 8, 7, 6, 7, 6, 6, 6, 7, 7, 7, 7, 7, 7, 8, 7, 7, 6, 7, 7, 6, 7, 7, 7, 7, 7, 7, 7, 7, 7, 7, 7, 6, 7, 7, 7, 6, 7, 8, 6, 7, 7, 7, 7, 6, 6, 7, 6, 6, 7, 6, 7, 7, 6, 7, 6, 6, 7, 7, 7, 7, 7, 7, 7, 7, 7, 7, 6, 6, 7, 7, 7, 7, 7, 6, 7, 7, 7, 6, 6, 6, 7, 7, 7, 8, 7, 7, 6, 7, 7, 6, 6, 7, 7, 7, 6, 7, 7, 6, 6, 7, 6, 6, 6, 7, 7, 7, 6, 7, 6, 6, 7, 7, 6, 7, 7, 7, 7, 6, 7, 7, 7, 7, 7, 7, 7, 7, 8, 7, 7, 7, 7, 7, 7, 7, 7, 6, 7, 7, 7, 6, 7, 8, 8, 6, 6, 6, 7, 6, 6, 7, 7, 7, 7, 6, 7, 7, 7, 7, 7, 6, 7, 7, 7, 7, 6, 7, 6, 7, 7, 6, 6, 7, 7, 6, 7, 7, 7, 6, 7, 7, 7, 7, 7, 6, 6, 7, 6, 6, 6, 7, 7, 7, 6, 7, 7, 7, 6, 6, 7, 7, 7, 7, 7, 6, 7, 6, 7, 7, 6, 7, 6, 7, 7, 7, 7, 7, 7, 6, 7, 7, 6, 8, 7, 6, 6, 7, 7, 8, 7, 6, 7, 8, 7, 7, 7, 6, 6, 7, 6, 7, 7, 7, 7, 7, 7, 6, 7, 7, 7, 7, 7, 6, 7, 7, 7, 7, 7, 7, 7, 7, 7, 7, 7, 6, 6, 6, 6, 7, 7, 7, 7, 7, 8, 6, 7, 7, 7, 7, 6, 6, 7, 7, 7, 6, 7, 7, 6, 7, 7, 7, 6, 6, 6, 6, 6, 8, 6, 6, 7, 8, 7, 7, 6, 6, 6, 7, 7, 8, 7, 7, 6, 7, 6, 6, 6, 8, 6, 7, 7, 7, 7, 6, 7, 6, 6, 7, 6, 7, 7, 7, 7, 7, 6, 6, 7, 6, 7, 6, 7, 6, 6, 7, 6, 8, 6, 6, 6, 7, 6, 6, 6, 6, 6, 7, 6, 7, 6, 6, 7, 7, 7, 7, 7, 7, 7, 7, 7, 6, 8, 7, 7, 8, 7, 7, 7, 7, 7, 6, 6, 7, 7, 7, 7, 7, 6, 6, 6, 6, 8, 6, 6, 6, 7, 6, 6, 7, 6, 7, 6, 7, 7, 6, 6, 7, 7, 7, 7, 6, 8, 7, 7, 7, 7, 8, 7, 7, 6, 7, 7, 6, 6, 6, 7, 7, 6, 7, 7, 6, 6, 7, 6, 6, 7, 6, 7, 6, 7, 7, 8, 7, 7, 6, 7, 6, 6, 7, 7, 6, 6, 7, 7, 7, 6, 7, 7, 6, 6, 6, 7, 6, 6, 7, 6, 6, 7, 7, 6, 7, 7, 7, 7, 7, 7, 7, 6, 6, 7, 7, 6, 7, 7, 7, 6, 6, 6, 7, 7, 6, 7, 6, 7, 7, 6, 6, 6, 8, 7, 8, 8, 6, 7, 7, 6, 7, 6, 7, 7, 6, 6, 7, 6, 6, 8, 7, 6, 7, 7, 6, 7, 8, 6, 7, 7, 7, 6, 7, 7, 6, 8, 7, 7, 6, 7, 6, 6, 6, 7, 6, 6, 6, 7, 7, 7, 6, 6, 8, 7, 7, 7, 8, 7, 7, 6, 6, 7, 6, 7, 7, 6, 7, 6, 7, 7, 7, 7, 7, 7, 6, 7, 6, 7, 6, 7, 7, 7, 7, 7, 7, 7, 7, 6, 6, 7, 7, 6, 7, 7, 7, 7, 7, 6, 7, 7, 6, 7, 7, 6, 7, 7, 7, 8, 8, 7, 7, 7, 6, 6, 7, 7, 7, 6, 6, 7, 6, 6, 6, 6, 6, 6, 6, 7, 7, 7, 7, 6, 7, 7, 6, 7, 6, 6, 6, 6, 7, 6, 7, 7, 7, 7, 6, 6, 7, 6, 7, 7, 7, 6, 6, 6, 6, 7, 6, 7, 7, 6, 6, 7, 6, 7, 7, 6, 6, 7, 7, 7, 6, 6, 6, 7, 6, 6, 6, 6, 7, 7, 7, 6, 7, 7, 7, 7, 8, 6, 7, 7, 6, 6, 6, 7, 6, 6, 8, 6, 7, 8, 6, 7, 6, 7, 7, 7, 7, 7, 7, 7, 7, 6, 7, 7, 7, 7, 7, 7, 7, 7, 7, 7, 7, 7, 7, 7, 7, 7, 6, 7, 7, 6, 7, 6, 7, 8, 7, 7, 6, 6, 6, 7, 7, 7, 7, 7, 7, 7, 7, 7, 6, 7, 7, 6, 7, 7, 6, 6, 7, 7, 6, 7, 6, 7, 6, 7, 7, 6, 7, 7, 6, 6, 7, 7, 6, 7, 7, 7, 7, 8, 7, 7, 7, 7, 7, 6, 7, 8, 6, 7, 7, 7, 7, 7, 7, 6, 7, 7, 6, 7, 7, 7, 7, 6, 7, 8, 7, 7, 7, 7, 7, 7, 7, 6, 7, 7, 6, 7, 6, 6, 7, 7, 7, 7, 7, 6, 6, 6, 7, 6, 6, 7, 7, 6, 7, 7, 6, 7, 6, 7, 7, 7, 7, 6, 7, 7, 6, 6, 6, 6, 7, 6, 7, 7, 6, 6, 6, 6, 7, 7, 7, 7, 6, 6, 7, 6, 8, 7, 7, 7, 6, 7, 7, 7, 6, 6, 7, 7, 7, 7, 7, 7, 7, 6, 6, 6, 7, 7, 7, 7, 7, 7, 6, 6, 6, 6, 7, 7, 7, 7, 7, 7, 7, 6, 6, 7, 7, 7, 7, 6, 7, 6, 6, 7, 7, 6, 6, 7, 6, 7, 7, 6, 7, 7, 6, 7, 7, 7, 6, 6, 7, 7, 6, 7, 6, 7, 6, 7, 6, 7, 7, 7, 7, 6, 7, 7, 6, 7, 7, 9, 6, 6, 7, 6, 7, 6, 7, 7, 7, 7, 7, 7, 8, 7, 7, 8, 7, 7, 6, 6, 7, 7, 6, 7, 7, 7, 6, 7, 7, 6, 7, 7, 7, 6, 8, 7, 8, 8, 7, 6, 6, 8, 9, 7, 7, 7, 6, 7, 8, 7, 8, 7, 7, 7, 8, 7, 7, 7, 9, 7, 7, 7, 6, 7, 6, 7, 7, 7, 7, 7, 7, 6, 7, 7, 7, 6, 8, 6, 8, 6, 7, 7, 7, 7, 6, 7, 7, 6, 7, 6, 8, 7, 7, 7, 7, 6, 7, 6, 6, 6, 7, 7, 7, 7, 7, 7, 7, 7, 6, 7, 7, 6, 7, 7, 7, 7, 7, 7, 7, 6, 7, 6, 6, 7, 6, 7, 6, 6, 6, 7, 7, 7, 7, 7, 7, 6, 7, 7, 8, 7, 6, 6, 7, 6, 7, 8, 7, 7, 7, 7, 7, 7, 7, 7, 6, 6, 7, 7, 7, 7, 7, 7, 7, 7, 7, 6, 7, 7, 7, 7, 6, 8, 6, 7, 7, 8, 7, 7, 7, 7, 7, 6, 8, 7, 6, 6, 7, 6, 7, 7, 7, 7, 7, 7, 7, 6, 7, 7, 8, 7, 7, 7, 7, 7, 7, 7, 7, 6, 6, 7, 6, 7, 7, 7, 6, 7, 7, 7, 8, 7, 7, 7, 7, 6, 7, 6, 7, 6, 7, 7, 7, 6, 7, 6, 7, 7, 7, 7, 7, 7, 7, 7, 6, 7, 6, 7, 7, 7, 7, 7, 7, 7, 7, 7, 7, 8, 7, 7, 8, 7, 7, 8, 7, 6, 7, 8, 7, 7, 7, 7, 8, 7, 7, 7, 7, 7, 7, 7, 7, 7, 8, 7, 8, 7, 7, 6, 8, 7, 9, 7, 8, 7, 7, 7, 7, 7, 9, 8, 7, 7, 7, 7, 7, 7, 7, 7, 6, 7, 7, 6, 7, 7, 7, 7, 7, 6, 7, 6, 7, 7, 7, 7, 7, 6, 8, 7, 6, 7, 6, 7, 7, 7, 8, 7, 7, 7, 7, 7, 7, 7, 7, 6, 7, 7, 7, 7, 8, 7, 7, 7, 6, 7, 7, 7, 6, 7, 7, 7, 6, 7, 7, 6, 7, 7, 6, 6, 6, 7, 7, 7, 7, 6, 8, 7, 7, 7, 7, 6, 6, 7, 7, 7, 8, 7, 7, 7, 7, 7, 6, 6, 7, 7, 7, 6, 7, 6, 7, 6, 7, 7, 6, 7, 7, 7, 7, 7, 7, 7, 6, 7, 6, 6, 7, 6, 7, 8, 6, 6, 7, 7, 6, 6, 6, 7, 7, 6, 7, 6, 7, 7, 7, 7, 6, 6, 7, 6, 7, 8, 6, 6, 7, 7, 7, 7, 7, 6, 7, 7, 8, 7, 7, 6, 7, 7, 7, 6, 7, 7, 8, 6, 6, 7, 7, 6, 7, 6, 6, 8, 7, 7, 7, 6, 7, 7, 7, 7, 6, 7, 8, 7, 7, 6, 7, 8, 7, 7, 7, 7, 7, 7, 7, 7, 7, 7, 6, 7, 7, 7, 7, 7, 7, 7, 7, 7, 7, 6, 7, 7, 7, 7, 7, 6, 7, 7, 6, 7, 6, 7, 7, 6, 7, 7, 7, 7, 7, 7, 6, 7, 6, 8, 7, 6, 7, 7, 7, 6, 7, 7, 7, 6, 7, 7, 6, 7, 7, 7, 7, 7, 7, 7, 6, 7, 7, 7, 8, 7, 8, 7, 7, 7, 6, 7, 6, 6, 6, 7, 6, 7, 7, 7, 7, 7, 6, 7, 7, 7, 6, 7, 8, 8, 7, 6, 7, 7, 7, 7, 7, 7, 7, 6, 7, 7, 7, 6, 7, 6, 7, 7, 7, 7, 7, 6, 6, 7, 6, 7, 7, 6, 6, 7, 6, 7, 6, 7, 6, 7, 6, 7, 7, 7, 7, 7, 7, 7, 7, 7, 8, 7, 7, 7, 7, 7, 7, 6, 8, 7, 6, 7, 7, 6, 6, 6, 6, 6, 6, 6, 6, 6, 7, 6, 6, 7, 6, 7, 7, 7, 7, 7, 6, 7, 7, 7, 6, 7, 7, 7, 7, 6, 7, 7, 7, 7, 8, 6, 7, 7, 6, 7, 6, 7, 7, 7, 6, 6, 7, 7, 8, 7, 7, 7, 7, 7, 7, 7, 6, 7, 7, 6, 6, 7, 8, 8, 7, 6, 6, 6, 6, 7, 7, 6, 7, 7, 7, 7, 7, 7, 7, 7, 7, 8, 6, 7, 7, 7, 7, 7, 7, 7, 8, 6, 7, 7, 6, 6, 7, 7, 8, 7, 6, 6, 7, 7, 7, 6, 7, 6, 6, 7, 7, 7, 6, 6, 6, 7, 7, 6, 7, 7, 7, 7, 7, 7, 7, 7, 7, 6, 7, 7, 7, 6, 7, 7, 7, 7, 7, 7, 8, 7, 7, 6, 6, 6, 7, 8, 6, 7, 7, 8, 7, 6, 8, 7, 7, 7, 7, 7, 6, 7, 7, 7, 7, 6, 7, 6, 7, 7, 7, 7, 7, 7, 7, 6, 8, 6, 7, 7, 6, 6, 7, 7, 7, 7, 7, 6, 7, 7, 7, 6, 7, 7, 7, 7, 7, 6, 8, 7, 6, 6, 7, 7, 7, 7, 6, 7, 8, 6, 8, 7, 6, 7, 7, 7, 8, 7, 7, 6, 7, 6, 8, 6, 7, 7, 7, 6, 6, 8, 6, 7, 7, 6, 7, 7, 7, 7, 7, 7, 6, 6, 8, 7, 7, 7, 7, 6, 7, 8, 7, 6, 7, 7, 7, 7, 7, 7, 7, 6, 6, 7, 7, 7, 6, 6, 6, 7, 7, 7, 8, 6, 8, 8, 6, 6, 8, 7, 6, 7, 7, 7, 6, 6, 7, 8, 7, 6, 8, 7, 6, 6, 7, 7, 6, 7, 6, 7, 6, 6, 7, 6, 6, 6, 7, 6, 8, 7, 7, 8, 6, 6, 8, 6, 7, 7, 6, 6, 7, 7, 7, 7, 6, 7, 7, 7, 7, 7, 7, 7, 7, 7, 6, 6, 6, 7, 7, 7, 8, 7, 6, 7, 7, 6, 7, 7, 7, 7, 6, 7, 6, 7, 6, 6, 6, 6, 7, 7, 6, 7, 6, 7, 6, 7, 7, 6, 7, 7, 6, 7, 7, 7, 7, 8, 7, 7, 7, 7, 7, 6, 7, 7, 7, 7, 7, 7, 8, 7, 6, 7, 7, 7, 7, 8, 6, 6, 7, 7, 6, 7, 6, 7, 7, 8, 7, 7, 6, 7, 7, 7, 7, 7, 7, 7, 7, 6, 7, 6, 6, 7, 8, 8, 6, 7, 7, 7, 6, 6, 7, 8, 6, 7, 7, 7, 6, 7, 6, 6, 7, 7, 7, 8, 6, 7, 7, 7, 7, 7, 7, 7, 7, 6, 7, 6, 6, 7, 7, 7, 7, 7, 7, 7, 7, 7, 7, 7, 6, 7, 8, 7, 7, 7, 7, 7, 7, 7, 7, 7, 6, 7, 7, 7, 7, 8, 7, 6, 7, 7, 7, 7, 6, 7, 7, 6, 7, 6, 7, 7, 6, 7, 7, 7, 6, 7, 7, 6, 7, 7, 7, 7, 7, 8, 7, 6, 7, 7, 6, 7, 7, 8, 6, 7, 6, 7, 7, 7, 7, 6, 7, 7, 7, 7, 7, 7, 6, 6, 7, 6, 7, 7, 7, 7, 6, 8, 7, 7, 8, 7, 7, 7, 7, 7, 7, 6, 6, 7, 7, 6, 7, 7, 6, 7, 7, 7, 8, 7, 7, 7, 7, 7, 6, 7, 7, 7, 6, 6, 7, 7, 7, 6, 7, 7, 7, 7, 6, 7, 7, 7, 6, 7, 6, 8, 7, 7, 7, 7, 7, 7, 7, 8, 6, 7, 7, 6, 8, 7, 6, 7, 6, 7, 6, 7, 8, 7, 7, 7, 7, 7, 6, 7, 7, 7, 6, 7, 6, 7, 7, 7, 7, 6, 7, 6, 7, 8, 7, 6, 6, 7, 6, 7, 8, 6, 7, 6, 7, 7, 8, 6, 7, 6, 6, 7, 7, 6, 6, 7, 6, 7, 7, 6, 7, 6, 8, 7, 7, 7, 7, 7, 7, 7, 7, 6, 6, 6, 7, 6, 7, 7, 7, 6, 7, 8, 7, 7, 7, 7, 7, 7, 7, 6, 6, 7, 6, 6, 8, 7, 7, 7, 8, 6, 7, 7, 7, 6, 7, 6, 7, 7, 7, 6, 7, 7, 7, 7, 6, 7, 7, 6, 7, 7, 7, 7, 7, 7, 7, 6, 7, 7, 6, 8, 7, 6, 7, 7, 6, 7, 7, 6, 6, 6, 6, 7, 7, 7, 8, 7, 6, 6, 7, 7, 7, 6, 7, 6, 7, 7, 7, 7, 7, 7, 6, 6, 7, 6, 6, 7, 7, 7, 7, 7, 7, 7, 7, 7, 6, 7, 6, 7, 6, 6, 7, 6, 6, 7, 7, 6, 8, 6, 7, 7, 7, 7, 7, 7, 7, 6, 6, 6, 7, 6, 7, 7, 6, 6, 7, 6, 7, 6, 7, 7, 7, 7, 7, 7, 7, 6, 7, 6, 7, 6, 7, 6, 6, 6, 7, 7, 7, 7, 8, 7, 6, 6, 6, 6, 7, 6, 7, 7, 7, 7, 6, 7, 7, 6, 6, 7, 7, 7, 7, 7, 7, 6, 8, 7, 7, 7, 6, 8, 6, 6, 6, 7, 7, 7, 7, 7, 6, 6, 6, 7, 7, 7, 6, 6, 7, 7, 8, 6, 6, 8, 6, 7, 7, 7, 7, 7, 6, 7, 6, 6, 7, 7, 6, 7, 7, 7, 8, 8, 6, 8, 7, 6, 7, 8, 7, 7, 7, 7, 7, 6, 7, 7, 8, 6, 7, 6, 7, 7, 7, 6, 7, 8, 7, 7, 7, 7, 6, 7, 7, 7, 7, 7, 6, 7, 7, 7, 6, 8, 6, 7, 7, 6, 7, 8, 7, 7, 8, 6, 7, 7, 7, 6, 7, 7, 6, 6, 6, 7, 7, 6, 8, 7, 7, 7, 7, 7, 7, 6, 7, 7, 7, 6, 6, 6, 7, 6, 6, 7, 7, 6, 7, 7, 6, 6, 8, 7, 6, 8, 6, 8, 6, 8, 7, 7, 7, 7, 8, 6, 6, 6, 7, 7, 8, 6, 7, 7, 7, 7, 6, 7, 7, 6, 8, 7, 7, 7, 6, 7, 8, 7, 7, 7, 6, 7, 7, 7, 7, 6, 7, 6, 7, 7, 7, 7, 6, 7, 6, 7, 7, 7, 7, 7, 7, 7, 6, 7, 7, 8, 7, 6, 6, 7, 7, 7, 7, 7, 6, 7, 6, 6, 7, 7, 7, 7, 7, 7, 6, 6, 7, 8, 7, 7, 8, 7, 8, 7, 8, 7, 7, 6, 6, 6, 7, 7, 6, 7, 6, 7, 7, 7, 7, 7, 7, 7, 7, 7, 8, 8, 7, 6, 7, 6, 6, 6, 6, 7, 6, 7, 7, 6, 7, 7, 7, 7, 8, 6, 7, 8, 7, 8, 8, 7, 6, 8, 6, 7, 7, 7, 6, 7, 7, 7, 7, 7, 6, 7, 7, 7, 6, 7, 7, 6, 8, 6, 7, 7, 6, 7, 7, 6, 6, 7, 7, 7, 6, 7, 7, 7, 6, 7, 7, 7, 6, 7, 6, 8, 7, 7, 7, 7, 7, 7, 7, 7, 7, 7, 8, 7, 7, 6, 7, 6, 6, 7, 6, 6, 7, 7, 6, 7, 7, 6, 7, 6, 7, 7, 7, 7, 7, 7, 7, 6, 7, 7, 7, 6, 6, 7, 8, 8, 6, 7, 6, 7, 6, 7, 6, 6, 7, 7, 8, 7, 7, 6, 7, 6, 7, 6, 7, 7, 6, 7, 7, 7, 7, 7, 6, 7, 6, 7, 7, 6, 7, 7, 7, 7, 7, 7, 7, 7, 6, 8, 7, 7, 6, 6, 7, 6, 7, 7, 7, 7, 7, 6, 7, 6, 7, 7, 7, 7, 7, 7, 6, 7, 6, 7, 7, 7, 6, 7, 7, 7, 7, 8, 7, 6, 7, 6, 7, 7, 6, 7, 8, 7, 6, 6, 7, 6, 6, 7, 8, 7, 6, 7, 7, 7, 6, 6, 7, 6, 7, 7, 6, 6, 7, 7, 7, 7, 7, 8, 7, 7, 7, 7, 7, 7, 6, 7, 6, 6, 7, 7, 7, 7, 7, 7, 7, 8, 7, 7, 7, 7, 6, 7, 7, 7, 7, 7, 7, 7, 7, 8, 8, 7, 6, 8, 8, 7, 7, 7, 6, 7, 7, 7, 7, 7, 8, 8, 7, 7, 8, 7, 7, 6, 7, 7, 7, 7, 6, 7, 6, 7, 7, 7, 7, 6, 7, 7, 7, 7, 6, 8, 6, 6, 6, 7, 7, 7, 7, 7, 6, 7, 6, 6, 7, 7, 6, 7, 7, 7, 7, 7, 7, 7, 7, 7, 7, 7, 7, 7, 7, 7, 6, 6, 7, 7, 6, 7, 7, 6, 7, 7, 6, 6, 7, 7, 8, 7, 8, 7, 7, 7, 7, 7, 8, 8, 7, 7, 7, 7, 6, 7, 7, 7, 8, 6, 8, 8, 6, 8, 7, 7, 8, 6, 8, 7, 7, 7, 6, 8, 8, 8, 7, 7, 6, 6, 7, 6, 7, 6, 7, 7, 7, 7, 7, 8, 6, 7, 6, 7, 6, 6, 7, 7, 7, 7, 7, 7, 7, 6, 7, 6, 6, 8, 7, 7, 7, 7, 6, 7, 7, 7, 7, 7, 7, 7, 8, 6, 7, 7, 7, 7, 8, 8, 6, 7, 7, 7, 8, 7, 7, 6, 7, 8, 8, 7, 6, 7, 6, 6, 7, 6, 6, 7, 6, 6, 6, 8, 7, 7, 7, 7, 7, 7, 8, 8, 7, 7, 7, 8, 7, 8, 7, 7, 7, 6, 7, 6, 7, 7, 6, 7, 6, 7, 7, 7, 7, 6, 6, 7, 7, 7, 7, 7, 6, 7, 7, 7, 7, 8, 7, 7, 7, 7, 6, 6, 8, 7, 7, 6, 8, 7, 6, 7, 7, 6, 7, 6, 7, 7, 6, 6, 6, 7, 7, 7, 7, 7, 7, 8, 8, 7, 7, 7, 7, 7, 6, 7, 6, 7, 7, 6, 7, 6, 6, 7, 7, 6, 8, 7, 6, 7, 6, 7, 7, 6, 6, 7, 7, 6, 6, 7, 6, 6, 6, 7, 6, 7, 7, 7, 7, 7, 6, 7, 7, 6, 7, 6, 8, 8, 6, 6, 6, 7, 6, 7, 7, 7, 7, 8, 7, 6, 7, 7, 7, 6, 7, 6, 8, 7, 7, 7, 6, 7, 6, 6, 7, 7, 6, 7, 7, 7, 7, 7, 6, 7, 7, 7, 6, 6, 8, 7, 7, 7, 6, 6, 7, 6, 7, 7, 7, 6, 6, 6, 6, 7, 7, 7, 9, 6, 6, 7, 7, 7, 8, 7, 7, 6, 7, 7, 6, 8, 7, 7, 7, 7, 7, 7, 6, 6, 8, 8, 6, 6, 7, 7, 7, 6, 6, 6, 7, 6, 6, 7, 7, 7, 6, 7, 7, 7, 7, 7, 7, 6, 6, 6, 7, 7, 7, 6, 7, 6, 6, 7, 7, 7, 7, 7, 7, 6, 6, 7, 6, 7, 6, 6, 6, 6, 7, 7, 6, 7, 7, 7, 7, 6, 7, 7, 7, 7, 6, 6, 7, 7, 8, 6, 7, 8, 6, 6, 7, 7, 7, 6, 7, 6, 6, 6, 7, 6, 7, 6, 7, 7, 6, 7, 6, 8, 8, 7, 7, 7, 6, 6, 7, 6, 7, 6, 7, 7, 6, 7, 6, 6, 7, 7, 7, 7, 7, 7, 8, 6, 7, 6, 7, 6, 8, 7, 6, 7, 7, 6, 7, 7, 8, 7, 7, 6, 7, 7, 6, 8, 7, 7, 7, 7, 7, 6, 7, 7, 6, 7, 7, 7, 7, 7, 7, 7, 7, 7, 7, 7, 7, 6, 7, 7, 8, 7, 8, 6, 7, 6, 7, 7, 6, 6, 7, 7, 7, 7, 7, 6, 6, 6, 6, 7, 7, 7, 7, 7, 7, 7, 7, 7, 7, 8, 8, 7, 7, 7, 7, 6, 7, 6, 6, 7, 6, 7, 6, 7, 7, 6, 6, 6, 7, 6, 6, 7, 7, 7, 6, 7, 7, 7, 6, 6, 7, 7, 7, 7, 7, 7, 7, 7, 7, 6, 7, 7, 7, 7, 7, 7, 7, 7, 7, 8, 7, 7, 7, 7, 7, 7, 6, 6, 7, 6, 7, 7, 6, 6, 8, 7, 6, 7, 7, 7, 7, 7, 7, 7, 6, 7, 7, 7, 7, 6, 6, 7, 7, 7, 7, 6, 7, 6, 6, 6, 7, 7, 7, 7, 6, 6, 7, 7, 6, 6, 7, 7, 7, 7, 7, 8, 6, 6, 6, 8, 7, 7, 6, 6, 7, 7, 6, 7, 7, 7, 6, 6, 7, 7, 7, 7, 6, 7, 7, 6, 7, 7, 7, 7, 7, 7, 7, 7, 7, 7, 6, 6, 6, 7, 6, 6, 7, 7, 6, 7, 7, 7, 7, 7, 7, 7, 6, 7, 6, 6, 7, 7, 6, 7, 6, 6, 6, 6, 7, 6, 6, 7, 7, 7, 6, 6, 6, 6, 7, 7, 6, 7, 7, 7, 7, 6, 7, 6, 7, 6, 7, 7, 7, 6, 8, 7, 7, 7, 6, 7, 7, 7, 7, 7, 7, 7, 7, 8, 7, 7, 7, 7, 8, 7, 7, 7, 7, 7, 7, 7, 7, 7, 8, 7, 7, 7, 7, 7, 7, 6, 7, 7, 8, 8, 7, 8, 6, 7, 8, 7, 8, 8, 8, 7, 7, 7, 7, 7, 7, 7, 7, 7, 7, 7, 7, 8, 6, 7, 6, 6, 6, 7, 7, 7, 7, 7, 7, 7, 7, 7, 7, 7, 7, 8, 7, 8, 8, 7, 7, 7, 6, 7, 8, 6, 7, 7, 6, 7, 8, 6, 6, 7, 7, 7, 6, 7, 7, 7, 7, 7, 7, 6, 7, 7, 7, 7, 7, 7, 6, 7, 7, 6, 6, 7, 7, 7, 7, 7, 7, 7, 7, 7, 7, 6, 7, 8, 7, 7, 7, 7, 7, 7, 6, 6, 7, 6, 8, 7, 7, 7, 7, 6, 7, 7, 7, 6, 7, 7, 7, 7, 7, 7, 7, 7, 8, 7, 7, 7, 7, 6, 7, 7, 7, 6, 7, 7, 6, 8, 7, 7, 8, 7, 7, 6, 6, 7, 7, 6, 7, 7, 7, 7, 7, 7, 6, 6, 6, 7, 7, 7, 7, 6, 7, 8, 7, 6, 7, 7, 7, 7, 7, 7, 6, 7, 7, 6, 7, 6, 7, 7, 6, 7, 6, 6, 7, 6, 7, 6, 7, 6, 7, 7, 6, 7, 6, 7, 6, 6, 6, 6, 7, 6, 6, 6, 6, 7, 6, 7, 6, 6, 6, 6, 7, 7, 7, 7, 7, 7, 6, 7, 7, 7, 7, 7, 7, 7, 7, 7, 7, 6, 7, 7, 7, 7, 6, 7, 7, 6, 7, 7, 7, 7, 7, 7, 6, 7, 7, 6, 7, 7, 6, 7, 7, 6, 7, 6, 6, 8, 7, 8, 7, 6, 7, 7, 7, 7, 6, 7, 6, 7, 7, 6, 7, 7, 7, 7, 6, 7, 7, 7, 7, 7, 7, 6, 7, 7, 7, 7, 7, 7, 6, 7, 7, 7, 7, 7, 7, 7, 7, 7, 6, 7, 7, 6, 7, 6, 8, 7, 6, 7, 7, 7, 7, 6, 7, 6, 7, 7, 7, 7, 7, 7, 6, 7, 6, 7, 8, 7, 7, 6, 7, 7, 7, 7, 7, 6, 7, 6, 8, 6, 7, 8, 7, 7, 7, 7, 7, 7, 7, 7, 6, 7, 7, 8, 8, 7, 7, 6, 8, 7, 7, 8, 8, 7, 7, 7, 7, 7, 6, 6, 7, 7, 7, 8, 6, 6, 6, 6, 8, 8, 7, 8, 7, 7, 7, 7, 7, 8, 6, 8, 7, 8, 7, 8, 8, 8, 7, 6, 8, 8, 7, 7, 7, 8, 7, 6, 6, 7, 7, 7, 6, 7, 7, 7, 8, 7, 7, 7, 7, 6, 7, 7, 6, 7, 8, 6, 6, 7, 7, 6, 7, 7, 8, 6, 6, 7, 7, 6, 6, 6, 7, 7, 7, 7, 6, 6, 7, 6, 7, 7, 7, 7, 6, 7, 6, 8, 7, 7, 7, 7, 7, 7, 7, 7, 7, 7, 7, 8, 7, 6, 7, 7, 6, 7, 6, 6, 7, 6, 7, 7, 6, 6, 7, 8, 7, 7, 7, 7, 7, 7, 7, 8, 8, 8, 6, 7, 7, 6, 7, 6, 7, 7, 7, 7, 7, 6, 6, 7, 6, 7, 7, 7, 7, 7, 6, 6, 7, 7, 7, 7, 7, 6, 6, 6, 7, 7, 7, 6, 6, 7, 7, 7, 6, 8, 7, 7, 7, 7, 7, 8, 8, 7, 7, 7, 6, 7, 7, 7, 7, 7, 7, 7, 8, 7, 6, 6, 7, 7, 7, 7, 6, 6, 7, 7, 7, 6, 7, 6, 7, 6, 7, 7, 7, 8, 7, 8, 7, 7, 6, 7, 7, 6, 6, 6, 7, 6, 7, 7, 7, 6, 7, 7, 7, 7, 7, 6, 6, 7, 7, 7, 6, 7, 7, 6, 7, 6, 6, 7, 6, 7, 7, 6, 7, 6, 7, 7, 7, 7, 6, 7, 7, 7, 7, 6, 6, 6, 6, 6, 7, 7, 7, 7, 7, 7, 7, 6, 7, 7, 6, 7, 7, 6, 7, 6, 7, 6, 7, 7, 7, 6, 7, 6, 7, 7, 6, 7, 6, 8, 7, 7, 7, 8, 6, 6, 7, 6, 7, 7, 6, 6, 6, 6, 6, 7, 7, 7, 6, 6, 6, 6, 7, 7, 7, 7, 6, 7, 7, 6, 6, 7, 6, 7, 7, 6, 7, 7, 6, 6, 7, 6, 7, 6, 6, 6, 7, 7, 7, 7, 7, 7, 7, 6, 7, 6, 7, 6, 6, 6, 7, 6, 6, 6, 7, 6, 6, 6, 7, 6, 7, 7, 7, 7, 6, 7, 7, 7, 6, 7, 7, 7, 6, 7, 6, 7, 7, 7, 6, 8, 7, 7, 7, 6, 7, 6, 7, 7, 7, 7, 7, 6, 6, 7, 6, 6, 7, 6, 6, 7, 7, 7, 7, 7, 6, 6, 6, 7, 7, 7, 6, 7, 6, 6, 7, 6, 6, 7, 6, 7, 7, 8, 7, 7, 6, 7, 6, 8, 6, 6, 7, 6, 6, 7, 6, 6, 7, 7, 8, 7, 6, 7, 7, 6, 6, 8, 8, 7, 7, 7, 6, 7, 7, 7, 7, 7, 7, 7, 6, 7, 7, 7, 7, 7, 6, 7, 7, 7, 7, 6, 7, 6, 6, 7, 8, 7, 7, 7, 7, 7, 7, 7, 6, 7, 8, 7, 8, 7, 8, 8, 7, 7, 8, 6, 7, 6, 7, 7, 7, 6, 7, 7, 7, 7, 8, 6, 8, 7, 7, 6, 7, 7, 6, 7, 7, 7, 7, 6, 7, 7, 7, 6, 6, 7, 7, 6, 7, 6, 7, 6, 7, 6, 8, 7, 7, 7, 7, 7, 7, 6, 7, 6, 7, 7, 7, 6, 7, 8, 7, 7, 6, 7, 7, 7, 7, 6, 7, 7, 7, 7, 7, 6, 7, 7, 7, 6, 7, 7, 6, 7, 7, 6, 7, 7, 7, 6, 6, 7, 7, 7, 7, 7, 6, 7, 7, 6, 6, 7, 7, 7, 7, 6, 7, 7, 6, 7, 6, 6, 6, 7, 6, 7, 6, 6, 7, 7, 7, 7, 7, 7, 7, 6, 7, 7, 6, 7, 7, 6, 6, 7, 6, 6, 6, 7, 6, 6, 6, 6, 7, 7, 6, 6, 6, 7, 7, 7, 7, 7, 7, 7, 6, 8, 8, 7, 7, 6, 7, 7, 7, 6, 7, 7, 6, 7, 7, 7, 7, 7, 6, 7, 6, 6, 7, 8, 7, 8, 8, 7, 6, 7, 6, 7, 6, 6, 7, 6, 7, 7, 7, 7, 6, 7, 6, 6, 6, 7, 7, 6, 6, 6, 7, 6, 6, 7, 7, 7, 7, 7, 6, 7, 7, 7, 7, 7, 6, 6, 7, 7, 7, 6, 6, 7, 6, 7, 7, 7, 7, 7, 7, 8, 7, 7, 7, 7, 7, 7, 7, 7, 7, 7, 6, 7, 7, 7, 7, 7, 7, 7, 7, 6, 6, 7, 6, 7, 7, 6, 7, 7, 6, 7, 7, 7, 7, 7, 6, 7, 7, 6, 7, 7, 7, 7, 7, 6, 7, 6, 7, 6, 6, 7, 7, 7, 7, 6, 7, 6, 6, 7, 6, 7, 8, 7, 6, 7, 6, 7, 7, 7, 6, 6, 7, 7, 6, 7, 6, 6, 7, 7, 6, 6, 6, 7, 6, 7, 7, 7, 7, 7, 7, 7, 6, 6, 6, 6, 7, 7, 7, 6, 7, 6, 6, 7, 7, 6, 6, 6, 7, 6, 7, 7, 6, 6, 7, 6, 6, 7, 7, 7, 7, 6, 6, 7, 6, 7, 7, 8, 7, 7, 7, 7, 7, 7, 7, 7, 6, 7, 7, 7, 7, 7, 7, 7, 6, 7, 6, 7, 7, 6, 6, 6, 7, 6, 7, 7, 7, 6, 7, 8, 7, 7, 6, 7, 7, 7, 7, 6, 7, 7, 7, 6, 6, 7, 6, 7, 6, 8, 6, 6, 7, 7, 7, 8, 6, 7, 6, 6, 7, 7, 7, 7, 7, 7, 7, 7, 7, 6, 7, 6, 6, 7, 7, 7, 7, 6, 7, 7, 7, 7, 8, 7, 7, 7, 7, 6, 7, 7, 7, 7, 7, 7, 7, 8, 8, 6, 7, 7, 6, 7, 7, 7, 6, 6, 6, 7, 7, 6, 6, 6, 7, 6, 6, 7, 7, 7, 7, 7, 7, 6, 6, 7, 6, 6, 7, 6, 7, 6, 6, 7, 6, 6, 7, 6, 7, 6, 6, 7, 6, 7, 7, 7, 7, 7, 6, 7, 7, 7, 7, 7, 6, 7, 7, 7, 7, 7, 7, 7, 6, 7, 7, 6, 7, 7, 7, 7, 7, 7, 7, 7, 7, 6, 6, 7, 7, 7, 6, 7, 7, 7, 7, 7, 7, 8, 7, 7, 8, 7, 6, 7, 6, 7, 8, 7, 7, 7, 7, 7, 7, 8, 6, 7, 7, 7, 7, 8, 7, 7, 7, 7, 7, 7, 7, 8, 6, 7, 7, 7, 7, 7, 7, 6, 8, 7, 7, 6, 7, 6, 7, 6, 6, 7, 7, 6, 7, 6, 7, 7, 7, 6, 7, 7, 6, 6, 7, 7, 7, 6, 6, 7, 7, 6, 7, 7, 7, 7, 6, 7, 7, 6, 7, 8, 7, 7, 7, 6, 7, 7, 6, 7, 7, 6, 7, 7, 7, 6, 7, 7, 7, 7, 6, 7, 7, 7, 7, 8, 6, 7, 6, 8, 7, 6, 7, 7, 7, 7, 7, 7, 7, 7, 8, 7, 7, 6, 7, 7, 8, 6, 7, 7, 6, 7, 6, 7, 7, 6, 7, 7, 6, 7, 6, 7, 7, 7, 7, 7, 7, 6, 7, 7, 7, 7, 7, 6, 6, 7, 7, 7, 7, 7, 7, 7, 6, 6, 6, 7, 7, 7, 7, 7, 7, 8, 6, 7, 7, 7, 7, 7, 7, 7, 6, 7, 7, 7, 7, 6, 6, 7, 7, 7, 7, 6, 7, 7, 8, 6, 7, 7, 6, 6, 7, 7, 7, 6, 7, 7, 8, 7, 8, 7, 7, 6, 7, 7, 7, 7, 6, 6, 7, 7, 7, 7, 7, 7, 7, 7, 7, 6, 7, 7, 6, 7, 7, 6, 7, 7, 8, 7, 6, 7, 7, 7, 7, 7, 6, 8, 7, 6, 7, 7, 6, 6, 7, 7, 7, 6, 7, 7, 7, 7, 7, 7, 7, 7, 8, 7, 6, 7, 6, 7, 7, 6, 6, 7, 7, 7, 6, 7, 7, 7, 6, 7, 6, 6, 6, 7, 7, 7, 7, 7, 7, 6, 7, 7, 6, 7, 7, 6, 6, 7, 7, 8, 6, 8, 7, 7, 6, 7, 7, 7, 6, 7, 7, 7, 7, 6, 6, 6, 7, 8, 7, 6, 7, 7, 6, 7, 7, 7, 6, 6, 7, 7, 6, 8, 7, 7, 7, 7, 7, 7, 6, 6, 7, 7, 7, 7, 8, 7, 7, 7, 7, 7, 7, 7, 7, 7, 6, 7, 7, 6, 6, 7, 7, 7, 6, 7, 7, 6, 8, 7, 8, 7, 6, 6, 6, 7, 7, 7, 7, 6, 7, 6, 8, 7, 7, 8, 6, 6, 6, 7, 7, 7, 7, 6, 6, 6, 7, 6, 7, 6, 6, 7, 6, 6, 7, 6, 8, 6, 6, 7, 7, 6, 6, 7, 7, 7, 6, 7, 8, 7, 8, 7, 7, 7, 7, 6, 6, 7, 7, 6, 8, 7, 7, 7, 7, 7, 6, 8, 6, 6, 7, 7, 7, 7, 7, 7, 7, 6, 7, 7, 7, 7, 7, 7, 6, 7, 7, 7, 7, 7, 7, 6, 7, 6, 6, 8, 6, 6, 6, 6, 6, 7, 6, 7, 6, 7, 7, 7, 7, 7, 7, 7, 6, 6, 7, 7, 7, 8, 7, 6, 7, 7, 7, 7, 6, 7, 6, 7, 6, 6, 6, 6, 6, 6, 7, 6, 7, 7, 6, 7, 7, 6, 7, 7, 7, 7, 7, 7, 7, 6, 7, 7, 6, 7, 7, 7, 6, 6, 7, 6, 7, 7, 6, 6, 7, 7, 7, 6, 7, 6, 6, 7, 6, 6, 7, 7, 7, 7, 7, 7, 7, 7, 7, 7, 7, 6, 6, 6, 7, 7, 7, 7, 7, 7, 7, 7, 6, 7, 6, 6, 6, 7, 7, 7, 6, 7, 7, 6, 6, 7, 6, 7, 7, 6, 6, 7, 6, 6, 7, 7, 7, 8, 7, 7, 7, 7, 7, 7, 7, 6, 7, 6, 6, 7, 7, 6, 8, 6, 7, 7, 7, 7, 7, 7, 7, 7, 6, 7, 6, 7, 7, 6, 7, 6, 6, 7, 6, 7, 7, 7, 7, 7, 6, 6, 6, 6, 7, 7, 6, 7, 7, 7, 7, 7, 7, 7, 8, 6, 7, 6, 7, 7, 8, 7, 7, 7, 7, 7, 6, 7, 6, 7, 7, 7, 7, 7, 7, 6, 7, 7, 6, 6, 6, 8, 7, 6, 6, 7, 7, 8, 7, 6, 8, 7, 7, 7, 7, 7, 7, 7, 7, 7, 7, 7, 7, 7, 7, 7, 7, 6, 7, 7, 7, 7, 7, 8, 8, 7, 6, 7, 7, 6, 7, 7, 6, 6, 7, 7, 7, 8, 7, 7, 7, 7, 6, 7, 6, 6, 7, 7, 7, 7, 7, 6, 7, 7, 7, 7, 7, 6, 6, 6, 7, 7, 7, 7, 7, 7, 8, 7, 6, 7, 7, 6, 7, 7, 7, 7, 6, 6, 7, 7, 7, 7, 7, 7, 6, 7, 6, 6, 7, 7, 6, 7, 6, 8, 7, 7, 7, 6, 6, 6, 7, 7, 7, 6, 6, 7, 7, 7, 7, 7, 6, 6, 7, 6, 7, 7, 7, 7, 7, 7, 8, 7, 7, 6, 6, 7, 6, 7, 7, 7, 6, 6, 7, 7, 6, 6, 7, 7, 7, 7, 6, 7, 6, 7, 6, 6, 7, 6, 6, 7, 7, 6, 6, 7, 7, 7, 7, 7, 7, 7, 7, 6, 6, 7, 6, 7, 7]

################################################################
################################################################
################### process_jail_list: ######################

[7, 7, 7, 6, 5, 6, 6, 6, 7, 6, 7, 7, 6, 7, 7, 7, 7, 7, 6, 6, 6, 6, 6, 7, 7, 6, 7, 6, 6, 6, 6, 6, 7, 6, 6, 6, 6, 7, 7, 6, 6, 6, 6, 6, 6, 6, 5, 5, 6, 6, 6, 6, 7, 5, 6, 6, 7, 6, 6, 6, 6, 6, 6, 6, 6, 6, 6, 5, 6, 6, 6, 6, 6, 6, 6, 7, 7, 6, 6, 7, 6, 6, 6, 6, 5, 5, 6, 6, 7, 6, 6, 6, 6, 7, 7, 6, 7, 6, 6, 6, 6, 5, 6, 6, 6, 7, 7, 6, 6, 6, 5, 6, 6, 5, 6, 6, 6, 6, 6, 6, 6, 5, 6, 7, 6, 6, 6, 5, 7, 6, 6, 6, 6, 6, 6, 7, 6, 7, 6, 6, 6, 7, 6, 6, 6, 7, 6, 5, 6, 6, 6, 6, 6, 5, 6, 6, 7, 5, 7, 6, 6, 6, 6, 6, 7, 7, 6, 6, 7, 6, 6, 6, 6, 6, 6, 6, 6, 6, 6, 6, 6, 7, 5, 6, 6, 7, 6, 5, 6, 6, 6, 6, 6, 6, 7, 6, 6, 6, 7, 6, 6, 6, 6, 6, 7, 6, 6, 6, 6, 6, 6, 6, 6, 7, 6, 6, 5, 5, 6, 6, 6, 6, 6, 6, 5, 6, 6, 6, 6, 7, 6, 6, 7, 7, 6, 6, 7, 7, 6, 7, 6, 6, 7, 6, 6, 6, 7, 6, 6, 6, 6, 6, 6, 6, 6, 6, 6, 6, 6, 6, 6, 6, 6, 6, 6, 6, 6, 7, 6, 6, 6, 7, 5, 6, 6, 6, 6, 6, 6, 6, 6, 6, 6, 6, 6, 5, 6, 5, 6, 6, 6, 6, 6, 6, 6, 6, 6, 6, 6, 6, 6, 6, 6, 6, 6, 6, 6, 6, 5, 6, 7, 6, 6, 6, 5, 5, 6, 6, 5, 6, 6, 6, 6, 6, 6, 6, 6, 6, 6, 6, 6, 6, 6, 6, 6, 6, 6, 6, 6, 6, 6, 7, 6, 6, 7, 6, 6, 7, 6, 6, 6, 6, 6, 6, 6, 5, 6, 6, 6, 6, 6, 6, 7, 6, 6, 6, 6, 6, 6, 7, 5, 6, 6, 7, 6, 6, 6, 6, 6, 6, 6, 7, 6, 7, 7, 7, 6, 5, 6, 6, 6, 6, 6, 7, 7, 6, 6, 6, 5, 6, 6, 6, 7, 7, 6, 6, 6, 6, 6, 7, 6, 6, 6, 6, 6, 5, 6, 6, 6, 6, 7, 6, 6, 7, 6, 7, 5, 6, 6, 6, 6, 5, 5, 6, 6, 6, 6, 7, 6, 6, 6, 5, 6, 6, 6, 6, 5, 6, 6, 6, 6, 6, 6, 6, 6, 6, 5, 6, 5, 6, 6, 6, 6, 5, 6, 6, 6, 6, 7, 6, 5, 7, 7, 7, 6, 6, 6, 6, 6, 6, 6, 6, 5, 6, 6, 6, 6, 7, 6, 6, 6, 6, 6, 6, 6, 6, 6, 7, 7, 6, 6, 6, 6, 6, 6, 5, 6, 6, 6, 6, 6, 6, 7, 6, 6, 6, 6, 5, 6, 6, 6, 6, 6, 6, 6, 7, 6, 6, 6, 6, 5, 6, 6, 6, 6, 7, 6, 6, 5, 6, 6, 6, 6, 6, 6, 6, 5, 6, 6, 6, 6, 5, 6, 6, 6, 6, 6, 6, 6, 6, 6, 7, 6, 5, 5, 6, 6, 7, 7, 6, 5, 6, 6, 6, 6, 6, 7, 6, 6, 6, 6, 6, 7, 6, 6, 6, 6, 6, 6, 6, 5, 6, 6, 5, 6, 5, 6, 6, 7, 6, 6, 6, 6, 6, 6, 6, 6, 6, 6, 6, 6, 6, 6, 6, 5, 6, 6, 6, 6, 5, 6, 6, 6, 6, 6, 6, 6, 6, 6, 6, 6, 6, 6, 6, 6, 6, 5, 6, 6, 6, 6, 6, 6, 6, 6, 6, 6, 6, 6, 6, 6, 6, 6, 6, 6, 5, 6, 6, 5, 5, 6, 6, 6, 6, 6, 6, 6, 6, 6, 5, 5, 6, 6, 6, 5, 6, 6, 6, 6, 6, 6, 6, 6, 6, 5, 6, 6, 6, 6, 6, 5, 7, 6, 6, 6, 6, 5, 6, 6, 6, 6, 6, 6, 5, 6, 6, 6, 6, 6, 6, 6, 6, 6, 6, 5, 6, 6, 6, 6, 6, 6, 6, 6, 6, 6, 6, 6, 6, 7, 6, 5, 6, 6, 6, 6, 6, 6, 6, 6, 6, 6, 6, 6, 6, 5, 6, 6, 7, 6, 7, 6, 6, 6, 6, 6, 5, 6, 5, 5, 6, 6, 6, 5, 6, 6, 6, 6, 6, 6, 6, 6, 6, 6, 6, 6, 5, 6, 6, 6, 6, 7, 6, 7, 6, 6, 7, 6, 6, 6, 5, 6, 6, 6, 6, 7, 6, 6, 6, 6, 6, 6, 6, 6, 6, 5, 6, 6, 6, 6, 6, 5, 6, 6, 6, 5, 6, 6, 6, 6, 6, 6, 6, 6, 5, 6, 6, 6, 6, 6, 6, 6, 6, 6, 6, 7, 6, 6, 6, 6, 6, 6, 6, 5, 6, 7, 6, 5, 6, 6, 6, 6, 7, 6, 6, 6, 6, 6, 7, 6, 6, 6, 5, 6, 6, 5, 6, 6, 5, 7, 7, 6, 6, 6, 6, 6, 6, 5, 6, 5, 6, 6, 6, 6, 6, 6, 6, 7, 6, 6, 6, 6, 6, 6, 5, 6, 6, 6, 6, 7, 6, 6, 6, 6, 6, 6, 6, 6, 6, 6, 5, 6, 6, 7, 7, 6, 6, 7, 5, 6, 6, 6, 6, 6, 6, 6, 7, 6, 6, 6, 6, 6, 7, 6, 7, 6, 6, 7, 6, 7, 6, 6, 5, 6, 6, 6, 5, 6, 6, 6, 7, 6, 6, 6, 6, 6, 6, 6, 6, 6, 6, 7, 5, 6, 5, 6, 5, 5, 6, 6, 7, 6, 6, 6, 5, 6, 7, 5, 6, 6, 5, 6, 6, 5, 6, 5, 6, 6, 6, 7, 6, 6, 6, 6, 6, 6, 6, 6, 6, 6, 6, 6, 5, 6, 6, 5, 6, 6, 6, 6, 6, 6, 5, 6, 6, 6, 7, 6, 6, 6, 5, 6, 6, 6, 6, 5, 6, 6, 6, 6, 6, 6, 5, 6, 6, 6, 6, 6, 6, 6, 7, 6, 6, 6, 6, 6, 6, 6, 6, 6, 5, 6, 6, 6, 5, 6, 6, 6, 5, 6, 5, 6, 6, 6, 6, 6, 7, 6, 6, 6, 7, 5, 6, 6, 6, 5, 6, 6, 6, 6, 5, 6, 6, 7, 6, 6, 7, 6, 6, 6, 6, 5, 6, 6, 6, 6, 5, 6, 6, 5, 6, 6, 6, 6, 6, 6, 6, 7, 6, 5, 6, 6, 6, 6, 5, 6, 6, 6, 6, 6, 6, 6, 6, 6, 6, 6, 6, 6, 6, 7, 6, 5, 6, 6, 6, 6, 6, 6, 6, 5, 6, 6, 6, 6, 5, 6, 6, 6, 6, 6, 6, 7, 6, 7, 6, 7, 6, 6, 7, 5, 6, 6, 7, 6, 5, 6, 6, 6, 7, 6, 6, 6, 6, 6, 6, 6, 5, 6, 6, 6, 6, 6, 6, 6, 6, 6, 6, 6, 6, 6, 6, 6, 6, 6, 6, 6, 7, 6, 6, 6, 6, 6, 7, 5, 6, 7, 6, 6, 5, 6, 6, 6, 6, 6, 6, 7, 6, 6, 6, 6, 6, 5, 6, 6, 6, 6, 6, 6, 6, 7, 6, 6, 6, 6, 6, 6, 6, 6, 6, 6, 7, 6, 6, 7, 7, 6, 5, 6, 6, 6, 6, 6, 6, 6, 6, 6, 6, 6, 6, 6, 6, 6, 6, 7, 6, 6, 6, 6, 5, 6, 6, 6, 6, 5, 6, 6, 6, 6, 6, 6, 7, 6, 5, 5, 6, 6, 6, 6, 7, 6, 7, 6, 6, 6, 6, 6, 5, 6, 7, 5, 6, 7, 6, 6, 5, 6, 6, 5, 6, 6, 6, 6, 6, 6, 6, 6, 6, 6, 6, 6, 6, 6, 6, 6, 6, 6, 6, 7, 7, 6, 5, 6, 6, 6, 6, 6, 7, 7, 6, 7, 6, 6, 6, 6, 6, 7, 6, 5, 6, 6, 6, 6, 7, 6, 6, 6, 6, 6, 6, 6, 6, 6, 6, 6, 6, 6, 6, 6, 6, 6, 6, 6, 6, 5, 6, 6, 6, 6, 6, 6, 6, 6, 6, 6, 7, 6, 6, 6, 6, 5, 6, 6, 6, 6, 6, 5, 6, 6, 6, 6, 6, 5, 6, 6, 6, 6, 5, 7, 6, 6, 6, 6, 6, 6, 6, 6, 6, 6, 6, 6, 6, 6, 5, 6, 6, 6, 6, 6, 5, 6, 6, 6, 7, 6, 6, 6, 6, 6, 6, 6, 6, 6, 6, 6, 6, 6, 6, 5, 5, 6, 6, 6, 7, 6, 6, 5, 6, 6, 6, 6, 5, 6, 6, 6, 5, 6, 7, 6, 7, 6, 6, 5, 6, 6, 6, 7, 6, 6, 6, 6, 6, 6, 6, 6, 6, 6, 6, 7, 6, 6, 5, 6, 6, 6, 7, 6, 5, 5, 6, 6, 6, 6, 7, 6, 7, 6, 6, 6, 6, 6, 6, 6, 6, 6, 7, 6, 6, 6, 5, 6, 6, 6, 6, 6, 6, 6, 6, 5, 6, 6, 6, 6, 6, 5, 6, 6, 6, 6, 6, 7, 6, 7, 7, 6, 6, 6, 6, 6, 6, 6, 6, 6, 6, 6, 6, 6, 6, 6, 6, 6, 6, 6, 6, 6, 7, 6, 6, 6, 6, 6, 6, 5, 5, 6, 6, 6, 6, 6, 6, 7, 6, 6, 6, 6, 6, 6, 6, 7, 6, 6, 6, 6, 6, 5, 6, 6, 6, 6, 7, 6, 6, 6, 6, 6, 6, 5, 6, 6, 5, 6, 6, 6, 6, 6, 6, 7, 6, 6, 6, 6, 5, 6, 6, 6, 6, 6, 6, 6, 6, 6, 6, 7, 6, 6, 6, 6, 6, 6, 6, 6, 5, 6, 6, 6, 6, 6, 6, 6, 5, 6, 6, 6, 7, 6, 6, 6, 6, 6, 5, 5, 6, 6, 6, 5, 7, 7, 6, 6, 6, 6, 6, 6, 6, 6, 6, 6, 6, 6, 6, 6, 6, 6, 6, 7, 6, 6, 6, 6, 6, 6, 5, 6, 6, 6, 6, 6, 5, 6, 6, 6, 6, 7, 7, 6, 6, 6, 6, 5, 7, 6, 5, 6, 6, 6, 6, 6, 6, 6, 6, 7, 7, 7, 6, 6, 6, 6, 6, 6, 7, 6, 6, 6, 6, 6, 6, 6, 6, 6, 6, 6, 6, 6, 6, 6, 6, 7, 5, 6, 6, 6, 6, 6, 6, 6, 6, 6, 6, 5, 6, 6, 6, 6, 6, 6, 6, 6, 6, 6, 6, 6, 6, 6, 6, 6, 5, 6, 6, 6, 6, 6, 6, 6, 6, 6, 6, 5, 6, 6, 6, 6, 6, 7, 6, 6, 5, 6, 6, 6, 6, 6, 6, 6, 6, 6, 7, 6, 6, 6, 6, 6, 6, 6, 6, 6, 6, 7, 6, 6, 6, 6, 5, 6, 6, 6, 7, 6, 6, 6, 6, 6, 6, 6, 7, 6, 7, 6, 6, 6, 6, 6, 6, 6, 6, 6, 6, 6, 6, 6, 6, 7, 7, 5, 6, 5, 6, 6, 6, 6, 6, 6, 6, 6, 6, 6, 6, 7, 6, 6, 6, 6, 6, 6, 6, 7, 6, 6, 6, 6, 6, 6, 6, 5, 7, 7, 6, 5, 6, 6, 6, 6, 6, 6, 6, 6, 6, 6, 5, 6, 6, 6, 5, 6, 6, 6, 6, 6, 6, 6, 7, 6, 6, 6, 6, 6, 6, 6, 6, 6, 6, 6, 6, 6, 6, 6, 6, 5, 6, 6, 6, 7, 6, 6, 6, 6, 6, 7, 7, 5, 6, 7, 6, 6, 6, 6, 6, 6, 6, 6, 7, 6, 6, 6, 6, 6, 6, 6, 6, 6, 6, 6, 7, 6, 6, 6, 6, 6, 7, 6, 6, 6, 6, 6, 6, 6, 6, 6, 6, 6, 6, 6, 7, 6, 6, 6, 6, 6, 6, 6, 6, 6, 6, 6, 6, 6, 6, 6, 6, 6, 6, 5, 5, 6, 6, 7, 6, 6, 6, 6, 6, 6, 6, 6, 6, 6, 6, 7, 6, 6, 5, 6, 6, 5, 5, 7, 6, 6, 6, 7, 6, 6, 6, 6, 6, 6, 6, 6, 6, 7, 6, 6, 6, 5, 6, 5, 6, 6, 7, 6, 6, 6, 6, 7, 6, 6, 6, 6, 6, 6, 6, 6, 6, 6, 6, 6, 6, 6, 6, 6, 6, 6, 6, 6, 6, 6, 7, 5, 7, 6, 7, 6, 6, 6, 6, 6, 6, 6, 6, 6, 6, 6, 6, 6, 6, 6, 6, 6, 7, 6, 6, 5, 6, 6, 5, 6, 6, 6, 6, 7, 6, 6, 5, 6, 6, 6, 6, 6, 7, 7, 6, 6, 6, 7, 6, 6, 6, 6, 6, 6, 6, 6, 7, 6, 5, 6, 6, 6, 6, 6, 5, 6, 6, 6, 6, 6, 6, 7, 7, 6, 7, 6, 6, 5, 6, 6, 6, 6, 6, 6, 6, 6, 6, 6, 6, 6, 6, 6, 7, 6, 5, 6, 6, 5, 6, 6, 5, 6, 6, 6, 7, 6, 6, 6, 5, 6, 6, 6, 6, 6, 6, 6, 6, 6, 6, 6, 6, 5, 6, 6, 6, 6, 5, 6, 6, 6, 6, 6, 7, 5, 6, 6, 6, 7, 6, 6, 6, 6, 5, 6, 6, 5, 7, 6, 5, 6, 6, 6, 6, 7, 6, 6, 6, 6, 5, 6, 6, 5, 7, 6, 6, 6, 6, 6, 5, 5, 6, 6, 6, 6, 7, 6, 6, 6, 5, 7, 6, 7, 6, 7, 6, 6, 6, 6, 6, 6, 6, 6, 5, 6, 5, 6, 6, 6, 6, 7, 6, 5, 6, 6, 6, 6, 6, 6, 6, 6, 6, 6, 6, 6, 6, 5, 6, 6, 6, 7, 6, 6, 6, 6, 6, 6, 6, 5, 6, 6, 6, 6, 6, 7, 7, 7, 6, 6, 6, 6, 6, 6, 6, 6, 6, 5, 6, 5, 6, 6, 5, 6, 6, 6, 6, 6, 6, 6, 6, 6, 7, 5, 7, 6, 6, 6, 6, 6, 6, 6, 6, 6, 6, 6, 5, 6, 6, 6, 6, 6, 6, 6, 6, 5, 6, 6, 6, 6, 6, 6, 6, 5, 6, 6, 6, 6, 6, 6, 6, 6, 6, 6, 6, 6, 6, 6, 6, 7, 7, 6, 6, 6, 6, 6, 7, 7, 5, 6, 6, 6, 5, 6, 7, 6, 5, 7, 6, 6, 7, 6, 6, 6, 6, 6, 6, 7, 6, 7, 6, 6, 6, 7, 6, 6, 6, 6, 6, 6, 6, 6, 6, 6, 6, 6, 7, 6, 6, 6, 7, 6, 6, 6, 6, 6, 7, 6, 6, 6, 6, 6, 6, 6, 6, 6, 6, 6, 7, 6, 6, 6, 6, 6, 6, 6, 6, 5, 6, 6, 6, 5, 6, 6, 6, 5, 6, 6, 6, 6, 6, 6, 6, 6, 6, 6, 6, 6, 6, 6, 7, 6, 6, 7, 6, 7, 5, 7, 7, 6, 6, 6, 6, 6, 7, 6, 6, 6, 6, 6, 7, 6, 6, 6, 6, 7, 7, 6, 6, 6, 6, 7, 6, 6, 6, 6, 6, 6, 6, 6, 6, 6, 6, 6, 6, 6, 5, 5, 6, 6, 6, 6, 7, 6, 6, 6, 6, 5, 7, 6, 6, 6, 6, 6, 6, 6, 6, 5, 6, 5, 6, 6, 6, 7, 6, 6, 6, 5, 6, 6, 6, 6, 6, 6, 6, 6, 6, 7, 6, 6, 6, 6, 6, 7, 6, 6, 6, 6, 6, 7, 6, 6, 6, 6, 6, 6, 5, 7, 7, 6, 6, 7, 6, 6, 5, 6, 6, 6, 7, 6, 6, 6, 6, 6, 6, 5, 6, 6, 6, 6, 6, 6, 6, 6, 6, 6, 6, 6, 6, 6, 6, 6, 5, 6, 6, 5, 6, 6, 7, 6, 6, 6, 6, 6, 6, 6, 6, 5, 6, 5, 6, 7, 7, 6, 5, 6, 6, 6, 6, 6, 8, 6, 6, 6, 6, 6, 6, 6, 6, 6, 6, 6, 6, 7, 6, 7, 7, 7, 7, 5, 5, 6, 6, 6, 6, 6, 6, 5, 6, 7, 6, 6, 6, 6, 6, 7, 6, 7, 7, 6, 6, 6, 7, 8, 6, 6, 6, 5, 6, 7, 7, 8, 6, 6, 6, 7, 6, 6, 6, 8, 7, 7, 6, 5, 6, 6, 6, 6, 6, 7, 6, 6, 6, 6, 6, 6, 6, 7, 6, 7, 5, 6, 6, 6, 6, 6, 6, 7, 6, 6, 5, 7, 6, 6, 6, 6, 6, 7, 6, 5, 5, 6, 6, 6, 6, 6, 6, 6, 6, 5, 6, 6, 6, 6, 6, 6, 6, 6, 6, 6, 6, 6, 6, 6, 6, 6, 6, 6, 6, 6, 6, 7, 6, 7, 7, 6, 6, 6, 6, 7, 6, 6, 6, 6, 6, 6, 7, 6, 6, 6, 6, 6, 6, 6, 6, 6, 6, 7, 7, 7, 7, 7, 6, 6, 6, 6, 6, 6, 6, 6, 6, 5, 7, 6, 6, 6, 7, 6, 6, 6, 6, 6, 6, 7, 6, 6, 6, 6, 6, 6, 7, 7, 6, 6, 6, 6, 6, 6, 6, 6, 6, 6, 6, 6, 6, 7, 6, 6, 6, 6, 6, 6, 6, 5, 7, 6, 7, 7, 6, 6, 6, 6, 6, 6, 5, 6, 5, 7, 6, 7, 6, 6, 5, 6, 6, 6, 6, 6, 6, 6, 6, 6, 6, 6, 6, 6, 6, 6, 6, 7, 6, 7, 6, 6, 6, 7, 7, 6, 6, 7, 6, 6, 7, 6, 6, 6, 7, 6, 6, 7, 6, 7, 6, 6, 6, 6, 6, 6, 7, 7, 6, 7, 6, 7, 6, 7, 5, 7, 6, 7, 7, 6, 6, 6, 6, 6, 6, 7, 7, 6, 6, 6, 6, 6, 6, 7, 7, 6, 6, 6, 6, 6, 6, 7, 6, 6, 6, 6, 6, 6, 6, 6, 6, 6, 6, 7, 6, 6, 6, 5, 6, 6, 6, 7, 7, 6, 6, 6, 6, 6, 6, 6, 6, 6, 6, 6, 6, 6, 6, 6, 6, 6, 6, 6, 6, 6, 6, 6, 6, 5, 6, 7, 6, 6, 6, 6, 6, 6, 6, 6, 7, 7, 5, 6, 6, 6, 6, 6, 6, 5, 6, 6, 6, 6, 6, 6, 6, 6, 6, 5, 6, 6, 6, 6, 6, 6, 6, 6, 6, 6, 6, 6, 6, 6, 6, 6, 6, 6, 6, 6, 6, 5, 6, 6, 6, 7, 7, 6, 6, 6, 6, 6, 6, 6, 6, 6, 6, 6, 5, 6, 6, 6, 6, 6, 6, 7, 6, 6, 6, 5, 6, 6, 6, 6, 6, 6, 5, 6, 6, 7, 7, 6, 6, 6, 7, 6, 6, 6, 7, 7, 6, 6, 6, 6, 5, 6, 6, 6, 6, 6, 6, 6, 6, 7, 6, 6, 6, 5, 6, 7, 6, 6, 6, 6, 7, 6, 6, 7, 6, 6, 6, 6, 6, 6, 6, 6, 6, 6, 6, 6, 6, 6, 6, 6, 6, 6, 5, 6, 6, 6, 6, 6, 6, 6, 6, 6, 7, 6, 6, 6, 6, 6, 6, 6, 6, 7, 6, 6, 6, 6, 7, 7, 5, 6, 6, 6, 6, 6, 6, 6, 6, 6, 6, 6, 6, 6, 6, 6, 6, 6, 6, 6, 6, 6, 6, 7, 6, 7, 6, 6, 6, 6, 6, 6, 6, 5, 6, 6, 6, 6, 6, 6, 6, 6, 6, 7, 7, 5, 6, 6, 7, 6, 6, 6, 7, 6, 6, 6, 6, 6, 6, 6, 6, 7, 6, 6, 6, 6, 6, 6, 7, 6, 6, 6, 6, 6, 6, 6, 6, 5, 6, 5, 6, 6, 6, 6, 6, 6, 6, 6, 6, 6, 6, 6, 6, 6, 7, 7, 6, 6, 6, 6, 6, 6, 6, 7, 6, 6, 6, 6, 5, 6, 6, 5, 6, 5, 6, 5, 6, 6, 6, 6, 7, 5, 6, 6, 7, 6, 6, 6, 6, 7, 6, 6, 6, 6, 6, 6, 5, 6, 6, 6, 7, 7, 5, 7, 6, 5, 6, 6, 7, 6, 6, 5, 6, 7, 6, 7, 6, 6, 7, 6, 6, 6, 7, 6, 6, 6, 6, 6, 7, 7, 7, 6, 5, 5, 6, 6, 7, 6, 6, 6, 6, 7, 6, 6, 6, 6, 6, 6, 7, 6, 6, 6, 7, 7, 6, 6, 6, 7, 6, 6, 6, 6, 6, 6, 6, 7, 6, 5, 6, 6, 6, 7, 6, 6, 5, 5, 6, 6, 6, 5, 6, 5, 6, 6, 5, 6, 6, 6, 6, 7, 6, 6, 6, 6, 6, 6, 6, 6, 6, 6, 6, 6, 6, 7, 7, 7, 6, 6, 6, 6, 6, 6, 7, 6, 6, 6, 7, 6, 6, 7, 6, 7, 6, 6, 6, 6, 6, 6, 6, 6, 6, 6, 6, 6, 6, 6, 6, 6, 6, 6, 6, 6, 6, 6, 7, 6, 6, 6, 6, 6, 6, 6, 5, 6, 6, 6, 6, 6, 6, 6, 6, 6, 6, 7, 6, 6, 6, 7, 6, 6, 6, 6, 6, 7, 6, 7, 6, 6, 6, 6, 6, 7, 6, 6, 6, 7, 6, 7, 6, 6, 6, 7, 5, 6, 7, 5, 6, 6, 6, 6, 6, 6, 6, 6, 6, 6, 6, 6, 6, 6, 6, 6, 6, 6, 7, 6, 6, 6, 6, 6, 6, 6, 6, 6, 5, 6, 7, 6, 6, 6, 6, 6, 7, 6, 7, 7, 6, 7, 7, 6, 6, 7, 6, 6, 6, 6, 6, 6, 6, 6, 7, 6, 6, 7, 6, 6, 5, 6, 6, 6, 6, 6, 6, 6, 6, 6, 5, 6, 6, 6, 6, 7, 7, 6, 7, 5, 6, 7, 5, 7, 6, 6, 6, 6, 6, 6, 6, 6, 6, 6, 6, 6, 6, 6, 6, 6, 6, 6, 6, 6, 6, 6, 6, 7, 6, 6, 6, 6, 6, 6, 6, 7, 6, 6, 6, 6, 6, 6, 6, 5, 6, 6, 6, 6, 6, 6, 6, 6, 6, 6, 6, 6, 6, 6, 6, 6, 6, 6, 7, 6, 6, 6, 6, 6, 5, 6, 6, 6, 6, 6, 6, 7, 6, 6, 6, 6, 6, 6, 6, 6, 6, 6, 6, 5, 6, 6, 6, 6, 7, 6, 6, 6, 6, 5, 6, 6, 6, 6, 6, 7, 6, 6, 6, 6, 6, 7, 7, 6, 6, 7, 6, 5, 5, 6, 7, 6, 6, 7, 6, 5, 6, 5, 6, 6, 6, 6, 6, 6, 7, 6, 6, 7, 6, 6, 6, 6, 5, 6, 6, 6, 6, 6, 6, 7, 6, 6, 6, 6, 6, 6, 7, 5, 6, 7, 6, 6, 6, 7, 6, 6, 7, 6, 6, 6, 7, 7, 6, 6, 7, 6, 6, 6, 7, 6, 6, 6, 6, 6, 6, 6, 6, 6, 6, 5, 6, 6, 6, 5, 6, 6, 6, 6, 6, 7, 7, 7, 7, 6, 6, 6, 6, 6, 6, 6, 6, 6, 6, 6, 7, 6, 6, 6, 6, 6, 6, 6, 6, 6, 6, 6, 6, 6, 5, 6, 6, 7, 6, 5, 7, 6, 6, 7, 6, 6, 6, 7, 6, 6, 5, 6, 6, 6, 6, 6, 7, 6, 6, 6, 6, 7, 6, 6, 7, 6, 7, 6, 6, 6, 6, 5, 6, 6, 6, 6, 6, 7, 6, 6, 6, 6, 6, 6, 6, 5, 6, 6, 7, 6, 6, 6, 6, 6, 6, 7, 7, 6, 6, 6, 6, 7, 6, 6, 6, 6, 6, 6, 6, 7, 6, 6, 6, 6, 7, 6, 6, 6, 6, 5, 6, 6, 6, 6, 6, 6, 6, 6, 6, 6, 7, 6, 6, 6, 6, 6, 7, 7, 6, 6, 6, 6, 6, 7, 5, 6, 5, 5, 6, 6, 6, 6, 6, 6, 6, 7, 6, 6, 5, 7, 6, 6, 6, 6, 6, 6, 6, 6, 6, 6, 5, 6, 6, 6, 6, 6, 6, 7, 7, 6, 6, 6, 6, 6, 6, 6, 6, 6, 6, 6, 5, 6, 6, 6, 6, 7, 5, 6, 6, 6, 5, 6, 6, 7, 6, 6, 6, 6, 6, 6, 6, 5, 6, 6, 6, 6, 6, 6, 6, 6, 6, 6, 6, 6, 6, 6, 6, 6, 6, 6, 6, 6, 6, 6, 6, 6, 5, 5, 6, 5, 6, 7, 6, 6, 6, 7, 6, 6, 5, 6, 6, 6, 6, 6, 6, 6, 6, 5, 6, 6, 6, 6, 6, 6, 6, 6, 6, 6, 6, 6, 7, 6, 6, 5, 6, 6, 6, 6, 6, 6, 7, 6, 5, 7, 6, 6, 6, 6, 6, 6, 6, 7, 6, 6, 5, 6, 6, 7, 7, 6, 6, 6, 6, 7, 6, 6, 6, 6, 6, 7, 6, 6, 6, 7, 6, 6, 5, 6, 6, 6, 6, 6, 6, 7, 6, 7, 6, 5, 6, 6, 5, 6, 6, 6, 6, 6, 6, 6, 6, 6, 5, 5, 6, 6, 7, 6, 6, 7, 6, 7, 6, 6, 6, 6, 7, 5, 5, 6, 6, 6, 6, 6, 6, 6, 6, 6, 6, 6, 7, 6, 5, 6, 6, 7, 5, 6, 7, 6, 6, 6, 6, 6, 6, 6, 6, 6, 6, 6, 6, 6, 6, 6, 6, 7, 7, 6, 7, 7, 5, 6, 6, 7, 6, 6, 7, 7, 6, 7, 7, 7, 6, 6, 6, 6, 6, 6, 6, 6, 7, 7, 6, 6, 6, 6, 6, 6, 7, 6, 6, 5, 6, 6, 6, 6, 7, 6, 6, 7, 6, 6, 7, 6, 6, 7, 6, 6, 6, 7, 6, 7, 6, 6, 6, 6, 6, 6, 6, 7, 6, 6, 6, 6, 6, 6, 6, 6, 6, 7, 6, 6, 6, 6, 6, 6, 6, 6, 6, 7, 6, 6, 5, 6, 6, 6, 7, 6, 7, 5, 7, 6, 6, 6, 6, 7, 6, 6, 6, 6, 6, 7, 6, 7, 6, 6, 6, 6, 6, 6, 6, 7, 6, 6, 6, 6, 6, 7, 6, 6, 6, 6, 7, 6, 7, 6, 6, 6, 6, 6, 6, 6, 6, 6, 6, 6, 6, 6, 6, 6, 6, 6, 6, 5, 6, 7, 7, 6, 5, 5, 6, 6, 6, 6, 6, 6, 6, 6, 6, 6, 7, 7, 7, 6, 6, 5, 6, 6, 7, 6, 6, 7, 6, 7, 6, 7, 6, 6, 5, 6, 6, 6, 6, 6, 6, 6, 6, 6, 6, 7, 6, 6, 7, 6, 6, 7, 7, 6, 6, 6, 5, 6, 5, 6, 6, 6, 6, 6, 6, 7, 6, 6, 6, 7, 5, 6, 7, 6, 7, 6, 6, 6, 7, 6, 6, 6, 6, 6, 6, 6, 6, 7, 6, 6, 6, 6, 6, 6, 7, 7, 5, 7, 6, 6, 6, 6, 6, 6, 6, 6, 6, 6, 6, 6, 6, 6, 6, 5, 7, 6, 7, 6, 7, 5, 7, 6, 6, 7, 6, 6, 6, 6, 6, 6, 6, 7, 6, 7, 6, 6, 6, 6, 6, 6, 6, 6, 6, 6, 6, 6, 6, 6, 6, 6, 6, 6, 6, 6, 6, 6, 6, 6, 6, 6, 5, 6, 7, 7, 7, 6, 6, 6, 7, 5, 6, 6, 6, 6, 7, 7, 6, 6, 5, 6, 5, 6, 6, 6, 6, 6, 6, 6, 6, 6, 6, 6, 6, 6, 6, 7, 6, 6, 6, 6, 6, 6, 6, 7, 6, 6, 6, 6, 6, 5, 6, 6, 6, 6, 6, 6, 6, 6, 6, 6, 6, 6, 6, 6, 6, 6, 6, 6, 6, 5, 6, 6, 6, 6, 6, 6, 6, 6, 7, 6, 6, 6, 5, 6, 6, 6, 6, 6, 6, 5, 6, 6, 5, 6, 6, 7, 7, 6, 6, 6, 6, 6, 6, 6, 6, 6, 6, 6, 6, 6, 6, 6, 7, 6, 7, 6, 6, 6, 6, 6, 7, 6, 6, 6, 6, 7, 6, 6, 6, 6, 6, 6, 7, 7, 6, 6, 6, 6, 6, 6, 6, 6, 6, 6, 6, 6, 7, 7, 6, 6, 7, 7, 6, 7, 6, 5, 7, 6, 6, 6, 6, 7, 7, 6, 7, 7, 6, 6, 6, 6, 6, 7, 6, 6, 6, 6, 6, 6, 6, 6, 6, 6, 6, 6, 6, 6, 7, 6, 6, 6, 6, 6, 7, 7, 6, 6, 6, 6, 6, 6, 6, 6, 6, 6, 6, 6, 6, 6, 6, 6, 6, 7, 6, 6, 6, 6, 6, 6, 6, 6, 7, 6, 6, 6, 6, 6, 6, 6, 6, 6, 7, 6, 6, 6, 6, 6, 6, 6, 6, 6, 6, 6, 6, 6, 6, 5, 6, 6, 6, 7, 5, 6, 7, 6, 7, 6, 6, 7, 6, 6, 6, 6, 6, 6, 6, 6, 6, 6, 6, 6, 6, 6, 6, 6, 6, 6, 6, 6, 6, 6, 7, 6, 6, 6, 6, 6, 6, 6, 6, 6, 6, 6, 6, 6, 6, 6, 6, 6, 7, 6, 6, 7, 6, 6, 7, 7, 6, 7, 6, 6, 6, 6, 6, 6, 6, 7, 6, 6, 7, 5, 6, 6, 6, 7, 6, 6, 5, 6, 7, 7, 6, 5, 6, 6, 6, 6, 6, 5, 6, 6, 6, 6, 7, 6, 6, 6, 6, 6, 6, 6, 7, 6, 6, 6, 7, 7, 7, 6, 6, 6, 6, 6, 6, 6, 6, 6, 6, 6, 6, 6, 6, 6, 5, 6, 6, 6, 7, 6, 6, 5, 7, 7, 6, 6, 7, 6, 7, 7, 7, 6, 5, 7, 6, 6, 6, 7, 6, 5, 6, 6, 6, 6, 6, 6, 6, 6, 6, 6, 7, 6, 6, 6, 6, 7, 7, 7, 6, 6, 6, 6, 6, 5, 6, 5, 6, 6, 6, 6, 6, 6, 6, 6, 6, 7, 7, 6, 6, 6, 6, 6, 6, 6, 6, 6, 6, 6, 6, 6, 6, 6, 6, 6, 7, 6, 6, 6, 6, 5, 6, 6, 6, 6, 5, 7, 7, 6, 6, 5, 6, 5, 6, 6, 6, 6, 6, 6, 6, 6, 6, 6, 6, 6, 6, 7, 6, 6, 6, 6, 6, 5, 6, 6, 6, 6, 6, 6, 6, 6, 6, 5, 6, 6, 6, 6, 6, 7, 6, 6, 6, 6, 6, 6, 5, 6, 6, 6, 6, 6, 6, 6, 6, 6, 6, 7, 6, 6, 6, 6, 6, 7, 6, 7, 6, 6, 6, 5, 6, 6, 6, 6, 6, 6, 6, 5, 6, 7, 7, 6, 6, 7, 7, 7, 6, 6, 5, 6, 6, 6, 6, 6, 6, 6, 6, 6, 6, 6, 6, 6, 5, 5, 5, 7, 7, 6, 6, 6, 6, 6, 7, 6, 6, 7, 7, 6, 6, 6, 6, 5, 6, 5, 6, 6, 5, 6, 6, 6, 6, 7, 6, 6, 6, 7, 6, 6, 6, 6, 6, 6, 6, 7, 6, 7, 7, 5, 6, 7, 6, 6, 6, 6, 6, 5, 6, 6, 6, 6, 5, 6, 6, 6, 6, 5, 7, 7, 6, 6, 6, 5, 6, 6, 6, 6, 6, 6, 6, 6, 6, 6, 6, 6, 6, 6, 6, 6, 7, 7, 6, 7, 6, 6, 5, 7, 7, 5, 7, 6, 6, 6, 7, 7, 6, 6, 5, 6, 6, 6, 7, 7, 6, 7, 6, 7, 6, 6, 7, 6, 7, 6, 6, 6, 6, 6, 7, 6, 6, 6, 6, 6, 6, 6, 7, 7, 6, 7, 6, 7, 6, 6, 6, 6, 6, 6, 6, 7, 6, 7, 6, 5, 6, 6, 6, 6, 7, 6, 6, 7, 6, 6, 7, 6, 7, 7, 6, 6, 6, 6, 6, 6, 5, 5, 6, 6, 6, 6, 6, 7, 6, 6, 6, 6, 5, 6, 6, 6, 6, 6, 6, 6, 6, 6, 6, 6, 7, 6, 6, 6, 6, 6, 6, 6, 6, 6, 7, 6, 6, 6, 6, 6, 6, 7, 7, 7, 6, 6, 6, 6, 6, 6, 6, 6, 6, 7, 6, 5, 6, 7, 6, 5, 7, 6, 6, 6, 6, 6, 6, 6, 6, 6, 6, 6, 6, 6, 6, 6, 7, 7, 6, 6, 6, 6, 6, 6, 6, 6, 6, 5, 5, 6, 7, 6, 5, 6, 6, 6, 6, 6, 6, 6, 6, 5, 7, 6, 6, 6, 6, 7, 6, 5, 6, 6, 6, 5, 6, 6, 6, 6, 6, 6, 6, 6, 6, 6, 6, 7, 6, 6, 6, 6, 6, 6, 6, 6, 6, 5, 6, 6, 6, 6, 6, 5, 6, 6, 6, 6, 7, 7, 6, 6, 6, 6, 6, 7, 7, 5, 6, 6, 5, 5, 6, 6, 6, 6, 6, 6, 6, 6, 6, 6, 6, 6, 6, 6, 6, 6, 6, 6, 5, 6, 6, 6, 6, 6, 6, 6, 5, 6, 6, 6, 6, 6, 6, 6, 6, 7, 6, 6, 6, 6, 6, 6, 6, 6, 6, 6, 6, 6, 6, 7, 6, 6, 6, 6, 6, 7, 7, 7, 6, 6, 6, 7, 6, 6, 6, 7, 7, 6, 7, 6, 7, 7, 6, 7, 7, 7, 6, 6, 6, 6, 6, 7, 6, 6, 6, 6, 6, 6, 7, 5, 6, 5, 6, 6, 6, 6, 6, 7, 7, 6, 7, 6, 6, 6, 7, 6, 7, 7, 7, 7, 6, 6, 6, 6, 6, 6, 6, 6, 6, 6, 6, 7, 6, 5, 7, 7, 6, 5, 6, 6, 6, 6, 6, 6, 5, 6, 6, 6, 6, 7, 6, 6, 6, 6, 6, 5, 6, 6, 6, 6, 7, 6, 6, 6, 6, 6, 5, 6, 7, 6, 6, 7, 6, 6, 6, 6, 5, 6, 6, 7, 7, 6, 7, 6, 6, 6, 6, 6, 6, 6, 6, 6, 6, 7, 7, 7, 6, 7, 6, 6, 6, 7, 6, 6, 6, 6, 6, 6, 6, 6, 7, 6, 7, 6, 6, 7, 6, 6, 6, 6, 6, 6, 6, 6, 6, 6, 6, 6, 5, 6, 7, 6, 7, 6, 5, 6, 7, 6, 6, 6, 6, 6, 6, 6, 6, 6, 6, 7, 6, 6, 5, 6, 6, 6, 6, 6, 6, 6, 6, 6, 6, 6, 5, 6, 6, 5, 6, 6, 6, 6, 6, 6, 6, 6, 5, 6, 6, 6, 6, 6, 7, 6, 5, 6, 6, 6, 6, 7, 6, 6, 6, 5, 6, 6, 6, 6, 6, 7, 6, 7, 6, 6, 5, 6, 6, 6, 6, 6, 6, 6, 5, 6, 6, 6, 6, 6, 6, 5, 6, 6, 6, 6, 6, 5, 6, 6, 6, 6, 6, 5, 7, 7, 7, 6, 6, 6, 6, 6, 6, 6, 6, 5, 6, 6, 6, 6, 6, 6, 6, 6, 6, 6, 6, 6, 6, 6, 6, 7, 6, 6, 6, 7, 6, 6, 6, 6, 6, 6, 6, 6, 6, 6, 6, 5, 6, 6, 6, 6, 6, 7, 6, 6, 6, 6, 6, 6, 6, 6, 6, 6, 6, 6, 6, 6, 6, 6, 6, 6, 6, 6, 7, 6, 6, 6, 6, 6, 6, 7, 6, 6, 6, 7, 6, 6, 7, 6, 6, 6, 6, 6, 6, 6, 7, 6, 6, 6, 7, 7, 7, 6, 6, 7, 7, 7, 7, 7, 6, 7, 7, 7, 6, 6, 6, 6, 6, 6, 7, 6, 5, 6, 5, 7, 7, 6, 7, 6, 6, 6, 7, 6, 7, 5, 7, 6, 7, 6, 7, 7, 7, 6, 5, 7, 7, 6, 6, 6, 7, 6, 6, 6, 6, 6, 6, 6, 6, 6, 6, 7, 6, 6, 6, 7, 6, 7, 7, 5, 6, 7, 6, 6, 6, 7, 6, 6, 6, 6, 6, 6, 6, 6, 5, 6, 6, 7, 6, 7, 6, 6, 6, 6, 6, 6, 6, 6, 6, 6, 7, 6, 6, 7, 6, 7, 6, 7, 6, 6, 7, 6, 7, 6, 6, 6, 6, 5, 6, 6, 6, 5, 6, 6, 6, 6, 6, 6, 6, 6, 7, 6, 6, 7, 6, 6, 6, 6, 7, 7, 7, 6, 6, 6, 6, 6, 6, 6, 6, 6, 6, 6, 6, 6, 6, 6, 6, 6, 6, 6, 6, 5, 6, 7, 6, 6, 6, 6, 6, 6, 6, 6, 6, 6, 6, 6, 6, 6, 6, 6, 7, 7, 7, 6, 6, 7, 7, 7, 6, 6, 6, 5, 6, 6, 6, 6, 6, 6, 6, 7, 6, 6, 5, 6, 6, 6, 6, 6, 5, 7, 6, 6, 6, 7, 6, 6, 6, 6, 7, 6, 7, 6, 7, 6, 6, 6, 6, 6, 6, 6, 6, 7, 5, 6, 6, 6, 6, 6, 6, 6, 6, 6, 6, 5, 6, 6, 6, 5, 6, 6, 6, 6, 6, 6, 6, 6, 7, 6, 5, 6, 6, 6, 6, 6, 6, 6, 6, 6, 6, 6, 5, 6, 6, 6, 6, 6, 6, 6, 6, 7, 6, 7, 6, 7, 6, 6, 6, 6, 5, 6, 5, 7, 5, 6, 6, 6, 5, 6, 6, 6, 7, 6, 6, 6, 7, 6, 6, 6, 7, 5, 6, 6, 6, 6, 6, 6, 5, 6, 6, 6, 6, 6, 6, 6, 6, 5, 6, 6, 6, 6, 6, 6, 6, 6, 5, 6, 6, 6, 6, 6, 6, 6, 6, 5, 6, 6, 5, 6, 6, 5, 6, 6, 6, 6, 6, 6, 6, 6, 6, 7, 6, 6, 6, 6, 5, 6, 5, 5, 5, 6, 6, 5, 6, 6, 6, 6, 6, 6, 6, 6, 6, 6, 6, 5, 7, 6, 6, 5, 6, 6, 6, 7, 6, 5, 7, 6, 6, 6, 6, 6, 6, 6, 6, 6, 6, 6, 6, 6, 6, 6, 6, 6, 6, 6, 6, 6, 6, 6, 6, 5, 6, 5, 6, 6, 6, 6, 6, 6, 6, 6, 6, 6, 6, 5, 6, 6, 7, 6, 6, 5, 6, 5, 7, 6, 6, 6, 6, 6, 6, 6, 5, 6, 7, 7, 6, 6, 6, 6, 6, 6, 7, 7, 6, 6, 6, 5, 6, 6, 6, 7, 7, 6, 6, 6, 6, 7, 6, 6, 7, 6, 7, 6, 6, 6, 6, 6, 5, 5, 6, 7, 6, 6, 6, 6, 6, 6, 6, 5, 6, 7, 7, 7, 6, 7, 7, 7, 6, 7, 6, 6, 6, 6, 6, 6, 6, 6, 6, 6, 6, 7, 6, 7, 6, 6, 6, 6, 6, 6, 6, 7, 6, 6, 6, 6, 6, 6, 6, 5, 6, 6, 5, 6, 6, 7, 5, 6, 6, 7, 6, 7, 6, 6, 6, 6, 5, 6, 6, 6, 7, 7, 6, 6, 7, 6, 6, 6, 6, 7, 6, 6, 5, 6, 6, 6, 6, 6, 6, 6, 6, 6, 6, 6, 6, 6, 6, 6, 6, 6, 6, 6, 6, 6, 7, 7, 6, 6, 6, 6, 6, 6, 6, 6, 6, 6, 6, 6, 6, 6, 6, 6, 7, 6, 5, 5, 6, 6, 6, 6, 6, 6, 6, 6, 7, 6, 7, 6, 6, 6, 6, 5, 6, 6, 6, 6, 6, 5, 6, 5, 6, 5, 6, 6, 6, 6, 6, 6, 5, 6, 7, 6, 6, 6, 6, 6, 6, 6, 7, 7, 7, 7, 6, 6, 6, 6, 6, 7, 6, 5, 6, 6, 6, 6, 6, 6, 6, 6, 6, 6, 7, 6, 7, 7, 6, 5, 6, 6, 6, 5, 6, 6, 6, 6, 7, 6, 6, 6, 6, 6, 6, 6, 6, 6, 5, 6, 6, 6, 6, 6, 6, 6, 7, 6, 6, 5, 6, 6, 6, 6, 6, 6, 6, 7, 6, 6, 6, 6, 6, 5, 6, 6, 6, 6, 6, 6, 7, 6, 6, 6, 6, 6, 7, 6, 6, 7, 6, 5, 6, 6, 6, 6, 7, 6, 6, 6, 6, 6, 6, 5, 6, 7, 6, 7, 6, 6, 6, 6, 6, 7, 6, 6, 6, 6, 6, 6, 7, 6, 6, 6, 6, 6, 6, 7, 6, 6, 6, 6, 6, 7, 5, 6, 5, 6, 7, 5, 6, 7, 6, 5, 6, 6, 6, 7, 6, 6, 5, 6, 7, 6, 6, 6, 6, 6, 6, 6, 6, 6, 7, 6, 6, 6, 6, 6, 6, 6, 6, 6, 6, 6, 6, 6, 6, 6, 5, 6, 6, 6, 6, 6, 5, 6, 5, 6, 6, 6, 6, 5, 5, 6, 6, 6, 6, 6, 6, 6, 5, 6, 6, 6, 6, 6, 7, 6, 6, 7, 6, 6, 6, 6, 6, 6, 6, 6, 7, 6, 6, 6, 7, 6, 6, 5, 6, 6, 6, 6, 6, 6, 5, 6, 6, 6, 5, 6, 7, 6, 6, 5, 6, 7, 6, 7, 6, 6, 6, 6, 6, 5, 6, 6, 6, 5, 7, 5, 5, 6, 6, 6, 7, 6, 6, 6, 5, 6, 7, 6, 6, 6, 6, 6, 6, 6, 6, 6, 6, 6, 6, 6, 6, 7, 5, 6, 6, 6, 6, 7, 7, 6, 6, 6, 6, 6, 6, 7, 7, 6, 6, 6, 7, 7, 5, 7, 6, 6, 6, 6, 6, 6, 6, 6, 6, 6, 6, 6, 6, 6, 6, 5, 6, 6, 6, 6, 6, 6, 6, 6, 6, 6, 6, 6, 6, 6, 6, 5, 6, 6, 6, 6, 6, 6, 6, 6, 6, 5, 7, 7, 6, 6, 6, 6, 6, 6, 6, 7, 6, 5, 6, 7, 7, 6, 6, 6, 6, 6, 6, 6, 6, 6, 6, 7, 6, 7, 6, 6, 6, 6, 6, 6, 6, 6, 6, 6, 6, 6, 6, 6, 6, 6, 7, 6, 6, 6, 6, 5, 6, 5, 6, 7, 6, 6, 6, 7, 6, 6, 6, 6, 7, 7, 6, 6, 7, 6, 6, 6, 6, 6, 6, 6, 7, 6, 6, 6, 6, 6, 6, 6, 6, 7, 6, 6, 5, 6, 5, 6, 6, 5, 7, 6, 6, 6, 6, 6, 7, 6, 6, 6, 6, 6, 6, 7, 7, 6, 5, 5, 6, 6, 5, 6, 6, 6, 6, 6, 6, 6, 5, 6, 7, 6, 6, 6, 6, 6, 6, 6, 6, 6, 5, 6, 6, 7, 5, 7, 6, 6, 6, 6, 6, 7, 7, 7, 7, 5, 6, 6, 7, 6, 6, 6, 7, 7, 7, 7, 6, 6, 7, 7, 6, 6, 6, 6, 6, 7, 6, 6, 7, 6, 6, 6, 7, 6, 6, 6, 6, 6, 6, 6, 6, 6, 7, 6, 6, 6, 6, 6, 6, 6, 6, 6, 6, 6, 6, 6, 6, 7, 7, 6, 6, 6, 6, 6, 7, 7, 6, 6, 6, 6, 7, 5, 6, 7, 6, 7, 6, 6, 6, 5, 6, 6, 6, 6, 6, 6, 6, 6, 6, 6, 6, 6, 6, 7, 6, 7, 6, 6, 6, 6, 6, 6, 6, 6, 7, 7, 6, 7, 7, 7, 6, 6, 6, 6, 7, 6, 6, 6, 7, 7, 6, 7, 7, 6, 7, 6, 6, 6, 7, 6, 6, 6, 5, 6, 6, 7, 6, 6, 6, 7, 6, 6, 6, 5, 7, 6, 5, 6, 6, 6, 6, 6, 6, 7, 6, 6, 6, 6, 6, 7, 7, 7, 6, 7, 6, 6, 6, 6, 7, 6, 6, 6, 7, 6, 6, 5, 6, 6, 6, 5, 7, 6, 5, 6, 7, 6, 6, 6, 6, 7, 6, 6, 6, 6, 6, 7, 6, 6, 6, 6, 7, 5, 7, 6, 6, 6, 6, 6, 6, 6, 7, 6, 6, 7, 5, 6, 6, 7, 7, 6, 6, 6, 7, 6, 6, 6, 6, 6, 5, 7, 7, 6, 7, 6, 6, 7, 6, 6, 6, 6, 6, 6, 6, 6, 6, 7, 6, 6, 7, 6, 7, 6, 6, 6, 6, 6, 6, 6, 6, 5, 6, 6, 6, 6, 6, 6, 5, 7, 7, 7, 6, 6, 6, 5, 6, 6, 6, 6, 6, 6, 5, 7, 6, 6, 7, 6, 6, 6, 6, 6, 7, 6, 6, 5, 5, 6, 6, 6, 6, 6, 6, 6, 6, 6, 6, 7, 5, 6, 6, 6, 6, 6, 6, 6, 6, 5, 6, 7, 6, 7, 6, 6, 6, 6, 6, 6, 7, 6, 6, 7, 6, 7, 6, 6, 6, 6, 7, 6, 5, 6, 6, 6, 7, 6, 6, 6, 6, 6, 6, 6, 7, 6, 6, 5, 6, 6, 6, 6, 6, 7, 6, 6, 6, 6, 7, 5, 5, 6, 6, 6, 7, 5, 6, 6, 7, 6, 6, 6, 7, 6, 6, 5, 5, 6, 6, 6, 7, 6, 6, 6, 6, 6, 6, 6, 6, 6, 7, 6, 5, 6, 5, 6, 6, 6, 5, 6, 6, 6, 6, 6, 6, 6, 6, 6, 6, 7, 6, 6, 6, 6, 6, 6, 7, 7, 6, 6, 6, 6, 6, 6, 6, 6, 6, 6, 6, 6, 6, 6, 6, 6, 6, 5, 5, 6, 6, 6, 6, 6, 6, 6, 6, 7, 7, 6, 6, 6, 6, 6, 6, 6, 7, 7, 6, 6, 6, 6, 6, 6, 5, 5, 6, 6, 6, 6, 6, 6, 6, 6, 6, 6, 6, 6, 5, 6, 6, 5, 6, 6, 7, 6, 7, 7, 7, 6, 6, 6, 6, 6, 6, 6, 5, 5, 7, 6, 6, 7, 6, 6, 6, 6, 7, 6, 6, 6, 6, 6, 6, 5, 6, 7, 6, 6, 5, 6, 6, 5, 6, 6, 6, 6, 6, 6, 5, 6, 6, 6, 7, 6, 6, 6, 6, 6, 7, 6, 6, 6, 5, 6, 6, 6, 6, 7, 6, 6, 6, 6, 7, 6, 6, 6, 6, 6, 6, 6, 6, 6, 6, 6, 6, 6, 5, 6, 6, 6, 5, 6, 6, 6, 7, 7, 6, 7, 7, 7, 6, 6, 6, 6, 6, 6, 6, 6, 6, 6, 6, 6, 6, 6, 5, 6, 6, 6, 7, 6, 7, 7, 6, 6, 6, 6, 6, 7, 6, 6, 6, 6, 6, 6, 7, 6, 6, 6, 6, 6, 6, 6, 5, 6, 7, 6, 6, 6, 6, 6, 6, 6, 6, 7, 6, 5, 5, 6, 6, 7, 6, 7, 6, 7, 6, 6, 6, 6, 6, 6, 6, 7, 6, 6, 6, 7, 6, 6, 6, 6, 6, 6, 6, 6, 6, 6, 7, 6, 6, 6, 7, 6, 6, 6, 6, 6, 6, 7, 6, 7, 6, 6, 6, 6, 6, 6, 6, 6, 6, 6, 5, 6, 6, 6, 7, 6, 7, 7, 6, 6, 6, 6, 6, 6, 7, 6, 7, 6, 6, 7, 6, 6, 6, 6, 6, 6, 6, 5, 6, 6, 6, 6, 5, 6, 6, 6, 6, 6, 6, 6, 6, 6, 6, 6, 6, 6, 7, 6, 6, 6, 6, 5, 6, 6]

################################################################
