Numero total de amostras 7699

Tempo total de processamento: 1:50:04

############## TEMPOS DE PROCESSAMENTO DO EXERCICIO NO JAIL  ####################
Soma 46589 segundos
Media 6.051305364333031 segundos
Desvio padr達o 0.4918790272121299 segundos
Minimo 5 segundos
Maximo 9 segundos

95% 5.0 segundos
99% 5.0 segundos

############## TEMPOS DE PROCESSAMENTO DO EXERCICIO NO JAIL COM DOWNLOAD  ################
Soma 51863 segundos
Media 6.7363293934277175 segundos
Desvio padr達o 0.5966469791243204 segundos
Minimo 6 segundos
Maximo 10 segundos

95% 6.0 segundos
99% 6.0 segundos

################### TEMPOS DE DOWNLOAD DO EXERCICIO NO JAIL #######################
Soma 5274 segundos
Media 0.6850240290946876 segundos
Desvio padr達o 0.49008658861483273 segundos
Minimo 0 segundos
Maximo 3 segundos

95% 0.0 segundos
99% 0.0 segundos

############################ TEMPOS DE ESPERA NA FILA ############################
Soma 21464
Media 2.787894531757371 segundos
Desvio padr達o 1.9577506493244954 segundos
Minimo 0 segundos
Maximo 11 segundos

95% 0.0 segundos
99% 0.0 segundos

################### queue_wait_time_list: ######################

[5, 6, 10, 4, 1, 0, 3, 9, 5, 9, 5, 9, 8, 5, 9, 8, 6, 7, 5, 7, 6, 9, 8, 7, 10, 7, 6, 10, 7, 10, 10, 8, 10, 9, 7, 6, 7, 6, 9, 9, 10, 8, 9, 9, 10, 9, 8, 9, 8, 7, 8, 9, 9, 10, 9, 8, 7, 9, 9, 8, 8, 7, 8, 7, 8, 8, 10, 8, 9, 7, 8, 9, 9, 8, 8, 9, 9, 7, 8, 8, 7, 9, 7, 7, 7, 7, 6, 7, 7, 7, 7, 8, 6, 7, 8, 7, 8, 7, 6, 6, 6, 5, 7, 6, 5, 7, 6, 6, 6, 5, 7, 7, 6, 7, 5, 7, 5, 7, 6, 6, 6, 5, 7, 5, 4, 6, 5, 7, 6, 7, 5, 6, 5, 6, 5, 4, 5, 5, 5, 4, 4, 6, 6, 2, 6, 1, 5, 5, 5, 6, 4, 1, 5, 4, 2, 3, 2, 2, 2, 2, 2, 3, 3, 2, 4, 4, 3, 2, 2, 2, 1, 2, 0, 4, 0, 1, 1, 2, 0, 1, 2, 1, 1, 0, 0, 1, 1, 2, 5, 6, 4, 5, 4, 5, 4, 4, 6, 5, 6, 4, 6, 7, 5, 5, 5, 4, 4, 4, 7, 3, 5, 5, 6, 3, 6, 4, 4, 5, 4, 4, 4, 5, 5, 6, 4, 6, 4, 4, 4, 4, 4, 5, 4, 4, 4, 3, 5, 5, 6, 6, 3, 5, 3, 5, 3, 5, 4, 4, 5, 5, 4, 4, 5, 6, 5, 4, 4, 4, 5, 3, 6, 5, 5, 7, 4, 5, 3, 5, 4, 4, 3, 5, 4, 5, 6, 6, 5, 6, 4, 5, 4, 5, 6, 6, 5, 5, 4, 6, 5, 7, 6, 7, 5, 5, 5, 4, 5, 5, 5, 4, 3, 4, 7, 4, 6, 4, 6, 4, 4, 5, 4, 3, 5, 6, 4, 5, 3, 6, 5, 3, 5, 4, 3, 5, 5, 5, 4, 3, 3, 3, 4, 5, 3, 2, 3, 3, 2, 5, 3, 5, 4, 3, 5, 5, 4, 5, 3, 4, 4, 5, 3, 2, 3, 4, 3, 3, 4, 2, 3, 4, 3, 3, 3, 2, 3, 1, 2, 3, 4, 3, 2, 3, 2, 3, 2, 3, 2, 2, 1, 1, 0, 3, 2, 2, 1, 1, 1, 3, 2, 2, 3, 2, 3, 2, 1, 3, 3, 1, 1, 1, 2, 3, 1, 0, 1, 2, 3, 1, 1, 3, 0, 2, 1, 1, 3, 2, 1, 0, 2, 3, 2, 1, 0, 1, 1, 2, 2, 3, 0, 3, 3, 3, 4, 3, 4, 3, 3, 2, 2, 3, 2, 2, 2, 1, 4, 2, 2, 3, 3, 2, 1, 1, 3, 3, 1, 4, 4, 3, 2, 4, 4, 2, 3, 2, 8, 3, 2, 2, 3, 3, 2, 3, 3, 0, 1, 3, 2, 4, 4, 2, 2, 4, 2, 4, 3, 4, 2, 3, 4, 4, 2, 2, 3, 4, 3, 2, 1, 2, 4, 2, 4, 4, 3, 3, 4, 3, 2, 2, 3, 4, 2, 3, 3, 3, 1, 1, 3, 4, 3, 2, 3, 8, 2, 8, 7, 6, 7, 6, 2, 6, 2, 1, 6, 6, 1, 2, 3, 4, 3, 2, 1, 5, 4, 4, 2, 4, 2, 3, 1, 1, 3, 3, 3, 2, 4, 4, 2, 2, 2, 0, 3, 1, 1, 2, 0, 3, 4, 1, 2, 3, 2, 1, 4, 3, 1, 1, 2, 0, 2, 1, 3, 1, 1, 2, 3, 4, 2, 1, 3, 4, 3, 4, 2, 3, 2, 2, 1, 2, 3, 4, 3, 4, 2, 1, 3, 2, 1, 1, 3, 3, 3, 3, 2, 3, 1, 3, 1, 2, 4, 2, 3, 1, 3, 0, 3, 3, 4, 2, 2, 1, 3, 2, 2, 2, 2, 2, 1, 1, 1, 3, 0, 2, 1, 1, 2, 2, 2, 0, 1, 1, 2, 4, 2, 1, 2, 1, 1, 3, 1, 3, 1, 3, 3, 2, 4, 2, 4, 3, 3, 4, 2, 1, 3, 3, 3, 2, 1, 1, 3, 1, 1, 2, 0, 2, 1, 1, 2, 2, 2, 1, 0, 3, 1, 0, 1, 3, 0, 2, 2, 1, 1, 1, 1, 0, 0, 3, 2, 7, 7, 7, 2, 1, 0, 7, 6, 6, 5, 5, 5, 4, 4, 4, 0, 2, 3, 3, 2, 3, 3, 3, 3, 2, 3, 3, 0, 2, 2, 1, 1, 1, 3, 2, 4, 2, 3, 4, 5, 3, 4, 6, 7, 4, 4, 2, 1, 4, 6, 3, 0, 3, 4, 1, 0, 1, 1, 2, 2, 2, 3, 1, 1, 5, 3, 2, 1, 2, 4, 3, 2, 3, 2, 1, 4, 1, 6, 3, 6, 3, 2, 3, 2, 2, 2, 3, 2, 2, 2, 2, 1, 1, 1, 1, 4, 3, 0, 2, 3, 3, 0, 1, 2, 2, 1, 1, 2, 2, 2, 0, 1, 2, 1, 4, 0, 4, 1, 3, 0, 1, 1, 1, 3, 1, 2, 3, 2, 2, 4, 5, 3, 5, 4, 2, 4, 4, 3, 2, 5, 4, 3, 3, 2, 3, 3, 3, 3, 2, 1, 2, 3, 3, 2, 1, 3, 4, 3, 2, 4, 2, 4, 3, 4, 2, 3, 3, 2, 3, 2, 3, 3, 3, 2, 2, 2, 2, 2, 2, 3, 1, 1, 3, 2, 1, 1, 3, 2, 1, 3, 2, 1, 1, 2, 1, 3, 2, 1, 2, 1, 0, 2, 3, 1, 1, 2, 2, 3, 2, 0, 3, 1, 3, 2, 2, 2, 2, 3, 0, 3, 1, 1, 2, 0, 2, 2, 3, 3, 1, 2, 3, 2, 2, 1, 1, 1, 2, 2, 2, 3, 2, 2, 1, 2, 3, 2, 2, 2, 2, 3, 1, 1, 2, 1, 2, 1, 2, 1, 1, 2, 3, 2, 1, 0, 2, 2, 3, 3, 3, 2, 2, 2, 3, 2, 2, 2, 7, 3, 1, 2, 2, 1, 2, 2, 1, 6, 6, 1, 3, 3, 2, 2, 6, 6, 6, 3, 4, 4, 3, 3, 2, 2, 4, 2, 2, 2, 2, 2, 3, 3, 2, 2, 1, 1, 3, 2, 1, 2, 1, 3, 1, 2, 1, 2, 3, 2, 4, 3, 2, 3, 1, 1, 1, 2, 1, 1, 2, 1, 2, 1, 1, 0, 1, 2, 0, 2, 2, 3, 1, 2, 2, 1, 2, 2, 1, 1, 2, 2, 1, 1, 0, 1, 2, 0, 3, 2, 1, 1, 0, 1, 3, 3, 1, 2, 2, 1, 2, 2, 1, 2, 1, 2, 2, 2, 1, 2, 2, 1, 3, 2, 2, 1, 1, 2, 2, 3, 1, 1, 2, 3, 1, 1, 2, 1, 1, 2, 3, 2, 0, 1, 2, 0, 1, 3, 2, 2, 2, 2, 2, 2, 3, 3, 1, 2, 3, 2, 3, 2, 2, 1, 2, 2, 3, 2, 2, 3, 1, 2, 1, 2, 2, 3, 1, 2, 2, 3, 2, 2, 2, 2, 2, 1, 2, 1, 1, 1, 1, 1, 3, 3, 2, 3, 2, 2, 3, 5, 3, 2, 3, 4, 3, 1, 1, 4, 4, 3, 4, 3, 2, 5, 4, 5, 3, 4, 3, 2, 2, 2, 2, 5, 4, 4, 2, 2, 3, 2, 1, 3, 2, 2, 3, 4, 4, 2, 3, 2, 3, 5, 3, 4, 4, 4, 2, 0, 2, 4, 5, 2, 4, 3, 2, 2, 2, 4, 1, 0, 2, 2, 2, 4, 1, 1, 3, 2, 3, 4, 6, 4, 2, 3, 3, 4, 2, 3, 1, 3, 2, 1, 3, 3, 2, 2, 3, 3, 2, 0, 1, 2, 3, 3, 1, 3, 1, 2, 2, 1, 1, 3, 4, 3, 2, 3, 2, 2, 3, 1, 4, 1, 3, 2, 2, 1, 2, 1, 2, 5, 1, 3, 2, 2, 2, 2, 1, 4, 3, 1, 3, 2, 3, 2, 3, 2, 1, 2, 2, 3, 3, 2, 2, 3, 3, 2, 2, 1, 1, 2, 3, 8, 1, 9, 8, 7, 6, 5, 5, 5, 5, 4, 5, 6, 3, 3, 3, 3, 3, 3, 4, 4, 1, 3, 4, 0, 3, 5, 3, 2, 2, 1, 2, 2, 2, 3, 2, 4, 6, 2, 3, 4, 2, 2, 2, 1, 2, 2, 1, 2, 2, 1, 1, 2, 1, 1, 2, 1, 1, 1, 2, 1, 2, 2, 2, 2, 2, 1, 2, 3, 1, 2, 2, 1, 3, 3, 2, 1, 0, 1, 2, 1, 1, 1, 0, 2, 1, 3, 2, 1, 2, 1, 1, 3, 3, 2, 2, 0, 2, 1, 3, 3, 2, 3, 1, 2, 2, 1, 1, 2, 1, 0, 2, 2, 2, 2, 1, 3, 2, 2, 0, 3, 0, 2, 1, 1, 3, 1, 3, 1, 2, 1, 2, 3, 1, 1, 3, 2, 2, 1, 2, 1, 3, 2, 2, 3, 3, 1, 2, 2, 2, 3, 1, 1, 2, 2, 3, 0, 1, 1, 1, 1, 0, 2, 3, 1, 4, 3, 1, 0, 0, 1, 3, 2, 2, 0, 0, 2, 2, 2, 0, 7, 3, 2, 1, 1, 1, 4, 3, 6, 2, 6, 2, 0, 1, 3, 4, 1, 1, 1, 2, 2, 1, 1, 2, 2, 1, 3, 1, 3, 1, 2, 2, 2, 2, 2, 3, 4, 2, 2, 2, 2, 5, 6, 1, 1, 4, 1, 0, 3, 2, 3, 1, 1, 2, 0, 3, 1, 3, 2, 3, 3, 1, 3, 3, 2, 4, 1, 4, 3, 2, 3, 1, 2, 3, 1, 2, 1, 1, 2, 0, 1, 1, 1, 2, 1, 4, 2, 1, 2, 3, 6, 2, 1, 1, 3, 2, 2, 2, 2, 1, 2, 1, 2, 0, 0, 2, 1, 1, 1, 1, 0, 0, 2, 1, 2, 2, 2, 1, 2, 2, 2, 1, 0, 1, 1, 1, 2, 1, 0, 1, 2, 1, 2, 1, 2, 1, 2, 0, 1, 1, 1, 2, 3, 1, 1, 0, 0, 1, 2, 2, 3, 1, 1, 2, 1, 0, 4, 2, 3, 1, 3, 0, 1, 3, 0, 3, 1, 1, 0, 1, 2, 0, 0, 0, 2, 1, 3, 1, 3, 2, 4, 3, 3, 2, 2, 4, 1, 2, 2, 1, 3, 3, 2, 1, 3, 3, 3, 4, 8, 2, 7, 8, 3, 2, 1, 7, 6, 5, 4, 5, 3, 3, 3, 2, 3, 2, 3, 3, 3, 4, 4, 0, 2, 2, 3, 0, 2, 1, 3, 1, 1, 3, 1, 2, 1, 2, 4, 1, 2, 2, 2, 5, 2, 3, 5, 4, 8, 2, 3, 4, 2, 3, 4, 3, 2, 2, 3, 3, 2, 2, 1, 4, 3, 3, 3, 1, 3, 6, 2, 3, 3, 2, 1, 2, 2, 3, 4, 6, 1, 1, 5, 6, 4, 4, 2, 0, 2, 1, 3, 4, 4, 2, 2, 2, 2, 1, 2, 2, 1, 6, 1, 5, 3, 2, 1, 3, 2, 0, 4, 3, 2, 2, 2, 1, 2, 2, 2, 4, 3, 2, 1, 4, 2, 2, 6, 4, 3, 3, 2, 5, 4, 7, 2, 3, 4, 4, 5, 5, 2, 1, 6, 3, 7, 6, 4, 3, 6, 2, 6, 6, 3, 6, 2, 6, 3, 7, 5, 5, 4, 5, 4, 5, 4, 3, 5, 4, 6, 5, 5, 4, 6, 5, 6, 5, 3, 2, 5, 6, 4, 4, 4, 4, 5, 5, 5, 5, 6, 3, 5, 4, 5, 5, 5, 5, 4, 4, 4, 5, 5, 4, 4, 5, 3, 5, 4, 5, 4, 5, 4, 4, 5, 4, 5, 4, 5, 5, 4, 5, 4, 6, 4, 5, 4, 4, 5, 5, 4, 3, 3, 3, 3, 3, 5, 4, 3, 3, 4, 3, 3, 2, 2, 4, 3, 2, 2, 3, 2, 4, 2, 2, 4, 4, 2, 3, 3, 4, 3, 3, 2, 2, 2, 2, 3, 2, 4, 3, 2, 2, 3, 3, 2, 3, 1, 4, 6, 3, 2, 3, 2, 2, 2, 2, 2, 2, 2, 1, 2, 1, 1, 2, 1, 1, 3, 2, 1, 2, 2, 1, 1, 2, 1, 1, 2, 1, 4, 2, 2, 0, 1, 1, 0, 3, 2, 1, 1, 0, 1, 2, 3, 1, 2, 2, 1, 1, 1, 0, 3, 2, 3, 1, 1, 3, 3, 1, 2, 2, 3, 1, 3, 2, 2, 3, 4, 1, 1, 2, 3, 1, 0, 1, 2, 3, 2, 2, 1, 0, 2, 3, 1, 1, 0, 2, 3, 3, 3, 2, 1, 3, 4, 2, 2, 1, 1, 3, 3, 3, 1, 2, 0, 4, 3, 2, 2, 3, 3, 2, 3, 4, 3, 0, 2, 2, 0, 3, 2, 2, 2, 2, 1, 2, 2, 2, 2, 1, 2, 2, 2, 3, 1, 2, 2, 3, 2, 1, 2, 2, 2, 1, 1, 1, 1, 1, 1, 2, 1, 1, 3, 1, 1, 2, 4, 0, 1, 1, 1, 1, 0, 1, 3, 1, 1, 1, 1, 1, 0, 3, 2, 1, 1, 2, 1, 0, 2, 3, 2, 1, 1, 0, 2, 2, 1, 2, 2, 2, 1, 1, 1, 1, 3, 2, 1, 3, 2, 2, 3, 2, 2, 2, 1, 1, 1, 1, 1, 3, 1, 2, 1, 2, 1, 2, 2, 1, 1, 2, 1, 2, 2, 3, 2, 2, 3, 3, 2, 1, 2, 2, 2, 1, 3, 2, 2, 1, 1, 0, 2, 1, 3, 3, 4, 2, 2, 1, 0, 3, 2, 3, 2, 4, 3, 4, 4, 3, 4, 4, 3, 2, 2, 2, 4, 1, 4, 2, 1, 1, 3, 3, 3, 2, 2, 3, 3, 1, 1, 2, 3, 3, 3, 2, 3, 3, 2, 3, 2, 2, 3, 3, 3, 2, 2, 2, 3, 1, 1, 2, 2, 2, 1, 1, 2, 2, 2, 2, 3, 2, 2, 1, 1, 2, 1, 2, 2, 2, 2, 1, 1, 1, 1, 1, 1, 2, 0, 2, 0, 1, 0, 2, 2, 0, 2, 1, 1, 2, 1, 2, 1, 2, 1, 2, 1, 0, 1, 1, 1, 1, 2, 0, 0, 0, 1, 2, 3, 2, 1, 1, 2, 0, 1, 1, 1, 0, 2, 2, 1, 1, 0, 1, 1, 0, 1, 3, 1, 2, 6, 0, 0, 0, 2, 2, 3, 2, 2, 2, 1, 1, 3, 2, 2, 1, 3, 2, 1, 3, 1, 4, 3, 0, 2, 3, 1, 1, 3, 1, 3, 0, 2, 1, 2, 3, 2, 2, 1, 3, 2, 3, 1, 2, 2, 1, 2, 2, 2, 2, 3, 2, 1, 3, 3, 1, 1, 2, 2, 1, 3, 2, 1, 2, 0, 1, 2, 1, 3, 2, 1, 3, 2, 2, 1, 2, 1, 1, 2, 0, 1, 2, 1, 1, 2, 1, 1, 1, 1, 1, 1, 1, 0, 0, 1, 2, 0, 0, 1, 1, 1, 0, 1, 3, 1, 1, 2, 1, 0, 1, 1, 1, 1, 1, 1, 2, 0, 1, 2, 1, 1, 0, 1, 2, 2, 2, 1, 0, 2, 2, 1, 1, 1, 1, 2, 1, 1, 0, 1, 2, 2, 2, 2, 1, 1, 1, 2, 5, 2, 2, 2, 1, 0, 1, 1, 1, 1, 2, 0, 2, 1, 1, 0, 0, 0, 0, 1, 0, 1, 2, 1, 1, 1, 1, 0, 2, 2, 1, 1, 0, 2, 2, 2, 1, 1, 1, 0, 0, 1, 1, 4, 2, 1, 3, 1, 1, 1, 1, 2, 1, 1, 2, 1, 2, 6, 6, 3, 1, 2, 1, 6, 1, 1, 2, 0, 1, 1, 2, 1, 3, 2, 3, 4, 3, 2, 4, 1, 6, 4, 0, 6, 1, 2, 6, 5, 6, 6, 6, 5, 5, 4, 5, 3, 5, 4, 3, 2, 1, 2, 1, 1, 0, 2, 2, 1, 2, 3, 1, 2, 2, 1, 1, 1, 0, 0, 1, 1, 2, 5, 0, 1, 2, 2, 3, 2, 2, 1, 1, 1, 1, 2, 2, 1, 3, 2, 1, 1, 2, 1, 2, 1, 0, 2, 1, 1, 0, 4, 2, 4, 3, 4, 3, 5, 2, 4, 2, 1, 1, 4, 3, 3, 4, 1, 2, 2, 2, 4, 3, 4, 3, 3, 4, 2, 2, 4, 2, 3, 1, 3, 2, 3, 2, 3, 4, 1, 3, 3, 3, 2, 3, 2, 4, 1, 3, 1, 3, 3, 1, 3, 2, 1, 2, 2, 1, 3, 1, 3, 2, 3, 2, 3, 2, 1, 1, 0, 0, 2, 1, 1, 3, 1, 2, 3, 0, 2, 2, 2, 2, 2, 2, 2, 1, 2, 0, 1, 1, 1, 0, 2, 2, 1, 2, 1, 3, 0, 2, 3, 0, 1, 0, 1, 0, 2, 0, 3, 2, 3, 4, 2, 3, 3, 2, 2, 3, 1, 1, 3, 2, 2, 1, 0, 3, 3, 2, 2, 2, 3, 4, 3, 1, 2, 1, 1, 3, 3, 2, 4, 2, 3, 1, 1, 2, 1, 2, 2, 1, 2, 2, 3, 2, 2, 2, 2, 3, 2, 2, 2, 2, 1, 1, 3, 2, 2, 1, 3, 2, 2, 2, 1, 2, 3, 2, 2, 2, 1, 2, 4, 0, 1, 1, 1, 1, 2, 2, 1, 2, 0, 4, 6, 2, 2, 1, 3, 3, 0, 3, 1, 1, 2, 1, 1, 1, 1, 0, 0, 1, 1, 4, 1, 2, 3, 1, 2, 3, 2, 2, 3, 2, 4, 3, 4, 3, 4, 4, 4, 5, 4, 7, 4, 2, 2, 1, 3, 0, 1, 1, 2, 1, 1, 1, 0, 1, 1, 1, 1, 2, 0, 0, 1, 2, 1, 2, 2, 1, 2, 1, 2, 2, 2, 2, 1, 2, 2, 3, 1, 2, 1, 3, 1, 1, 1, 2, 2, 0, 1, 1, 2, 2, 1, 1, 0, 1, 1, 1, 1, 1, 0, 1, 2, 1, 1, 1, 1, 0, 0, 1, 1, 1, 2, 1, 1, 1, 1, 1, 0, 2, 0, 2, 1, 2, 3, 1, 2, 0, 1, 2, 0, 2, 1, 1, 1, 6, 1, 2, 2, 1, 0, 1, 1, 0, 1, 2, 3, 1, 2, 3, 1, 2, 3, 1, 2, 1, 3, 2, 3, 2, 2, 2, 2, 1, 2, 1, 1, 3, 1, 2, 5, 1, 1, 3, 2, 1, 0, 2, 1, 3, 3, 3, 1, 1, 1, 2, 1, 2, 2, 2, 1, 2, 7, 6, 6, 2, 2, 2, 2, 6, 5, 4, 4, 3, 5, 4, 4, 3, 1, 3, 4, 1, 1, 3, 2, 0, 1, 3, 1, 3, 5, 2, 2, 1, 1, 2, 6, 2, 6, 3, 5, 2, 2, 1, 2, 1, 0, 1, 2, 1, 3, 2, 3, 2, 3, 3, 1, 2, 3, 0, 1, 1, 3, 2, 1, 1, 3, 4, 3, 2, 3, 2, 3, 2, 3, 2, 4, 2, 1, 3, 1, 1, 2, 2, 3, 3, 1, 2, 2, 2, 2, 2, 1, 2, 2, 3, 2, 1, 2, 2, 0, 1, 1, 1, 1, 2, 2, 1, 1, 1, 1, 1, 0, 1, 3, 2, 2, 2, 2, 1, 2, 2, 2, 2, 2, 2, 2, 2, 1, 1, 2, 1, 2, 2, 1, 2, 2, 2, 1, 2, 2, 2, 1, 2, 2, 6, 1, 1, 0, 2, 1, 3, 2, 1, 1, 3, 0, 1, 2, 3, 2, 1, 1, 3, 1, 1, 2, 4, 3, 2, 1, 4, 4, 2, 3, 2, 3, 2, 4, 3, 4, 4, 4, 1, 4, 4, 1, 2, 2, 4, 1, 3, 2, 2, 3, 2, 3, 2, 1, 3, 2, 3, 2, 1, 2, 2, 1, 1, 1, 1, 2, 2, 3, 2, 2, 2, 1, 2, 3, 3, 2, 2, 2, 2, 1, 2, 3, 3, 2, 2, 2, 1, 0, 1, 1, 1, 1, 1, 6, 6, 6, 5, 3, 2, 4, 1, 1, 1, 2, 1, 2, 4, 2, 3, 3, 2, 3, 3, 3, 3, 3, 2, 3, 2, 2, 2, 1, 1, 2, 4, 1, 3, 3, 3, 3, 1, 3, 2, 4, 2, 1, 4, 5, 4, 2, 2, 1, 1, 1, 1, 1, 1, 0, 0, 2, 1, 1, 1, 1, 0, 0, 3, 0, 1, 1, 2, 2, 2, 2, 0, 2, 1, 2, 1, 2, 1, 1, 1, 1, 1, 2, 1, 2, 2, 5, 1, 1, 2, 1, 1, 2, 1, 0, 1, 2, 1, 2, 1, 1, 2, 3, 1, 1, 1, 2, 3, 3, 2, 2, 1, 1, 1, 2, 1, 2, 1, 3, 1, 1, 2, 1, 1, 3, 2, 3, 1, 0, 1, 3, 1, 3, 3, 2, 2, 1, 1, 0, 0, 3, 3, 3, 1, 3, 2, 1, 2, 1, 2, 2, 1, 2, 3, 2, 2, 1, 2, 1, 3, 4, 2, 3, 2, 3, 1, 2, 2, 2, 3, 3, 2, 2, 3, 3, 3, 3, 2, 3, 2, 3, 2, 3, 5, 3, 2, 2, 3, 3, 1, 4, 2, 6, 2, 2, 2, 2, 5, 2, 3, 4, 1, 4, 1, 1, 4, 1, 3, 3, 0, 3, 3, 1, 4, 6, 5, 2, 4, 6, 5, 5, 3, 5, 1, 4, 1, 1, 1, 2, 1, 0, 0, 0, 1, 2, 0, 0, 3, 1, 7, 1, 1, 5, 3, 4, 3, 2, 3, 0, 2, 0, 1, 2, 5, 0, 1, 3, 2, 1, 2, 5, 2, 3, 3, 3, 0, 2, 2, 2, 3, 3, 2, 3, 6, 3, 3, 5, 2, 2, 3, 3, 3, 2, 1, 4, 2, 3, 2, 2, 4, 2, 3, 1, 2, 1, 3, 1, 1, 1, 1, 1, 4, 3, 4, 4, 4, 4, 3, 4, 4, 3, 3, 3, 3, 4, 3, 2, 4, 3, 3, 3, 3, 3, 4, 3, 3, 2, 3, 3, 3, 3, 3, 3, 1, 2, 1, 3, 2, 1, 3, 1, 1, 2, 2, 2, 3, 1, 1, 2, 2, 2, 1, 1, 4, 3, 2, 2, 5, 3, 2, 0, 2, 1, 1, 1, 2, 3, 1, 2, 1, 1, 0, 2, 2, 2, 1, 0, 0, 2, 2, 2, 1, 0, 1, 1, 2, 1, 2, 0, 2, 1, 1, 0, 1, 1, 3, 1, 2, 3, 1, 2, 2, 2, 2, 2, 1, 1, 1, 2, 1, 1, 1, 1, 2, 1, 1, 1, 1, 1, 2, 1, 6, 1, 1, 0, 2, 1, 1, 1, 3, 3, 1, 2, 3, 0, 2, 2, 2, 1, 2, 2, 1, 2, 2, 1, 1, 1, 0, 2, 2, 1, 2, 2, 2, 2, 2, 2, 2, 1, 1, 2, 2, 3, 1, 2, 2, 2, 3, 1, 2, 2, 2, 3, 1, 1, 3, 2, 2, 1, 2, 1, 3, 1, 1, 1, 1, 0, 1, 2, 2, 2, 2, 1, 1, 1, 3, 1, 2, 1, 1, 0, 0, 1, 0, 2, 1, 2, 1, 1, 1, 1, 1, 2, 1, 1, 1, 3, 2, 1, 1, 2, 3, 3, 2, 4, 1, 2, 1, 2, 1, 2, 2, 2, 4, 1, 1, 3, 1, 4, 4, 3, 4, 2, 2, 1, 3, 4, 3, 2, 4, 3, 4, 3, 2, 4, 4, 4, 3, 4, 2, 1, 3, 4, 2, 3, 2, 5, 4, 4, 3, 4, 3, 1, 4, 4, 4, 2, 3, 4, 3, 2, 2, 1, 4, 1, 3, 3, 5, 1, 6, 1, 6, 0, 7, 2, 6, 3, 5, 5, 4, 4, 4, 4, 0, 5, 1, 5, 0, 2, 3, 0, 1, 2, 2, 3, 1, 1, 2, 2, 1, 1, 2, 5, 3, 3, 2, 2, 1, 2, 2, 2, 5, 3, 3, 4, 3, 2, 4, 2, 2, 3, 4, 2, 1, 5, 2, 4, 3, 2, 3, 3, 4, 4, 4, 4, 4, 3, 5, 5, 4, 3, 1, 4, 3, 5, 3, 4, 3, 3, 4, 4, 3, 4, 5, 4, 3, 4, 3, 4, 3, 4, 4, 3, 3, 2, 4, 5, 3, 3, 4, 5, 5, 3, 2, 3, 4, 5, 5, 2, 5, 3, 4, 4, 6, 4, 5, 2, 4, 3, 5, 5, 3, 6, 5, 5, 6, 6, 5, 3, 3, 2, 1, 2, 1, 2, 2, 1, 3, 4, 4, 3, 3, 3, 1, 3, 1, 4, 2, 4, 3, 1, 0, 2, 1, 1, 2, 1, 5, 3, 3, 3, 6, 4, 5, 5, 1, 1, 3, 1, 2, 4, 3, 6, 5, 4, 2, 4, 4, 4, 1, 2, 3, 3, 3, 3, 2, 2, 5, 3, 2, 2, 2, 2, 0, 1, 2, 1, 2, 5, 4, 3, 2, 3, 4, 1, 0, 4, 1, 2, 0, 2, 1, 1, 2, 1, 1, 5, 1, 4, 6, 5, 3, 5, 5, 6, 5, 4, 5, 5, 4, 3, 4, 5, 3, 4, 5, 4, 4, 3, 6, 4, 6, 3, 4, 5, 3, 3, 4, 4, 4, 5, 6, 3, 4, 2, 5, 6, 4, 4, 3, 5, 4, 3, 6, 5, 6, 3, 5, 4, 3, 4, 4, 2, 5, 5, 3, 4, 2, 5, 5, 4, 4, 5, 4, 4, 5, 4, 5, 3, 5, 5, 3, 5, 5, 4, 5, 5, 4, 5, 5, 5, 6, 3, 5, 5, 5, 4, 4, 4, 4, 4, 5, 4, 5, 2, 6, 3, 2, 1, 0, 5, 4, 4, 5, 5, 4, 5, 1, 1, 1, 1, 0, 1, 1, 2, 4, 2, 2, 3, 2, 2, 2, 2, 2, 5, 2, 4, 4, 6, 5, 2, 4, 5, 6, 6, 6, 2, 2, 2, 2, 2, 5, 4, 4, 5, 4, 5, 6, 6, 5, 7, 5, 4, 5, 7, 6, 5, 4, 6, 5, 4, 5, 5, 7, 5, 6, 7, 4, 5, 6, 5, 6, 7, 3, 6, 7, 6, 5, 4, 6, 6, 5, 5, 4, 5, 6, 5, 5, 4, 6, 2, 5, 5, 6, 5, 6, 1, 2, 2, 2, 1, 3, 1, 3, 4, 3, 2, 3, 3, 2, 1, 3, 5, 1, 2, 3, 1, 4, 4, 2, 3, 2, 5, 5, 6, 5, 5, 5, 6, 4, 4, 5, 5, 5, 4, 4, 4, 4, 1, 4, 3, 5, 4, 4, 2, 4, 2, 1, 4, 1, 0, 2, 3, 1, 2, 1, 5, 1, 0, 0, 2, 6, 3, 3, 3, 5, 2, 3, 5, 2, 2, 5, 2, 1, 2, 0, 1, 1, 1, 1, 2, 1, 0, 4, 1, 5, 5, 6, 4, 4, 4, 4, 5, 4, 5, 4, 5, 5, 6, 4, 5, 5, 5, 5, 4, 5, 4, 4, 4, 4, 4, 5, 5, 5, 4, 5, 4, 5, 4, 5, 5, 4, 4, 5, 5, 5, 5, 4, 3, 5, 4, 4, 5, 4, 4, 3, 4, 4, 3, 3, 4, 4, 3, 3, 4, 4, 5, 4, 3, 5, 4, 3, 3, 3, 3, 3, 4, 3, 3, 2, 2, 3, 4, 2, 4, 4, 5, 3, 4, 3, 4, 3, 4, 4, 3, 2, 3, 3, 3, 3, 4, 4, 3, 4, 4, 3, 2, 4, 4, 3, 3, 3, 4, 3, 4, 3, 3, 3, 3, 4, 3, 4, 4, 4, 3, 4, 4, 3, 2, 3, 4, 3, 3, 2, 3, 2, 4, 4, 3, 3, 3, 3, 3, 3, 2, 3, 4, 2, 3, 5, 6, 5, 3, 2, 2, 1, 3, 2, 1, 6, 2, 3, 0, 3, 5, 5, 3, 3, 6, 2, 5, 4, 2, 3, 6, 2, 4, 6, 5, 6, 6, 6, 4, 3, 5, 1, 2, 1, 1, 3, 0, 2, 1, 1, 3, 2, 5, 5, 5, 4, 3, 3, 3, 2, 4, 1, 3, 2, 3, 3, 1, 4, 4, 1, 0, 2, 1, 1, 0, 1, 1, 1, 1, 2, 1, 2, 0, 1, 0, 2, 2, 3, 4, 4, 2, 2, 1, 3, 4, 2, 3, 2, 2, 1, 1, 1, 2, 1, 1, 2, 1, 1, 3, 2, 1, 1, 3, 0, 0, 4, 3, 3, 2, 3, 2, 3, 3, 2, 2, 1, 2, 1, 2, 1, 1, 3, 1, 2, 0, 1, 1, 3, 4, 1, 2, 2, 1, 2, 1, 4, 1, 2, 2, 3, 1, 1, 3, 3, 3, 2, 3, 2, 3, 2, 3, 3, 2, 3, 3, 1, 2, 1, 3, 2, 4, 3, 3, 1, 2, 1, 3, 2, 3, 3, 2, 2, 2, 2, 2, 1, 1, 3, 2, 3, 1, 1, 2, 0, 2, 2, 2, 2, 1, 1, 2, 4, 1, 5, 0, 1, 2, 2, 2, 4, 2, 0, 3, 2, 1, 3, 1, 2, 1, 0, 2, 0, 3, 1, 2, 4, 5, 4, 5, 2, 1, 5, 3, 4, 4, 4, 3, 3, 3, 3, 4, 3, 4, 4, 2, 4, 5, 2, 3, 2, 3, 2, 2, 3, 1, 2, 0, 1, 4, 4, 2, 2, 2, 3, 3, 2, 4, 3, 3, 2, 3, 4, 1, 3, 4, 5, 2, 2, 3, 3, 5, 1, 1, 2, 2, 1, 3, 1, 2, 1, 3, 3, 3, 1, 2, 4, 4, 3, 3, 2, 3, 3, 3, 2, 4, 2, 3, 3, 4, 2, 4, 2, 3, 4, 3, 2, 4, 3, 3, 2, 2, 3, 3, 3, 3, 3, 3, 3, 2, 3, 4, 2, 4, 2, 2, 4, 3, 2, 4, 2, 4, 2, 4, 3, 1, 2, 3, 3, 4, 1, 2, 1, 4, 4, 2, 3, 2, 2, 3, 4, 4, 3, 1, 4, 2, 4, 4, 2, 4, 2, 2, 3, 3, 4, 4, 4, 3, 1, 3, 4, 2, 4, 3, 2, 2, 4, 2, 7, 2, 3, 2, 2, 3, 0, 1, 2, 2, 4, 1, 0, 2, 1, 2, 1, 2, 0, 3, 1, 1, 1, 2, 3, 0, 3, 3, 5, 2, 6, 2, 2, 2, 4, 6, 1, 3, 2, 1, 1, 1, 1, 2, 2, 2, 1, 4, 2, 3, 1, 2, 3, 2, 2, 4, 2, 3, 2, 3, 2, 1, 2, 1, 3, 1, 2, 2, 1, 4, 1, 3, 1, 2, 2, 1, 1, 3, 3, 1, 2, 0, 1, 3, 2, 2, 3, 2, 4, 3, 1, 0, 2, 0, 2, 3, 1, 3, 5, 2, 4, 3, 2, 2, 2, 2, 1, 2, 3, 3, 1, 2, 2, 2, 4, 4, 3, 2, 1, 1, 2, 3, 3, 4, 2, 3, 3, 1, 1, 2, 1, 1, 3, 1, 1, 1, 1, 4, 2, 2, 2, 3, 2, 2, 2, 0, 1, 1, 3, 1, 1, 2, 0, 1, 2, 2, 1, 2, 2, 1, 2, 2, 2, 2, 1, 1, 2, 2, 4, 1, 2, 0, 1, 1, 2, 2, 1, 0, 0, 1, 1, 1, 1, 0, 1, 1, 0, 0, 0, 1, 0, 0, 2, 1, 1, 4, 0, 0, 1, 4, 3, 2, 1, 1, 0, 1, 0, 1, 0, 2, 2, 1, 3, 0, 0, 0, 1, 2, 2, 1, 1, 2, 2, 0, 2, 3, 1, 2, 3, 1, 3, 1, 2, 2, 2, 2, 3, 2, 3, 5, 4, 2, 2, 1, 3, 2, 4, 2, 2, 2, 1, 2, 3, 3, 3, 3, 4, 4, 2, 3, 2, 2, 2, 3, 3, 3, 2, 6, 1, 2, 2, 3, 2, 4, 2, 6, 6, 3, 5, 2, 3, 3, 1, 1, 0, 0, 1, 2, 1, 3, 1, 2, 1, 3, 1, 1, 3, 3, 0, 1, 1, 0, 2, 2, 1, 2, 3, 1, 2, 2, 2, 3, 1, 2, 2, 1, 3, 0, 3, 2, 0, 4, 2, 2, 1, 0, 2, 1, 1, 1, 3, 2, 1, 1, 2, 3, 2, 1, 2, 3, 4, 3, 2, 1, 4, 4, 2, 3, 2, 1, 3, 2, 1, 2, 2, 2, 2, 2, 3, 3, 2, 3, 2, 2, 3, 0, 3, 1, 1, 3, 3, 4, 4, 4, 3, 2, 3, 2, 2, 3, 3, 2, 3, 4, 1, 2, 2, 2, 4, 4, 4, 4, 1, 2, 2, 2, 2, 2, 3, 3, 2, 0, 1, 5, 1, 2, 2, 6, 1, 3, 2, 6, 1, 5, 3, 2, 0, 1, 4, 2, 1, 2, 3, 1, 1, 2, 3, 2, 1, 3, 2, 3, 3, 2, 3, 4, 2, 3, 3, 3, 2, 3, 3, 1, 2, 3, 2, 3, 3, 3, 3, 2, 3, 4, 3, 3, 2, 1, 2, 2, 3, 3, 4, 2, 2, 3, 3, 2, 2, 2, 3, 2, 2, 2, 2, 3, 3, 3, 3, 3, 1, 2, 1, 2, 3, 2, 3, 2, 2, 0, 2, 2, 3, 2, 2, 1, 2, 3, 3, 2, 2, 2, 3, 2, 3, 1, 0, 3, 2, 1, 2, 2, 1, 2, 2, 1, 2, 2, 2, 1, 3, 0, 2, 2, 2, 0, 2, 3, 1, 1, 1, 2, 2, 1, 1, 2, 1, 2, 1, 2, 1, 0, 1, 1, 2, 2, 3, 2, 1, 2, 1, 2, 3, 2, 2, 2, 1, 2, 3, 2, 1, 2, 1, 1, 1, 2, 2, 1, 1, 1, 2, 1, 1, 2, 5, 4, 3, 2, 3, 3, 3, 3, 2, 2, 2, 5, 3, 3, 2, 2, 3, 1, 1, 4, 0, 3, 2, 4, 5, 0, 1, 3, 1, 1, 4, 2, 3, 1, 4, 4, 6, 6, 3, 4, 4, 1, 2, 0, 1, 1, 1, 3, 0, 0, 1, 1, 1, 0, 2, 3, 1, 1, 1, 1, 2, 0, 1, 0, 2, 1, 1, 1, 1, 3, 2, 2, 1, 3, 2, 1, 2, 3, 0, 3, 3, 1, 3, 0, 0, 0, 2, 3, 2, 0, 1, 2, 1, 2, 2, 3, 2, 3, 3, 3, 1, 3, 2, 1, 3, 3, 2, 2, 3, 3, 2, 2, 2, 2, 3, 2, 3, 3, 1, 3, 3, 3, 1, 2, 3, 1, 2, 2, 3, 3, 2, 2, 1, 1, 2, 2, 3, 2, 2, 2, 1, 2, 1, 3, 1, 1, 0, 2, 1, 1, 1, 1, 1, 1, 0, 1, 1, 1, 1, 2, 2, 2, 1, 1, 1, 2, 1, 1, 2, 1, 2, 2, 2, 1, 1, 2, 1, 2, 2, 1, 2, 2, 1, 0, 1, 1, 1, 4, 6, 1, 3, 0, 1, 0, 2, 1, 1, 1, 1, 0, 1, 2, 3, 0, 3, 4, 4, 3, 2, 4, 0, 2, 2, 3, 1, 5, 4, 4, 4, 4, 4, 5, 5, 3, 6, 5, 3, 3, 4, 0, 1, 2, 0, 5, 1, 1, 1, 1, 2, 1, 0, 0, 2, 1, 0, 0, 1, 1, 0, 1, 1, 1, 1, 0, 3, 0, 1, 0, 1, 2, 0, 2, 0, 1, 1, 2, 2, 1, 1, 3, 1, 4, 0, 2, 1, 1, 4, 3, 3, 3, 2, 3, 1, 0, 2, 1, 2, 0, 3, 2, 0, 1, 3, 2, 3, 3, 3, 3, 3, 2, 2, 2, 1, 2, 0, 2, 1, 1, 1, 2, 0, 2, 0, 1, 2, 1, 1, 3, 2, 3, 3, 3, 2, 2, 2, 2, 2, 2, 1, 3, 2, 2, 1, 1, 1, 2, 2, 1, 1, 0, 1, 1, 1, 1, 2, 1, 1, 1, 2, 0, 1, 1, 2, 1, 1, 2, 0, 1, 1, 1, 0, 1, 1, 2, 1, 1, 1, 1, 2, 2, 1, 1, 1, 1, 0, 0, 2, 1, 1, 1, 5, 4, 2, 2, 2, 1, 1, 1, 1, 3, 1, 3, 3, 2, 1, 2, 1, 2, 1, 4, 2, 2, 3, 3, 3, 2, 6, 1, 3, 2, 5, 3, 5, 4, 1, 3, 2, 0, 2, 0, 2, 1, 2, 3, 3, 4, 3, 3, 3, 1, 3, 1, 2, 1, 1, 2, 2, 1, 1, 3, 2, 3, 1, 2, 3, 2, 0, 2, 1, 2, 1, 2, 0, 3, 2, 3, 3, 2, 2, 2, 1, 2, 0, 0, 2, 2, 2, 3, 1, 4, 2, 4, 2, 2, 3, 1, 1, 1, 0, 3, 1, 0, 1, 1, 1, 0, 2, 0, 1, 2, 1, 1, 0, 2, 2, 2, 1, 2, 0, 2, 0, 1, 1, 2, 2, 0, 0, 1, 0, 0, 3, 3, 1, 1, 2, 2, 2, 0, 0, 0, 4, 4, 1, 3, 4, 3, 3, 0, 1, 3, 3, 4, 2, 3, 4, 2, 1, 0, 3, 1, 2, 3, 1, 2, 2, 3, 2, 2, 2, 1, 2, 2, 3, 2, 3, 3, 1, 1, 1, 0, 3, 3, 3, 2, 3, 2, 6, 4, 2, 3, 2, 2, 4, 0, 5, 2, 4, 5, 1, 3, 4, 4, 2, 2, 5, 4, 1, 0, 3, 4, 4, 5, 4, 2, 4, 2, 0, 5, 4, 3, 4, 5, 2, 1, 4, 3, 4, 2, 5, 5, 3, 3, 4, 5, 2, 1, 5, 1, 4, 2, 2, 2, 3, 1, 5, 5, 4, 6, 3, 4, 2, 3, 2, 1, 2, 4, 3, 3, 2, 2, 1, 1, 2, 2, 3, 2, 3, 2, 2, 1, 1, 1, 1, 2, 2, 1, 0, 1, 0, 1, 5, 4, 5, 4, 5, 7, 6, 5, 4, 5, 6, 6, 4, 5, 4, 7, 6, 4, 3, 6, 5, 5, 4, 5, 5, 5, 4, 3, 3, 4, 6, 6, 6, 5, 4, 5, 5, 6, 6, 4, 3, 3, 6, 5, 6, 4, 5, 5, 3, 4, 5, 4, 5, 4, 4, 6, 6, 5, 5, 5, 6, 5, 6, 5, 3, 6, 5, 4, 5, 4, 5, 5, 5, 6, 6, 5, 5, 5, 5, 4, 5, 5, 6, 4, 5, 5, 6, 6, 6, 4, 5, 5, 3, 5, 5, 5, 1, 4, 4, 3, 3, 4, 5, 4, 5, 1, 2, 1, 0, 0, 2, 6, 3, 3, 2, 3, 2, 1, 1, 2, 1, 2, 1, 2, 1, 2, 1, 4, 3, 4, 4, 3, 2, 5, 5, 3, 1, 3, 1, 3, 2, 3, 3, 6, 1, 5, 4, 5, 6, 4, 4, 0, 4, 3, 2, 2, 2, 2, 1, 0, 1, 3, 3, 1, 2, 1, 2, 1, 2, 1, 0, 1, 1, 2, 1, 1, 1, 3, 2, 2, 2, 2, 1, 1, 1, 1, 2, 1, 1, 1, 5, 5, 3, 5, 4, 5, 3, 4, 5, 4, 7, 4, 5, 5, 5, 3, 5, 5, 4, 4, 4, 3, 5, 4, 6, 5, 3, 4, 5, 5, 3, 4, 4, 4, 6, 2, 5, 4, 5, 4, 6, 5, 4, 4, 6, 5, 4, 5, 4, 5, 0, 3, 4, 3, 3, 5, 6, 5, 4, 7, 2, 2, 1, 1, 2, 2, 2, 2, 0, 3, 2, 3, 2, 2, 2, 2, 2, 2, 2, 3, 2, 2, 2, 0, 2, 1, 3, 2, 3, 3, 3, 1, 2, 4, 2, 5, 4, 0, 3, 2, 2, 3, 2, 6, 5, 5, 0, 5, 6, 4, 5, 6, 2, 0, 1, 2, 3, 2, 3, 1, 1, 4, 1, 2, 5, 2, 4, 4, 6, 6, 3, 2, 6, 4, 6, 5, 5, 6, 5, 6, 6, 5, 4, 5, 5, 6, 7, 6, 6, 6, 5, 7, 5, 4, 6, 6, 5, 3, 4, 4, 4, 4, 4, 5, 5, 4, 5, 4, 4, 3, 4, 4, 5, 5, 4, 6, 3, 5, 6, 4, 4, 4, 5, 4, 7, 5, 4, 4, 5, 7, 7, 3, 7, 5, 4, 7, 5, 6, 6, 5, 6, 5, 6, 4, 6, 7, 3, 4, 5, 6, 3, 7, 7, 7, 5, 6, 4, 3, 4, 3, 2, 5, 5, 6, 6, 5, 4, 3, 7, 5, 5, 6, 4, 6, 6, 6, 5, 5, 4, 4, 5, 5, 5, 5, 4, 4, 5, 5, 4, 5, 5, 6, 5, 5, 4, 5, 4, 5, 5, 4, 4, 5, 3, 6, 5, 5, 4, 5, 5, 4, 4, 5, 4, 5, 5, 4, 5, 4, 5, 5, 5, 4, 5, 5, 4, 5, 4, 4, 4, 5, 3, 3, 4, 4, 4, 3, 4, 1, 3, 3, 3, 2, 1, 0, 1, 1, 0, 3, 2, 1, 1, 2, 1, 2, 0, 1, 3, 4, 1, 2, 2, 3, 2, 3, 3, 2, 2, 2, 3, 2, 2, 2, 2, 2, 5, 5, 3, 3, 3, 3, 5, 4, 3, 3, 3, 3, 3, 4, 2, 1, 3, 2, 4, 3, 3, 2, 2, 4, 4, 1, 2, 2, 2, 2, 2, 1, 6, 5, 5, 6, 2, 7, 7, 2, 1, 2, 2, 1, 0, 2, 2, 5, 3, 3, 2, 3, 2, 3, 3, 2, 3, 4, 3, 3, 4, 2, 2, 4, 4, 3, 3, 2, 3, 3, 2, 4, 1, 2, 2, 3, 3, 2, 2, 2, 3, 4, 3, 2, 1, 2, 2, 3, 2, 3, 2, 3, 3, 1, 3, 2, 2, 3, 3, 3, 2, 2, 2, 1, 2, 2, 4, 3, 3, 2, 3, 2, 2, 1, 3, 1, 3, 2, 2, 3, 2, 4, 3, 3, 1, 3, 3, 1, 1, 2, 3, 2, 3, 1, 2, 2, 2, 2, 3, 3, 5, 2, 4, 1, 8, 7, 9, 4, 8, 9, 4, 9, 7, 10, 5, 4, 4, 7, 4, 9, 10, 10, 8, 9, 9, 10, 7, 7, 6, 9, 10, 10, 10, 11, 9, 7, 10, 10, 9, 9, 8, 7, 10, 10, 9, 9, 8, 8, 10, 10, 11, 4, 10, 9, 9, 2, 3, 4, 2, 5, 2, 1, 1, 4, 3, 3, 5, 4, 4, 2, 4, 2, 6, 0, 6, 2, 6, 3, 6, 6, 5, 6, 6, 4, 4, 4, 7, 4, 3, 2, 3, 2, 2, 1, 1, 1, 1, 10, 8, 2, 3, 3, 2, 3, 4, 2, 9, 2, 2, 10, 9, 9, 11, 10, 10, 9, 8, 1, 2, 3, 3, 4, 2, 2, 2, 2, 2, 1, 1, 1, 2, 1, 0, 2, 1, 2, 1, 3, 2, 1, 2, 3, 1, 1, 10, 4, 3, 3, 3, 2, 10, 9, 9, 11, 10, 1, 3, 2, 1, 1, 2, 3, 1, 2, 3, 1, 2, 1, 1, 3, 0, 1, 2, 1, 3, 3, 4, 4, 3, 4, 3, 4, 4, 4, 6, 4, 1, 2, 1, 2, 2, 9, 9, 9, 10, 11, 10, 9, 9, 10, 9, 9, 11, 10, 8, 8, 11, 9, 8, 9, 9, 10, 9, 9, 8, 9, 9, 9, 9, 10, 9, 10, 10, 9, 9, 10, 10, 11, 11, 8, 8, 10, 10, 8, 10, 10, 10, 9, 1, 10, 11, 8, 10, 8, 9, 10, 10, 9, 9, 10, 10, 11, 8, 9, 8, 9, 9, 9, 10, 10, 9, 9, 10, 9, 8, 10, 8, 9, 11, 10, 10, 8, 10, 9, 11, 10, 10, 9, 9, 8, 7, 8, 9, 9, 8, 10, 2, 9, 5, 10, 9, 8, 9, 8, 8, 1, 3, 2, 3, 1, 2, 2, 3, 2, 3, 3, 3, 2, 4, 2, 2, 4, 2, 0, 2, 1, 2, 2, 5, 3, 2, 5, 4, 4, 1, 4, 3, 3, 1, 1, 1, 3, 4, 2, 3, 10, 7, 8, 3, 9, 5, 9, 4, 3, 1, 4, 5, 2, 9, 9, 8, 8, 8, 9, 9, 8, 7, 8, 8, 9, 7, 8, 2, 2, 3, 2, 3, 3, 3, 4, 2, 7, 4, 1, 4, 2, 2, 4, 1, 2, 2, 3, 9, 8, 9, 8, 8, 9, 7, 8, 9, 4, 9, 8, 9, 8, 8, 7, 8, 7, 8, 9, 8, 7, 8, 7, 8, 9, 7, 8, 8, 9, 8, 9, 8, 9, 8, 8, 8, 7, 7, 7, 8, 7, 7, 8, 8, 8, 7, 7, 8, 8, 2, 4, 8, 8, 4, 2, 4, 4, 3, 3, 2, 2, 1, 1, 0, 2, 1, 1, 2, 2, 3, 3, 2, 1, 1, 1, 1, 3, 3, 1, 1, 2, 3, 2, 2, 3, 1, 3, 2, 3, 5, 4, 1, 2, 3, 6, 8, 8, 7, 0, 7, 0, 2, 2, 2, 7, 7, 7, 8, 2, 7, 8, 7, 8, 3, 1, 4, 2, 2, 2, 1, 2, 2, 1, 1, 1, 2, 1, 1, 2, 4, 2, 4, 3, 2, 2, 0, 4, 4, 3, 2, 2, 9, 0, 3, 5, 2, 2, 1, 1, 6, 7, 7, 7, 6, 7, 8, 4, 2, 3, 3, 0, 1, 3, 1, 3, 1, 3, 3, 2, 4, 1, 1, 3, 3, 3, 3, 3, 4, 5, 2, 6, 3, 5, 3, 3, 1, 1, 3, 1, 2, 2, 2, 2, 2, 1, 2, 3, 3, 4, 3, 4, 3, 2, 3, 4, 2, 2, 3, 3, 1, 3, 1, 1, 2, 2, 1, 3, 2, 2, 2, 2, 2, 2, 2, 1, 5, 3, 2, 2, 2, 2, 2, 1, 1, 1, 2, 2, 2, 3, 2, 1, 3, 4, 3, 3, 3, 2, 3, 3, 3, 2, 3, 3, 4, 3, 3, 2, 2, 1, 0, 0, 0, 1, 3, 2, 2, 4, 1, 0, 1, 2, 2, 3, 2, 2, 2, 1, 2, 1, 1, 3, 3, 2, 2, 2, 2, 2, 3, 3, 3, 2, 2, 4, 3, 4, 3, 3, 2, 2, 2, 3, 1, 4, 3, 2, 2, 4, 5, 4, 3, 3, 3, 2, 3, 2, 2, 3, 3, 2, 2, 3, 3, 3, 3, 4, 3, 4, 3, 3, 3, 3, 1, 1, 1, 4, 1, 1, 1, 2, 3, 2, 4, 2, 1, 1, 3, 3, 2, 2, 2, 2, 2, 2, 2, 4, 1, 2, 3, 3, 3, 4, 4, 5, 3, 6, 5, 5, 5, 4, 4, 3, 4, 2, 1, 1, 1, 3, 1, 2, 0, 2, 0, 0, 1, 0, 1, 2, 3, 3, 2, 3, 1, 3, 2, 2, 2, 3, 3, 2, 6, 4, 2, 2, 5, 5, 6, 5, 4, 5, 4, 5, 6, 5, 5, 6, 6, 6, 6, 5, 7, 2, 2, 1, 1, 2, 2, 1, 1, 3, 2, 2, 1, 1, 4, 3, 1, 4, 1, 2, 3, 4, 1, 2, 1, 1, 2, 3, 2, 3, 4, 1, 2, 3, 3, 2, 3, 3, 3, 4, 3, 3, 3, 3, 2, 4, 3, 3, 4, 4, 5, 5, 4, 4, 3, 5, 4, 4, 4, 3, 4, 2, 2, 4, 3, 4, 3, 3, 3, 3, 3, 3, 5, 3, 2, 5, 5, 5, 3, 4, 4, 4, 3, 3, 4, 2, 2, 4, 3, 4, 3, 3, 1, 2, 6, 6, 3, 3, 3, 3, 3, 2, 2, 5, 6, 4, 4, 3]

################################################################
################### jail_ex_download_list: ######################

[1, 3, 1, 3, 1, 1, 3, 1, 3, 0, 1, 1, 0, 1, 1, 1, 0, 1, 0, 1, 1, 1, 3, 3, 0, 1, 1, 1, 0, 0, 0, 1, 0, 1, 1, 1, 1, 1, 1, 1, 0, 1, 1, 1, 0, 1, 0, 1, 1, 1, 1, 0, 0, 0, 0, 1, 1, 1, 0, 1, 0, 1, 0, 0, 0, 1, 1, 1, 1, 1, 1, 1, 1, 1, 0, 1, 0, 1, 1, 0, 1, 0, 1, 0, 1, 1, 1, 0, 1, 0, 0, 0, 0, 1, 0, 1, 0, 1, 0, 0, 1, 1, 0, 1, 1, 1, 1, 1, 1, 1, 0, 1, 1, 0, 1, 1, 1, 0, 1, 1, 1, 0, 1, 1, 1, 0, 1, 1, 1, 0, 0, 1, 1, 0, 0, 1, 0, 1, 0, 1, 1, 0, 1, 0, 1, 1, 1, 1, 1, 1, 0, 0, 1, 1, 1, 1, 1, 1, 1, 0, 0, 1, 1, 1, 0, 1, 1, 1, 1, 1, 0, 1, 0, 1, 1, 1, 1, 0, 1, 1, 1, 1, 0, 1, 1, 1, 1, 0, 1, 1, 1, 0, 1, 0, 0, 1, 0, 1, 1, 0, 0, 0, 1, 0, 1, 1, 1, 1, 0, 1, 0, 1, 1, 1, 0, 0, 0, 1, 0, 1, 1, 0, 1, 1, 0, 0, 0, 1, 1, 0, 1, 0, 1, 1, 0, 1, 1, 1, 1, 1, 1, 0, 1, 0, 1, 0, 1, 1, 0, 1, 1, 1, 0, 1, 1, 1, 1, 1, 1, 1, 0, 1, 1, 1, 1, 1, 1, 1, 1, 1, 1, 1, 1, 1, 1, 1, 1, 1, 1, 0, 1, 1, 1, 0, 0, 1, 1, 0, 0, 0, 0, 0, 1, 1, 1, 1, 0, 1, 0, 1, 1, 1, 1, 1, 1, 1, 0, 1, 0, 0, 0, 1, 1, 1, 1, 1, 0, 0, 1, 1, 1, 1, 1, 1, 0, 1, 1, 1, 0, 1, 1, 1, 1, 0, 0, 1, 1, 1, 0, 0, 0, 1, 1, 1, 0, 0, 0, 1, 1, 0, 1, 1, 1, 0, 1, 1, 1, 1, 0, 1, 0, 1, 1, 0, 1, 1, 1, 1, 0, 0, 1, 1, 1, 0, 1, 0, 1, 1, 1, 1, 1, 1, 1, 0, 0, 1, 0, 1, 0, 1, 1, 1, 0, 1, 1, 1, 1, 1, 1, 1, 1, 0, 0, 1, 1, 1, 1, 0, 0, 0, 1, 1, 0, 1, 1, 0, 1, 1, 1, 0, 0, 1, 1, 1, 0, 1, 0, 1, 0, 1, 1, 0, 1, 0, 1, 1, 1, 1, 1, 1, 1, 1, 1, 1, 1, 0, 1, 0, 1, 1, 1, 1, 0, 0, 1, 0, 0, 1, 1, 1, 1, 0, 1, 1, 0, 0, 1, 0, 1, 0, 1, 0, 1, 1, 1, 1, 1, 0, 0, 0, 0, 0, 1, 0, 1, 0, 0, 0, 0, 0, 1, 1, 0, 1, 1, 1, 1, 1, 0, 0, 1, 0, 1, 1, 1, 1, 1, 1, 1, 0, 1, 1, 1, 0, 1, 1, 1, 1, 0, 1, 1, 0, 1, 0, 0, 1, 1, 0, 0, 1, 0, 0, 1, 1, 1, 1, 0, 0, 1, 1, 1, 1, 0, 0, 1, 1, 0, 1, 1, 1, 1, 1, 1, 1, 0, 1, 0, 0, 0, 1, 0, 0, 1, 1, 1, 1, 1, 1, 1, 1, 1, 0, 1, 1, 1, 1, 0, 1, 1, 1, 0, 1, 1, 0, 1, 1, 1, 1, 1, 0, 1, 0, 1, 0, 1, 0, 0, 0, 1, 1, 0, 0, 1, 1, 1, 0, 1, 1, 0, 0, 0, 1, 1, 1, 1, 1, 1, 0, 0, 0, 0, 1, 1, 1, 1, 0, 0, 0, 1, 1, 1, 1, 1, 1, 0, 1, 1, 1, 1, 0, 1, 0, 0, 1, 0, 0, 1, 1, 1, 1, 1, 0, 0, 0, 1, 1, 1, 0, 0, 0, 1, 1, 1, 0, 0, 0, 0, 1, 1, 0, 1, 0, 1, 1, 0, 1, 1, 0, 0, 1, 1, 0, 1, 1, 1, 1, 1, 1, 1, 1, 1, 0, 1, 0, 1, 1, 1, 0, 1, 0, 1, 1, 1, 1, 1, 1, 1, 1, 1, 1, 1, 1, 1, 1, 0, 1, 0, 1, 0, 1, 1, 0, 2, 1, 1, 1, 1, 1, 0, 0, 0, 1, 1, 0, 1, 1, 0, 0, 1, 1, 1, 1, 0, 1, 0, 0, 1, 1, 1, 1, 0, 1, 1, 1, 0, 0, 1, 1, 1, 1, 0, 1, 1, 0, 1, 1, 0, 0, 1, 1, 1, 1, 1, 0, 1, 1, 1, 0, 1, 1, 1, 0, 1, 1, 0, 0, 0, 0, 0, 1, 1, 1, 1, 0, 1, 0, 0, 1, 1, 1, 1, 0, 1, 1, 2, 1, 1, 1, 1, 1, 1, 1, 1, 0, 0, 0, 0, 1, 1, 1, 1, 0, 1, 1, 0, 1, 1, 1, 1, 1, 1, 1, 1, 1, 1, 1, 1, 1, 1, 0, 1, 1, 1, 0, 1, 1, 0, 1, 1, 1, 1, 1, 1, 1, 1, 1, 1, 1, 1, 1, 1, 1, 0, 0, 0, 1, 1, 0, 0, 0, 0, 1, 0, 1, 1, 0, 1, 1, 0, 1, 0, 1, 1, 1, 0, 1, 0, 1, 1, 1, 0, 1, 0, 1, 0, 1, 1, 1, 1, 1, 1, 1, 1, 1, 0, 1, 1, 1, 1, 1, 1, 1, 1, 1, 1, 1, 1, 1, 1, 0, 1, 1, 0, 0, 1, 1, 0, 1, 1, 1, 1, 1, 1, 0, 0, 1, 1, 0, 1, 1, 1, 1, 1, 1, 1, 1, 1, 0, 1, 1, 1, 1, 1, 1, 0, 1, 0, 1, 1, 1, 1, 1, 1, 1, 1, 1, 1, 1, 0, 1, 1, 1, 1, 0, 0, 1, 2, 1, 1, 0, 1, 1, 1, 0, 0, 1, 1, 0, 1, 1, 1, 1, 1, 0, 1, 0, 0, 0, 0, 1, 1, 0, 1, 1, 0, 1, 1, 0, 1, 1, 1, 1, 0, 0, 1, 1, 1, 0, 1, 0, 1, 1, 1, 1, 0, 1, 0, 1, 1, 0, 1, 1, 1, 1, 1, 1, 0, 1, 0, 0, 0, 1, 1, 0, 0, 1, 1, 1, 0, 1, 1, 1, 0, 0, 1, 1, 0, 1, 0, 1, 1, 1, 1, 0, 1, 1, 0, 1, 1, 1, 1, 1, 0, 1, 1, 1, 0, 1, 0, 1, 1, 1, 1, 1, 1, 1, 0, 1, 0, 0, 1, 0, 0, 0, 1, 0, 0, 0, 1, 1, 0, 1, 0, 1, 1, 0, 1, 0, 1, 1, 0, 1, 0, 1, 1, 1, 1, 1, 1, 1, 0, 1, 0, 1, 0, 1, 1, 1, 1, 1, 1, 0, 1, 0, 0, 0, 1, 0, 0, 1, 1, 1, 0, 1, 1, 0, 1, 1, 1, 1, 1, 0, 0, 0, 1, 1, 1, 0, 1, 1, 1, 1, 1, 1, 1, 1, 0, 1, 1, 1, 1, 1, 1, 1, 1, 0, 1, 0, 1, 1, 1, 0, 0, 1, 0, 0, 1, 0, 0, 1, 1, 1, 1, 0, 1, 1, 1, 1, 0, 1, 0, 1, 1, 1, 1, 1, 1, 0, 1, 2, 1, 1, 1, 1, 1, 1, 1, 0, 0, 1, 1, 1, 0, 0, 2, 1, 2, 1, 0, 0, 0, 1, 1, 1, 1, 1, 0, 1, 1, 1, 1, 1, 1, 1, 1, 1, 1, 1, 0, 1, 1, 1, 1, 1, 1, 0, 1, 0, 1, 1, 1, 1, 1, 1, 0, 0, 1, 1, 1, 1, 1, 1, 2, 2, 0, 0, 1, 1, 1, 0, 1, 0, 1, 1, 1, 1, 1, 1, 1, 1, 1, 0, 1, 1, 1, 0, 1, 1, 1, 1, 0, 1, 1, 1, 1, 0, 1, 1, 0, 1, 1, 0, 0, 0, 0, 1, 0, 0, 0, 1, 0, 1, 1, 1, 0, 1, 0, 0, 1, 0, 1, 0, 0, 0, 1, 0, 0, 1, 1, 1, 1, 1, 0, 1, 1, 0, 1, 1, 1, 0, 1, 1, 0, 1, 1, 0, 1, 0, 1, 1, 1, 0, 1, 1, 0, 1, 1, 1, 1, 1, 1, 1, 0, 1, 1, 1, 1, 0, 1, 0, 1, 1, 0, 0, 1, 0, 0, 1, 1, 0, 1, 1, 1, 1, 1, 0, 1, 1, 0, 0, 0, 1, 1, 1, 0, 1, 1, 1, 0, 1, 1, 1, 1, 1, 1, 1, 1, 1, 0, 1, 1, 1, 1, 1, 0, 1, 0, 1, 1, 1, 1, 0, 1, 0, 1, 0, 1, 0, 0, 0, 0, 0, 0, 1, 0, 1, 1, 1, 1, 0, 1, 0, 1, 0, 1, 0, 0, 0, 1, 1, 0, 0, 1, 1, 1, 0, 0, 1, 1, 1, 1, 1, 1, 0, 0, 1, 1, 0, 1, 0, 1, 1, 0, 1, 0, 1, 1, 0, 0, 0, 0, 0, 1, 0, 1, 0, 0, 1, 1, 0, 0, 1, 1, 1, 1, 1, 1, 1, 0, 0, 0, 0, 1, 1, 0, 1, 1, 1, 1, 1, 1, 1, 1, 1, 0, 1, 0, 1, 0, 1, 0, 1, 1, 0, 1, 1, 0, 1, 0, 1, 0, 1, 0, 1, 0, 1, 2, 1, 1, 0, 1, 1, 1, 1, 0, 1, 1, 1, 1, 1, 1, 0, 1, 1, 0, 1, 1, 1, 1, 0, 1, 0, 1, 0, 0, 0, 1, 0, 1, 0, 1, 1, 1, 1, 1, 1, 0, 0, 1, 0, 1, 0, 1, 0, 1, 0, 0, 0, 0, 1, 0, 0, 1, 1, 1, 1, 0, 1, 1, 0, 1, 1, 1, 1, 1, 1, 0, 1, 1, 0, 1, 1, 0, 1, 0, 1, 1, 0, 1, 1, 0, 1, 0, 0, 0, 1, 1, 0, 1, 0, 0, 1, 1, 0, 1, 1, 1, 1, 0, 1, 1, 0, 1, 0, 1, 0, 2, 1, 1, 1, 1, 0, 0, 1, 0, 1, 1, 1, 2, 0, 0, 0, 1, 1, 1, 1, 1, 1, 1, 1, 1, 1, 0, 1, 1, 0, 1, 1, 1, 1, 1, 1, 1, 0, 1, 0, 1, 1, 1, 1, 1, 0, 0, 1, 1, 0, 0, 1, 1, 1, 1, 0, 1, 0, 1, 1, 1, 1, 0, 0, 1, 1, 1, 1, 1, 1, 1, 1, 1, 1, 0, 0, 1, 1, 1, 1, 1, 0, 1, 2, 1, 2, 2, 0, 1, 0, 1, 2, 1, 0, 0, 0, 0, 2, 0, 1, 0, 1, 1, 0, 0, 0, 1, 1, 1, 1, 1, 0, 1, 0, 0, 1, 0, 1, 1, 1, 1, 1, 1, 1, 1, 0, 1, 1, 1, 0, 1, 1, 1, 0, 0, 0, 1, 0, 0, 1, 1, 0, 1, 1, 1, 0, 0, 0, 1, 2, 1, 0, 0, 1, 1, 1, 2, 1, 1, 1, 1, 1, 1, 1, 1, 1, 1, 0, 1, 1, 1, 0, 0, 1, 1, 0, 1, 1, 1, 1, 1, 1, 1, 1, 1, 1, 1, 1, 1, 2, 0, 0, 0, 1, 1, 1, 0, 0, 0, 1, 1, 0, 1, 0, 1, 1, 1, 1, 1, 1, 1, 1, 1, 1, 1, 1, 0, 1, 1, 1, 0, 1, 1, 1, 1, 0, 1, 1, 1, 1, 1, 0, 0, 1, 1, 0, 1, 1, 1, 0, 1, 0, 0, 0, 1, 1, 0, 1, 1, 1, 1, 0, 0, 0, 1, 0, 1, 1, 0, 1, 1, 1, 0, 1, 0, 1, 1, 0, 0, 0, 1, 0, 0, 0, 0, 1, 1, 1, 1, 1, 0, 0, 0, 1, 0, 0, 0, 1, 1, 1, 1, 0, 0, 1, 1, 0, 1, 1, 1, 0, 1, 1, 0, 1, 0, 0, 1, 1, 1, 1, 1, 1, 0, 0, 1, 1, 1, 1, 1, 0, 1, 0, 1, 1, 1, 0, 1, 0, 0, 0, 1, 1, 1, 1, 0, 1, 1, 1, 1, 1, 0, 0, 1, 1, 1, 1, 1, 1, 0, 1, 1, 1, 1, 1, 1, 1, 1, 1, 1, 1, 0, 1, 0, 1, 1, 0, 0, 1, 0, 1, 1, 1, 1, 1, 1, 1, 0, 1, 0, 1, 1, 1, 1, 1, 1, 0, 1, 0, 1, 0, 0, 1, 1, 1, 0, 1, 1, 0, 0, 1, 1, 0, 0, 1, 1, 1, 1, 1, 1, 1, 0, 1, 0, 1, 1, 0, 0, 0, 1, 1, 1, 0, 1, 1, 1, 1, 1, 0, 1, 0, 1, 0, 0, 0, 0, 0, 1, 1, 1, 0, 1, 1, 1, 1, 1, 1, 1, 0, 1, 1, 1, 1, 0, 0, 1, 1, 1, 0, 1, 0, 0, 0, 0, 0, 1, 0, 1, 0, 0, 1, 0, 1, 1, 1, 0, 0, 0, 1, 1, 0, 0, 0, 1, 0, 1, 1, 1, 0, 0, 1, 0, 0, 1, 0, 1, 1, 1, 0, 0, 1, 1, 0, 1, 1, 1, 1, 0, 1, 0, 1, 0, 1, 1, 1, 1, 1, 0, 1, 1, 0, 1, 1, 0, 0, 0, 0, 1, 1, 0, 1, 1, 0, 0, 0, 0, 1, 0, 0, 1, 1, 1, 1, 0, 1, 1, 0, 1, 1, 0, 1, 0, 1, 0, 1, 1, 1, 0, 0, 1, 1, 1, 1, 0, 1, 1, 1, 1, 1, 1, 1, 1, 0, 1, 1, 1, 0, 0, 1, 1, 1, 0, 1, 1, 1, 1, 1, 1, 2, 0, 2, 1, 1, 0, 1, 1, 0, 0, 1, 0, 1, 1, 1, 1, 1, 0, 1, 1, 0, 1, 1, 1, 0, 0, 0, 1, 1, 1, 0, 1, 1, 1, 1, 1, 1, 1, 1, 1, 1, 1, 1, 0, 0, 0, 1, 0, 0, 1, 0, 1, 0, 1, 1, 1, 1, 0, 0, 0, 1, 1, 0, 1, 1, 1, 0, 0, 1, 1, 1, 0, 1, 1, 0, 1, 0, 1, 0, 0, 1, 1, 0, 1, 0, 0, 1, 1, 1, 1, 1, 0, 0, 0, 0, 1, 0, 1, 0, 1, 1, 1, 0, 0, 1, 1, 1, 1, 1, 0, 1, 0, 1, 1, 1, 1, 0, 0, 1, 1, 1, 1, 0, 1, 0, 1, 1, 1, 0, 0, 0, 1, 0, 1, 0, 0, 1, 0, 0, 1, 1, 1, 1, 1, 1, 1, 1, 1, 0, 1, 0, 1, 0, 1, 0, 1, 1, 0, 1, 0, 1, 1, 0, 1, 1, 0, 1, 1, 1, 1, 0, 1, 1, 0, 0, 1, 1, 1, 1, 1, 1, 0, 0, 1, 0, 1, 0, 1, 0, 1, 1, 0, 1, 0, 0, 0, 0, 1, 0, 1, 1, 1, 0, 1, 0, 1, 0, 1, 0, 1, 1, 0, 0, 0, 1, 0, 0, 1, 1, 0, 0, 1, 1, 1, 1, 1, 0, 1, 0, 1, 0, 0, 1, 1, 0, 0, 1, 1, 0, 1, 1, 0, 0, 1, 1, 1, 0, 1, 1, 0, 1, 0, 1, 1, 1, 0, 1, 0, 1, 0, 0, 1, 1, 0, 1, 1, 1, 1, 0, 1, 0, 1, 1, 1, 1, 1, 1, 1, 1, 1, 1, 1, 1, 0, 0, 0, 0, 1, 1, 1, 1, 1, 1, 1, 0, 0, 0, 0, 0, 1, 1, 1, 1, 0, 1, 1, 0, 0, 0, 1, 1, 0, 1, 1, 0, 0, 0, 1, 0, 0, 1, 0, 0, 1, 1, 0, 0, 1, 0, 1, 0, 1, 1, 1, 1, 1, 1, 1, 1, 0, 0, 1, 1, 0, 1, 1, 1, 1, 0, 1, 0, 0, 0, 1, 0, 1, 1, 0, 1, 1, 1, 1, 1, 1, 1, 1, 1, 1, 1, 1, 0, 0, 1, 0, 1, 0, 1, 1, 1, 1, 0, 0, 1, 1, 0, 1, 1, 0, 1, 1, 1, 1, 1, 0, 0, 1, 2, 1, 1, 1, 1, 1, 0, 1, 0, 1, 1, 2, 1, 0, 2, 1, 0, 0, 0, 0, 1, 1, 1, 1, 1, 1, 0, 1, 0, 0, 1, 1, 1, 1, 1, 1, 1, 1, 0, 1, 0, 0, 1, 1, 1, 1, 0, 1, 1, 1, 0, 1, 0, 0, 0, 1, 1, 1, 0, 1, 0, 1, 1, 0, 1, 0, 1, 1, 1, 1, 1, 1, 0, 0, 1, 1, 1, 1, 0, 0, 0, 1, 1, 0, 1, 1, 1, 1, 1, 0, 1, 0, 1, 0, 1, 0, 1, 0, 1, 1, 1, 1, 0, 1, 1, 0, 0, 0, 0, 1, 1, 1, 0, 0, 1, 1, 1, 1, 1, 1, 1, 1, 0, 0, 0, 1, 1, 1, 1, 1, 1, 0, 1, 0, 0, 1, 1, 1, 1, 1, 1, 1, 1, 1, 0, 0, 1, 1, 1, 0, 1, 1, 1, 1, 1, 0, 1, 1, 1, 1, 0, 0, 1, 0, 0, 0, 1, 1, 0, 1, 1, 0, 1, 1, 0, 1, 1, 0, 1, 1, 1, 0, 1, 0, 0, 1, 0, 0, 0, 0, 1, 1, 1, 1, 1, 1, 0, 1, 1, 1, 1, 0, 1, 1, 1, 1, 1, 0, 1, 0, 1, 0, 0, 0, 1, 1, 1, 1, 1, 1, 1, 1, 1, 1, 1, 1, 1, 1, 1, 1, 1, 1, 1, 1, 1, 0, 1, 1, 1, 0, 1, 1, 1, 1, 0, 1, 1, 1, 1, 1, 1, 1, 1, 0, 1, 1, 0, 1, 1, 0, 1, 0, 1, 1, 1, 0, 0, 0, 0, 0, 1, 0, 1, 0, 0, 1, 1, 1, 1, 0, 0, 0, 1, 0, 1, 1, 0, 0, 0, 1, 1, 0, 1, 0, 0, 1, 1, 1, 0, 1, 1, 0, 1, 1, 0, 0, 1, 1, 1, 1, 1, 1, 0, 0, 0, 0, 0, 1, 1, 1, 1, 1, 1, 1, 1, 1, 1, 0, 1, 1, 1, 1, 0, 1, 1, 1, 1, 0, 1, 0, 1, 1, 1, 1, 1, 1, 1, 1, 1, 0, 1, 1, 1, 0, 1, 0, 1, 1, 1, 0, 0, 1, 1, 1, 0, 0, 1, 0, 0, 1, 0, 1, 1, 1, 1, 1, 0, 1, 0, 2, 0, 1, 1, 1, 1, 0, 1, 1, 1, 1, 0, 0, 0, 1, 1, 0, 1, 1, 0, 1, 1, 1, 0, 0, 1, 0, 1, 1, 0, 0, 1, 1, 1, 0, 1, 1, 1, 0, 0, 1, 1, 1, 1, 1, 1, 1, 1, 0, 1, 0, 0, 1, 1, 1, 1, 1, 1, 0, 1, 1, 1, 1, 0, 1, 1, 1, 1, 1, 1, 1, 1, 0, 1, 1, 2, 1, 0, 1, 1, 1, 0, 1, 1, 1, 1, 1, 1, 1, 1, 1, 1, 1, 1, 1, 1, 1, 1, 0, 0, 0, 0, 0, 1, 1, 0, 0, 0, 1, 1, 1, 1, 0, 1, 1, 1, 1, 1, 1, 0, 0, 1, 1, 0, 1, 0, 1, 0, 0, 0, 0, 1, 0, 1, 1, 0, 0, 0, 1, 1, 1, 1, 1, 1, 1, 1, 1, 1, 1, 1, 1, 0, 1, 0, 1, 1, 1, 0, 1, 1, 1, 1, 1, 1, 1, 1, 1, 0, 1, 1, 1, 0, 1, 0, 1, 1, 1, 1, 1, 2, 1, 1, 1, 1, 1, 0, 0, 1, 1, 1, 1, 1, 1, 1, 1, 1, 0, 1, 1, 1, 1, 0, 1, 1, 1, 1, 0, 0, 1, 1, 1, 0, 1, 1, 1, 0, 0, 1, 1, 1, 1, 1, 0, 1, 1, 1, 0, 1, 1, 0, 1, 1, 1, 1, 0, 1, 1, 0, 0, 0, 0, 0, 1, 1, 1, 1, 1, 0, 0, 0, 1, 1, 1, 1, 1, 1, 1, 0, 1, 1, 0, 1, 0, 1, 1, 1, 1, 1, 0, 1, 1, 0, 0, 1, 0, 1, 1, 0, 1, 1, 1, 1, 1, 0, 1, 1, 1, 1, 1, 0, 0, 1, 0, 1, 1, 1, 1, 1, 1, 1, 1, 1, 0, 1, 1, 1, 1, 0, 1, 1, 1, 1, 0, 1, 1, 0, 1, 1, 0, 1, 1, 0, 0, 1, 0, 0, 1, 1, 1, 1, 1, 0, 1, 1, 1, 1, 0, 1, 1, 1, 1, 0, 1, 1, 0, 0, 1, 1, 1, 1, 1, 1, 1, 1, 1, 1, 1, 1, 0, 0, 0, 0, 0, 1, 0, 1, 0, 0, 0, 1, 1, 0, 0, 1, 0, 1, 1, 1, 1, 1, 1, 1, 0, 0, 0, 1, 1, 1, 1, 1, 1, 1, 0, 0, 1, 0, 1, 1, 1, 1, 1, 0, 0, 1, 1, 1, 0, 1, 1, 1, 1, 1, 0, 1, 1, 1, 1, 1, 1, 0, 1, 1, 1, 1, 1, 1, 1, 1, 0, 1, 1, 1, 1, 1, 0, 1, 0, 0, 1, 1, 1, 1, 1, 0, 0, 1, 1, 0, 1, 1, 1, 0, 1, 1, 0, 0, 1, 0, 1, 1, 1, 1, 1, 0, 0, 1, 1, 1, 1, 1, 1, 0, 1, 1, 0, 0, 0, 1, 0, 1, 1, 1, 1, 1, 1, 1, 0, 1, 1, 0, 1, 0, 0, 1, 1, 0, 1, 1, 1, 1, 1, 1, 1, 0, 0, 1, 1, 1, 1, 1, 1, 0, 1, 1, 1, 1, 0, 1, 1, 1, 1, 0, 0, 0, 1, 0, 1, 1, 1, 0, 1, 0, 0, 1, 0, 1, 1, 1, 1, 1, 0, 0, 1, 0, 1, 1, 1, 1, 1, 1, 1, 1, 1, 1, 1, 1, 1, 1, 1, 1, 1, 0, 1, 1, 0, 1, 0, 1, 1, 0, 0, 0, 1, 1, 1, 0, 1, 0, 1, 1, 0, 1, 0, 1, 1, 1, 1, 1, 1, 0, 1, 0, 1, 0, 1, 0, 0, 0, 1, 0, 1, 1, 1, 1, 1, 0, 0, 1, 0, 0, 1, 1, 1, 0, 1, 1, 0, 1, 1, 0, 0, 1, 1, 0, 1, 1, 1, 1, 1, 0, 0, 0, 1, 0, 1, 0, 1, 0, 0, 0, 1, 0, 1, 1, 1, 1, 1, 0, 0, 0, 0, 1, 0, 0, 0, 0, 0, 0, 1, 1, 0, 1, 1, 1, 1, 1, 0, 1, 1, 0, 1, 0, 1, 0, 1, 1, 1, 0, 1, 0, 1, 0, 0, 0, 1, 0, 1, 0, 1, 0, 1, 0, 0, 1, 1, 0, 1, 1, 1, 0, 1, 1, 1, 1, 0, 1, 1, 0, 0, 1, 1, 0, 0, 1, 0, 1, 1, 1, 0, 1, 0, 0, 0, 0, 0, 1, 0, 0, 0, 1, 1, 0, 0, 0, 0, 1, 1, 1, 1, 0, 0, 2, 0, 1, 1, 1, 0, 2, 1, 1, 0, 1, 1, 1, 1, 1, 1, 1, 1, 0, 1, 1, 1, 0, 1, 1, 1, 1, 1, 1, 1, 1, 1, 2, 1, 0, 1, 1, 1, 1, 1, 0, 1, 1, 1, 2, 1, 1, 0, 1, 1, 1, 1, 1, 1, 1, 2, 2, 1, 2, 1, 1, 1, 0, 1, 1, 0, 0, 1, 0, 0, 1, 1, 1, 1, 1, 1, 1, 0, 0, 0, 1, 1, 0, 1, 1, 1, 1, 1, 0, 0, 1, 0, 1, 0, 1, 1, 0, 1, 1, 0, 1, 1, 1, 1, 0, 0, 1, 1, 1, 1, 1, 0, 0, 1, 1, 1, 0, 1, 1, 1, 1, 1, 0, 1, 0, 0, 1, 1, 0, 1, 1, 1, 1, 0, 2, 1, 0, 1, 1, 1, 1, 1, 0, 1, 0, 1, 1, 1, 1, 1, 1, 1, 1, 1, 1, 0, 1, 0, 1, 1, 1, 1, 0, 0, 1, 0, 0, 1, 0, 0, 1, 1, 1, 0, 1, 0, 1, 0, 1, 1, 0, 0, 1, 1, 1, 1, 0, 1, 1, 1, 1, 1, 1, 0, 1, 1, 1, 1, 1, 1, 0, 1, 0, 1, 1, 1, 1, 1, 1, 1, 1, 1, 1, 1, 1, 1, 1, 1, 0, 1, 1, 0, 1, 1, 1, 1, 1, 0, 0, 0, 1, 0, 1, 1, 1, 1, 0, 0, 1, 1, 0, 0, 1, 1, 1, 1, 0, 0, 1, 1, 0, 1, 1, 0, 1, 1, 1, 1, 1, 1, 0, 1, 1, 1, 1, 0, 1, 1, 0, 0, 0, 1, 1, 1, 0, 1, 1, 1, 1, 0, 1, 1, 1, 1, 1, 1, 1, 1, 1, 1, 0, 1, 1, 0, 1, 1, 1, 1, 1, 1, 0, 1, 0, 1, 1, 1, 1, 0, 0, 0, 0, 1, 1, 1, 0, 1, 0, 0, 1, 0, 0, 0, 1, 1, 1, 0, 0, 0, 0, 1, 1, 1, 0, 0, 1, 1, 1, 1, 1, 1, 0, 1, 0, 1, 0, 1, 0, 1, 1, 0, 1, 1, 1, 1, 1, 1, 1, 1, 1, 1, 1, 1, 1, 0, 0, 1, 1, 1, 0, 1, 2, 2, 1, 2, 1, 1, 1, 0, 1, 0, 1, 0, 1, 1, 1, 1, 1, 1, 0, 1, 1, 1, 1, 1, 1, 1, 1, 1, 1, 1, 0, 1, 0, 1, 0, 0, 1, 0, 1, 1, 1, 0, 1, 1, 0, 1, 1, 1, 0, 1, 1, 1, 1, 0, 1, 1, 1, 1, 1, 0, 1, 1, 1, 0, 1, 1, 1, 1, 1, 0, 1, 1, 0, 1, 0, 1, 1, 0, 0, 0, 0, 0, 1, 1, 1, 1, 0, 1, 0, 1, 1, 0, 1, 1, 1, 1, 0, 0, 0, 1, 1, 0, 0, 1, 0, 0, 0, 0, 1, 1, 1, 1, 0, 0, 0, 1, 1, 0, 0, 1, 0, 1, 1, 1, 0, 1, 1, 1, 1, 1, 1, 1, 1, 0, 1, 1, 1, 1, 0, 0, 1, 0, 0, 1, 0, 0, 0, 1, 0, 0, 0, 1, 0, 1, 1, 1, 1, 1, 0, 1, 1, 1, 0, 1, 1, 1, 1, 1, 0, 0, 0, 1, 1, 1, 0, 0, 1, 1, 1, 1, 1, 0, 1, 0, 1, 1, 1, 0, 0, 1, 1, 0, 0, 1, 1, 1, 0, 0, 1, 0, 1, 1, 0, 1, 1, 1, 1, 0, 1, 1, 1, 0, 1, 1, 0, 1, 1, 1, 1, 0, 0, 0, 1, 0, 0, 1, 1, 1, 0, 0, 0, 0, 1, 1, 1, 0, 1, 0, 0, 0, 0, 1, 1, 1, 0, 1, 0, 1, 1, 0, 1, 1, 1, 1, 0, 1, 1, 1, 1, 1, 0, 1, 1, 0, 0, 1, 0, 0, 0, 1, 0, 1, 1, 1, 0, 0, 1, 1, 1, 1, 0, 1, 1, 0, 1, 0, 1, 1, 1, 1, 1, 1, 0, 1, 1, 0, 0, 1, 1, 1, 1, 0, 1, 0, 1, 0, 1, 1, 1, 1, 1, 1, 1, 0, 1, 2, 1, 0, 0, 1, 1, 0, 1, 1, 1, 1, 1, 1, 1, 1, 1, 0, 0, 1, 1, 1, 1, 0, 1, 1, 1, 1, 0, 0, 1, 1, 1, 1, 0, 1, 1, 1, 1, 1, 0, 0, 0, 1, 1, 1, 0, 0, 0, 1, 1, 1, 1, 0, 1, 1, 1, 1, 1, 0, 1, 1, 1, 0, 1, 0, 0, 1, 0, 0, 1, 0, 1, 1, 1, 1, 1, 0, 0, 0, 1, 1, 0, 0, 1, 0, 1, 1, 2, 0, 1, 2, 1, 1, 1, 1, 0, 0, 1, 1, 1, 0, 1, 1, 1, 0, 0, 1, 1, 0, 0, 0, 1, 1, 1, 1, 1, 1, 1, 0, 0, 1, 1, 0, 1, 1, 1, 1, 0, 0, 0, 1, 0, 1, 0, 0, 0, 1, 1, 1, 0, 1, 0, 1, 0, 1, 1, 1, 1, 1, 0, 1, 0, 1, 1, 1, 0, 1, 1, 1, 1, 1, 1, 0, 0, 0, 1, 0, 0, 0, 0, 1, 1, 1, 1, 1, 0, 1, 1, 1, 1, 1, 0, 0, 1, 0, 1, 0, 1, 1, 1, 1, 1, 1, 0, 1, 0, 0, 0, 0, 0, 1, 1, 1, 0, 1, 1, 0, 1, 0, 1, 1, 0, 0, 0, 0, 1, 1, 1, 1, 1, 0, 0, 0, 1, 1, 1, 1, 1, 1, 1, 0, 0, 0, 1, 1, 1, 1, 1, 1, 1, 1, 1, 0, 0, 1, 1, 1, 1, 0, 1, 1, 1, 0, 1, 1, 1, 1, 1, 1, 1, 1, 1, 1, 0, 1, 1, 1, 1, 0, 1, 2, 1, 1, 1, 1, 1, 0, 1, 0, 1, 1, 2, 2, 1, 0, 1, 1, 1, 0, 1, 2, 0, 0, 1, 1, 1, 1, 1, 0, 0, 0, 1, 1, 1, 1, 0, 0, 1, 1, 0, 1, 0, 1, 1, 1, 0, 1, 1, 1, 0, 1, 1, 1, 1, 1, 0, 0, 0, 0, 0, 0, 1, 1, 0, 0, 1, 0, 1, 0, 1, 0, 1, 0, 1, 1, 1, 0, 0, 1, 1, 1, 1, 0, 1, 1, 0, 1, 0, 1, 1, 0, 0, 1, 1, 0, 1, 1, 0, 0, 1, 0, 1, 1, 0, 1, 1, 0, 1, 1, 1, 0, 0, 1, 1, 1, 0, 0, 1, 1, 0, 0, 1, 1, 1, 1, 1, 1, 1, 0, 1, 0, 1, 1, 1, 1, 1, 1, 0, 1, 1, 1, 1, 2, 0, 0, 1, 2, 0, 0, 1, 0, 0, 2, 0, 1, 0, 0, 1, 1, 0, 1, 1, 1, 1, 1, 1, 1, 1, 1, 1, 1, 1, 1, 1, 0, 1, 1, 0, 0, 1, 1, 1, 0, 1, 1, 1, 0, 1, 1, 1, 1, 1, 1, 0, 1, 0, 0, 1, 1, 1, 1, 1, 1, 0, 1, 0, 1, 0, 0, 1, 1, 0, 1, 1, 1, 1, 1, 0, 0, 1, 0, 0, 0, 1, 1, 1, 0, 1, 0, 0, 1, 1, 0, 1, 1, 1, 1, 1, 1, 0, 1, 0, 1, 1, 1, 1, 0, 1, 0, 0, 0, 1, 1, 1, 1, 0, 0, 2, 1, 1, 1, 0, 1, 0, 0, 0, 2, 1, 2, 1, 1, 1, 1, 0, 1, 1, 1, 0, 1, 1, 1, 1, 0, 1, 1, 1, 1, 0, 0, 1, 1, 0, 0, 0, 1, 1, 1, 1, 0, 1, 1, 1, 0, 0, 1, 1, 1, 1, 1, 1, 1, 0, 1, 1, 1, 1, 1, 1, 0, 0, 1, 1, 1, 0, 0, 0, 1, 0, 0, 1, 1, 0, 1, 1, 1, 0, 1, 1, 1, 0, 0, 1, 1, 0, 1, 1, 1, 1, 1, 1, 0, 1, 0, 1, 1, 0, 0, 1, 1, 1, 1, 0, 1, 1, 1, 1, 0, 1, 1, 0, 1, 0, 0, 1, 0, 0, 0, 1, 1, 1, 0, 1, 0, 1, 0, 0, 1, 0, 1, 0, 1, 1, 1, 1, 1, 0, 0, 1, 1, 1, 1, 0, 1, 1, 1, 0, 0, 0, 1, 0, 1, 0, 1, 0, 1, 0, 1, 1, 0, 1, 1, 0, 1, 1, 0, 0, 1, 1, 1, 1, 0, 1, 1, 1, 0, 1, 1, 1, 0, 0, 1, 0, 1, 1, 1, 1, 1, 1, 1, 0, 1, 0, 1, 1, 1, 0, 1, 0, 0, 0, 0, 1, 1, 1, 1, 1, 1, 1, 1, 1, 1, 0, 1, 1, 1, 1, 1, 1, 1, 0, 0, 1, 1, 1, 1, 1, 1, 0, 1, 0, 1, 1, 1, 1, 1, 0, 1, 0, 0, 1, 1, 0, 1, 1, 0, 0, 1, 1, 0, 1, 1, 0, 0, 1, 1, 1, 0, 0, 1, 1, 1, 1, 0, 1, 0, 1, 1, 1, 1, 0, 1, 1, 1, 1, 1, 1, 1, 1, 1, 1, 0, 1, 1, 0, 0, 1, 1, 1, 1, 1, 0, 1, 1, 1, 1, 1, 1, 0, 0, 1, 1, 1, 1, 1, 1, 0, 0, 0, 0, 1, 0, 0, 0, 1, 1, 1, 1, 1, 1, 1, 1, 1, 0, 0, 0, 1, 1, 1, 0, 1, 1, 1, 1, 1, 0, 1, 0, 1, 1, 0, 1, 1, 1, 1, 0, 1, 0, 1, 1, 1, 0, 0, 0, 1, 1, 0, 0, 0, 0, 0, 1, 1, 0, 1, 0, 1, 0, 1, 1, 1, 1, 1, 1, 1, 1, 1, 1, 0, 1, 0, 1, 1, 1, 1, 1, 1, 0, 1, 0, 1, 0, 1, 0, 1, 1, 1, 1, 1, 1, 1, 0, 0, 0, 0, 1, 1, 1, 0, 0, 0, 0, 1, 1, 1, 0, 0, 1, 1, 0, 0, 1, 0, 1, 1, 1, 1, 1, 0, 1, 1, 0, 0, 0, 1, 0, 1, 1, 0, 1, 0, 1, 1, 1, 0, 0, 0, 1, 1, 1, 1, 1, 1, 0, 1, 1, 1, 0, 1, 1, 1, 1, 0, 1, 1, 1, 1, 0, 1, 0, 0, 1, 0, 1, 1, 0, 0, 0, 1, 0, 1, 0, 0, 1, 1, 1, 1, 0, 0, 1, 1, 1, 1, 0, 1, 1, 1, 1, 1, 0, 1, 0, 1, 0, 1, 0, 1, 0, 0, 0, 0, 1, 1, 0, 1, 1, 0, 1, 1, 1, 1, 0, 1, 0, 1, 1, 1, 1, 0, 0, 0, 1, 0, 1, 0, 0, 1, 0, 0, 1, 1, 1, 0, 1, 1, 1, 1, 1, 1, 0, 1, 0, 1, 1, 1, 1, 1, 1, 1, 0, 1, 0, 0, 1, 1, 1, 1, 1, 1, 1, 1, 1, 0, 1, 1, 0, 1, 1, 0, 1, 1, 1, 1, 1, 1, 0, 1, 0, 0, 1, 0, 0, 1, 1, 1, 0, 0, 1, 0, 0, 1, 0, 1, 0, 1, 1, 1, 1, 0, 1, 1, 0, 1, 0, 1, 1, 1, 1, 1, 0, 1, 0, 1, 1, 1, 1, 0, 1, 1, 0, 1, 1, 1, 0, 0, 0, 1, 1, 1, 0, 1, 1, 1, 1, 1, 0, 1, 1, 1, 1, 1, 0, 1, 1, 1, 1, 1, 0, 1, 0, 0, 1, 0, 0, 0, 1, 1, 1, 1, 0, 0, 1, 0, 1, 1, 1, 1, 0, 0, 0, 0, 1, 1, 1, 1, 1, 0, 0, 0, 1, 0, 1, 1, 1, 1, 0, 0, 1, 0, 1, 1, 0, 1, 0, 0, 1, 0, 0, 1, 0, 1, 2, 1, 1, 0, 1, 1, 0, 1, 0, 0, 1, 1, 0, 1, 0, 1, 0, 1, 0, 1, 1, 1, 1, 0, 1, 1, 1, 1, 1, 1, 0, 1, 1, 0, 1, 0, 0, 0, 0, 0, 0, 1, 1, 1, 1, 1, 0, 1, 0, 1, 1, 1, 1, 1, 1, 0, 1, 0, 0, 1, 1, 1, 0, 1, 1, 0, 1, 0, 0, 1, 1, 1, 1, 1, 1, 0, 1, 1, 0, 0, 1, 1, 1, 1, 0, 1, 1, 1, 1, 0, 1, 1, 1, 0, 1, 1, 1, 0, 0, 0, 1, 1, 0, 0, 1, 1, 0, 1, 0, 1, 0, 1, 0, 1, 1, 0, 1, 1, 1, 1, 1, 1, 1, 0, 0, 0, 1, 0, 1, 0, 1, 0, 0, 0, 0, 0, 0, 1, 1, 1, 1, 1, 0, 1, 1, 0, 0, 1, 1, 0, 0, 1, 0, 0, 1, 1, 1, 1, 0, 1, 1, 0, 1, 1, 1, 1, 1, 1, 1, 1, 1, 1, 1, 1, 1, 1, 0, 1, 0, 1, 1, 1, 0, 1, 0, 0, 1, 0, 1, 1, 1, 1, 0, 1, 0, 1, 0, 1, 0, 0, 1, 1, 1, 0, 1, 0, 1, 1, 0, 1, 1, 1, 1, 0, 0, 0, 0, 0, 1, 0, 1, 1, 0, 1, 0, 1, 1, 1, 1, 1, 1, 1, 1, 1, 1, 1, 0, 0, 0, 0, 0, 0, 1, 1, 1, 1, 1, 1, 0, 1, 0, 1, 1, 1, 1, 1, 1, 0, 1, 1, 1, 0, 1, 1, 0, 1, 1, 1, 1, 0, 0, 0, 1, 1, 0, 0, 0, 1, 1, 1, 0, 0, 1, 1, 0, 0, 1, 1, 1, 1, 1, 0, 0, 1, 1, 0, 1, 1, 1, 1, 1, 0, 0, 1, 1, 1, 1, 0, 1, 1, 0, 1, 0, 1, 1, 1, 1, 2, 2, 1, 0, 0, 1, 1, 1, 1, 1, 1, 1, 1, 1, 1, 1, 1, 1, 0, 0, 1, 1, 1, 1, 0, 1, 1, 1, 1, 0, 0, 1, 1, 0, 1, 1, 0, 1, 1, 0, 1, 1, 2, 1, 1, 1, 1, 0, 0, 1, 1, 1, 1, 2, 1, 1, 1, 1, 1, 1, 1, 2, 1, 1, 1, 1, 2, 1, 1, 1, 1, 1, 0, 1, 1, 1, 1, 0, 1, 1, 0, 1, 0, 1, 1, 1, 0, 1, 1, 1, 1, 1, 2, 2, 1, 1, 1, 1, 1, 0, 1, 0, 1, 0, 1, 1, 0, 0, 1, 1, 0, 0, 0, 1, 1, 1, 0, 0, 0, 1, 1, 1, 1, 0, 0, 1, 1, 1, 0, 0, 0, 1, 1, 1, 1, 1, 2, 1, 1, 1, 1, 1, 1, 1, 1, 1, 1, 1, 1, 1, 1, 1, 1, 1, 0, 0, 0, 1, 0, 1, 0, 1, 1, 1, 1, 1, 0, 1, 1, 1, 1, 1, 1, 1, 1, 1, 1, 1, 1, 0, 0, 1, 0, 1, 0, 0, 0, 0, 0, 1, 0, 1, 1, 1, 1, 1, 0, 1, 0, 1, 1, 0, 1, 0, 1, 1, 1, 0, 0, 0, 0, 1, 1, 1, 0, 0, 1, 1, 0, 1, 1, 0, 1, 1, 1, 1, 1, 0, 0, 0, 1, 1, 1, 1, 0, 0, 0, 1, 1, 1, 0, 0, 0, 1, 1, 1, 0, 0, 1, 1, 1, 0, 1, 1, 1, 0, 1, 1, 1, 0, 1, 1, 0, 0, 1, 1, 1, 1, 1, 1, 1, 1, 1, 0, 0, 1, 0, 1, 1, 1, 1, 0, 1, 1, 1, 1, 1, 1, 1, 1, 1, 1, 0, 0, 1, 0, 1, 1, 1, 1, 1, 0, 1, 0, 1, 0, 1, 1, 1, 1, 1, 1, 0, 1, 1, 1, 1, 0, 0, 0, 1, 0, 0, 1, 1, 0, 0, 1, 0, 1, 0, 1, 1, 1, 1, 1, 1, 0, 1, 1, 1, 1, 1, 0, 1, 1, 1, 1, 0, 1, 1, 1, 0, 1, 1, 1, 1, 1, 1, 1, 1, 1, 0, 0, 0, 1, 0, 1, 0, 1, 1, 1, 1, 0, 1, 1, 1, 1, 1, 0, 1, 0, 0, 1, 1, 1, 1, 1, 1, 0, 1, 0, 1, 0, 1, 1, 1, 1, 1, 1, 0, 1, 1, 1, 1, 1, 1, 1, 0, 0, 1, 1, 1, 0, 1, 1, 0, 0, 1, 1, 1, 1, 0, 0, 1, 1, 1, 1, 1, 1, 1, 1, 1, 1, 1, 1, 1, 0, 1, 1, 1, 0, 0, 1, 1, 1, 1, 1, 1, 1, 0, 1, 1, 0, 1, 0, 1, 0, 1, 1, 1, 1, 1, 0, 0, 1, 1, 1, 1, 1, 1, 1, 0, 0, 1, 0, 1, 1, 0, 1, 0, 0, 1, 1, 1, 1, 1, 0, 0, 1, 1, 1, 1, 0, 1, 1, 1, 1, 1, 1, 1, 1, 0, 1, 1, 1, 1, 1, 1, 0, 1, 1, 1, 1, 0, 1, 1, 1, 1, 0, 1, 1, 1, 1, 1, 0, 1, 0, 1, 1, 1, 1, 0, 0, 1, 1, 1, 1, 1, 1, 1, 1, 1, 0, 1, 0, 1, 1, 1, 1, 1, 1, 1, 1, 1, 1, 1, 1, 1, 1, 0, 1, 1, 0, 1, 0, 0, 1, 1, 1, 1, 1, 0, 1, 1, 1, 1, 0, 0, 1, 1, 0, 0, 1, 1, 0, 1, 1, 1, 0, 1, 1, 1, 1, 1, 1, 0, 0, 0, 0, 1, 0, 1, 0, 1, 1, 0, 0, 0, 1, 0, 1, 0, 0, 0, 1, 0, 1, 0, 1, 1, 0, 1, 1, 0, 0, 1, 1, 1, 1, 1, 0, 1, 1, 1, 1, 0, 0, 0, 1, 1, 1, 0, 1, 1, 1, 1, 1, 0, 1, 0, 0, 1, 0, 0, 0, 1, 1, 1, 1, 1, 1, 0, 1, 1, 1, 0, 1, 0, 1, 0, 1, 1, 0, 1, 1, 0, 1, 1, 1, 1, 1, 0, 1, 1, 1, 0, 1, 0, 0, 0, 1, 1, 1, 0, 0, 0, 1, 1, 1, 1, 0, 1, 1, 0, 0, 0, 1, 0, 1, 0, 1, 1, 1, 0, 1, 1, 0, 1, 0, 1, 1, 1, 1, 0, 1, 1, 1, 1, 0, 1, 1, 1, 1, 0, 1, 1, 1, 1, 1, 1, 1, 1, 1, 1, 1, 0, 1, 1, 1, 1, 1, 1, 1, 0, 0, 1, 1, 0, 0, 1, 1, 0, 1, 1, 1, 1, 1, 1, 0, 0, 0, 1, 1, 1, 1, 1, 0, 1, 1, 1, 1, 1, 1, 0, 1, 1, 0, 1, 0, 1, 1, 1, 1, 1, 1, 1, 1, 1, 1, 2, 1, 2, 2, 1, 2, 0, 1, 1, 1, 2, 0, 1, 1, 2, 1, 1, 1, 1, 0, 1, 0, 1, 1, 1, 1, 0, 0, 1, 1, 1, 0, 1, 0, 1, 1, 0, 0, 0, 1, 1, 0, 1, 1, 1, 0, 1, 1, 0, 1, 1, 1, 0, 1, 0, 1, 1, 1, 1, 0, 1, 1, 0, 1, 1, 0, 1, 1, 1, 1, 0, 1, 1, 1, 1, 0, 1, 1, 1, 0, 1, 1, 1, 1, 1, 0, 1, 1, 1, 1, 0, 1, 0, 1, 0, 1, 1, 0, 1, 1, 1, 1, 0, 0, 1, 1, 1, 1, 1, 0, 0, 0, 1, 1, 1, 1, 0, 1, 0, 0, 1, 1, 0, 1, 1, 0, 1, 1, 1, 1, 1, 1, 0, 1, 0, 1, 1, 1, 0, 0, 0, 0, 1, 1, 1, 1, 0, 1, 1, 0, 1, 1, 0, 1, 0, 1, 1, 1, 1, 1, 1, 2, 1, 2, 0, 1, 1, 1, 1, 1, 1, 0, 0, 1, 0, 1, 1, 1, 1, 1, 0, 1, 1, 1, 1, 0, 0, 0, 1, 1, 0, 1, 1, 1, 0, 1, 1, 1, 1, 1, 0, 0, 1, 1, 0, 0, 1, 1, 1, 0, 1, 1, 1, 1, 1, 1, 1, 1, 0, 1, 1, 1, 0, 0, 0, 1, 1, 0, 1, 1, 0, 1, 1, 0, 1, 1, 1, 0, 1, 1, 1, 1, 0, 1, 1, 1, 1, 1, 0, 1, 1, 1, 1, 1, 1, 1, 1, 1, 1, 1, 1, 0, 0, 1, 0, 0, 1, 1, 1, 1, 1, 1, 1, 1, 1, 1, 0, 0, 1, 0, 0, 1, 0, 1, 1, 0, 0, 1, 1, 1, 0, 1, 1, 0, 1, 1, 0, 1, 0, 1, 1, 1, 0, 1, 1, 1, 0, 2, 0, 0, 1, 1, 1, 0, 0, 0, 1, 1, 0, 0, 1, 0, 0, 1, 1, 1, 0, 1, 0, 1, 1, 0, 1, 1, 0, 0, 1, 1, 1, 1, 1, 0, 0, 0, 1, 1, 0, 1, 1, 0, 1, 1, 0, 0, 1, 1, 0, 1, 1, 1, 1, 1, 1, 0, 1, 1, 0, 1, 1, 0, 1, 1, 0, 1, 0, 0, 0, 1, 0, 1, 0, 1, 0, 1, 0, 1, 1, 1, 1, 1, 1, 1, 1, 1, 1, 0, 1, 1, 0, 0, 1, 1, 1, 1, 0, 0, 1, 1, 1, 1, 1, 1, 1, 1, 1, 1, 0, 1, 1, 1, 0, 1, 1, 1, 1, 0, 1, 0, 1, 0, 1, 0, 0, 0, 1, 1, 1, 1, 1, 1, 1, 0, 1, 1, 0, 0, 1, 1, 1, 1, 1, 1, 1, 0, 1, 0, 0, 0, 1, 1, 0, 0, 1, 1, 1, 1, 1, 1, 1, 1, 1, 1, 1, 1, 1, 1, 1, 1, 0, 1, 0, 0, 1, 1, 1, 1, 1, 0, 1, 0, 1, 1, 0, 1, 0, 1, 0, 1, 1, 1, 1, 1, 0, 0, 0, 1, 1, 0, 0, 0, 1, 0, 0, 1, 1, 1, 0, 1, 0, 0, 1, 0, 0, 1, 1, 1, 1, 1, 1, 1, 1, 0, 1, 0, 0, 1, 1, 1, 1, 1, 1, 1, 0, 0, 1, 0, 1, 0, 0, 1, 0, 1, 1, 0, 0, 0, 1, 0, 1, 1, 2, 1, 1, 1, 1, 1, 1, 1, 1, 0, 1, 0, 1, 1, 0, 0, 1, 1, 1, 0, 1, 0, 1, 1, 1, 1, 1, 1, 1, 0, 1, 1, 1, 1, 0, 1, 1, 1, 2, 1, 0, 1, 1, 0, 1, 1, 1, 0, 1, 1, 0, 1, 1, 1, 1, 0, 1, 1, 0, 1, 1, 1, 1, 1, 0, 0, 0, 0, 1, 1, 1, 1, 1, 1, 0, 1, 0, 1, 1, 1, 1, 1, 1, 1, 1, 0, 0, 1, 1, 1, 1, 1, 0, 1, 1, 0, 0, 0, 0, 1, 0, 1, 1, 0, 1, 0, 1, 0, 1, 0, 1, 1, 1, 0, 0, 1, 1, 1, 0, 1, 1, 0, 1, 1, 0, 1, 1, 1, 1, 1, 1, 1, 1, 1, 1, 0, 0, 0, 1, 0, 1, 1, 0, 1, 1, 0, 0, 1, 1, 0, 1, 1, 1, 0, 1, 1, 1, 0, 1, 0, 1, 1, 0, 1, 0, 0, 1, 1, 0, 1, 1, 1, 1, 1, 1, 0, 0, 0, 0, 0, 0, 1, 1, 1, 1, 1, 1, 1, 0, 0, 1, 1, 1, 1, 1, 1, 1, 1, 1, 1, 1, 1, 1, 0, 2, 1, 1, 1, 0, 1, 0, 1, 1, 1, 0, 1, 1, 1, 1, 1, 1, 1, 0, 1, 0, 1, 1, 1, 1, 1, 0, 1, 0, 1, 0, 0, 1, 1, 1, 1, 1, 1, 0, 0, 1, 1, 1, 1, 1, 0, 1, 0, 1, 1, 1, 1, 1, 0, 0, 0, 1, 1, 1, 0, 0, 1, 1, 1, 1, 2, 1, 1, 1, 1, 1, 1, 1, 2, 1, 1, 0, 0, 1, 1, 1, 0, 1, 0, 0, 0, 0, 0, 2, 0, 1, 1, 1, 1, 1, 1, 1, 1, 0, 1, 1, 1, 1, 1, 1, 1, 1, 1, 0, 1, 0, 1, 1, 1, 1, 0, 1, 1, 1, 0, 0, 0, 1, 1, 1, 1, 0, 0, 1, 1, 0, 0, 0, 0]

################################################################
################################################################
################### process_jail_download_list: ######################

[8, 10, 7, 10, 7, 7, 10, 8, 10, 6, 7, 7, 7, 7, 7, 7, 6, 7, 6, 8, 7, 7, 9, 9, 7, 8, 8, 7, 7, 7, 6, 8, 6, 7, 8, 7, 8, 8, 7, 7, 6, 7, 7, 7, 6, 7, 6, 8, 8, 8, 6, 6, 6, 6, 6, 7, 7, 7, 6, 7, 6, 7, 6, 7, 6, 6, 6, 7, 7, 7, 7, 6, 7, 6, 6, 7, 6, 7, 6, 6, 7, 6, 7, 6, 7, 7, 6, 6, 7, 6, 7, 6, 7, 6, 7, 7, 6, 6, 6, 6, 6, 7, 6, 7, 7, 6, 7, 7, 7, 7, 6, 6, 6, 6, 7, 7, 7, 6, 7, 7, 7, 6, 7, 7, 8, 6, 7, 7, 7, 6, 6, 6, 7, 6, 6, 6, 7, 7, 6, 7, 7, 6, 7, 6, 7, 7, 7, 7, 7, 7, 6, 6, 6, 7, 7, 6, 7, 7, 7, 7, 7, 7, 7, 7, 6, 7, 6, 7, 7, 8, 6, 7, 7, 7, 7, 7, 7, 6, 7, 7, 7, 7, 6, 7, 7, 7, 7, 6, 7, 8, 7, 7, 7, 6, 7, 7, 7, 7, 7, 6, 6, 6, 7, 6, 7, 7, 7, 7, 6, 7, 6, 7, 7, 7, 6, 6, 7, 7, 7, 6, 7, 6, 6, 7, 6, 6, 6, 7, 7, 6, 7, 6, 7, 8, 6, 7, 7, 8, 8, 7, 7, 6, 8, 6, 7, 7, 8, 7, 6, 8, 8, 8, 6, 8, 7, 7, 7, 6, 7, 7, 6, 7, 7, 7, 8, 8, 8, 7, 7, 7, 7, 7, 7, 7, 7, 7, 7, 7, 8, 6, 6, 7, 6, 6, 6, 7, 6, 7, 6, 7, 7, 7, 7, 7, 7, 7, 6, 6, 6, 7, 7, 7, 6, 7, 7, 7, 6, 7, 6, 6, 6, 7, 7, 7, 7, 7, 6, 6, 7, 7, 7, 6, 7, 6, 7, 7, 7, 7, 6, 7, 7, 7, 7, 6, 6, 7, 7, 7, 6, 6, 6, 6, 6, 7, 6, 6, 6, 7, 6, 6, 7, 7, 6, 6, 7, 7, 7, 7, 6, 7, 6, 7, 6, 6, 7, 7, 7, 7, 6, 6, 7, 7, 7, 6, 7, 6, 7, 6, 7, 6, 6, 7, 6, 6, 6, 7, 6, 6, 6, 7, 7, 6, 6, 6, 7, 7, 7, 7, 7, 7, 7, 6, 6, 7, 6, 7, 7, 6, 6, 7, 7, 6, 6, 7, 7, 7, 7, 8, 7, 6, 6, 6, 7, 7, 6, 7, 6, 7, 7, 7, 6, 6, 7, 6, 7, 8, 7, 7, 8, 6, 6, 7, 7, 7, 7, 7, 7, 7, 7, 8, 8, 7, 6, 6, 7, 6, 6, 7, 7, 6, 7, 7, 7, 7, 7, 7, 7, 7, 7, 6, 7, 6, 7, 8, 8, 8, 8, 7, 6, 6, 6, 6, 6, 7, 7, 7, 7, 6, 7, 6, 8, 7, 6, 8, 8, 7, 8, 8, 7, 6, 7, 6, 7, 7, 7, 6, 7, 6, 7, 6, 7, 7, 7, 7, 7, 7, 6, 7, 6, 7, 7, 7, 7, 6, 6, 7, 7, 6, 7, 7, 6, 6, 7, 6, 7, 7, 7, 7, 6, 7, 7, 7, 7, 6, 7, 6, 6, 6, 7, 7, 7, 8, 7, 7, 6, 7, 6, 6, 6, 7, 6, 6, 7, 7, 7, 7, 7, 8, 8, 7, 7, 7, 7, 7, 7, 7, 6, 7, 7, 7, 6, 7, 7, 7, 7, 7, 7, 7, 7, 6, 7, 7, 7, 7, 7, 7, 6, 7, 7, 6, 6, 6, 7, 6, 7, 6, 7, 6, 7, 6, 7, 7, 7, 7, 6, 7, 6, 6, 6, 6, 6, 7, 6, 7, 7, 6, 6, 6, 7, 6, 7, 6, 7, 7, 6, 7, 7, 7, 7, 6, 7, 6, 6, 7, 6, 6, 6, 7, 7, 7, 6, 6, 6, 7, 7, 7, 7, 6, 6, 6, 7, 7, 7, 6, 6, 6, 6, 7, 7, 6, 7, 7, 7, 7, 6, 7, 7, 6, 6, 7, 7, 7, 7, 6, 7, 7, 7, 7, 7, 7, 7, 6, 7, 7, 6, 7, 7, 6, 6, 6, 7, 7, 6, 7, 7, 6, 7, 7, 7, 7, 7, 8, 8, 7, 6, 7, 6, 7, 6, 7, 7, 6, 8, 7, 6, 6, 7, 7, 7, 7, 6, 8, 7, 6, 7, 7, 6, 7, 7, 7, 7, 6, 6, 7, 6, 6, 7, 8, 8, 8, 6, 8, 8, 7, 6, 6, 7, 8, 7, 6, 6, 8, 8, 7, 7, 7, 6, 6, 7, 7, 7, 7, 6, 7, 7, 7, 7, 6, 7, 8, 9, 7, 7, 7, 6, 6, 7, 6, 6, 6, 7, 7, 7, 6, 7, 6, 6, 6, 6, 7, 7, 7, 7, 8, 8, 7, 7, 7, 7, 7, 8, 7, 8, 7, 7, 7, 6, 7, 6, 8, 7, 7, 7, 7, 6, 7, 7, 7, 7, 7, 7, 7, 7, 6, 7, 7, 7, 7, 7, 6, 7, 7, 6, 6, 7, 7, 6, 7, 7, 7, 7, 7, 7, 7, 6, 7, 7, 7, 7, 7, 6, 7, 6, 6, 6, 7, 7, 6, 6, 6, 6, 7, 6, 7, 7, 6, 7, 7, 6, 7, 7, 7, 7, 7, 6, 7, 6, 7, 6, 8, 6, 7, 6, 6, 6, 7, 7, 7, 6, 7, 7, 7, 7, 7, 6, 6, 8, 8, 7, 7, 7, 7, 7, 8, 6, 7, 8, 7, 8, 6, 7, 7, 6, 6, 7, 7, 6, 7, 7, 7, 7, 6, 7, 7, 7, 6, 7, 6, 7, 7, 7, 7, 7, 7, 7, 7, 7, 6, 7, 7, 7, 7, 7, 7, 7, 7, 6, 7, 7, 7, 7, 7, 6, 7, 7, 7, 7, 7, 7, 7, 8, 8, 7, 6, 7, 6, 7, 7, 7, 7, 6, 7, 7, 6, 6, 7, 7, 7, 7, 6, 7, 7, 7, 6, 7, 6, 6, 6, 6, 7, 7, 6, 7, 7, 6, 7, 7, 6, 7, 7, 7, 7, 7, 7, 7, 7, 7, 6, 7, 6, 6, 6, 7, 7, 6, 7, 6, 7, 7, 6, 7, 8, 8, 7, 7, 6, 6, 8, 7, 6, 6, 7, 7, 7, 6, 7, 7, 7, 6, 7, 7, 7, 6, 6, 6, 7, 7, 6, 7, 6, 7, 7, 6, 6, 7, 7, 6, 7, 7, 7, 7, 7, 6, 7, 7, 8, 6, 7, 6, 6, 7, 6, 7, 7, 7, 7, 6, 7, 7, 7, 7, 7, 7, 6, 7, 6, 6, 7, 7, 6, 7, 6, 6, 7, 7, 7, 6, 6, 7, 7, 6, 7, 7, 7, 7, 7, 6, 7, 7, 7, 6, 7, 7, 7, 6, 7, 7, 7, 7, 7, 8, 7, 7, 6, 6, 6, 7, 6, 6, 7, 7, 6, 6, 7, 7, 6, 7, 7, 7, 7, 7, 6, 7, 6, 7, 6, 6, 6, 7, 7, 7, 7, 7, 7, 7, 7, 6, 8, 8, 8, 7, 6, 7, 8, 8, 6, 8, 6, 7, 8, 8, 6, 6, 7, 7, 7, 7, 6, 6, 6, 7, 7, 7, 6, 6, 7, 7, 7, 7, 7, 7, 7, 7, 7, 7, 7, 7, 6, 6, 8, 7, 6, 7, 7, 7, 7, 7, 7, 6, 7, 7, 7, 6, 6, 8, 6, 8, 7, 6, 6, 6, 7, 7, 7, 7, 7, 6, 7, 7, 6, 6, 7, 6, 6, 7, 7, 7, 7, 6, 7, 7, 7, 6, 7, 7, 6, 8, 6, 6, 7, 7, 6, 8, 6, 7, 7, 7, 7, 7, 7, 7, 7, 8, 8, 7, 6, 7, 7, 7, 7, 7, 7, 8, 7, 7, 7, 7, 7, 7, 7, 7, 6, 7, 7, 6, 6, 7, 7, 7, 6, 7, 6, 7, 7, 7, 6, 7, 7, 6, 7, 7, 7, 7, 6, 7, 6, 6, 6, 7, 7, 7, 7, 7, 7, 7, 7, 6, 7, 7, 6, 7, 7, 6, 6, 7, 6, 6, 7, 7, 7, 7, 7, 7, 7, 7, 6, 7, 7, 7, 6, 7, 7, 6, 7, 8, 6, 8, 6, 7, 8, 7, 7, 8, 7, 6, 7, 7, 7, 7, 7, 7, 7, 6, 7, 7, 7, 7, 7, 6, 6, 7, 7, 6, 6, 7, 6, 6, 7, 7, 6, 7, 7, 7, 7, 7, 6, 7, 6, 6, 7, 7, 7, 7, 8, 6, 8, 8, 7, 6, 7, 7, 7, 7, 7, 7, 7, 7, 7, 7, 7, 6, 7, 7, 7, 6, 7, 6, 6, 6, 6, 7, 6, 7, 6, 7, 6, 7, 6, 6, 6, 6, 6, 6, 7, 6, 7, 7, 7, 7, 7, 6, 6, 7, 6, 7, 6, 6, 6, 6, 7, 6, 6, 7, 7, 7, 6, 6, 7, 6, 6, 7, 7, 7, 6, 6, 7, 6, 6, 6, 6, 7, 7, 6, 7, 6, 7, 7, 6, 6, 7, 6, 6, 6, 6, 7, 6, 6, 7, 7, 6, 6, 7, 7, 7, 6, 7, 7, 6, 6, 6, 6, 6, 6, 6, 6, 7, 7, 6, 7, 7, 7, 7, 7, 7, 6, 7, 6, 7, 6, 6, 6, 7, 7, 6, 6, 6, 6, 7, 6, 7, 7, 7, 6, 7, 7, 7, 8, 7, 6, 6, 6, 6, 7, 7, 6, 7, 7, 7, 7, 7, 7, 7, 7, 6, 6, 7, 7, 7, 7, 6, 7, 6, 7, 7, 6, 6, 6, 6, 7, 6, 7, 7, 6, 7, 6, 7, 6, 6, 7, 6, 7, 6, 7, 6, 7, 6, 6, 7, 6, 7, 6, 6, 6, 7, 7, 6, 6, 7, 7, 6, 7, 6, 7, 7, 7, 7, 6, 7, 6, 6, 7, 7, 6, 6, 6, 7, 7, 6, 7, 7, 6, 7, 7, 7, 6, 7, 7, 6, 7, 6, 6, 7, 7, 6, 6, 7, 7, 7, 6, 7, 7, 6, 7, 6, 7, 6, 8, 7, 7, 7, 6, 7, 7, 7, 6, 6, 7, 7, 8, 6, 6, 6, 7, 6, 7, 7, 7, 7, 7, 7, 7, 7, 6, 6, 6, 6, 7, 7, 7, 7, 7, 7, 7, 6, 7, 6, 7, 7, 7, 6, 7, 6, 6, 6, 7, 6, 7, 7, 7, 6, 7, 6, 7, 6, 7, 7, 7, 7, 6, 7, 7, 8, 7, 7, 7, 6, 7, 7, 7, 7, 6, 7, 7, 7, 7, 7, 8, 6, 7, 8, 6, 8, 8, 7, 7, 7, 7, 8, 7, 6, 6, 7, 7, 8, 6, 7, 6, 6, 7, 6, 6, 6, 7, 7, 6, 6, 7, 6, 7, 6, 6, 7, 6, 8, 6, 7, 7, 6, 7, 6, 7, 6, 7, 6, 7, 6, 7, 7, 6, 7, 6, 6, 7, 6, 6, 7, 7, 7, 7, 9, 9, 6, 6, 7, 8, 9, 7, 7, 7, 7, 7, 8, 9, 7, 7, 6, 7, 8, 7, 6, 8, 7, 8, 7, 7, 7, 8, 7, 6, 8, 8, 6, 7, 6, 8, 7, 7, 7, 8, 7, 7, 8, 8, 6, 7, 8, 7, 6, 7, 7, 7, 7, 6, 7, 6, 6, 7, 6, 7, 6, 7, 7, 8, 7, 7, 7, 7, 7, 7, 7, 7, 7, 6, 8, 7, 7, 6, 7, 8, 7, 7, 6, 7, 7, 7, 8, 7, 7, 6, 7, 7, 6, 7, 7, 7, 6, 6, 7, 7, 6, 7, 7, 6, 7, 7, 7, 7, 6, 6, 6, 7, 7, 7, 7, 7, 7, 7, 7, 6, 7, 7, 6, 7, 6, 6, 6, 7, 6, 6, 6, 6, 7, 6, 6, 7, 7, 6, 6, 6, 7, 6, 6, 6, 7, 6, 7, 6, 6, 6, 8, 7, 7, 8, 7, 7, 6, 7, 7, 6, 7, 6, 6, 6, 7, 7, 7, 7, 7, 6, 6, 7, 7, 7, 7, 7, 6, 6, 6, 7, 6, 7, 6, 6, 6, 6, 6, 6, 7, 6, 7, 6, 7, 7, 7, 7, 7, 6, 6, 7, 7, 8, 6, 7, 7, 6, 7, 6, 7, 6, 7, 6, 6, 7, 7, 7, 7, 7, 8, 7, 7, 6, 6, 7, 7, 6, 7, 7, 7, 7, 7, 7, 7, 6, 7, 6, 7, 7, 7, 7, 7, 7, 7, 7, 7, 7, 6, 6, 7, 7, 7, 7, 7, 7, 6, 7, 7, 7, 6, 6, 7, 7, 7, 7, 7, 7, 7, 6, 7, 6, 7, 7, 6, 6, 7, 7, 7, 6, 6, 7, 6, 7, 7, 7, 6, 7, 6, 7, 6, 6, 7, 6, 6, 7, 8, 7, 6, 7, 6, 7, 7, 7, 7, 7, 6, 7, 6, 7, 7, 6, 6, 7, 6, 7, 6, 7, 6, 7, 6, 7, 6, 7, 6, 7, 7, 7, 6, 6, 7, 7, 6, 6, 6, 6, 7, 6, 7, 6, 6, 8, 6, 7, 7, 7, 6, 6, 7, 6, 6, 7, 6, 7, 7, 7, 6, 6, 6, 7, 6, 7, 7, 7, 7, 6, 7, 6, 6, 6, 8, 7, 7, 6, 8, 7, 7, 7, 7, 6, 6, 7, 7, 7, 6, 7, 7, 7, 7, 7, 6, 6, 7, 7, 7, 6, 6, 7, 7, 7, 7, 6, 7, 7, 6, 6, 7, 6, 7, 7, 7, 6, 7, 7, 8, 6, 6, 8, 8, 8, 7, 7, 7, 7, 7, 8, 7, 8, 7, 7, 6, 8, 7, 7, 7, 7, 7, 7, 7, 6, 7, 7, 7, 7, 6, 6, 8, 6, 8, 7, 7, 6, 7, 7, 7, 7, 8, 7, 8, 8, 7, 7, 6, 6, 7, 6, 6, 6, 6, 7, 7, 6, 6, 7, 7, 6, 6, 7, 7, 7, 6, 7, 7, 7, 7, 6, 7, 7, 6, 6, 6, 7, 7, 6, 6, 7, 6, 6, 6, 7, 6, 6, 7, 6, 6, 6, 7, 7, 6, 6, 7, 6, 6, 6, 7, 7, 7, 6, 7, 7, 6, 7, 6, 7, 6, 6, 7, 7, 6, 7, 6, 6, 7, 6, 6, 6, 6, 6, 6, 6, 6, 6, 6, 7, 6, 7, 6, 7, 6, 7, 7, 7, 7, 7, 7, 6, 7, 7, 7, 7, 7, 7, 6, 6, 7, 7, 7, 7, 6, 7, 6, 7, 7, 7, 6, 7, 7, 7, 6, 7, 6, 6, 7, 7, 6, 7, 6, 7, 6, 7, 7, 7, 7, 7, 7, 7, 6, 7, 6, 7, 6, 7, 7, 6, 7, 6, 7, 7, 7, 6, 7, 6, 7, 6, 7, 7, 6, 7, 7, 6, 6, 7, 7, 8, 8, 7, 7, 6, 6, 7, 6, 7, 6, 7, 6, 7, 7, 6, 7, 6, 6, 6, 6, 7, 6, 7, 7, 7, 6, 7, 6, 7, 6, 6, 6, 7, 6, 6, 6, 6, 7, 6, 6, 7, 7, 6, 6, 6, 7, 7, 7, 7, 6, 7, 6, 7, 6, 6, 6, 7, 6, 6, 6, 7, 6, 6, 7, 6, 6, 6, 7, 6, 6, 7, 6, 6, 7, 6, 7, 6, 7, 6, 7, 6, 7, 6, 6, 7, 6, 6, 7, 7, 7, 6, 6, 7, 6, 7, 7, 7, 7, 7, 7, 7, 7, 6, 6, 6, 7, 6, 6, 6, 6, 7, 7, 7, 7, 7, 7, 7, 7, 7, 7, 6, 6, 7, 6, 7, 7, 6, 7, 7, 6, 6, 7, 7, 7, 6, 7, 7, 6, 6, 6, 7, 7, 6, 7, 6, 6, 8, 6, 6, 6, 6, 6, 7, 6, 6, 6, 7, 7, 7, 7, 8, 8, 6, 6, 7, 7, 6, 7, 8, 7, 8, 6, 7, 6, 6, 6, 7, 6, 7, 7, 7, 7, 7, 7, 7, 7, 7, 7, 7, 7, 7, 7, 7, 6, 6, 6, 7, 7, 6, 8, 7, 6, 7, 6, 6, 7, 7, 7, 7, 7, 6, 7, 7, 6, 7, 7, 7, 6, 7, 8, 8, 6, 8, 8, 6, 6, 7, 6, 7, 7, 8, 7, 7, 8, 7, 6, 7, 7, 6, 7, 7, 7, 7, 7, 7, 7, 7, 6, 7, 6, 7, 7, 7, 7, 7, 7, 7, 6, 7, 6, 6, 8, 7, 8, 7, 6, 7, 7, 7, 6, 7, 6, 6, 6, 7, 6, 7, 6, 7, 6, 7, 7, 6, 7, 6, 7, 7, 7, 7, 7, 7, 6, 6, 6, 7, 7, 7, 6, 6, 6, 7, 7, 6, 7, 7, 7, 7, 7, 6, 8, 6, 7, 7, 6, 7, 8, 6, 7, 7, 6, 7, 6, 6, 6, 7, 7, 6, 6, 7, 7, 7, 6, 7, 7, 7, 7, 7, 6, 7, 7, 7, 6, 6, 6, 7, 7, 7, 7, 7, 6, 6, 7, 6, 6, 7, 7, 7, 6, 7, 7, 7, 7, 6, 6, 6, 7, 6, 7, 6, 6, 7, 7, 7, 8, 6, 8, 7, 7, 7, 6, 6, 7, 6, 6, 6, 7, 7, 6, 7, 6, 6, 7, 7, 6, 7, 7, 6, 7, 7, 7, 6, 7, 6, 6, 7, 6, 7, 7, 6, 7, 7, 7, 7, 7, 7, 6, 7, 7, 6, 7, 6, 8, 7, 7, 7, 8, 7, 7, 7, 7, 6, 6, 6, 7, 7, 7, 6, 6, 7, 7, 8, 8, 7, 7, 7, 6, 7, 7, 7, 7, 8, 7, 7, 7, 6, 7, 7, 8, 7, 7, 7, 6, 7, 6, 7, 7, 7, 7, 7, 7, 7, 7, 6, 7, 7, 6, 7, 8, 6, 6, 7, 7, 7, 7, 6, 6, 6, 6, 7, 7, 6, 6, 6, 7, 7, 7, 7, 7, 7, 6, 7, 7, 7, 6, 7, 6, 7, 7, 7, 7, 6, 7, 6, 6, 7, 7, 7, 6, 6, 7, 6, 7, 7, 6, 6, 7, 7, 6, 6, 7, 7, 6, 7, 6, 6, 6, 7, 6, 7, 7, 7, 7, 7, 7, 7, 7, 6, 7, 6, 7, 6, 6, 7, 6, 7, 7, 6, 7, 6, 7, 7, 7, 7, 7, 7, 8, 8, 7, 6, 6, 7, 7, 7, 7, 6, 7, 7, 7, 6, 6, 7, 8, 6, 6, 6, 7, 7, 6, 7, 6, 8, 6, 7, 7, 7, 7, 6, 6, 8, 7, 7, 7, 6, 7, 6, 7, 7, 7, 8, 6, 6, 7, 7, 7, 6, 6, 7, 7, 7, 8, 8, 6, 6, 7, 7, 7, 7, 6, 6, 7, 7, 7, 6, 7, 7, 7, 6, 6, 7, 6, 7, 7, 7, 8, 7, 8, 6, 8, 7, 6, 6, 7, 7, 7, 7, 7, 6, 7, 7, 7, 8, 7, 7, 7, 7, 7, 7, 8, 8, 7, 6, 8, 8, 7, 7, 6, 6, 7, 6, 6, 7, 6, 7, 7, 6, 7, 7, 7, 7, 7, 7, 7, 7, 7, 6, 6, 6, 6, 7, 7, 6, 6, 7, 6, 6, 7, 7, 6, 7, 7, 6, 7, 7, 6, 7, 7, 6, 6, 6, 7, 7, 6, 7, 7, 7, 7, 6, 6, 6, 7, 6, 6, 6, 7, 6, 6, 7, 7, 6, 7, 7, 7, 7, 7, 8, 7, 7, 7, 7, 6, 6, 7, 7, 7, 7, 6, 7, 6, 7, 7, 8, 8, 7, 8, 7, 6, 7, 8, 7, 6, 7, 6, 7, 8, 7, 8, 8, 8, 7, 7, 7, 6, 7, 6, 7, 7, 7, 7, 7, 8, 7, 8, 7, 7, 6, 8, 7, 6, 8, 6, 7, 8, 7, 7, 6, 6, 6, 6, 7, 6, 7, 7, 7, 7, 7, 7, 7, 8, 7, 7, 7, 7, 7, 7, 6, 7, 6, 6, 7, 7, 7, 7, 6, 7, 7, 6, 6, 6, 6, 6, 7, 7, 7, 7, 7, 7, 7, 7, 7, 7, 6, 7, 6, 7, 7, 6, 7, 6, 6, 7, 6, 6, 7, 7, 7, 7, 6, 7, 6, 7, 7, 7, 7, 7, 7, 6, 6, 7, 7, 7, 7, 7, 7, 7, 7, 7, 8, 7, 6, 7, 7, 7, 7, 7, 7, 6, 7, 7, 7, 7, 6, 6, 7, 7, 7, 6, 7, 7, 7, 7, 6, 7, 7, 6, 7, 6, 6, 7, 7, 6, 6, 7, 6, 6, 7, 7, 6, 7, 7, 6, 6, 7, 7, 7, 6, 7, 7, 7, 7, 6, 6, 7, 6, 6, 7, 7, 7, 7, 7, 7, 6, 7, 7, 7, 7, 7, 6, 6, 6, 6, 6, 7, 6, 7, 6, 7, 6, 6, 7, 6, 6, 7, 6, 7, 7, 7, 7, 7, 6, 6, 6, 6, 6, 7, 7, 7, 7, 6, 7, 8, 6, 6, 7, 7, 7, 7, 7, 7, 7, 6, 6, 8, 7, 7, 6, 8, 6, 7, 7, 7, 6, 7, 6, 7, 7, 7, 7, 6, 8, 7, 7, 7, 7, 6, 7, 6, 6, 7, 7, 8, 6, 8, 6, 6, 6, 7, 7, 8, 7, 7, 7, 7, 6, 8, 7, 6, 6, 7, 7, 6, 7, 7, 7, 6, 7, 6, 7, 7, 6, 6, 8, 6, 6, 7, 7, 7, 7, 7, 7, 6, 7, 7, 7, 6, 6, 7, 6, 6, 7, 7, 7, 7, 7, 6, 7, 7, 7, 6, 7, 6, 6, 8, 7, 6, 7, 7, 7, 6, 7, 7, 7, 6, 6, 6, 7, 7, 7, 7, 7, 6, 7, 7, 6, 7, 6, 7, 7, 7, 7, 7, 6, 6, 7, 6, 7, 7, 7, 6, 7, 6, 6, 7, 6, 7, 8, 8, 7, 7, 6, 6, 7, 6, 7, 8, 7, 7, 7, 8, 7, 7, 7, 7, 7, 7, 7, 7, 7, 7, 7, 7, 7, 7, 7, 7, 6, 7, 7, 6, 6, 6, 7, 7, 7, 6, 7, 7, 7, 7, 6, 7, 6, 7, 7, 7, 7, 6, 7, 6, 7, 6, 7, 6, 7, 6, 6, 6, 7, 6, 7, 7, 6, 7, 7, 6, 6, 7, 6, 6, 7, 7, 7, 6, 7, 6, 6, 7, 6, 6, 6, 7, 7, 7, 7, 6, 7, 7, 7, 6, 7, 6, 7, 6, 7, 6, 6, 6, 6, 6, 7, 6, 7, 6, 7, 7, 7, 6, 6, 6, 6, 7, 6, 6, 6, 6, 6, 6, 7, 7, 6, 7, 7, 7, 7, 7, 6, 7, 6, 6, 7, 6, 7, 7, 7, 7, 7, 6, 6, 7, 6, 7, 6, 6, 7, 6, 7, 6, 7, 7, 7, 7, 7, 7, 7, 6, 7, 7, 7, 7, 6, 6, 7, 7, 6, 7, 7, 7, 7, 7, 8, 7, 6, 7, 6, 8, 8, 7, 6, 7, 6, 6, 6, 6, 7, 7, 6, 6, 6, 7, 7, 6, 6, 6, 6, 7, 7, 7, 7, 6, 6, 7, 6, 7, 7, 6, 6, 8, 7, 6, 6, 7, 7, 7, 7, 7, 7, 7, 7, 6, 7, 7, 7, 7, 7, 7, 7, 7, 7, 7, 7, 7, 7, 8, 7, 7, 7, 7, 7, 7, 7, 6, 7, 7, 7, 8, 7, 7, 6, 7, 7, 7, 7, 7, 7, 8, 8, 8, 7, 8, 7, 7, 7, 6, 7, 7, 6, 6, 7, 6, 7, 7, 7, 7, 7, 6, 7, 7, 6, 6, 6, 6, 7, 8, 7, 7, 7, 7, 7, 6, 6, 7, 7, 8, 6, 7, 8, 7, 7, 7, 6, 7, 7, 7, 8, 6, 6, 7, 7, 7, 7, 7, 6, 7, 7, 7, 7, 6, 6, 7, 6, 6, 7, 6, 7, 6, 6, 8, 6, 6, 7, 7, 7, 7, 7, 8, 7, 7, 8, 7, 7, 7, 7, 7, 7, 6, 8, 8, 7, 7, 7, 7, 8, 7, 7, 7, 7, 7, 7, 7, 6, 7, 7, 7, 6, 7, 6, 6, 7, 6, 6, 7, 8, 8, 6, 7, 6, 7, 6, 7, 7, 7, 7, 7, 7, 7, 7, 7, 7, 8, 8, 7, 6, 8, 7, 7, 8, 7, 7, 7, 7, 7, 8, 7, 6, 7, 7, 7, 7, 7, 7, 6, 7, 7, 8, 7, 7, 8, 7, 7, 8, 7, 6, 7, 7, 6, 7, 7, 7, 6, 6, 7, 7, 7, 7, 7, 7, 6, 6, 7, 7, 6, 6, 7, 7, 7, 8, 7, 6, 8, 6, 7, 6, 7, 6, 6, 7, 7, 6, 7, 7, 7, 8, 7, 7, 7, 6, 7, 7, 6, 6, 6, 7, 7, 7, 7, 8, 7, 8, 8, 6, 6, 7, 7, 6, 7, 7, 7, 7, 7, 7, 6, 7, 7, 6, 7, 7, 7, 6, 8, 7, 6, 7, 6, 8, 7, 7, 7, 6, 6, 6, 6, 7, 6, 7, 6, 7, 6, 6, 7, 7, 6, 7, 6, 7, 7, 6, 6, 6, 6, 7, 7, 7, 7, 6, 7, 7, 6, 6, 7, 7, 6, 7, 7, 7, 6, 7, 7, 7, 7, 6, 7, 7, 7, 7, 7, 7, 7, 7, 7, 7, 7, 7, 7, 6, 6, 7, 7, 7, 7, 7, 8, 8, 7, 8, 7, 7, 7, 6, 7, 7, 7, 7, 8, 7, 7, 7, 7, 7, 7, 7, 7, 7, 8, 7, 7, 7, 7, 7, 7, 7, 6, 6, 6, 7, 7, 6, 6, 7, 7, 7, 7, 7, 7, 7, 6, 7, 7, 7, 7, 7, 6, 8, 7, 7, 8, 7, 7, 7, 7, 6, 7, 6, 8, 7, 7, 7, 6, 7, 7, 6, 7, 7, 7, 7, 6, 8, 6, 6, 7, 6, 6, 6, 7, 8, 7, 7, 6, 7, 6, 7, 7, 7, 7, 7, 7, 8, 7, 7, 6, 7, 7, 6, 7, 7, 7, 7, 7, 7, 7, 7, 7, 7, 6, 7, 6, 7, 8, 8, 7, 7, 6, 7, 7, 7, 6, 7, 7, 7, 7, 7, 7, 6, 7, 7, 7, 7, 6, 7, 7, 7, 7, 6, 6, 7, 6, 6, 6, 7, 7, 6, 6, 7, 6, 7, 8, 7, 7, 6, 6, 7, 6, 8, 7, 6, 7, 7, 6, 7, 6, 7, 6, 7, 7, 7, 6, 7, 7, 7, 6, 7, 6, 7, 7, 6, 7, 7, 7, 6, 6, 7, 6, 6, 6, 7, 7, 7, 7, 6, 7, 6, 7, 7, 7, 7, 7, 7, 6, 7, 7, 7, 7, 6, 7, 7, 6, 7, 7, 7, 7, 6, 6, 6, 7, 6, 6, 7, 7, 7, 7, 6, 6, 6, 6, 6, 7, 6, 7, 6, 6, 7, 7, 8, 7, 6, 6, 7, 6, 7, 7, 6, 7, 7, 6, 7, 6, 7, 7, 8, 7, 6, 6, 7, 7, 7, 6, 7, 7, 7, 7, 7, 6, 7, 6, 7, 6, 6, 7, 7, 6, 7, 6, 7, 6, 6, 7, 6, 7, 7, 7, 7, 7, 7, 6, 7, 6, 7, 6, 7, 7, 7, 7, 6, 7, 7, 7, 6, 8, 7, 7, 7, 8, 7, 6, 6, 6, 8, 7, 6, 6, 7, 7, 6, 6, 7, 7, 7, 8, 8, 7, 7, 7, 6, 7, 7, 7, 7, 7, 6, 6, 7, 7, 7, 6, 6, 6, 7, 7, 7, 6, 7, 7, 7, 7, 7, 7, 7, 7, 7, 7, 7, 7, 6, 7, 7, 7, 6, 7, 7, 6, 6, 6, 7, 7, 6, 6, 7, 7, 6, 7, 6, 6, 7, 6, 7, 7, 6, 6, 7, 7, 6, 7, 6, 6, 6, 7, 7, 6, 6, 7, 6, 7, 8, 8, 6, 7, 8, 7, 7, 7, 7, 6, 7, 7, 6, 8, 7, 7, 7, 7, 6, 7, 7, 6, 6, 6, 7, 7, 7, 6, 7, 7, 7, 6, 6, 6, 7, 6, 6, 7, 7, 7, 7, 7, 7, 6, 7, 6, 7, 6, 6, 6, 6, 7, 7, 6, 7, 6, 7, 7, 7, 7, 7, 7, 7, 6, 7, 7, 7, 6, 7, 7, 7, 7, 7, 7, 7, 7, 6, 6, 6, 7, 6, 6, 6, 6, 7, 7, 7, 7, 7, 6, 7, 7, 7, 7, 7, 6, 6, 6, 6, 7, 6, 6, 7, 6, 7, 7, 7, 6, 7, 6, 6, 6, 6, 6, 7, 8, 7, 6, 7, 7, 6, 7, 6, 7, 8, 7, 7, 6, 6, 7, 6, 6, 7, 7, 6, 6, 6, 7, 7, 7, 7, 7, 6, 7, 6, 6, 6, 7, 7, 7, 7, 7, 7, 7, 7, 6, 6, 6, 7, 7, 7, 7, 6, 6, 7, 7, 6, 7, 7, 7, 8, 8, 7, 7, 7, 8, 6, 6, 6, 7, 7, 7, 6, 8, 8, 8, 8, 8, 7, 6, 6, 7, 6, 6, 7, 7, 8, 8, 6, 7, 7, 7, 6, 7, 8, 6, 6, 7, 7, 6, 7, 7, 6, 6, 6, 7, 7, 7, 7, 6, 6, 7, 7, 6, 7, 6, 7, 7, 6, 6, 7, 7, 7, 6, 7, 7, 7, 7, 7, 7, 6, 6, 6, 7, 6, 7, 7, 7, 7, 7, 6, 7, 7, 6, 7, 7, 6, 7, 7, 7, 6, 6, 7, 6, 7, 7, 7, 8, 7, 7, 7, 6, 7, 7, 6, 7, 6, 7, 6, 7, 7, 6, 7, 7, 7, 7, 7, 6, 7, 8, 7, 7, 7, 7, 6, 6, 7, 7, 7, 6, 7, 7, 7, 6, 7, 7, 7, 7, 7, 7, 8, 8, 6, 7, 6, 7, 7, 7, 7, 7, 7, 6, 7, 7, 7, 7, 8, 6, 6, 7, 8, 7, 6, 7, 7, 6, 8, 7, 7, 6, 6, 7, 7, 7, 7, 7, 6, 7, 7, 7, 7, 7, 7, 6, 7, 6, 7, 7, 6, 6, 8, 6, 6, 7, 7, 7, 7, 7, 6, 7, 6, 7, 7, 7, 6, 7, 7, 7, 7, 6, 6, 6, 7, 7, 7, 7, 7, 6, 7, 6, 7, 7, 6, 7, 7, 6, 7, 6, 8, 7, 7, 6, 6, 7, 7, 7, 6, 7, 7, 7, 7, 7, 7, 6, 6, 7, 7, 7, 6, 7, 7, 7, 7, 6, 7, 6, 7, 6, 7, 7, 6, 7, 7, 6, 6, 6, 7, 6, 7, 6, 7, 8, 7, 7, 7, 6, 7, 7, 6, 6, 8, 7, 8, 8, 8, 7, 6, 6, 7, 7, 7, 6, 7, 7, 7, 7, 7, 7, 7, 7, 7, 6, 6, 8, 7, 6, 6, 6, 7, 7, 8, 7, 6, 7, 7, 7, 7, 6, 7, 7, 7, 7, 7, 7, 8, 6, 6, 7, 7, 6, 7, 7, 6, 6, 7, 7, 7, 6, 6, 6, 7, 6, 6, 7, 7, 6, 7, 7, 7, 6, 7, 7, 6, 6, 6, 7, 7, 6, 7, 7, 7, 6, 7, 7, 6, 6, 6, 7, 7, 6, 7, 7, 7, 6, 8, 6, 7, 7, 7, 7, 6, 8, 8, 6, 7, 6, 7, 7, 6, 7, 6, 7, 6, 7, 7, 7, 6, 7, 6, 6, 7, 6, 6, 6, 7, 6, 7, 7, 7, 6, 7, 8, 7, 7, 7, 6, 7, 7, 8, 6, 6, 6, 7, 6, 6, 6, 7, 7, 7, 6, 8, 6, 7, 7, 7, 7, 7, 6, 6, 6, 7, 6, 7, 7, 6, 7, 7, 7, 6, 7, 6, 7, 7, 6, 6, 6, 7, 7, 7, 7, 7, 7, 7, 6, 6, 6, 6, 7, 7, 6, 7, 6, 7, 6, 6, 7, 7, 7, 7, 7, 7, 7, 7, 7, 7, 6, 6, 7, 6, 6, 7, 7, 7, 6, 6, 7, 7, 7, 7, 7, 7, 6, 7, 6, 7, 7, 7, 6, 8, 6, 7, 6, 6, 7, 7, 6, 7, 7, 7, 6, 6, 7, 6, 7, 6, 6, 7, 7, 6, 7, 6, 6, 6, 7, 7, 7, 6, 7, 6, 7, 7, 7, 7, 6, 6, 7, 6, 7, 8, 7, 7, 7, 7, 7, 6, 7, 7, 6, 6, 8, 7, 7, 6, 7, 6, 7, 7, 6, 6, 7, 7, 6, 6, 6, 7, 7, 7, 7, 7, 6, 7, 7, 6, 6, 6, 6, 6, 7, 7, 7, 7, 8, 7, 7, 7, 7, 6, 6, 6, 7, 7, 7, 6, 7, 8, 6, 7, 7, 6, 7, 6, 7, 8, 6, 7, 7, 7, 7, 7, 7, 7, 8, 8, 7, 7, 6, 7, 7, 7, 6, 7, 7, 6, 7, 8, 8, 6, 7, 7, 7, 6, 7, 7, 6, 7, 7, 7, 7, 7, 7, 7, 6, 7, 6, 7, 7, 7, 7, 7, 7, 6, 7, 6, 7, 6, 7, 6, 7, 7, 7, 7, 7, 7, 6, 6, 7, 7, 6, 7, 7, 7, 6, 7, 7, 7, 7, 7, 7, 6, 6, 7, 6, 6, 6, 6, 6, 7, 7, 7, 7, 7, 6, 7, 7, 7, 6, 6, 7, 6, 7, 7, 6, 7, 7, 7, 7, 7, 6, 6, 6, 7, 7, 7, 7, 8, 7, 6, 7, 7, 7, 6, 7, 7, 7, 7, 6, 7, 7, 7, 7, 6, 7, 6, 6, 6, 6, 6, 7, 6, 6, 6, 7, 6, 7, 6, 6, 7, 7, 7, 7, 7, 6, 7, 7, 7, 7, 6, 6, 7, 7, 7, 7, 6, 7, 6, 7, 7, 7, 7, 7, 7, 6, 7, 6, 7, 7, 6, 8, 7, 6, 7, 7, 7, 7, 6, 7, 6, 7, 7, 7, 6, 6, 7, 7, 8, 6, 7, 6, 6, 7, 6, 6, 7, 6, 7, 7, 7, 8, 6, 7, 6, 7, 6, 8, 6, 6, 6, 7, 7, 7, 7, 7, 6, 7, 6, 6, 7, 7, 6, 7, 7, 7, 8, 7, 7, 6, 6, 7, 6, 7, 7, 6, 7, 7, 7, 6, 7, 7, 6, 7, 6, 7, 7, 6, 6, 8, 7, 7, 6, 7, 6, 6, 6, 7, 6, 7, 6, 7, 8, 8, 7, 6, 7, 7, 6, 6, 6, 7, 7, 7, 7, 7, 6, 7, 6, 7, 7, 7, 7, 6, 7, 7, 6, 7, 7, 7, 6, 6, 6, 6, 7, 7, 6, 7, 7, 6, 7, 6, 6, 7, 7, 6, 7, 7, 6, 6, 7, 7, 7, 7, 6, 7, 6, 6, 7, 6, 6, 6, 7, 7, 7, 7, 6, 6, 7, 6, 7, 7, 7, 6, 6, 6, 6, 6, 7, 7, 7, 7, 7, 6, 6, 6, 7, 6, 7, 7, 7, 7, 6, 7, 7, 6, 7, 8, 7, 7, 7, 6, 7, 6, 7, 6, 7, 7, 8, 7, 8, 7, 6, 6, 6, 7, 6, 7, 7, 7, 6, 6, 6, 7, 6, 7, 6, 7, 7, 7, 7, 6, 6, 7, 6, 7, 7, 7, 6, 6, 6, 6, 7, 6, 7, 7, 6, 6, 6, 7, 7, 7, 7, 7, 6, 8, 7, 8, 7, 7, 7, 7, 7, 6, 7, 6, 6, 7, 7, 7, 6, 6, 7, 6, 7, 6, 6, 7, 7, 7, 7, 6, 6, 6, 6, 7, 6, 6, 7, 6, 7, 7, 6, 7, 7, 7, 7, 7, 7, 7, 7, 6, 7, 7, 7, 6, 6, 6, 6, 7, 6, 7, 7, 7, 6, 7, 6, 7, 6, 6, 6, 7, 7, 6, 6, 7, 7, 7, 7, 6, 7, 6, 6, 6, 7, 7, 7, 7, 7, 6, 6, 6, 6, 6, 6, 6, 6, 6, 6, 7, 6, 7, 7, 6, 6, 7, 6, 7, 6, 6, 7, 6, 7, 6, 7, 7, 6, 7, 7, 6, 7, 7, 6, 7, 6, 7, 7, 7, 7, 7, 7, 8, 6, 7, 6, 7, 7, 6, 8, 6, 6, 7, 6, 7, 6, 6, 8, 7, 7, 7, 6, 6, 6, 7, 6, 6, 7, 7, 7, 7, 7, 6, 7, 6, 7, 6, 7, 7, 7, 7, 7, 6, 6, 7, 7, 7, 7, 6, 7, 7, 6, 8, 7, 7, 7, 7, 7, 7, 7, 8, 7, 7, 7, 7, 6, 6, 6, 6, 6, 6, 6, 7, 7, 7, 8, 6, 6, 7, 6, 6, 7, 7, 7, 6, 7, 6, 6, 7, 7, 6, 7, 6, 7, 6, 7, 7, 8, 6, 6, 6, 8, 8, 6, 6, 6, 6, 7, 7, 6, 6, 6, 7, 7, 6, 7, 6, 7, 7, 7, 7, 6, 7, 6, 6, 7, 7, 7, 7, 7, 6, 6, 7, 8, 7, 7, 6, 7, 7, 6, 7, 6, 7, 7, 7, 8, 8, 8, 6, 6, 6, 6, 6, 7, 7, 7, 7, 7, 7, 7, 7, 6, 7, 7, 7, 6, 7, 7, 7, 7, 6, 7, 7, 7, 8, 7, 6, 7, 6, 6, 7, 7, 6, 7, 7, 6, 7, 7, 8, 7, 7, 8, 8, 7, 6, 7, 7, 7, 7, 8, 7, 7, 7, 8, 8, 8, 8, 8, 7, 8, 7, 7, 8, 8, 7, 7, 7, 6, 7, 7, 7, 7, 7, 6, 8, 7, 6, 7, 6, 7, 8, 7, 7, 6, 7, 8, 8, 8, 7, 8, 7, 7, 7, 7, 8, 6, 7, 6, 7, 6, 7, 7, 7, 7, 7, 7, 6, 6, 6, 7, 7, 7, 6, 6, 6, 6, 7, 6, 7, 6, 7, 7, 7, 7, 6, 6, 6, 7, 7, 7, 7, 7, 8, 7, 7, 7, 7, 7, 7, 7, 7, 7, 8, 8, 7, 7, 7, 7, 7, 7, 6, 6, 6, 6, 6, 7, 7, 7, 7, 7, 7, 7, 6, 7, 7, 7, 7, 7, 7, 8, 8, 7, 7, 7, 7, 6, 6, 8, 7, 7, 7, 7, 6, 7, 7, 7, 6, 7, 7, 7, 7, 7, 7, 6, 7, 7, 7, 6, 7, 6, 7, 7, 7, 7, 6, 7, 6, 6, 7, 7, 6, 6, 7, 7, 6, 7, 7, 7, 7, 7, 7, 7, 7, 6, 6, 6, 7, 7, 7, 7, 6, 6, 6, 7, 7, 7, 7, 6, 7, 7, 7, 7, 6, 6, 6, 6, 7, 6, 7, 7, 7, 6, 7, 7, 7, 6, 7, 7, 6, 6, 7, 7, 8, 7, 7, 7, 7, 7, 7, 7, 7, 7, 6, 6, 7, 7, 7, 6, 7, 7, 8, 7, 7, 7, 7, 7, 6, 7, 6, 6, 6, 6, 7, 6, 7, 6, 7, 6, 7, 6, 7, 6, 6, 7, 6, 8, 6, 7, 6, 7, 7, 7, 8, 7, 7, 7, 7, 7, 6, 7, 7, 7, 7, 7, 7, 6, 6, 7, 7, 7, 7, 7, 7, 6, 7, 7, 7, 7, 7, 7, 7, 7, 7, 7, 7, 8, 6, 8, 7, 7, 8, 8, 7, 7, 7, 7, 7, 7, 7, 7, 6, 7, 6, 6, 6, 7, 7, 7, 7, 6, 7, 6, 7, 7, 7, 6, 7, 6, 6, 6, 7, 6, 7, 6, 7, 6, 7, 6, 7, 6, 6, 7, 7, 8, 7, 7, 6, 7, 7, 7, 7, 7, 7, 7, 6, 6, 7, 7, 7, 7, 8, 6, 6, 6, 7, 7, 7, 6, 6, 7, 7, 7, 7, 6, 7, 7, 7, 7, 7, 7, 7, 7, 7, 6, 6, 7, 7, 7, 6, 8, 7, 7, 7, 8, 6, 7, 7, 7, 8, 6, 7, 7, 6, 6, 7, 7, 7, 7, 7, 6, 6, 7, 7, 7, 7, 7, 7, 7, 6, 7, 7, 7, 7, 7, 6, 7, 7, 7, 6, 7, 7, 7, 7, 6, 6, 7, 7, 7, 7, 6, 7, 7, 7, 7, 7, 7, 7, 8, 6, 7, 7, 8, 7, 7, 7, 7, 7, 7, 7, 7, 6, 7, 7, 7, 7, 6, 7, 6, 7, 7, 7, 6, 7, 6, 7, 7, 7, 7, 7, 6, 8, 6, 6, 7, 7, 7, 7, 8, 7, 7, 7, 6, 7, 7, 7, 6, 7, 7, 7, 7, 7, 7, 7, 6, 7, 7, 7, 6, 7, 6, 7, 6, 6, 7, 7, 7, 7, 7, 7, 7, 7, 7, 7, 6, 7, 7, 7, 6, 7, 7, 7, 7, 7, 6, 7, 6, 7, 7, 6, 7, 6, 7, 6, 6, 6, 7, 7, 6, 7, 7, 7, 7, 6, 6, 6, 7, 6, 7, 6, 6, 6, 7, 7, 7, 6, 7, 8, 7, 7, 7, 7, 6, 7, 7, 7, 7, 7, 6, 7, 7, 7, 7, 6, 6, 6, 7, 8, 7, 6, 7, 7, 7, 6, 7, 6, 7, 7, 7, 7, 7, 6, 6, 7, 7, 6, 6, 8, 8, 6, 7, 7, 7, 6, 8, 6, 8, 7, 8, 6, 6, 7, 6, 6, 7, 6, 9, 7, 7, 7, 7, 6, 7, 6, 7, 7, 6, 6, 6, 7, 8, 7, 6, 6, 7, 7, 7, 7, 6, 7, 7, 6, 6, 7, 6, 7, 7, 6, 7, 6, 7, 6, 7, 7, 6, 7, 6, 7, 7, 7, 6, 6, 7, 7, 7, 7, 6, 7, 7, 7, 7, 7, 7, 7, 7, 7, 7, 7, 7, 8, 8, 7, 7, 6, 6, 6, 7, 7, 8, 7, 7, 7, 7, 6, 7, 6, 6, 9, 7, 7, 7, 7, 7, 7, 7, 6, 7, 8, 6, 7, 7, 7, 7, 7, 7, 7, 8, 8, 7, 8, 7, 8, 6, 10, 8, 10, 9, 8, 10, 9, 9, 7, 10, 7, 8, 10, 7, 10, 7, 10, 10, 10, 10, 9, 7, 7, 7, 8, 7, 7, 7, 9, 8, 8, 7, 7, 6, 7, 6, 8, 7, 7, 7, 7, 7, 7, 7, 7, 7, 7, 6, 7, 7, 6, 6, 6, 7, 7, 7, 8, 7, 7, 6, 7, 7, 7, 7, 7, 7, 6, 7, 6, 7, 7, 7, 7, 6, 8, 7, 6, 7, 7, 7, 7, 6, 7, 6, 6, 6, 7, 7, 7, 6, 7, 7, 7, 6, 7, 7, 7, 6, 7, 7, 7, 7, 7, 7, 6, 7, 6, 7, 6, 7, 6, 7, 7, 7, 7, 7, 7, 7, 7, 7, 7, 7, 7, 6, 7, 6, 7, 7, 7, 7, 6, 7, 6, 6, 7, 6, 7, 7, 7, 6, 6, 7, 7, 7, 7, 7, 7, 6, 6, 7, 6, 7, 6, 6, 6, 7, 7, 7, 7, 7, 6, 7, 7, 6, 7, 7, 7, 7, 7, 7, 7, 7, 7, 7, 7, 8, 7, 8, 6, 7, 7, 6, 7, 8, 7, 6, 7, 7, 6, 7, 7, 6, 7, 7, 7, 7, 7, 7, 7, 6, 7, 6, 7, 8, 7, 7, 8, 7, 6, 7, 7, 7, 7, 7, 6, 6, 7, 7, 7, 6, 7, 7, 7, 6, 7, 7, 8, 7, 7, 7, 7, 7, 7, 7, 7, 8, 6, 7, 6, 7, 6, 6, 7, 7, 6, 7, 7, 6, 6, 7, 7, 6, 7, 7, 7, 7, 6, 7, 6, 6, 7, 7, 6, 7, 7, 7, 7, 7, 7, 7, 6, 7, 7, 8, 6, 6, 6, 7, 6, 6, 8, 7, 7, 7, 7, 7, 7, 7, 6, 7, 6, 6, 7, 7, 7, 7, 6, 7, 7, 6, 7, 7, 7, 6, 6, 6, 7, 6, 7, 8, 6, 7, 6, 6, 7, 7, 6, 7, 7, 8, 7, 8, 6, 7, 7, 7, 7, 6, 6, 6, 7, 6, 6, 6, 7, 7, 6, 6, 7, 7, 7, 6, 6, 6, 7, 6, 7, 7, 6, 6, 7, 6, 7, 7, 6, 6, 7, 7, 7, 6, 7, 7, 7, 6, 8, 7, 6, 6, 7, 7, 7, 7, 7, 7, 7, 7, 7, 6, 6, 6, 6, 7, 8, 6, 7, 7, 6, 7, 6, 6, 6, 7, 6, 6, 7, 7, 7, 7, 6, 7, 7, 8, 7, 7, 7, 6, 7, 7, 7, 6, 7, 7, 6, 6, 7, 7, 7, 7, 6, 6, 6, 7, 7, 7, 7, 7, 6, 6, 7, 7, 6, 7, 7, 7, 6, 6, 7, 7, 7, 6, 7, 6, 7, 6, 7, 6, 7, 6, 7, 8, 8, 6, 7, 7, 7, 6, 6, 7, 6, 6, 7, 7, 7, 7, 7, 7, 6, 6, 7, 7, 6, 6, 7, 7, 6, 6, 8, 7, 7, 8, 7, 7, 7, 7, 6, 7, 7, 6, 7, 7, 7, 7, 6, 7, 6, 6, 7, 8, 7, 7, 7, 6, 7, 6, 7, 7, 6, 7, 6, 7, 6, 7, 7, 7, 6, 7, 7, 6, 7, 7, 7, 6, 6, 6, 7, 6, 6, 6, 8, 7, 7, 6, 6, 6, 8, 6, 6, 7, 7, 7, 7, 6, 7, 7, 7, 6, 7, 6, 6, 6, 7, 7, 7, 7, 8, 7, 6, 6, 7, 6, 8, 6, 6, 7, 6, 7, 7, 6, 7, 6, 7, 6, 7, 7, 8, 6, 7, 6, 7, 8, 7, 7, 8, 6, 7, 6, 7, 7, 6, 6, 7, 7, 7, 7, 8, 6, 7, 7, 7, 7, 8, 7, 7, 6, 7, 7, 7, 7, 6, 7, 7, 7, 8, 6, 6, 7, 7, 6, 7, 7, 8, 6, 7, 7, 6, 8, 7, 6, 7, 6, 6, 6, 6, 7, 7, 7, 7, 7, 6, 6, 6, 6, 7, 6, 7, 7, 7, 8, 7, 8, 6, 7, 6, 7, 7, 7, 6, 6, 7, 7, 6, 7, 6, 7, 7, 7, 6, 7, 7, 6, 6, 6, 7, 7, 6, 7, 8, 6, 7, 6, 7, 6, 7, 6, 6, 7, 7, 6, 6, 7, 7, 7, 6, 6, 7, 6, 7, 7, 6, 6, 7, 8, 7, 7, 8, 7, 7, 7, 7, 7, 6, 6, 7, 6, 7, 7, 6, 7, 7, 6, 7, 7, 8, 7, 7, 7, 7, 6, 7, 7, 7, 6, 7, 6, 7, 7, 6, 7, 6, 6, 7, 9, 7, 7, 7, 7, 7, 8, 6, 6, 7, 7, 6, 7, 6, 7, 7, 7, 7, 7, 6, 7, 6, 6, 7, 7, 7, 8, 8, 8, 8, 8, 8, 7, 7, 7, 7, 6, 8, 7, 7, 7, 6, 7, 7, 8, 8, 7, 7, 8, 7, 7, 7, 7, 8, 7, 7, 7, 6, 7, 7, 6, 7, 7, 6, 7, 6, 7, 7, 7, 8, 7, 7, 7, 7, 7, 7, 6, 7, 7, 9, 7, 7, 6, 7, 7, 8, 7, 7, 7, 7, 6, 6, 7, 7, 8, 8, 7, 6, 7, 8, 7, 7, 8, 6, 7, 7, 7, 7, 7, 8, 8, 8, 7, 6, 7, 7, 6, 8, 6, 7, 7, 6, 7, 6, 6, 8, 7, 7, 7, 7, 6, 7, 7, 7, 8, 6, 7, 7, 6, 8, 7, 7, 7, 8, 7, 6, 8, 7, 7, 7, 7, 7, 6, 7, 7, 7, 6, 7, 6, 7, 6, 7, 7, 7, 6, 7, 8, 6, 6, 6, 6]

################################################################
################################################################
################### process_jail_list: ######################

[7, 7, 6, 7, 6, 6, 7, 7, 7, 6, 6, 6, 7, 6, 6, 6, 6, 6, 6, 7, 6, 6, 6, 6, 7, 7, 7, 6, 7, 7, 6, 7, 6, 6, 7, 6, 7, 7, 6, 6, 6, 6, 6, 6, 6, 6, 6, 7, 7, 7, 5, 6, 6, 6, 6, 6, 6, 6, 6, 6, 6, 6, 6, 7, 6, 5, 5, 6, 6, 6, 6, 5, 6, 5, 6, 6, 6, 6, 5, 6, 6, 6, 6, 6, 6, 6, 5, 6, 6, 6, 7, 6, 7, 5, 7, 6, 6, 5, 6, 6, 5, 6, 6, 6, 6, 5, 6, 6, 6, 6, 6, 5, 5, 6, 6, 6, 6, 6, 6, 6, 6, 6, 6, 6, 7, 6, 6, 6, 6, 6, 6, 5, 6, 6, 6, 5, 7, 6, 6, 6, 6, 6, 6, 6, 6, 6, 6, 6, 6, 6, 6, 6, 5, 6, 6, 5, 6, 6, 6, 7, 7, 6, 6, 6, 6, 6, 5, 6, 6, 7, 6, 6, 7, 6, 6, 6, 6, 6, 6, 6, 6, 6, 6, 6, 6, 6, 6, 6, 6, 7, 6, 7, 6, 6, 7, 6, 7, 6, 6, 6, 6, 6, 6, 6, 6, 6, 6, 6, 6, 6, 6, 6, 6, 6, 6, 6, 7, 6, 7, 5, 6, 6, 5, 6, 6, 6, 6, 6, 6, 6, 6, 6, 6, 7, 6, 6, 6, 7, 7, 6, 6, 6, 7, 6, 6, 7, 7, 6, 6, 7, 7, 7, 6, 7, 6, 6, 6, 5, 6, 6, 6, 6, 6, 6, 7, 7, 7, 6, 6, 6, 6, 6, 6, 6, 6, 6, 6, 6, 7, 6, 5, 6, 5, 6, 6, 6, 5, 7, 6, 7, 7, 7, 6, 6, 6, 6, 6, 5, 6, 6, 6, 6, 5, 6, 6, 6, 6, 6, 6, 6, 6, 6, 6, 6, 6, 6, 6, 6, 6, 6, 6, 5, 6, 5, 7, 6, 6, 6, 6, 6, 6, 6, 6, 6, 6, 6, 6, 6, 6, 6, 6, 5, 5, 6, 6, 6, 6, 6, 5, 6, 6, 6, 5, 6, 6, 6, 6, 6, 6, 6, 6, 6, 5, 6, 6, 6, 6, 6, 6, 6, 6, 6, 6, 6, 6, 6, 6, 5, 6, 5, 5, 6, 5, 6, 6, 6, 6, 5, 6, 6, 6, 5, 6, 5, 6, 6, 6, 6, 6, 6, 6, 6, 6, 6, 5, 6, 6, 6, 6, 7, 6, 5, 6, 6, 6, 7, 6, 7, 6, 6, 6, 5, 6, 6, 6, 6, 6, 6, 7, 6, 5, 6, 6, 6, 6, 7, 6, 6, 7, 5, 5, 6, 6, 6, 6, 7, 6, 7, 6, 7, 7, 6, 6, 6, 6, 6, 6, 6, 6, 5, 6, 7, 6, 6, 7, 7, 6, 7, 6, 6, 6, 6, 6, 7, 7, 7, 7, 7, 6, 6, 6, 6, 5, 7, 6, 7, 7, 6, 7, 6, 7, 6, 6, 7, 7, 6, 7, 7, 7, 6, 6, 6, 6, 6, 6, 5, 6, 5, 6, 6, 6, 6, 6, 7, 6, 6, 5, 6, 6, 6, 6, 7, 6, 6, 6, 6, 6, 6, 7, 6, 6, 6, 6, 5, 6, 6, 7, 7, 5, 6, 6, 6, 7, 6, 6, 5, 6, 5, 6, 6, 6, 7, 6, 6, 6, 6, 6, 6, 6, 6, 6, 6, 6, 6, 6, 6, 6, 7, 7, 6, 6, 7, 6, 6, 6, 6, 6, 6, 6, 6, 6, 6, 6, 7, 6, 6, 6, 6, 6, 6, 6, 7, 6, 7, 6, 7, 6, 7, 6, 5, 6, 6, 6, 5, 6, 6, 6, 5, 7, 6, 7, 6, 6, 6, 5, 6, 5, 6, 6, 6, 6, 6, 5, 6, 6, 6, 6, 6, 6, 5, 6, 5, 6, 6, 6, 6, 6, 6, 6, 6, 6, 6, 6, 6, 6, 6, 5, 6, 6, 6, 5, 6, 6, 7, 6, 6, 6, 6, 6, 6, 6, 6, 6, 6, 6, 6, 6, 6, 6, 6, 6, 7, 6, 6, 6, 6, 6, 6, 6, 6, 6, 7, 6, 5, 6, 6, 6, 6, 6, 6, 6, 6, 6, 7, 5, 6, 6, 6, 5, 6, 6, 6, 5, 6, 6, 5, 6, 6, 6, 6, 6, 7, 7, 6, 6, 6, 6, 6, 6, 6, 6, 6, 6, 6, 5, 5, 6, 6, 7, 7, 6, 7, 6, 6, 6, 6, 6, 7, 6, 6, 6, 5, 6, 6, 6, 6, 6, 7, 7, 7, 6, 7, 7, 6, 6, 6, 6, 7, 6, 5, 6, 7, 7, 7, 6, 6, 6, 6, 6, 6, 6, 6, 5, 7, 6, 6, 6, 6, 6, 7, 8, 7, 6, 6, 6, 6, 7, 6, 6, 5, 6, 6, 6, 6, 6, 6, 6, 5, 5, 6, 6, 7, 6, 7, 6, 6, 6, 6, 6, 6, 7, 6, 7, 7, 7, 7, 6, 6, 5, 7, 6, 7, 6, 6, 6, 6, 6, 6, 6, 6, 6, 6, 6, 5, 6, 6, 6, 6, 6, 6, 6, 6, 5, 6, 6, 6, 6, 6, 6, 6, 6, 6, 6, 6, 5, 6, 6, 6, 6, 6, 5, 6, 6, 6, 6, 6, 6, 6, 6, 6, 6, 6, 6, 6, 6, 6, 6, 6, 6, 6, 7, 6, 6, 6, 6, 6, 6, 6, 5, 7, 6, 6, 6, 5, 6, 6, 6, 6, 5, 6, 6, 6, 6, 6, 6, 5, 7, 7, 6, 6, 6, 6, 6, 7, 5, 6, 7, 6, 7, 6, 6, 6, 6, 6, 6, 6, 6, 6, 6, 6, 6, 5, 6, 7, 7, 5, 6, 6, 6, 6, 6, 6, 6, 6, 6, 6, 6, 6, 6, 6, 6, 6, 6, 6, 7, 6, 6, 6, 6, 6, 6, 6, 5, 6, 6, 6, 6, 6, 7, 6, 7, 7, 6, 6, 7, 5, 5, 6, 6, 7, 5, 6, 6, 6, 6, 6, 6, 7, 6, 5, 6, 6, 6, 6, 6, 6, 6, 6, 6, 6, 6, 6, 6, 6, 6, 6, 6, 6, 6, 6, 6, 6, 7, 7, 6, 6, 6, 6, 6, 6, 5, 5, 6, 6, 6, 6, 6, 6, 6, 6, 6, 7, 7, 6, 6, 5, 6, 7, 7, 6, 6, 6, 6, 7, 6, 6, 6, 6, 6, 6, 6, 6, 6, 6, 5, 6, 7, 5, 7, 5, 6, 6, 5, 6, 6, 6, 6, 6, 6, 6, 6, 6, 6, 6, 6, 7, 6, 6, 6, 5, 6, 5, 6, 6, 6, 6, 6, 6, 7, 7, 6, 7, 7, 6, 6, 6, 6, 7, 6, 5, 7, 5, 6, 6, 6, 7, 5, 6, 6, 6, 6, 6, 7, 6, 6, 6, 5, 6, 6, 6, 6, 6, 7, 6, 6, 6, 6, 6, 6, 6, 7, 7, 6, 6, 6, 6, 6, 6, 6, 6, 6, 5, 6, 6, 6, 6, 6, 6, 6, 6, 6, 6, 7, 6, 6, 5, 5, 6, 6, 6, 6, 6, 6, 6, 6, 6, 6, 7, 7, 7, 6, 5, 6, 7, 7, 6, 7, 6, 6, 7, 7, 6, 6, 6, 7, 7, 6, 6, 6, 5, 6, 6, 6, 6, 5, 6, 6, 6, 7, 6, 7, 6, 6, 6, 6, 6, 6, 6, 5, 6, 6, 5, 6, 6, 6, 6, 6, 7, 6, 6, 6, 6, 6, 6, 6, 5, 6, 6, 6, 6, 6, 6, 6, 6, 6, 6, 6, 6, 6, 5, 5, 6, 5, 5, 6, 6, 6, 6, 6, 6, 6, 6, 5, 6, 6, 6, 7, 6, 5, 6, 6, 5, 7, 5, 7, 7, 6, 6, 6, 6, 6, 6, 6, 6, 7, 6, 6, 6, 6, 7, 6, 7, 7, 6, 6, 6, 6, 6, 6, 6, 6, 6, 6, 6, 5, 6, 6, 6, 6, 5, 7, 5, 6, 6, 6, 6, 6, 6, 6, 6, 6, 7, 7, 6, 7, 5, 6, 6, 7, 6, 7, 6, 6, 6, 7, 6, 6, 7, 6, 6, 6, 7, 6, 6, 6, 6, 6, 6, 6, 6, 6, 6, 7, 6, 6, 6, 6, 6, 6, 6, 6, 6, 6, 6, 7, 6, 7, 6, 6, 7, 6, 7, 7, 6, 6, 6, 6, 6, 6, 6, 6, 6, 6, 6, 6, 6, 6, 7, 5, 6, 6, 6, 6, 6, 6, 6, 6, 6, 6, 6, 6, 6, 6, 6, 6, 6, 6, 5, 6, 7, 7, 6, 6, 7, 6, 7, 7, 6, 6, 6, 6, 6, 6, 6, 6, 6, 6, 6, 7, 6, 5, 6, 6, 6, 6, 6, 6, 5, 5, 5, 6, 6, 6, 6, 6, 6, 6, 6, 6, 6, 6, 6, 6, 6, 6, 6, 6, 6, 6, 7, 5, 6, 6, 6, 6, 6, 6, 6, 5, 6, 6, 6, 6, 6, 6, 6, 6, 6, 5, 5, 6, 6, 6, 6, 6, 6, 5, 6, 5, 6, 6, 6, 6, 6, 6, 6, 6, 6, 6, 7, 6, 6, 5, 6, 6, 6, 6, 6, 6, 6, 6, 6, 6, 6, 5, 6, 6, 5, 6, 6, 6, 6, 5, 5, 6, 6, 6, 5, 6, 6, 6, 6, 6, 6, 6, 6, 6, 6, 6, 5, 6, 6, 6, 6, 5, 5, 6, 6, 6, 6, 7, 6, 6, 6, 7, 6, 6, 6, 5, 6, 5, 5, 6, 6, 6, 6, 6, 6, 6, 6, 6, 7, 6, 5, 6, 6, 6, 6, 6, 6, 6, 6, 6, 7, 6, 6, 5, 6, 6, 6, 6, 6, 5, 6, 5, 6, 6, 6, 6, 6, 6, 6, 6, 6, 6, 6, 6, 7, 6, 6, 6, 6, 5, 6, 6, 5, 6, 6, 6, 6, 6, 5, 6, 6, 6, 6, 6, 6, 5, 6, 6, 6, 6, 5, 6, 6, 6, 6, 6, 6, 6, 6, 7, 7, 6, 6, 6, 6, 6, 6, 6, 6, 6, 6, 5, 6, 6, 6, 6, 6, 6, 6, 6, 6, 6, 6, 6, 6, 6, 6, 5, 7, 7, 6, 6, 5, 6, 6, 6, 6, 6, 6, 6, 5, 6, 6, 6, 6, 6, 6, 6, 6, 6, 5, 5, 6, 6, 6, 6, 6, 6, 6, 6, 6, 6, 6, 6, 6, 6, 5, 6, 6, 6, 5, 6, 6, 7, 6, 6, 5, 6, 6, 6, 6, 6, 6, 6, 6, 6, 7, 6, 7, 6, 6, 6, 5, 6, 6, 6, 6, 6, 7, 6, 6, 6, 6, 7, 6, 6, 6, 5, 6, 6, 7, 6, 7, 6, 6, 6, 6, 6, 7, 7, 6, 6, 6, 6, 5, 6, 6, 6, 6, 6, 6, 5, 5, 6, 6, 6, 6, 6, 6, 6, 7, 5, 6, 6, 5, 6, 5, 6, 6, 6, 5, 6, 6, 6, 6, 5, 7, 6, 6, 6, 6, 6, 6, 6, 7, 6, 8, 8, 6, 6, 7, 7, 7, 6, 7, 7, 6, 6, 7, 7, 6, 6, 5, 6, 7, 6, 5, 7, 6, 7, 7, 6, 6, 7, 7, 6, 7, 7, 6, 6, 5, 7, 6, 6, 6, 7, 6, 6, 7, 7, 5, 6, 6, 7, 6, 7, 6, 6, 6, 6, 7, 6, 5, 6, 6, 6, 6, 6, 6, 7, 6, 6, 6, 6, 6, 6, 6, 6, 6, 6, 7, 6, 6, 6, 6, 7, 6, 6, 6, 6, 6, 6, 7, 6, 7, 6, 6, 6, 6, 6, 6, 6, 6, 5, 7, 7, 6, 6, 6, 6, 6, 6, 6, 6, 6, 6, 6, 6, 7, 6, 6, 7, 6, 6, 6, 6, 6, 7, 5, 6, 6, 6, 6, 6, 6, 6, 6, 6, 6, 5, 5, 6, 6, 6, 6, 6, 6, 6, 6, 6, 6, 5, 6, 5, 6, 6, 7, 6, 7, 7, 6, 6, 6, 6, 6, 6, 6, 6, 6, 5, 6, 6, 6, 6, 6, 6, 6, 6, 6, 6, 6, 6, 6, 5, 6, 6, 5, 6, 6, 5, 6, 6, 6, 5, 6, 5, 6, 6, 6, 6, 6, 6, 6, 6, 6, 6, 6, 7, 5, 6, 6, 6, 6, 5, 6, 5, 6, 5, 5, 6, 6, 6, 6, 7, 7, 7, 6, 5, 6, 7, 6, 6, 6, 6, 6, 6, 6, 6, 6, 6, 6, 6, 6, 6, 6, 6, 6, 6, 7, 6, 7, 6, 6, 6, 6, 6, 6, 7, 6, 6, 6, 7, 6, 6, 6, 6, 6, 6, 6, 6, 6, 6, 6, 6, 6, 6, 6, 6, 6, 6, 7, 6, 6, 5, 6, 6, 5, 6, 6, 6, 6, 6, 6, 6, 6, 6, 7, 6, 6, 6, 7, 6, 6, 6, 5, 6, 6, 6, 6, 6, 6, 6, 5, 6, 6, 6, 6, 6, 5, 6, 6, 6, 6, 7, 6, 7, 6, 6, 6, 6, 7, 7, 5, 6, 6, 6, 5, 6, 6, 6, 6, 5, 7, 6, 6, 7, 6, 6, 6, 6, 6, 6, 6, 6, 6, 6, 6, 6, 6, 6, 6, 6, 5, 6, 6, 6, 6, 6, 6, 6, 6, 6, 5, 6, 7, 6, 6, 5, 7, 7, 6, 6, 7, 5, 5, 7, 7, 7, 6, 6, 6, 7, 6, 6, 6, 6, 7, 7, 6, 6, 6, 6, 6, 6, 6, 6, 6, 6, 6, 5, 6, 6, 6, 7, 6, 6, 6, 6, 7, 6, 6, 7, 7, 7, 6, 7, 6, 6, 6, 7, 6, 7, 6, 6, 6, 7, 6, 6, 7, 7, 6, 6, 6, 6, 6, 6, 6, 6, 5, 5, 6, 6, 6, 6, 6, 6, 6, 6, 7, 7, 7, 7, 7, 7, 6, 6, 5, 6, 6, 5, 6, 5, 5, 6, 7, 6, 6, 6, 6, 5, 6, 6, 6, 6, 5, 6, 6, 6, 6, 5, 6, 6, 5, 6, 6, 7, 6, 6, 6, 6, 6, 5, 6, 6, 5, 5, 6, 6, 6, 6, 6, 6, 6, 5, 6, 5, 6, 6, 6, 6, 6, 6, 6, 6, 6, 6, 6, 6, 6, 6, 6, 6, 6, 6, 6, 6, 6, 5, 5, 5, 5, 6, 6, 6, 6, 5, 6, 6, 6, 6, 5, 6, 6, 7, 6, 6, 6, 6, 6, 6, 6, 7, 6, 6, 6, 6, 6, 6, 6, 6, 6, 6, 6, 6, 6, 6, 6, 6, 6, 7, 7, 6, 6, 6, 6, 6, 6, 7, 6, 6, 5, 6, 5, 6, 6, 6, 6, 6, 7, 6, 6, 6, 6, 6, 6, 6, 6, 6, 6, 6, 6, 6, 7, 5, 6, 6, 6, 5, 6, 6, 6, 6, 6, 6, 6, 6, 6, 7, 7, 6, 6, 6, 6, 6, 6, 6, 6, 6, 6, 6, 6, 6, 6, 6, 6, 6, 6, 6, 6, 6, 6, 6, 6, 6, 6, 6, 6, 5, 6, 6, 5, 6, 6, 6, 6, 6, 6, 6, 6, 6, 6, 5, 6, 6, 6, 6, 6, 6, 6, 6, 6, 6, 5, 6, 6, 6, 5, 6, 6, 5, 6, 6, 6, 5, 6, 5, 6, 6, 5, 6, 6, 6, 6, 5, 6, 6, 6, 6, 6, 6, 6, 6, 5, 6, 6, 6, 6, 5, 6, 6, 6, 6, 6, 6, 6, 6, 6, 6, 6, 5, 5, 5, 6, 6, 6, 6, 6, 6, 6, 6, 6, 6, 6, 6, 7, 7, 7, 6, 6, 6, 5, 6, 6, 6, 6, 6, 6, 6, 7, 6, 6, 6, 6, 6, 6, 6, 6, 6, 7, 6, 6, 6, 6, 7, 5, 6, 6, 5, 6, 6, 6, 5, 5, 6, 6, 6, 6, 7, 7, 6, 6, 6, 6, 6, 6, 7, 6, 7, 6, 6, 6, 6, 6, 6, 6, 6, 6, 7, 6, 6, 6, 6, 6, 6, 6, 6, 6, 6, 6, 6, 6, 6, 5, 7, 6, 6, 7, 6, 5, 6, 6, 6, 6, 6, 7, 6, 6, 6, 6, 6, 5, 6, 6, 7, 6, 6, 6, 7, 5, 7, 7, 5, 6, 6, 6, 6, 6, 6, 6, 7, 6, 6, 6, 7, 7, 6, 6, 6, 6, 6, 6, 6, 7, 6, 6, 7, 5, 6, 6, 6, 6, 6, 6, 6, 6, 6, 6, 6, 7, 6, 7, 6, 6, 6, 6, 6, 6, 6, 6, 6, 6, 6, 5, 6, 6, 6, 6, 6, 6, 6, 6, 6, 6, 6, 6, 6, 6, 6, 6, 6, 5, 6, 6, 6, 6, 6, 6, 6, 6, 6, 6, 6, 6, 6, 6, 6, 7, 6, 6, 7, 5, 7, 7, 6, 6, 6, 5, 6, 6, 5, 5, 7, 7, 6, 6, 6, 6, 6, 6, 7, 6, 6, 6, 6, 5, 6, 6, 6, 6, 6, 6, 6, 6, 6, 6, 6, 5, 6, 6, 6, 6, 6, 6, 6, 5, 6, 6, 6, 6, 5, 6, 6, 6, 5, 6, 6, 5, 6, 6, 6, 7, 6, 7, 6, 6, 6, 6, 6, 6, 6, 6, 6, 6, 6, 6, 6, 5, 6, 6, 6, 6, 6, 6, 6, 6, 6, 6, 6, 6, 6, 6, 6, 6, 7, 7, 6, 6, 6, 6, 6, 6, 6, 6, 6, 6, 5, 6, 6, 7, 6, 6, 6, 7, 7, 6, 7, 6, 6, 6, 6, 6, 6, 6, 5, 5, 6, 6, 7, 7, 6, 6, 6, 5, 6, 6, 6, 6, 7, 6, 6, 6, 6, 6, 6, 7, 7, 6, 6, 5, 6, 6, 6, 6, 6, 6, 6, 6, 6, 6, 6, 6, 6, 6, 6, 7, 6, 5, 7, 6, 6, 6, 6, 6, 6, 6, 7, 6, 6, 5, 6, 7, 6, 6, 6, 6, 7, 6, 7, 6, 7, 5, 6, 6, 7, 7, 6, 6, 6, 6, 6, 6, 6, 6, 6, 6, 5, 6, 6, 6, 6, 6, 6, 6, 6, 5, 5, 6, 6, 6, 7, 6, 6, 6, 6, 5, 6, 6, 6, 6, 6, 6, 6, 6, 6, 6, 5, 6, 5, 6, 6, 5, 6, 6, 6, 6, 6, 6, 6, 6, 6, 6, 6, 7, 7, 6, 6, 5, 6, 6, 7, 6, 6, 6, 6, 6, 6, 6, 6, 7, 5, 6, 6, 6, 7, 6, 6, 6, 7, 5, 6, 6, 6, 7, 5, 6, 6, 7, 6, 6, 5, 6, 6, 6, 6, 6, 7, 6, 6, 7, 6, 6, 6, 5, 6, 7, 6, 7, 7, 6, 6, 6, 7, 6, 6, 6, 6, 6, 6, 6, 6, 6, 6, 6, 6, 6, 6, 5, 6, 6, 6, 7, 6, 7, 6, 7, 7, 6, 5, 6, 6, 6, 6, 6, 6, 6, 6, 6, 7, 7, 6, 6, 6, 6, 6, 7, 7, 6, 6, 7, 7, 5, 6, 6, 5, 6, 5, 6, 6, 5, 6, 6, 5, 6, 6, 6, 6, 6, 6, 6, 6, 6, 5, 5, 6, 6, 7, 7, 6, 5, 6, 6, 6, 7, 6, 5, 6, 6, 6, 6, 6, 5, 6, 6, 5, 6, 6, 6, 6, 6, 6, 7, 6, 7, 6, 6, 6, 6, 6, 5, 5, 7, 6, 6, 6, 6, 5, 6, 6, 6, 6, 6, 7, 6, 6, 6, 6, 6, 5, 7, 6, 6, 6, 6, 6, 5, 6, 6, 7, 7, 6, 7, 6, 6, 6, 7, 6, 6, 6, 6, 6, 7, 6, 7, 7, 6, 6, 6, 6, 5, 6, 6, 7, 6, 6, 6, 6, 7, 6, 7, 6, 6, 6, 7, 6, 5, 7, 6, 6, 7, 6, 6, 6, 6, 5, 5, 6, 6, 6, 6, 6, 7, 7, 6, 6, 7, 6, 6, 7, 6, 6, 6, 6, 6, 5, 6, 6, 6, 6, 6, 6, 6, 6, 6, 6, 6, 6, 6, 6, 6, 6, 6, 6, 7, 7, 7, 6, 6, 5, 6, 5, 6, 6, 6, 6, 5, 6, 6, 6, 5, 6, 6, 6, 6, 6, 6, 5, 7, 7, 6, 7, 6, 6, 6, 5, 6, 6, 6, 6, 7, 6, 6, 6, 6, 7, 7, 6, 6, 7, 6, 6, 6, 6, 5, 6, 6, 6, 6, 6, 5, 6, 6, 6, 6, 6, 6, 6, 6, 6, 6, 6, 6, 6, 5, 6, 6, 6, 6, 6, 6, 6, 6, 6, 6, 5, 6, 6, 6, 5, 6, 6, 6, 6, 6, 6, 6, 6, 6, 5, 6, 6, 6, 6, 6, 6, 6, 6, 6, 5, 6, 6, 6, 6, 6, 6, 6, 6, 6, 6, 6, 6, 6, 6, 7, 6, 5, 6, 6, 6, 6, 6, 6, 6, 6, 6, 6, 5, 5, 6, 6, 6, 6, 6, 6, 6, 5, 6, 7, 6, 6, 6, 7, 6, 6, 6, 6, 6, 6, 6, 7, 6, 6, 6, 7, 5, 6, 6, 6, 6, 6, 5, 6, 6, 6, 6, 6, 7, 6, 6, 6, 6, 5, 6, 5, 6, 6, 6, 7, 5, 7, 6, 5, 6, 7, 6, 7, 6, 6, 6, 7, 6, 7, 6, 6, 5, 6, 6, 6, 6, 6, 7, 6, 6, 6, 6, 6, 5, 5, 7, 6, 6, 6, 6, 6, 6, 6, 6, 6, 6, 6, 7, 6, 6, 6, 6, 5, 6, 6, 6, 6, 6, 5, 7, 6, 6, 6, 6, 6, 6, 7, 6, 6, 6, 6, 6, 5, 6, 6, 6, 6, 6, 5, 6, 6, 6, 6, 6, 6, 6, 6, 5, 6, 6, 6, 6, 6, 6, 7, 6, 6, 6, 6, 6, 6, 6, 6, 6, 6, 6, 6, 6, 6, 7, 7, 6, 6, 6, 6, 6, 6, 6, 7, 6, 6, 6, 7, 6, 6, 6, 6, 6, 6, 6, 6, 6, 6, 6, 7, 6, 6, 7, 6, 6, 6, 6, 6, 6, 6, 6, 6, 6, 6, 6, 7, 6, 6, 6, 6, 6, 6, 6, 6, 6, 5, 6, 6, 6, 6, 6, 6, 6, 6, 6, 6, 6, 6, 6, 6, 5, 6, 6, 6, 6, 6, 6, 6, 6, 6, 6, 6, 6, 5, 6, 6, 5, 6, 6, 6, 6, 7, 6, 5, 6, 6, 6, 6, 7, 6, 6, 6, 6, 6, 5, 6, 6, 6, 6, 6, 6, 5, 6, 6, 6, 6, 6, 6, 6, 6, 6, 6, 6, 6, 6, 6, 6, 6, 6, 6, 6, 6, 6, 6, 6, 6, 5, 6, 6, 6, 6, 7, 6, 6, 6, 6, 5, 7, 5, 7, 6, 6, 6, 6, 6, 6, 6, 7, 6, 7, 7, 6, 6, 6, 6, 6, 6, 7, 5, 5, 6, 6, 6, 6, 6, 7, 7, 6, 7, 7, 6, 6, 6, 7, 7, 6, 6, 6, 6, 6, 6, 6, 7, 6, 6, 6, 6, 6, 6, 6, 6, 6, 6, 6, 6, 6, 6, 6, 6, 5, 6, 6, 6, 5, 6, 6, 6, 5, 6, 6, 6, 6, 6, 6, 6, 6, 6, 6, 6, 6, 6, 7, 6, 6, 6, 6, 6, 6, 6, 6, 6, 6, 6, 7, 6, 6, 6, 6, 6, 6, 6, 6, 6, 6, 6, 6, 6, 6, 6, 6, 6, 6, 6, 7, 6, 6, 6, 6, 6, 6, 6, 6, 6, 6, 6, 6, 6, 6, 7, 6, 6, 6, 6, 5, 6, 6, 6, 6, 6, 5, 6, 8, 6, 6, 6, 6, 6, 6, 6, 6, 7, 7, 6, 6, 7, 7, 6, 6, 6, 6, 6, 6, 7, 6, 6, 6, 6, 6, 6, 6, 6, 7, 6, 6, 6, 6, 5, 6, 5, 5, 6, 6, 6, 6, 6, 7, 5, 6, 6, 6, 6, 6, 7, 6, 6, 7, 7, 6, 6, 6, 6, 7, 6, 6, 7, 7, 6, 6, 6, 6, 7, 6, 6, 6, 7, 6, 7, 6, 5, 6, 6, 7, 6, 6, 6, 6, 6, 6, 6, 6, 7, 7, 6, 6, 6, 6, 6, 6, 6, 7, 7, 6, 6, 6, 6, 7, 6, 7, 7, 6, 5, 7, 7, 6, 7, 6, 6, 6, 6, 7, 7, 7, 5, 6, 6, 6, 6, 6, 6, 5, 6, 6, 7, 6, 6, 7, 6, 7, 7, 6, 6, 6, 6, 5, 6, 6, 7, 6, 6, 6, 7, 6, 6, 6, 6, 6, 6, 6, 6, 6, 6, 6, 6, 6, 7, 7, 6, 7, 5, 7, 5, 6, 6, 5, 6, 6, 5, 6, 6, 7, 7, 6, 6, 6, 6, 6, 6, 6, 6, 6, 6, 6, 6, 7, 7, 6, 7, 7, 6, 5, 6, 6, 5, 6, 6, 6, 6, 6, 6, 6, 6, 6, 6, 6, 6, 6, 5, 7, 6, 6, 6, 6, 7, 6, 6, 6, 6, 6, 6, 6, 6, 5, 6, 6, 6, 6, 6, 6, 7, 6, 7, 5, 6, 6, 6, 6, 6, 6, 6, 6, 6, 7, 6, 6, 6, 5, 5, 6, 6, 6, 6, 7, 6, 6, 6, 7, 6, 6, 6, 6, 6, 6, 6, 6, 6, 6, 6, 6, 6, 6, 6, 6, 6, 6, 6, 6, 6, 7, 6, 6, 6, 6, 6, 6, 6, 6, 6, 6, 7, 6, 7, 7, 6, 6, 6, 6, 6, 7, 6, 6, 6, 7, 6, 6, 6, 6, 6, 6, 6, 6, 5, 6, 6, 7, 6, 5, 7, 6, 6, 6, 7, 6, 6, 6, 6, 6, 6, 7, 6, 5, 7, 6, 7, 7, 6, 6, 6, 6, 6, 6, 5, 7, 7, 6, 6, 5, 6, 6, 6, 6, 6, 7, 6, 6, 7, 5, 6, 7, 6, 6, 6, 6, 7, 6, 6, 6, 6, 6, 6, 6, 7, 6, 6, 6, 7, 7, 7, 6, 6, 6, 6, 7, 6, 7, 7, 7, 7, 6, 6, 6, 6, 6, 7, 6, 6, 7, 8, 7, 6, 6, 6, 6, 6, 6, 6, 6, 6, 6, 6, 6, 5, 6, 7, 6, 6, 5, 6, 7, 7, 6, 6, 6, 6, 6, 6, 6, 6, 7, 6, 6, 6, 6, 6, 7, 6, 6, 5, 6, 6, 5, 7, 7, 5, 6, 6, 5, 6, 6, 7, 6, 6, 6, 6, 6, 7, 6, 6, 5, 6, 5, 7, 6, 6, 6, 6, 6, 6, 6, 6, 5, 6, 6, 6, 6, 6, 7, 6, 6, 6, 6, 6, 7, 6, 6, 6, 5, 7, 6, 6, 6, 6, 6, 6, 6, 6, 6, 6, 6, 6, 6, 6, 6, 6, 6, 6, 6, 6, 7, 6, 6, 6, 5, 5, 6, 6, 6, 6, 6, 7, 7, 7, 6, 5, 6, 6, 6, 6, 6, 6, 6, 6, 5, 6, 6, 6, 6, 7, 6, 5, 6, 6, 6, 7, 6, 6, 7, 7, 7, 6, 6, 6, 5, 6, 6, 6, 6, 6, 5, 6, 6, 6, 5, 6, 6, 6, 6, 6, 6, 6, 6, 6, 6, 6, 5, 7, 6, 6, 6, 6, 6, 6, 6, 7, 6, 6, 7, 6, 6, 6, 7, 6, 5, 6, 5, 6, 6, 6, 6, 6, 6, 6, 5, 6, 6, 6, 7, 7, 6, 6, 6, 6, 7, 6, 6, 6, 6, 6, 5, 6, 6, 6, 6, 6, 5, 6, 6, 6, 6, 6, 6, 6, 6, 6, 7, 7, 7, 6, 6, 6, 7, 6, 7, 6, 6, 5, 6, 7, 5, 5, 5, 6, 6, 6, 5, 6, 6, 6, 6, 6, 6, 6, 6, 7, 6, 6, 5, 6, 6, 5, 6, 6, 6, 6, 6, 6, 6, 6, 6, 6, 6, 7, 6, 6, 6, 6, 6, 6, 6, 6, 6, 7, 6, 5, 7, 7, 6, 6, 6, 6, 7, 6, 5, 6, 6, 7, 6, 6, 5, 6, 6, 6, 5, 6, 6, 6, 5, 6, 6, 6, 6, 6, 7, 7, 6, 6, 6, 6, 6, 6, 6, 5, 6, 6, 6, 6, 6, 6, 7, 6, 6, 6, 6, 6, 6, 6, 7, 6, 5, 6, 7, 6, 6, 6, 6, 6, 6, 6, 6, 6, 6, 6, 6, 6, 6, 6, 6, 6, 6, 6, 6, 6, 6, 6, 6, 6, 6, 6, 5, 6, 6, 6, 5, 6, 5, 6, 6, 6, 6, 6, 6, 6, 6, 6, 6, 6, 7, 6, 6, 6, 6, 6, 6, 6, 6, 7, 7, 7, 6, 6, 6, 5, 5, 6, 6, 6, 6, 6, 6, 6, 6, 6, 6, 5, 6, 6, 6, 6, 6, 6, 6, 6, 6, 6, 6, 6, 5, 6, 6, 6, 6, 6, 6, 6, 5, 6, 6, 6, 6, 6, 6, 7, 7, 6, 6, 6, 7, 5, 6, 5, 6, 6, 6, 6, 7, 6, 7, 7, 7, 6, 5, 6, 6, 6, 5, 6, 5, 6, 7, 6, 6, 6, 6, 6, 6, 6, 6, 6, 6, 6, 5, 6, 6, 6, 6, 6, 6, 6, 6, 6, 6, 6, 6, 6, 6, 6, 6, 6, 6, 5, 6, 6, 6, 6, 6, 6, 6, 6, 6, 6, 7, 6, 6, 6, 7, 6, 6, 6, 7, 7, 6, 6, 6, 7, 5, 7, 6, 6, 6, 6, 6, 6, 6, 6, 5, 6, 6, 7, 7, 6, 7, 6, 6, 6, 6, 6, 7, 5, 6, 6, 6, 6, 6, 7, 6, 7, 6, 6, 6, 6, 7, 7, 6, 6, 6, 6, 6, 6, 6, 6, 6, 7, 6, 6, 6, 7, 6, 6, 6, 6, 6, 7, 7, 6, 6, 6, 6, 6, 6, 6, 6, 6, 6, 6, 6, 6, 6, 6, 6, 6, 6, 6, 7, 6, 6, 7, 6, 6, 7, 6, 6, 6, 6, 6, 7, 6, 6, 5, 6, 6, 6, 6, 6, 6, 5, 6, 5, 6, 6, 6, 5, 7, 6, 6, 6, 6, 6, 7, 6, 5, 6, 6, 6, 6, 6, 5, 6, 6, 7, 6, 6, 6, 5, 6, 6, 6, 6, 6, 6, 6, 6, 6, 7, 6, 6, 6, 6, 6, 5, 7, 6, 6, 6, 6, 6, 7, 7, 6, 6, 6, 6, 7, 6, 7, 6, 5, 6, 7, 6, 5, 6, 6, 6, 6, 6, 6, 6, 6, 5, 6, 6, 6, 6, 7, 6, 6, 5, 6, 5, 6, 6, 7, 6, 6, 6, 6, 6, 6, 7, 6, 6, 6, 6, 6, 7, 7, 6, 5, 6, 6, 6, 6, 6, 6, 6, 6, 6, 7, 6, 6, 6, 6, 6, 6, 7, 6, 6, 6, 6, 6, 6, 7, 6, 6, 6, 6, 6, 7, 6, 6, 6, 6, 6, 6, 6, 7, 6, 5, 6, 6, 5, 6, 6, 6, 6, 6, 6, 6, 6, 6, 6, 6, 6, 6, 6, 6, 6, 6, 6, 6, 6, 6, 6, 5, 6, 6, 6, 6, 6, 6, 6, 6, 5, 6, 6, 6, 5, 6, 6, 6, 6, 7, 6, 6, 5, 7, 6, 6, 6, 6, 6, 6, 7, 7, 6, 6, 6, 7, 6, 6, 7, 6, 6, 5, 6, 7, 6, 6, 6, 6, 6, 6, 6, 5, 6, 6, 5, 6, 6, 6, 6, 7, 7, 6, 6, 6, 6, 6, 6, 7, 6, 6, 6, 6, 6, 5, 6, 6, 7, 6, 6, 7, 5, 7, 6, 6, 7, 6, 5, 6, 6, 6, 5, 6, 6, 6, 6, 6, 6, 6, 6, 5, 6, 7, 6, 5, 6, 6, 6, 6, 6, 6, 6, 6, 6, 5, 6, 5, 6, 6, 6, 6, 6, 7, 6, 6, 6, 6, 6, 6, 6, 6, 6, 6, 6, 6, 6, 5, 6, 5, 5, 6, 6, 6, 6, 6, 6, 6, 6, 6, 6, 6, 6, 6, 6, 6, 6, 6, 5, 7, 6, 6, 6, 6, 6, 6, 6, 6, 6, 7, 6, 5, 6, 6, 6, 5, 6, 7, 6, 5, 6, 6, 6, 5, 6, 6, 6, 6, 6, 6, 6, 6, 6, 6, 6, 5, 6, 5, 6, 7, 6, 6, 6, 6, 6, 6, 6, 6, 6, 6, 7, 6, 6, 5, 6, 6, 6, 6, 5, 5, 6, 6, 6, 6, 5, 6, 6, 6, 6, 6, 6, 7, 7, 6, 5, 6, 6, 6, 6, 6, 6, 6, 7, 6, 6, 6, 6, 6, 6, 6, 6, 6, 6, 6, 6, 7, 5, 6, 6, 6, 6, 6, 6, 7, 6, 6, 6, 6, 6, 7, 6, 7, 7, 7, 6, 7, 6, 7, 6, 6, 6, 7, 7, 6, 7, 7, 7, 6, 6, 7, 6, 6, 6, 6, 5, 6, 6, 6, 6, 6, 6, 6, 6, 6, 6, 6, 6, 6, 6, 6, 6, 6, 6, 6, 6, 6, 6, 6, 6, 6, 6, 6, 6, 6, 5, 6, 7, 7, 6, 6, 6, 6, 6, 7, 7, 7, 6, 6, 6, 6, 6, 6, 5, 6, 6, 5, 6, 6, 6, 6, 6, 6, 6, 6, 6, 7, 6, 6, 6, 6, 6, 6, 6, 6, 7, 6, 6, 6, 6, 6, 6, 6, 6, 6, 6, 7, 6, 6, 6, 6, 6, 6, 6, 6, 6, 6, 6, 6, 6, 6, 6, 6, 6, 6, 6, 5, 6, 5, 6, 6, 6, 6, 6, 6, 6, 6, 6, 6, 6, 6, 6, 7, 6, 6, 6, 6, 6, 6, 5, 6, 6, 6, 6, 6, 6, 6, 6, 7, 6, 7, 6, 7, 6, 7, 6, 6, 6, 6, 7, 6, 6, 6, 6, 6, 6, 6, 6, 6, 6, 6, 6, 5, 6, 7, 7, 7, 6, 6, 6, 6, 6, 6, 6, 6, 5, 6, 7, 6, 7, 5, 6, 5, 6, 6, 7, 6, 5, 5, 6, 6, 6, 6, 6, 6, 6, 6, 6, 6, 6, 5, 6, 6, 6, 7, 6, 6, 6, 5, 6, 6, 6, 6, 6, 6, 6, 6, 5, 6, 6, 6, 6, 6, 7, 6, 6, 6, 7, 6, 6, 6, 7, 5, 6, 6, 6, 6, 6, 6, 6, 7, 7, 6, 6, 6, 6, 6, 5, 6, 6, 6, 6, 6, 6, 6, 6, 6, 6, 6, 6, 6, 6, 6, 6, 6, 6, 6, 6, 6, 6, 6, 5, 6, 6, 6, 6, 6, 5, 6, 5, 6, 6, 6, 5, 6, 6, 6, 5, 6, 6, 6, 6, 6, 6, 6, 6, 6, 6, 6, 6, 6, 6, 6, 6, 6, 6, 6, 6, 6, 6, 6, 5, 6, 6, 6, 6, 6, 6, 6, 6, 6, 6, 6, 6, 6, 6, 6, 6, 6, 6, 6, 7, 6, 6, 6, 7, 7, 6, 7, 6, 6, 6, 7, 5, 7, 6, 6, 6, 7, 7, 5, 5, 6, 6, 6, 7, 6, 6, 6, 5, 6, 6, 6, 6, 6, 6, 6, 6, 6, 6, 5, 6, 5, 6, 6, 6, 6, 5, 5, 6, 6, 6, 7, 7, 6, 6, 6, 6, 6, 6, 6, 6, 6, 7, 7, 7, 6, 6, 6, 6, 6, 6, 6, 6, 6, 6, 6, 6, 6, 5, 6, 6, 6, 6, 6, 6, 6, 6, 6, 5, 5, 6, 5, 6, 6, 6, 6, 5, 6, 6, 6, 6, 6, 6, 6, 7, 6, 6, 6, 6, 6, 6, 6, 6, 6, 6, 5, 6, 6, 7, 6, 6, 6, 6, 6, 6, 6, 5, 6, 6, 6, 6, 5, 6, 6, 6, 6, 5, 6, 6, 6, 6, 6, 7, 6, 7, 6, 6, 6, 6, 6, 6, 6, 5, 5, 5, 5, 6, 6, 6, 6, 6, 6, 6, 5, 7, 6, 5, 7, 6, 6, 5, 6, 6, 6, 6, 6, 6, 6, 6, 5, 6, 5, 6, 6, 6, 6, 6, 6, 7, 5, 6, 6, 6, 7, 5, 7, 5, 6, 6, 6, 7, 5, 6, 7, 6, 6, 6, 6, 5, 6, 6, 6, 5, 7, 7, 6, 6, 6, 6, 6, 6, 6, 5, 7, 6, 6, 6, 6, 6, 6, 7, 7, 7, 6, 6, 6, 6, 6, 7, 7, 6, 6, 6, 6, 6, 6, 7, 6, 6, 6, 6, 6, 6, 6, 6, 6, 6, 5, 6, 6, 6, 7, 5, 6, 6, 6, 5, 6, 6, 6, 5, 6, 6, 5, 6, 6, 6, 6, 5, 7, 5, 6, 6, 7, 6, 6, 6, 7, 7, 6, 6, 6, 5, 6, 6, 6, 6, 5, 6, 7, 6, 6, 5, 6, 6, 6, 7, 6, 6, 5, 6, 6, 6, 6, 6, 6, 6, 6, 6, 7, 6, 6, 6, 6, 6, 6, 6, 6, 6, 6, 6, 7, 6, 6, 5, 6, 6, 5, 5, 6, 6, 6, 6, 6, 6, 6, 6, 5, 6, 6, 7, 6, 6, 6, 6, 6, 6, 6, 6, 6, 7, 7, 6, 6, 5, 6, 6, 6, 6, 6, 6, 6, 6, 6, 6, 6, 6, 7, 7, 7, 6, 6, 6, 6, 6, 6, 6, 6, 6, 7, 7, 7, 7, 6, 6, 7, 6, 6, 6, 7, 6, 6, 6, 5, 7, 6, 6, 6, 6, 6, 7, 6, 6, 6, 6, 6, 7, 6, 7, 5, 6, 7, 7, 7, 5, 6, 6, 6, 6, 6, 7, 6, 6, 6, 6, 6, 6, 6, 7, 7, 6, 6, 6, 6, 6, 6, 6, 6, 6, 6, 6, 5, 6, 5, 6, 6, 7, 6, 6, 6, 6, 6, 6, 6, 6, 6, 6, 6, 6, 6, 6, 6, 6, 6, 6, 6, 6, 6, 7, 7, 6, 6, 6, 6, 6, 6, 6, 6, 6, 5, 6, 6, 7, 6, 6, 6, 6, 6, 6, 6, 6, 6, 6, 6, 6, 7, 7, 6, 6, 6, 6, 6, 6, 7, 7, 6, 7, 7, 6, 7, 7, 6, 6, 6, 6, 6, 6, 6, 7, 5, 7, 6, 6, 6, 6, 6, 6, 6, 6, 7, 6, 7, 6, 5, 6, 6, 6, 6, 6, 6, 6, 6, 6, 7, 6, 6, 6, 6, 6, 6, 6, 6, 6, 6, 6, 6, 6, 6, 6, 6, 6, 6, 7, 6, 7, 6, 6, 6, 6, 6, 5, 5, 6, 6, 6, 6, 6, 6, 6, 6, 6, 6, 6, 6, 6, 6, 6, 6, 7, 6, 6, 6, 6, 6, 6, 7, 7, 6, 6, 5, 6, 6, 6, 6, 6, 6, 7, 6, 6, 6, 6, 6, 5, 6, 6, 6, 5, 6, 6, 5, 6, 5, 6, 6, 6, 6, 6, 6, 5, 6, 5, 7, 5, 6, 6, 6, 6, 6, 7, 7, 7, 7, 6, 7, 6, 6, 6, 7, 7, 6, 7, 5, 6, 6, 6, 6, 6, 6, 6, 6, 6, 6, 6, 6, 6, 7, 6, 6, 6, 6, 7, 7, 5, 7, 7, 6, 7, 7, 6, 6, 6, 6, 6, 6, 7, 7, 6, 6, 6, 5, 6, 6, 6, 6, 6, 6, 6, 5, 6, 6, 6, 6, 6, 6, 6, 5, 6, 5, 6, 5, 6, 6, 6, 6, 6, 6, 5, 6, 6, 7, 6, 6, 6, 6, 6, 6, 6, 6, 6, 6, 6, 6, 6, 6, 6, 7, 7, 5, 6, 6, 6, 6, 6, 5, 6, 7, 6, 6, 6, 5, 6, 6, 6, 6, 6, 6, 6, 6, 6, 6, 5, 6, 6, 7, 6, 7, 6, 6, 6, 7, 5, 6, 7, 6, 7, 6, 6, 7, 5, 6, 6, 6, 6, 6, 6, 6, 6, 6, 6, 6, 6, 6, 6, 6, 6, 7, 6, 7, 6, 6, 6, 6, 7, 7, 5, 6, 6, 6, 6, 6, 6, 6, 6, 6, 6, 6, 6, 6, 6, 6, 6, 6, 6, 7, 6, 6, 6, 7, 6, 6, 6, 7, 6, 6, 6, 6, 6, 6, 6, 6, 6, 6, 6, 5, 6, 6, 6, 6, 6, 6, 6, 6, 6, 6, 7, 6, 7, 5, 5, 6, 6, 6, 6, 7, 6, 7, 6, 6, 6, 6, 6, 5, 6, 6, 6, 6, 6, 6, 6, 5, 6, 6, 7, 5, 6, 6, 6, 6, 6, 6, 6, 6, 6, 6, 7, 6, 6, 6, 6, 6, 7, 6, 6, 6, 7, 6, 6, 7, 6, 5, 6, 6, 6, 6, 5, 6, 5, 6, 6, 6, 6, 7, 6, 6, 6, 7, 6, 6, 6, 6, 6, 6, 6, 6, 6, 6, 6, 6, 7, 6, 6, 6, 7, 7, 6, 6, 7, 6, 6, 6, 6, 6, 6, 6, 6, 6, 6, 6, 6, 6, 6, 6, 7, 6, 6, 6, 6, 6, 5, 6, 6, 6, 7, 7, 6, 7, 6, 6, 6, 6, 5, 5, 7, 7, 6, 6, 6, 6, 6, 7, 6, 7, 7, 7, 5, 6, 6, 5, 6, 6, 5, 8, 6, 6, 7, 6, 5, 6, 6, 6, 7, 6, 6, 5, 6, 7, 7, 6, 6, 6, 6, 6, 6, 6, 6, 6, 6, 6, 7, 5, 7, 6, 6, 6, 5, 6, 6, 6, 6, 6, 6, 6, 6, 6, 6, 5, 6, 6, 6, 6, 6, 6, 6, 6, 6, 6, 7, 6, 6, 6, 6, 6, 6, 6, 7, 7, 6, 6, 6, 5, 5, 6, 6, 7, 6, 6, 7, 7, 5, 6, 6, 6, 8, 6, 7, 6, 6, 6, 6, 6, 5, 7, 8, 6, 6, 6, 6, 6, 6, 7, 6, 7, 7, 6, 7, 6, 8, 5, 9, 8, 9, 9, 7, 9, 8, 8, 6, 9, 6, 7, 9, 6, 8, 6, 8, 8, 9, 8, 9, 6, 6, 6, 6, 7, 6, 6, 7, 7, 7, 6, 6, 6, 6, 6, 7, 6, 6, 6, 7, 7, 6, 6, 6, 7, 6, 6, 6, 6, 6, 6, 6, 6, 6, 7, 7, 6, 6, 6, 6, 6, 7, 6, 6, 6, 6, 6, 6, 6, 6, 6, 6, 6, 7, 6, 6, 6, 6, 7, 6, 5, 6, 5, 6, 5, 6, 6, 6, 6, 6, 6, 6, 6, 6, 6, 6, 5, 6, 7, 6, 6, 6, 6, 6, 6, 6, 6, 6, 6, 5, 7, 6, 6, 6, 6, 7, 7, 6, 6, 6, 6, 6, 6, 7, 6, 6, 6, 6, 6, 6, 6, 6, 6, 6, 5, 7, 6, 6, 6, 5, 6, 6, 6, 6, 6, 7, 5, 6, 6, 5, 6, 6, 6, 6, 7, 6, 6, 6, 6, 6, 6, 6, 6, 6, 6, 7, 6, 7, 6, 6, 6, 6, 6, 6, 6, 6, 6, 6, 6, 6, 5, 6, 7, 6, 6, 7, 6, 6, 6, 6, 5, 6, 6, 7, 6, 6, 6, 6, 6, 7, 6, 6, 7, 7, 6, 7, 6, 6, 6, 6, 6, 6, 6, 6, 6, 6, 6, 7, 6, 6, 6, 6, 6, 6, 6, 7, 6, 6, 6, 6, 6, 7, 6, 6, 7, 6, 7, 6, 6, 5, 6, 6, 6, 6, 6, 6, 6, 5, 6, 6, 6, 6, 6, 6, 6, 6, 6, 5, 5, 6, 6, 6, 6, 6, 6, 6, 6, 6, 6, 5, 6, 6, 7, 5, 6, 6, 6, 6, 6, 7, 6, 6, 6, 6, 6, 6, 6, 5, 6, 6, 6, 6, 7, 7, 6, 6, 6, 6, 6, 7, 6, 6, 5, 6, 5, 6, 6, 6, 7, 6, 6, 6, 5, 6, 6, 6, 6, 6, 7, 7, 6, 6, 7, 6, 6, 6, 6, 6, 6, 6, 5, 6, 6, 6, 7, 6, 5, 6, 6, 7, 5, 6, 5, 6, 6, 6, 6, 6, 6, 6, 5, 6, 6, 5, 6, 7, 7, 6, 5, 7, 6, 6, 6, 7, 6, 6, 6, 6, 6, 7, 6, 6, 6, 6, 6, 6, 6, 5, 5, 6, 6, 7, 6, 6, 6, 6, 6, 6, 6, 6, 6, 6, 5, 7, 6, 7, 6, 6, 6, 6, 7, 6, 6, 6, 5, 6, 6, 6, 6, 6, 6, 6, 6, 6, 6, 6, 6, 6, 6, 5, 6, 6, 6, 6, 6, 5, 5, 6, 6, 6, 6, 6, 6, 6, 5, 6, 6, 6, 6, 6, 6, 6, 6, 6, 6, 7, 6, 6, 7, 7, 5, 6, 6, 6, 6, 5, 6, 6, 6, 6, 6, 6, 6, 6, 6, 5, 6, 6, 7, 6, 6, 6, 6, 6, 6, 7, 6, 6, 7, 6, 6, 6, 6, 5, 6, 6, 5, 6, 6, 6, 6, 6, 6, 6, 6, 6, 7, 6, 6, 6, 6, 6, 6, 6, 6, 6, 6, 6, 6, 6, 6, 6, 6, 5, 6, 7, 6, 7, 6, 6, 6, 6, 6, 6, 6, 6, 5, 7, 6, 7, 5, 6, 6, 7, 6, 6, 6, 6, 6, 6, 5, 6, 6, 6, 6, 6, 6, 6, 5, 6, 6, 6, 6, 7, 6, 6, 6, 6, 6, 7, 6, 6, 6, 6, 6, 6, 6, 7, 6, 6, 6, 6, 6, 6, 5, 6, 5, 6, 7, 6, 6, 7, 6, 6, 6, 6, 6, 6, 6, 6, 6, 6, 7, 7, 6, 6, 6, 6, 6, 7, 6, 6, 6, 6, 6, 6, 6, 6, 6, 6, 6, 6, 5, 6, 6, 6, 6, 6, 6, 7, 6, 6, 6, 6, 7, 6, 5, 6, 6, 5, 5, 6, 6, 6, 6, 6, 6, 6, 6, 6, 6, 6, 5, 6, 6, 6, 7, 7, 7, 6, 6, 5, 6, 6, 6, 5, 5, 6, 7, 6, 6, 5, 6, 6, 6, 6, 6, 6, 6, 6, 6, 7, 6, 6, 6, 7, 6, 6, 6, 6, 6, 6, 6, 5, 6, 6, 6, 6, 6, 6, 6, 6, 5, 6, 6, 6, 6, 6, 5, 6, 7, 6, 6, 7, 6, 6, 6, 6, 7, 6, 6, 6, 6, 6, 6, 6, 6, 6, 6, 7, 6, 7, 7, 6, 6, 6, 6, 6, 6, 6, 6, 6, 6, 6, 6, 6, 6, 6, 6, 6, 8, 7, 6, 6, 6, 6, 7, 5, 6, 7, 7, 6, 7, 6, 6, 6, 6, 6, 6, 5, 6, 6, 6, 6, 6, 6, 7, 7, 7, 7, 7, 7, 6, 6, 6, 6, 6, 6, 6, 6, 6, 6, 6, 7, 7, 7, 6, 7, 7, 6, 6, 6, 6, 7, 6, 7, 6, 6, 6, 6, 5, 6, 6, 6, 6, 6, 6, 7, 7, 7, 6, 6, 6, 6, 6, 7, 6, 6, 6, 8, 6, 6, 6, 6, 7, 7, 6, 6, 6, 6, 6, 6, 7, 6, 7, 7, 7, 6, 6, 7, 6, 6, 6, 5, 6, 6, 6, 6, 6, 7, 6, 7, 6, 6, 7, 6, 5, 7, 6, 6, 7, 6, 7, 6, 6, 6, 7, 6, 6, 6, 5, 6, 6, 6, 7, 6, 6, 6, 5, 7, 6, 6, 6, 7, 6, 6, 7, 7, 6, 6, 6, 6, 6, 6, 6, 6, 6, 7, 6, 6, 5, 6, 6, 7, 6, 6, 7, 6, 6, 6, 6]

################################################################
