Numero total de amostras 770

Tempo total de processamento: 0:18:13

############## TEMPOS DE PROCESSAMENTO DO EXERCICIO NO JAIL  ####################
Soma 5194 segundos
Media 6.745454545454545 segundos
Desvio padr達o 0.4942646261479341 segundos
Minimo 6 segundos
Maximo 8 segundos

95% 6.0 segundos
99% 6.0 segundos

############## TEMPOS DE PROCESSAMENTO DO EXERCICIO NO JAIL COM DOWNLOAD  ################
Soma 7689 segundos
Media 9.985714285714286 segundos
Desvio padr達o 1.5478694436131373 segundos
Minimo 7 segundos
Maximo 19 segundos

95% 7.0 segundos
99% 7.0 segundos

################### TEMPOS DE DOWNLOAD DO EXERCICIO NO JAIL #######################
Soma 2495 segundos
Media 3.24025974025974 segundos
Desvio padr達o 1.4658679216436343 segundos
Minimo 0 segundos
Maximo 12 segundos

95% 1.0 segundos
99% 1.0 segundos

############################ TEMPOS DE ESPERA NA FILA ############################
Soma 193575
Media 251.3961038961039 segundos
Desvio padr達o 130.22559939607547 segundos
Minimo 3 segundos
Maximo 444 segundos

95% 14.0 segundos
99% 14.0 segundos

################### queue_wait_time_list: ######################

[3, 16, 19, 26, 14, 8, 21, 7, 14, 6, 41, 7, 20, 5, 4, 30, 18, 18, 26, 16, 20, 14, 35, 27, 24, 20, 18, 19, 42, 25, 29, 42, 27, 35, 29, 45, 29, 35, 31, 31, 46, 37, 36, 37, 41, 43, 42, 25, 28, 28, 29, 33, 36, 45, 58, 51, 60, 47, 65, 53, 45, 51, 49, 57, 50, 54, 55, 62, 54, 56, 66, 55, 68, 64, 57, 68, 70, 81, 77, 83, 65, 69, 72, 67, 83, 70, 74, 74, 75, 73, 79, 79, 77, 78, 42, 41, 42, 46, 46, 51, 53, 54, 53, 59, 87, 83, 91, 81, 93, 83, 83, 86, 97, 115, 95, 115, 87, 91, 101, 90, 102, 113, 92, 98, 95, 95, 109, 99, 103, 101, 111, 104, 103, 107, 108, 109, 113, 116, 109, 111, 114, 62, 63, 70, 73, 74, 75, 76, 79, 125, 120, 123, 120, 130, 137, 119, 120, 149, 150, 132, 128, 121, 125, 125, 131, 132, 128, 139, 130, 140, 139, 133, 149, 134, 141, 139, 139, 142, 153, 146, 150, 147, 143, 197, 147, 148, 149, 151, 152, 153, 424, 399, 429, 411, 412, 433, 420, 435, 441, 82, 271, 277, 278, 283, 153, 287, 155, 156, 157, 159, 158, 293, 297, 301, 423, 303, 399, 432, 409, 444, 415, 84, 159, 159, 160, 160, 161, 424, 401, 409, 429, 414, 433, 419, 438, 442, 84, 86, 88, 91, 92, 96, 103, 107, 165, 167, 163, 164, 161, 169, 165, 165, 167, 173, 169, 167, 173, 172, 172, 178, 179, 173, 173, 175, 176, 194, 179, 193, 180, 180, 179, 185, 181, 185, 188, 186, 193, 192, 191, 187, 187, 188, 188, 110, 109, 110, 111, 116, 117, 118, 120, 124, 125, 207, 205, 208, 203, 199, 210, 225, 222, 209, 202, 216, 216, 214, 208, 211, 213, 233, 238, 217, 220, 221, 237, 232, 223, 220, 223, 228, 241, 226, 229, 232, 229, 234, 234, 241, 238, 236, 241, 242, 244, 246, 423, 402, 410, 430, 415, 432, 420, 438, 443, 128, 132, 134, 257, 411, 252, 251, 442, 261, 252, 260, 259, 259, 416, 245, 254, 261, 244, 254, 261, 247, 247, 253, 248, 250, 255, 425, 420, 257, 429, 258, 433, 401, 439, 137, 354, 361, 371, 374, 383, 397, 260, 425, 264, 401, 401, 429, 264, 264, 265, 266, 266, 265, 267, 268, 308, 410, 335, 351, 433, 421, 438, 141, 143, 145, 144, 149, 151, 277, 163, 276, 275, 272, 267, 273, 270, 288, 272, 270, 275, 288, 273, 282, 274, 301, 290, 280, 279, 278, 277, 283, 285, 402, 282, 294, 291, 286, 293, 294, 289, 299, 290, 295, 296, 297, 294, 300, 299, 299, 273, 410, 426, 418, 429, 434, 300, 301, 301, 301, 300, 304, 308, 326, 334, 337, 339, 347, 363, 367, 397, 439, 400, 401, 163, 163, 165, 168, 171, 175, 176, 177, 310, 304, 308, 308, 310, 304, 308, 315, 317, 304, 307, 307, 311, 323, 315, 322, 312, 310, 317, 312, 311, 315, 312, 313, 317, 315, 323, 315, 318, 321, 323, 325, 318, 316, 323, 358, 327, 328, 322, 279, 293, 298, 303, 303, 310, 320, 426, 328, 326, 358, 372, 436, 402, 412, 417, 419, 181, 285, 312, 315, 426, 326, 429, 326, 330, 330, 337, 342, 362, 371, 377, 399, 439, 402, 411, 417, 420, 183, 193, 269, 275, 312, 316, 316, 334, 346, 350, 378, 380, 428, 405, 431, 418, 421, 435, 438, 183, 319, 405, 427, 412, 418, 430, 420, 436, 330, 330, 440, 331, 329, 330, 330, 332, 332, 333, 346, 356, 359, 363, 186, 192, 198, 202, 203, 205, 335, 348, 336, 348, 335, 334, 340, 334, 358, 341, 334, 355, 336, 336, 340, 336, 336, 348, 339, 345, 340, 348, 346, 344, 343, 351, 345, 350, 349, 349, 350, 355, 351, 355, 351, 354, 355, 357, 405, 353, 354, 323, 351, 423, 356, 364, 370, 398, 427, 406, 432, 411, 418, 435, 439, 210, 424, 428, 357, 361, 360, 432, 406, 435, 413, 418, 441, 213, 215, 218, 223, 226, 229, 238, 362, 365, 366, 366, 372, 361, 380, 366, 360, 375, 371, 368, 365, 365, 367, 365, 368, 378, 368, 367, 383, 368, 382, 372, 370, 379, 370, 373, 374, 374, 376, 374, 379, 383, 381, 407, 382, 378, 381, 381, 233, 239, 241, 385, 392, 383, 384, 384, 389, 385, 386, 387, 385, 397, 389, 388, 390, 406, 391, 396, 385, 391, 386, 389, 389, 394, 392, 389, 396, 396, 396, 392, 392, 394, 393, 395, 396, 398, 399, 395, 413, 419, 424, 427, 432, 436, 440]

################################################################
################### jail_ex_download_list: ######################

[12, 5, 4, 5, 6, 9, 4, 10, 5, 10, 3, 10, 5, 10, 11, 3, 3, 4, 3, 5, 5, 5, 6, 4, 2, 5, 5, 4, 4, 4, 2, 4, 5, 5, 4, 3, 3, 5, 3, 4, 3, 5, 5, 5, 2, 3, 4, 2, 5, 3, 4, 4, 5, 4, 3, 3, 4, 4, 3, 3, 4, 4, 5, 3, 3, 4, 5, 4, 4, 5, 4, 4, 3, 4, 3, 4, 3, 3, 2, 2, 4, 4, 2, 3, 2, 3, 4, 4, 3, 4, 3, 3, 3, 3, 4, 4, 3, 5, 5, 4, 4, 4, 4, 4, 4, 3, 4, 4, 4, 5, 3, 5, 5, 3, 5, 3, 5, 4, 5, 3, 4, 3, 4, 4, 5, 6, 3, 4, 5, 4, 4, 5, 5, 4, 3, 3, 3, 3, 3, 4, 3, 4, 4, 4, 2, 3, 4, 4, 3, 4, 3, 4, 4, 5, 3, 4, 5, 3, 2, 5, 4, 4, 6, 4, 5, 5, 4, 4, 5, 5, 3, 6, 3, 5, 5, 5, 3, 4, 4, 3, 4, 3, 4, 7, 3, 4, 4, 3, 4, 4, 2, 3, 1, 1, 3, 2, 1, 2, 1, 3, 3, 4, 4, 4, 4, 3, 5, 3, 3, 3, 3, 3, 3, 3, 2, 3, 2, 2, 2, 1, 2, 4, 3, 4, 3, 3, 3, 3, 0, 2, 1, 2, 2, 2, 1, 2, 4, 4, 4, 3, 4, 5, 5, 4, 3, 4, 3, 3, 3, 4, 3, 4, 4, 3, 4, 4, 4, 3, 4, 3, 4, 4, 4, 3, 2, 8, 4, 8, 4, 5, 5, 2, 4, 2, 5, 4, 8, 6, 7, 5, 5, 5, 5, 2, 3, 4, 3, 4, 3, 3, 5, 4, 5, 5, 5, 6, 5, 5, 5, 6, 5, 5, 5, 6, 7, 6, 5, 5, 5, 6, 4, 5, 5, 5, 4, 5, 5, 4, 4, 5, 4, 6, 5, 5, 5, 5, 4, 4, 3, 4, 4, 4, 4, 4, 2, 4, 2, 1, 2, 2, 2, 1, 3, 5, 5, 4, 4, 1, 3, 4, 3, 3, 3, 4, 4, 5, 2, 4, 5, 5, 4, 5, 4, 4, 4, 4, 4, 3, 4, 1, 2, 4, 2, 4, 2, 4, 1, 3, 3, 3, 2, 3, 2, 2, 4, 1, 2, 2, 4, 2, 3, 3, 4, 4, 4, 4, 5, 5, 2, 2, 1, 3, 2, 3, 2, 5, 4, 4, 4, 4, 3, 3, 3, 5, 3, 3, 4, 3, 4, 3, 3, 3, 2, 3, 3, 4, 3, 3, 4, 3, 4, 4, 5, 5, 4, 4, 4, 4, 4, 3, 3, 3, 2, 2, 4, 3, 3, 3, 4, 2, 2, 2, 3, 2, 1, 0, 2, 1, 2, 2, 3, 2, 3, 2, 1, 2, 3, 1, 3, 2, 2, 3, 2, 1, 2, 4, 3, 3, 4, 4, 3, 3, 3, 3, 1, 3, 1, 1, 1, 2, 2, 2, 2, 3, 2, 2, 3, 3, 3, 1, 3, 1, 4, 3, 2, 3, 2, 1, 2, 2, 3, 3, 1, 1, 2, 1, 4, 5, 4, 3, 2, 3, 3, 3, 4, 2, 3, 3, 1, 2, 2, 3, 3, 2, 3, 1, 3, 2, 2, 2, 4, 3, 1, 2, 2, 3, 2, 2, 1, 1, 3, 3, 2, 1, 2, 2, 3, 3, 2, 2, 2, 3, 9, 4, 3, 3, 2, 5, 2, 2, 1, 2, 2, 1, 3, 2, 2, 2, 2, 3, 3, 2, 3, 2, 2, 3, 2, 2, 2, 1, 1, 2, 2, 3, 3, 2, 1, 2, 2, 2, 2, 3, 3, 4, 7, 5, 5, 5, 5, 2, 3, 3, 1, 2, 3, 3, 2, 3, 3, 2, 1, 3, 2, 3, 3, 3, 3, 3, 3, 3, 2, 2, 3, 3, 3, 3, 3, 2, 2, 2, 1, 3, 2, 3, 2, 2, 2, 3, 3, 2, 3, 2, 1, 3, 3, 3, 3, 2, 4, 1, 3, 2, 2, 2, 5, 2, 2, 2, 2, 3, 1, 4, 3, 3, 2, 1, 5, 6, 5, 6, 6, 5, 3, 1, 2, 2, 1, 3, 3, 1, 2, 3, 3, 3, 3, 3, 2, 2, 2, 3, 2, 2, 2, 2, 2, 1, 3, 2, 1, 3, 1, 3, 3, 2, 3, 3, 2, 1, 4, 2, 3, 2, 2, 5, 4, 4, 3, 2, 2, 3, 2, 2, 1, 2, 2, 2, 1, 2, 3, 2, 3, 3, 2, 2, 2, 2, 2, 3, 2, 1, 3, 2, 1, 2, 3, 3, 2, 1, 2, 2, 1, 1, 3, 3, 1, 3, 2, 1, 2, 1]

################################################################
################################################################
################### process_jail_download_list: ######################

[19, 11, 11, 12, 12, 16, 11, 17, 11, 16, 9, 17, 12, 17, 18, 9, 10, 10, 10, 11, 11, 12, 13, 11, 9, 12, 12, 10, 10, 10, 9, 11, 12, 12, 11, 10, 10, 12, 10, 11, 10, 12, 12, 12, 9, 10, 10, 9, 11, 10, 11, 10, 12, 11, 10, 10, 10, 11, 10, 10, 10, 11, 11, 10, 10, 11, 11, 11, 11, 11, 10, 11, 10, 11, 10, 11, 10, 10, 10, 9, 11, 10, 9, 10, 9, 10, 11, 11, 10, 11, 10, 10, 10, 10, 11, 11, 9, 11, 12, 10, 11, 11, 11, 10, 11, 10, 11, 11, 10, 12, 10, 11, 12, 10, 11, 10, 12, 11, 12, 10, 11, 11, 11, 11, 12, 13, 10, 11, 11, 11, 11, 12, 12, 10, 9, 10, 11, 9, 10, 11, 11, 11, 11, 11, 9, 10, 11, 11, 10, 11, 10, 11, 11, 11, 9, 11, 12, 10, 9, 12, 11, 11, 13, 11, 12, 12, 12, 11, 11, 12, 10, 13, 10, 11, 12, 12, 10, 11, 11, 10, 10, 10, 11, 14, 10, 10, 10, 10, 11, 11, 9, 9, 8, 8, 11, 9, 8, 9, 7, 11, 10, 11, 11, 11, 11, 11, 11, 10, 10, 9, 9, 10, 10, 10, 8, 10, 9, 9, 8, 8, 9, 10, 10, 10, 10, 10, 10, 10, 7, 9, 7, 9, 9, 8, 8, 8, 11, 11, 11, 9, 10, 12, 12, 10, 9, 11, 10, 10, 10, 10, 10, 11, 11, 10, 10, 10, 11, 9, 10, 9, 10, 11, 11, 10, 9, 15, 10, 15, 11, 12, 11, 9, 11, 9, 12, 11, 15, 12, 14, 12, 12, 12, 12, 8, 10, 11, 10, 11, 10, 10, 11, 10, 11, 12, 12, 12, 12, 12, 12, 13, 12, 12, 13, 13, 13, 13, 12, 12, 12, 13, 11, 13, 12, 12, 11, 12, 12, 11, 11, 12, 11, 13, 11, 12, 11, 13, 11, 11, 10, 11, 10, 10, 10, 11, 9, 10, 8, 8, 8, 9, 9, 7, 9, 12, 11, 11, 10, 8, 10, 10, 9, 10, 10, 11, 11, 12, 8, 11, 12, 11, 11, 12, 11, 11, 11, 11, 11, 10, 10, 8, 9, 10, 9, 11, 8, 10, 8, 9, 10, 10, 9, 9, 9, 9, 11, 8, 9, 8, 10, 9, 10, 10, 10, 11, 10, 11, 11, 11, 9, 9, 7, 9, 9, 9, 9, 12, 12, 11, 11, 10, 10, 10, 9, 11, 10, 9, 11, 10, 10, 9, 10, 10, 9, 11, 9, 11, 10, 10, 10, 10, 11, 11, 11, 12, 11, 10, 10, 10, 10, 10, 10, 10, 9, 9, 11, 10, 9, 10, 11, 9, 8, 9, 10, 8, 7, 7, 9, 7, 9, 8, 10, 9, 9, 9, 8, 9, 10, 8, 9, 9, 9, 9, 8, 8, 9, 10, 9, 10, 10, 11, 10, 10, 10, 10, 8, 10, 8, 8, 8, 9, 9, 9, 9, 10, 9, 9, 10, 10, 10, 8, 9, 8, 10, 10, 10, 10, 9, 8, 9, 9, 10, 9, 7, 8, 9, 8, 11, 11, 11, 10, 9, 9, 10, 10, 11, 9, 10, 11, 7, 9, 8, 10, 10, 9, 10, 8, 9, 9, 9, 9, 11, 10, 8, 8, 9, 10, 8, 9, 7, 8, 10, 10, 10, 8, 9, 9, 10, 10, 9, 8, 9, 11, 16, 11, 10, 10, 8, 11, 9, 8, 7, 9, 8, 8, 10, 8, 8, 8, 9, 10, 10, 9, 10, 8, 9, 9, 8, 9, 9, 8, 8, 9, 9, 10, 10, 9, 8, 8, 8, 8, 9, 9, 9, 11, 14, 11, 11, 11, 12, 9, 9, 10, 8, 8, 10, 10, 9, 10, 10, 9, 7, 10, 9, 10, 10, 9, 9, 10, 10, 10, 9, 9, 10, 10, 9, 9, 9, 9, 8, 10, 8, 9, 9, 10, 9, 9, 9, 10, 9, 9, 9, 9, 8, 9, 10, 9, 9, 8, 10, 7, 10, 9, 9, 9, 12, 8, 8, 8, 8, 9, 7, 11, 10, 11, 9, 8, 12, 13, 12, 12, 13, 12, 11, 8, 9, 8, 7, 9, 10, 7, 9, 10, 10, 9, 9, 10, 9, 9, 9, 9, 9, 9, 9, 9, 9, 8, 9, 8, 7, 9, 7, 9, 10, 9, 10, 9, 9, 8, 10, 9, 10, 9, 8, 13, 11, 11, 10, 9, 9, 10, 9, 9, 7, 9, 9, 9, 7, 9, 10, 9, 10, 10, 9, 9, 9, 8, 9, 9, 9, 7, 9, 8, 8, 8, 9, 10, 9, 8, 8, 8, 7, 8, 9, 10, 8, 9, 8, 8, 9, 8]

################################################################
################################################################
################### process_jail_list: ######################

[7, 6, 7, 7, 6, 7, 7, 7, 6, 6, 6, 7, 7, 7, 7, 6, 7, 6, 7, 6, 6, 7, 7, 7, 7, 7, 7, 6, 6, 6, 7, 7, 7, 7, 7, 7, 7, 7, 7, 7, 7, 7, 7, 7, 7, 7, 6, 7, 6, 7, 7, 6, 7, 7, 7, 7, 6, 7, 7, 7, 6, 7, 6, 7, 7, 7, 6, 7, 7, 6, 6, 7, 7, 7, 7, 7, 7, 7, 8, 7, 7, 6, 7, 7, 7, 7, 7, 7, 7, 7, 7, 7, 7, 7, 7, 7, 6, 6, 7, 6, 7, 7, 7, 6, 7, 7, 7, 7, 6, 7, 7, 6, 7, 7, 6, 7, 7, 7, 7, 7, 7, 8, 7, 7, 7, 7, 7, 7, 6, 7, 7, 7, 7, 6, 6, 7, 8, 6, 7, 7, 8, 7, 7, 7, 7, 7, 7, 7, 7, 7, 7, 7, 7, 6, 6, 7, 7, 7, 7, 7, 7, 7, 7, 7, 7, 7, 8, 7, 6, 7, 7, 7, 7, 6, 7, 7, 7, 7, 7, 7, 6, 7, 7, 7, 7, 6, 6, 7, 7, 7, 7, 6, 7, 7, 8, 7, 7, 7, 6, 8, 7, 7, 7, 7, 7, 8, 6, 7, 7, 6, 6, 7, 7, 7, 6, 7, 7, 7, 6, 7, 7, 6, 7, 6, 7, 7, 7, 7, 7, 7, 6, 7, 7, 6, 7, 6, 7, 7, 7, 6, 6, 7, 7, 6, 6, 7, 7, 7, 7, 6, 7, 7, 7, 7, 6, 6, 7, 6, 6, 6, 6, 7, 7, 7, 7, 7, 6, 7, 7, 7, 6, 7, 7, 7, 7, 7, 7, 6, 7, 7, 7, 7, 7, 6, 7, 7, 7, 7, 7, 7, 6, 6, 6, 7, 7, 6, 7, 7, 7, 7, 7, 7, 8, 7, 6, 7, 7, 7, 7, 7, 7, 8, 7, 7, 7, 7, 7, 7, 7, 7, 7, 7, 6, 7, 6, 8, 7, 7, 7, 7, 6, 6, 6, 7, 7, 6, 6, 7, 6, 7, 7, 6, 6, 7, 6, 7, 6, 7, 7, 6, 6, 7, 7, 7, 7, 7, 6, 7, 7, 6, 7, 7, 7, 7, 7, 7, 7, 7, 6, 7, 7, 6, 7, 7, 6, 6, 7, 6, 7, 7, 7, 6, 7, 7, 7, 7, 7, 6, 6, 7, 7, 7, 6, 7, 6, 7, 6, 6, 7, 7, 6, 6, 7, 6, 7, 7, 8, 7, 7, 6, 7, 7, 6, 6, 7, 6, 7, 7, 6, 6, 7, 7, 7, 8, 6, 7, 7, 7, 6, 7, 7, 7, 6, 7, 7, 6, 6, 6, 6, 7, 7, 7, 7, 7, 7, 7, 6, 7, 7, 7, 6, 7, 7, 6, 6, 7, 7, 6, 7, 6, 7, 7, 6, 7, 7, 7, 7, 7, 6, 7, 7, 6, 6, 7, 7, 6, 6, 7, 6, 7, 7, 7, 7, 7, 7, 7, 7, 7, 7, 7, 7, 7, 7, 7, 7, 7, 7, 7, 7, 7, 6, 7, 6, 7, 8, 7, 7, 7, 7, 7, 7, 6, 6, 7, 7, 7, 7, 6, 7, 7, 7, 6, 7, 7, 7, 7, 7, 8, 6, 7, 6, 7, 7, 7, 7, 7, 6, 7, 7, 7, 7, 7, 7, 6, 7, 7, 6, 7, 6, 7, 7, 7, 8, 7, 7, 7, 7, 7, 7, 6, 7, 8, 7, 7, 7, 7, 6, 6, 7, 6, 6, 7, 6, 7, 7, 6, 6, 6, 7, 7, 7, 7, 7, 6, 7, 6, 6, 7, 7, 7, 7, 7, 7, 7, 7, 7, 7, 6, 6, 6, 7, 6, 6, 7, 7, 6, 6, 6, 7, 7, 6, 7, 7, 6, 7, 7, 7, 7, 7, 7, 6, 7, 7, 7, 7, 6, 6, 7, 7, 7, 7, 7, 7, 7, 6, 6, 6, 7, 6, 8, 7, 6, 7, 7, 7, 7, 7, 7, 6, 7, 6, 7, 7, 6, 7, 6, 6, 6, 6, 6, 7, 7, 7, 7, 7, 6, 6, 6, 6, 6, 6, 7, 7, 8, 7, 7, 7, 7, 7, 6, 7, 7, 8, 7, 7, 6, 6, 6, 7, 6, 7, 7, 7, 6, 6, 7, 7, 7, 7, 6, 7, 7, 7, 7, 7, 7, 6, 6, 6, 6, 6, 6, 7, 7, 7, 6, 7, 7, 6, 7, 7, 7, 6, 8, 7, 7, 7, 7, 7, 7, 7, 7, 6, 7, 7, 7, 6, 7, 7, 7, 7, 7, 7, 7, 7, 6, 7, 6, 7, 6, 6, 6, 7, 6, 6, 7, 7, 7, 6, 6, 6, 7, 6, 7, 7, 6, 6, 7, 7, 7]

################################################################
