Numero total de amostras 769

Tempo total de processamento: 0:11:01

############## TEMPOS DE PROCESSAMENTO DO EXERCICIO NO JAIL  ####################
Soma 4537 segundos
Media 5.899869960988297 segundos
Desvio padr達o 0.4316629274790881 segundos
Minimo 5 segundos
Maximo 7 segundos

95% 5.0 segundos
99% 5.0 segundos

############## TEMPOS DE PROCESSAMENTO DO EXERCICIO NO JAIL COM DOWNLOAD  ################
Soma 5016 segundos
Media 6.522756827048115 segundos
Desvio padr達o 0.5631184714680633 segundos
Minimo 6 segundos
Maximo 9 segundos

95% 6.0 segundos
99% 6.0 segundos

################### TEMPOS DE DOWNLOAD DO EXERCICIO NO JAIL #######################
Soma 479 segundos
Media 0.6228868660598179 segundos
Desvio padr達o 0.5158567446092365 segundos
Minimo 0 segundos
Maximo 3 segundos

95% 0.0 segundos
99% 0.0 segundos

############################ TEMPOS DE ESPERA NA FILA ############################
Soma 911
Media 1.1846553966189857 segundos
Desvio padr達o 1.1019423291866008 segundos
Minimo 0 segundos
Maximo 8 segundos

95% 0.0 segundos
99% 0.0 segundos

################### queue_wait_time_list: ######################

[7, 6, 8, 6, 5, 6, 5, 4, 3, 6, 2, 1, 1, 3, 7, 5, 6, 3, 4, 3, 5, 6, 5, 5, 6, 3, 5, 4, 3, 5, 4, 4, 3, 5, 2, 5, 3, 4, 4, 3, 4, 3, 4, 3, 2, 2, 2, 2, 2, 0, 1, 1, 1, 1, 2, 0, 1, 2, 2, 1, 0, 3, 0, 2, 1, 0, 1, 0, 0, 1, 1, 0, 1, 0, 1, 0, 1, 1, 1, 0, 1, 1, 1, 0, 1, 0, 1, 2, 1, 0, 0, 2, 1, 0, 1, 0, 1, 1, 1, 1, 1, 1, 1, 1, 1, 0, 1, 1, 0, 1, 2, 1, 1, 0, 1, 0, 2, 0, 1, 1, 0, 2, 0, 1, 0, 1, 2, 1, 1, 1, 1, 1, 0, 1, 1, 1, 0, 0, 0, 1, 1, 1, 0, 0, 0, 0, 0, 1, 1, 1, 1, 1, 1, 1, 1, 1, 0, 1, 1, 2, 1, 0, 1, 1, 0, 1, 1, 1, 1, 0, 1, 1, 1, 1, 0, 1, 2, 0, 2, 1, 0, 1, 0, 1, 0, 1, 0, 1, 1, 1, 1, 1, 0, 1, 1, 1, 1, 0, 1, 2, 1, 1, 1, 0, 1, 1, 1, 1, 1, 2, 2, 1, 0, 0, 2, 1, 0, 2, 0, 1, 0, 1, 1, 0, 0, 1, 2, 2, 0, 1, 2, 1, 1, 0, 1, 0, 0, 3, 0, 1, 2, 1, 1, 3, 1, 0, 1, 1, 1, 1, 0, 1, 0, 1, 1, 0, 2, 1, 2, 1, 1, 2, 1, 2, 1, 2, 2, 1, 1, 0, 1, 1, 2, 0, 1, 3, 1, 1, 2, 1, 2, 2, 0, 2, 0, 1, 1, 2, 1, 1, 2, 0, 1, 1, 0, 1, 3, 0, 3, 2, 3, 1, 2, 2, 2, 2, 1, 0, 1, 0, 1, 1, 0, 1, 1, 1, 0, 1, 1, 0, 1, 1, 1, 1, 1, 1, 0, 1, 1, 0, 1, 0, 2, 0, 0, 2, 0, 1, 1, 1, 0, 1, 0, 1, 0, 2, 1, 1, 1, 1, 1, 2, 1, 1, 0, 0, 2, 1, 1, 1, 0, 1, 0, 1, 1, 0, 1, 1, 1, 1, 1, 0, 1, 0, 0, 1, 1, 1, 2, 3, 2, 1, 2, 2, 1, 1, 1, 2, 1, 1, 1, 1, 0, 0, 2, 0, 3, 1, 0, 1, 2, 1, 1, 2, 0, 3, 2, 1, 1, 0, 0, 2, 2, 2, 1, 2, 0, 1, 1, 2, 2, 2, 2, 2, 0, 1, 0, 1, 0, 1, 0, 1, 2, 0, 1, 1, 2, 1, 0, 1, 1, 1, 2, 0, 1, 1, 1, 1, 1, 0, 0, 1, 1, 1, 1, 1, 1, 1, 1, 0, 1, 1, 2, 2, 1, 1, 1, 1, 0, 1, 1, 2, 2, 1, 2, 2, 1, 2, 0, 2, 1, 1, 0, 2, 1, 1, 1, 1, 0, 1, 1, 1, 0, 1, 0, 1, 2, 1, 2, 1, 1, 1, 0, 0, 1, 2, 1, 0, 0, 1, 2, 1, 0, 1, 2, 2, 1, 1, 1, 1, 0, 1, 1, 1, 3, 1, 1, 1, 1, 0, 1, 1, 1, 0, 1, 0, 1, 0, 1, 2, 2, 1, 1, 1, 2, 1, 2, 1, 1, 3, 1, 2, 3, 3, 2, 0, 1, 1, 1, 3, 3, 2, 1, 0, 1, 2, 1, 0, 1, 1, 2, 0, 0, 1, 2, 1, 2, 1, 2, 3, 3, 1, 2, 1, 1, 2, 1, 1, 2, 0, 2, 0, 2, 1, 1, 1, 1, 2, 0, 1, 1, 2, 0, 0, 0, 2, 1, 1, 1, 1, 2, 0, 0, 0, 1, 1, 2, 1, 1, 1, 2, 1, 1, 1, 2, 0, 1, 0, 1, 1, 1, 1, 1, 2, 1, 0, 1, 1, 0, 1, 0, 1, 1, 0, 1, 1, 2, 1, 3, 0, 1, 1, 1, 1, 0, 1, 1, 2, 2, 1, 2, 1, 0, 1, 1, 1, 2, 1, 1, 2, 0, 2, 0, 1, 1, 2, 1, 1, 1, 0, 1, 2, 0, 1, 1, 1, 2, 1, 1, 0, 1, 0, 1, 2, 1, 2, 1, 1, 1, 1, 2, 1, 1, 0, 0, 1, 1, 1, 0, 1, 1, 1, 0, 0, 1, 0, 1, 1, 1, 1, 1, 0, 0, 0, 1, 1, 1, 1, 1, 1, 0, 1, 1, 0, 1, 1, 0, 2, 1, 1, 0, 1, 1, 1, 1, 0, 1, 1, 0, 2, 2, 1, 2, 2, 1, 1, 1, 1, 1, 1, 0, 1, 1, 1, 1, 1, 1, 1, 2]

################################################################
################### jail_ex_download_list: ######################

[0, 1, 0, 1, 1, 1, 1, 2, 2, 0, 3, 2, 3, 1, 1, 0, 1, 1, 1, 1, 1, 1, 1, 1, 1, 2, 1, 2, 1, 1, 1, 1, 1, 0, 0, 0, 0, 1, 0, 1, 1, 1, 0, 1, 1, 0, 1, 1, 1, 1, 0, 1, 1, 0, 1, 0, 0, 0, 0, 0, 1, 0, 0, 1, 1, 1, 1, 1, 1, 1, 0, 1, 1, 1, 1, 1, 0, 0, 1, 0, 0, 1, 0, 1, 1, 1, 1, 0, 1, 1, 1, 1, 0, 1, 1, 0, 1, 1, 0, 0, 1, 0, 1, 0, 0, 1, 1, 0, 1, 1, 0, 0, 0, 1, 1, 1, 0, 0, 0, 1, 0, 0, 1, 1, 1, 1, 0, 0, 1, 0, 1, 1, 1, 1, 0, 1, 1, 1, 1, 0, 0, 0, 1, 1, 0, 1, 1, 1, 1, 1, 0, 1, 1, 1, 0, 1, 0, 0, 1, 0, 0, 1, 0, 0, 1, 0, 1, 1, 1, 1, 0, 0, 1, 0, 1, 0, 0, 1, 1, 0, 0, 0, 1, 0, 0, 0, 1, 1, 1, 1, 1, 1, 1, 0, 1, 1, 0, 1, 1, 0, 1, 1, 0, 1, 1, 1, 1, 1, 1, 0, 0, 0, 1, 1, 0, 1, 0, 1, 1, 1, 1, 0, 1, 1, 1, 0, 0, 1, 1, 0, 0, 0, 1, 1, 1, 1, 1, 0, 1, 1, 0, 1, 0, 0, 1, 1, 1, 0, 1, 1, 1, 1, 0, 1, 0, 1, 0, 0, 0, 1, 1, 1, 0, 1, 0, 1, 1, 2, 1, 1, 1, 1, 1, 0, 1, 1, 0, 0, 1, 1, 1, 1, 1, 0, 1, 0, 1, 1, 1, 0, 0, 0, 0, 1, 1, 1, 0, 1, 0, 1, 1, 1, 1, 1, 0, 0, 0, 0, 1, 1, 1, 1, 1, 0, 0, 1, 0, 0, 0, 1, 0, 0, 1, 0, 1, 0, 0, 1, 1, 1, 1, 1, 0, 1, 1, 1, 0, 1, 0, 1, 1, 1, 1, 1, 1, 0, 0, 0, 1, 1, 0, 1, 0, 0, 1, 1, 0, 1, 1, 0, 1, 1, 1, 0, 0, 1, 1, 1, 0, 0, 0, 1, 0, 0, 1, 1, 1, 0, 0, 0, 0, 0, 1, 0, 0, 1, 1, 1, 0, 1, 1, 1, 0, 1, 1, 1, 0, 1, 1, 0, 1, 1, 1, 0, 1, 1, 1, 1, 1, 1, 1, 1, 0, 1, 0, 0, 1, 1, 1, 1, 1, 0, 0, 0, 1, 0, 1, 1, 1, 0, 1, 1, 0, 0, 1, 0, 0, 0, 1, 1, 0, 0, 0, 1, 1, 1, 0, 1, 1, 1, 1, 0, 0, 1, 1, 0, 0, 0, 1, 1, 0, 0, 0, 1, 1, 0, 1, 1, 1, 0, 1, 0, 1, 0, 0, 1, 1, 0, 1, 0, 1, 0, 1, 0, 1, 1, 0, 1, 1, 0, 1, 1, 1, 1, 1, 0, 0, 0, 0, 0, 1, 1, 1, 1, 1, 0, 0, 1, 1, 1, 0, 1, 1, 1, 1, 1, 1, 0, 1, 1, 1, 0, 1, 0, 1, 0, 1, 0, 1, 1, 0, 0, 0, 0, 1, 1, 0, 1, 0, 0, 0, 1, 1, 1, 1, 1, 1, 0, 1, 1, 0, 0, 1, 0, 0, 1, 1, 1, 1, 0, 0, 1, 1, 1, 1, 0, 1, 1, 1, 1, 1, 1, 1, 1, 0, 1, 1, 1, 0, 0, 0, 1, 1, 1, 0, 0, 0, 1, 0, 1, 0, 1, 1, 0, 0, 1, 1, 1, 1, 0, 1, 0, 0, 1, 1, 0, 1, 0, 0, 1, 1, 1, 1, 1, 1, 1, 0, 0, 1, 0, 0, 0, 1, 1, 0, 1, 1, 1, 1, 1, 1, 1, 0, 0, 0, 1, 1, 0, 1, 0, 1, 0, 0, 1, 0, 1, 0, 0, 0, 1, 1, 1, 0, 1, 1, 0, 1, 0, 1, 1, 1, 1, 1, 1, 1, 0, 1, 1, 0, 0, 1, 0, 1, 0, 1, 0, 0, 1, 0, 1, 1, 1, 1, 1, 0, 0, 0, 1, 1, 1, 0, 1, 0, 1, 0, 1, 0, 0, 0, 1, 1, 1, 1, 0, 1, 0, 1, 0, 1, 1, 0, 1, 1, 1, 1, 0, 1, 1, 0, 1, 0, 1, 1, 0, 0, 0, 0, 0, 1, 0, 1, 0, 0, 1, 0, 1, 1, 0, 0, 0, 1, 1, 1, 1, 0, 1, 1, 0, 1, 1, 0, 1, 1, 0, 1, 1, 1, 0, 0, 0, 1, 1, 1, 1, 1, 1, 1, 0, 0]

################################################################
################################################################
################### process_jail_download_list: ######################

[6, 7, 6, 7, 7, 7, 7, 9, 9, 6, 9, 8, 9, 7, 7, 7, 7, 7, 7, 7, 7, 8, 7, 8, 7, 8, 7, 8, 7, 6, 7, 7, 7, 6, 6, 6, 6, 7, 6, 7, 7, 7, 6, 6, 7, 6, 7, 7, 7, 6, 6, 7, 7, 6, 7, 6, 6, 6, 6, 6, 7, 6, 6, 7, 7, 7, 6, 7, 7, 7, 6, 7, 7, 6, 7, 7, 6, 6, 7, 6, 6, 7, 6, 7, 6, 6, 6, 6, 7, 7, 6, 6, 6, 7, 7, 6, 7, 6, 6, 6, 7, 6, 7, 6, 6, 7, 7, 6, 7, 7, 6, 6, 6, 7, 7, 7, 6, 6, 6, 7, 6, 6, 7, 7, 7, 6, 6, 6, 6, 6, 7, 7, 7, 7, 6, 7, 6, 7, 7, 6, 6, 6, 7, 7, 6, 6, 7, 6, 6, 7, 7, 7, 6, 7, 6, 6, 6, 6, 6, 6, 6, 7, 6, 6, 6, 6, 7, 7, 7, 7, 6, 6, 6, 6, 7, 6, 6, 6, 6, 6, 6, 6, 7, 6, 7, 6, 6, 6, 7, 7, 7, 6, 7, 6, 7, 7, 6, 6, 7, 6, 7, 6, 6, 6, 7, 7, 6, 7, 7, 6, 6, 7, 7, 7, 6, 7, 6, 6, 7, 7, 7, 7, 6, 6, 7, 6, 6, 6, 6, 6, 6, 6, 7, 7, 6, 7, 7, 6, 7, 7, 6, 7, 6, 6, 6, 7, 7, 6, 6, 7, 7, 6, 6, 6, 6, 7, 6, 6, 6, 7, 7, 7, 6, 7, 6, 6, 7, 8, 7, 7, 6, 7, 7, 6, 7, 6, 6, 6, 7, 7, 7, 8, 8, 6, 7, 6, 6, 7, 7, 6, 6, 7, 7, 7, 7, 7, 7, 7, 6, 6, 6, 7, 7, 7, 6, 6, 6, 6, 7, 7, 7, 6, 7, 6, 7, 7, 6, 6, 6, 7, 6, 6, 7, 6, 7, 6, 6, 7, 6, 7, 7, 7, 6, 7, 7, 7, 6, 7, 6, 7, 6, 6, 6, 7, 6, 6, 6, 6, 6, 7, 6, 6, 6, 6, 7, 7, 6, 7, 7, 6, 7, 7, 7, 6, 6, 7, 7, 7, 6, 6, 6, 7, 6, 6, 7, 7, 7, 6, 6, 6, 6, 6, 7, 6, 6, 7, 7, 7, 6, 7, 7, 6, 6, 7, 7, 6, 6, 7, 7, 6, 7, 7, 7, 6, 6, 7, 7, 7, 7, 7, 7, 7, 7, 6, 6, 6, 7, 6, 6, 6, 7, 6, 6, 7, 7, 6, 6, 6, 7, 6, 7, 7, 6, 6, 7, 6, 6, 6, 7, 7, 6, 6, 6, 7, 6, 7, 6, 6, 7, 7, 7, 6, 7, 7, 7, 6, 6, 6, 6, 7, 6, 6, 6, 7, 6, 6, 7, 6, 7, 6, 7, 6, 7, 6, 6, 7, 6, 7, 6, 6, 6, 6, 7, 7, 7, 7, 6, 7, 7, 6, 7, 7, 7, 8, 8, 6, 6, 7, 7, 6, 7, 7, 7, 7, 7, 6, 6, 7, 7, 7, 6, 7, 7, 7, 7, 6, 7, 6, 6, 7, 7, 6, 7, 7, 7, 6, 7, 6, 6, 7, 6, 6, 6, 6, 6, 7, 6, 7, 6, 6, 6, 7, 7, 7, 7, 7, 8, 6, 7, 7, 6, 6, 7, 6, 6, 6, 7, 8, 6, 7, 6, 7, 7, 7, 6, 6, 7, 7, 7, 7, 7, 7, 6, 7, 6, 6, 6, 7, 6, 6, 6, 7, 6, 6, 6, 6, 6, 6, 6, 7, 6, 6, 7, 6, 6, 7, 7, 7, 7, 7, 6, 6, 7, 7, 7, 6, 7, 6, 6, 7, 6, 7, 7, 7, 7, 7, 7, 7, 7, 7, 7, 6, 6, 7, 6, 7, 7, 7, 6, 6, 7, 7, 6, 6, 6, 7, 7, 6, 7, 6, 6, 6, 6, 7, 7, 6, 6, 6, 6, 7, 7, 7, 6, 7, 7, 6, 7, 6, 8, 7, 7, 7, 7, 7, 6, 6, 7, 6, 6, 6, 7, 6, 7, 6, 8, 6, 6, 7, 6, 7, 6, 7, 7, 7, 6, 6, 6, 7, 7, 6, 6, 7, 6, 6, 6, 6, 6, 6, 6, 7, 6, 7, 6, 6, 7, 6, 7, 6, 7, 7, 6, 6, 6, 7, 7, 6, 6, 7, 6, 7, 6, 6, 6, 6, 6, 6, 6, 6, 6, 6, 6, 6, 6, 7, 6, 6, 7, 6, 6, 6, 6, 7, 7, 7, 6, 6, 6, 6, 7, 7, 6, 7, 7, 6, 6, 7, 7, 6, 6, 6, 7, 7, 7, 7, 7, 6, 7, 6, 6]

################################################################
################################################################
################### process_jail_list: ######################

[6, 6, 6, 6, 6, 6, 6, 7, 7, 6, 6, 6, 6, 6, 6, 7, 6, 6, 6, 6, 6, 7, 6, 7, 6, 6, 6, 6, 6, 5, 6, 6, 6, 6, 6, 6, 6, 6, 6, 6, 6, 6, 6, 5, 6, 6, 6, 6, 6, 5, 6, 6, 6, 6, 6, 6, 6, 6, 6, 6, 6, 6, 6, 6, 6, 6, 5, 6, 6, 6, 6, 6, 6, 5, 6, 6, 6, 6, 6, 6, 6, 6, 6, 6, 5, 5, 5, 6, 6, 6, 5, 5, 6, 6, 6, 6, 6, 5, 6, 6, 6, 6, 6, 6, 6, 6, 6, 6, 6, 6, 6, 6, 6, 6, 6, 6, 6, 6, 6, 6, 6, 6, 6, 6, 6, 5, 6, 6, 5, 6, 6, 6, 6, 6, 6, 6, 5, 6, 6, 6, 6, 6, 6, 6, 6, 5, 6, 5, 5, 6, 7, 6, 5, 6, 6, 5, 6, 6, 5, 6, 6, 6, 6, 6, 5, 6, 6, 6, 6, 6, 6, 6, 5, 6, 6, 6, 6, 5, 5, 6, 6, 6, 6, 6, 7, 6, 5, 5, 6, 6, 6, 5, 6, 6, 6, 6, 6, 5, 6, 6, 6, 5, 6, 5, 6, 6, 5, 6, 6, 6, 6, 7, 6, 6, 6, 6, 6, 5, 6, 6, 6, 7, 5, 5, 6, 6, 6, 5, 5, 6, 6, 6, 6, 6, 5, 6, 6, 6, 6, 6, 6, 6, 6, 6, 5, 6, 6, 6, 5, 6, 6, 5, 6, 5, 6, 6, 6, 6, 6, 6, 6, 6, 6, 6, 6, 5, 6, 6, 6, 6, 5, 6, 6, 6, 6, 5, 6, 6, 6, 6, 6, 7, 7, 6, 6, 6, 5, 6, 6, 6, 6, 7, 7, 6, 6, 6, 7, 6, 6, 5, 5, 6, 6, 6, 6, 6, 6, 6, 6, 6, 6, 5, 6, 6, 7, 6, 6, 6, 6, 6, 6, 6, 6, 6, 6, 6, 6, 6, 5, 6, 6, 6, 6, 6, 6, 6, 6, 6, 6, 6, 5, 5, 5, 6, 5, 6, 6, 6, 5, 6, 6, 5, 6, 6, 6, 6, 6, 6, 6, 6, 6, 6, 6, 6, 6, 6, 6, 6, 6, 6, 6, 6, 6, 6, 6, 6, 6, 6, 6, 6, 6, 6, 6, 6, 6, 6, 6, 6, 6, 6, 6, 5, 6, 6, 6, 5, 6, 6, 6, 6, 6, 6, 6, 6, 5, 6, 6, 6, 6, 6, 6, 6, 7, 5, 6, 6, 6, 5, 5, 5, 6, 6, 6, 7, 6, 6, 5, 5, 6, 6, 6, 6, 6, 6, 6, 6, 6, 6, 6, 6, 6, 6, 6, 6, 5, 6, 6, 5, 6, 6, 6, 6, 7, 6, 6, 6, 6, 6, 5, 6, 6, 6, 6, 6, 5, 6, 6, 5, 6, 6, 6, 6, 6, 6, 6, 6, 5, 7, 5, 6, 5, 6, 6, 7, 6, 6, 6, 6, 6, 6, 6, 6, 6, 7, 7, 6, 6, 7, 7, 6, 6, 6, 6, 6, 6, 6, 6, 6, 6, 6, 6, 6, 6, 6, 6, 5, 6, 6, 5, 6, 6, 6, 6, 7, 6, 6, 6, 6, 5, 6, 6, 6, 6, 6, 5, 6, 6, 6, 6, 6, 6, 6, 6, 6, 6, 6, 7, 6, 6, 6, 6, 6, 6, 6, 6, 5, 6, 7, 5, 7, 6, 6, 6, 6, 5, 6, 6, 6, 6, 6, 6, 6, 5, 6, 6, 5, 5, 6, 6, 6, 6, 6, 5, 5, 6, 6, 6, 5, 6, 6, 6, 5, 6, 6, 6, 6, 6, 6, 6, 7, 5, 6, 7, 6, 6, 6, 6, 6, 6, 6, 5, 6, 6, 6, 6, 6, 7, 7, 6, 7, 7, 6, 5, 6, 6, 6, 6, 6, 5, 5, 6, 6, 6, 6, 6, 6, 6, 6, 6, 6, 5, 6, 6, 6, 7, 5, 6, 6, 6, 6, 6, 6, 6, 6, 6, 6, 6, 6, 7, 6, 6, 6, 6, 6, 5, 6, 6, 5, 6, 6, 6, 6, 6, 6, 7, 6, 6, 6, 6, 6, 5, 6, 6, 6, 6, 6, 6, 6, 6, 5, 6, 6, 6, 5, 6, 5, 6, 6, 6, 6, 5, 6, 5, 6, 6, 6, 6, 6, 6, 6, 6, 5, 5, 6, 6, 6, 5, 6, 6, 6, 6, 5, 5, 6, 6, 6, 6, 6, 5, 6, 5, 6, 6, 6, 6, 5, 6, 6, 6, 6, 5, 6, 6, 6, 6, 5, 5, 6, 6, 6, 6, 6, 6, 6, 5, 6, 6, 6, 6, 6, 6, 6, 6, 6, 6, 5, 6, 6, 6]

################################################################
