Numero total de amostras 770

Tempo total de processamento: 1:25:57

############## TEMPOS DE PROCESSAMENTO DO EXERCICIO NO JAIL  ####################
Soma 4542 segundos
Media 5.898701298701298 segundos
Desvio padr達o 0.338251234721355 segundos
Minimo 5 segundos
Maximo 7 segundos

95% 5.0 segundos
99% 5.0 segundos

############## TEMPOS DE PROCESSAMENTO DO EXERCICIO NO JAIL COM DOWNLOAD  ################
Soma 5161 segundos
Media 6.702597402597402 segundos
Desvio padr達o 0.5593303106008916 segundos
Minimo 6 segundos
Maximo 11 segundos

95% 6.0 segundos
99% 6.0 segundos

################### TEMPOS DE DOWNLOAD DO EXERCICIO NO JAIL #######################
Soma 619 segundos
Media 0.8038961038961039 segundos
Desvio padr達o 0.48267155847578563 segundos
Minimo 0 segundos
Maximo 4 segundos

95% 0.0 segundos
99% 0.0 segundos

############################ TEMPOS DE ESPERA NA FILA ############################
Soma 1737775
Media 2256.8506493506493 segundos
Desvio padr達o 1285.305501015668 segundos
Minimo 5 segundos
Maximo 4499 segundos

95% 63.443999999999996 segundos
99% 65.9048 segundos

################### queue_wait_time_list: ######################

[30, 3845, 38, 5, 15, 45, 23, 54, 69, 77, 83, 94, 100, 107, 118, 124, 136, 143, 148, 161, 167, 173, 184, 191, 197, 208, 214, 227, 233, 239, 250, 256, 262, 274, 280, 291, 297, 303, 315, 320, 327, 338, 344, 351, 363, 369, 380, 386, 3869, 61, 89, 404, 410, 422, 428, 433, 446, 452, 458, 470, 476, 483, 495, 501, 513, 520, 526, 538, 544, 550, 561, 567, 579, 585, 591, 603, 608, 614, 625, 630, 637, 648, 654, 665, 671, 677, 688, 694, 700, 711, 718, 724, 735, 740, 752, 757, 821, 3891, 764, 878, 826, 770, 3915, 775, 832, 884, 781, 3932, 838, 786, 3955, 3980, 792, 844, 797, 849, 804, 810, 855, 815, 861, 866, 872, 113, 130, 900, 906, 918, 924, 929, 940, 946, 952, 964, 969, 981, 986, 992, 1004, 1010, 1015, 1026, 1032, 1038, 1050, 1055, 1066, 1072, 1077, 1090, 1095, 1101, 1112, 1119, 1125, 1136, 1142, 1153, 1160, 1165, 1177, 1182, 1188, 1200, 1206, 1217, 1223, 1228, 1240, 1246, 4002, 4020, 1251, 4043, 4065, 1257, 4086, 4112, 4138, 4165, 155, 179, 1268, 1273, 1286, 1291, 1297, 1308, 1314, 1320, 1331, 1337, 1342, 1353, 1360, 1371, 1377, 1382, 1393, 1399, 1405, 1416, 1422, 1434, 1438, 1445, 1456, 1462, 1467, 1479, 1485, 1490, 1501, 1507, 1519, 1525, 1531, 1542, 1547, 1554, 1565, 1571, 1576, 1588, 1594, 1606, 1612, 4366, 1617, 4378, 4400, 4418, 4441, 4464, 4481, 203, 220, 244, 1628, 1634, 1646, 1652, 1664, 1670, 1676, 1688, 1694, 1700, 1711, 1717, 1729, 1735, 1741, 1752, 1758, 1763, 1776, 1782, 1787, 1798, 1805, 1816, 1822, 1827, 1838, 1845, 1851, 1862, 1867, 1873, 1885, 1891, 1902, 1907, 1913, 1925, 1931, 1937, 1948, 1954, 1966, 1972, 2030, 1977, 2081, 2035, 1983, 1989, 2041, 2087, 1995, 2047, 2000, 2094, 2007, 2053, 2013, 2058, 2018, 2099, 2024, 2064, 2105, 2070, 2111, 2076, 2117, 2123, 267, 286, 310, 2135, 2140, 2152, 2158, 2170, 2176, 2181, 2193, 2198, 2204, 2216, 2222, 2233, 2239, 2244, 2256, 2262, 2267, 2279, 2285, 2291, 2302, 2307, 2318, 2324, 2330, 2342, 2348, 2353, 2364, 2371, 2376, 2387, 2393, 2404, 2410, 2416, 2427, 2433, 2438, 2450, 2457, 2468, 2474, 333, 357, 2491, 2497, 2508, 2514, 2519, 2531, 2537, 2542, 2553, 2559, 2571, 2577, 2582, 2593, 2599, 2604, 2616, 2622, 2627, 2638, 2645, 2656, 2661, 2667, 2678, 2685, 2690, 2701, 2707, 2713, 2724, 2730, 2742, 2747, 2753, 2764, 2771, 2776, 2787, 2793, 2804, 2810, 2816, 2827, 2833, 2838, 2907, 2844, 2913, 2851, 2856, 2918, 2862, 2925, 2868, 2873, 2931, 2879, 2936, 2885, 2891, 2896, 2902, 374, 391, 398, 416, 2953, 2959, 2966, 2977, 2983, 2989, 3000, 3005, 3012, 3023, 3029, 3040, 3046, 3052, 3063, 3069, 3074, 3085, 3092, 3097, 3108, 3114, 3125, 3130, 3137, 3148, 3153, 3159, 3171, 3177, 3188, 3194, 3199, 3211, 3217, 3223, 3234, 3240, 3246, 3258, 3263, 3274, 3280, 3423, 3285, 3338, 3383, 3292, 3343, 3297, 3389, 3303, 3349, 3429, 3308, 3355, 3314, 3394, 3320, 3360, 3434, 3326, 3400, 3367, 3332, 3372, 3405, 3440, 3378, 3412, 3418, 439, 464, 3452, 3459, 3470, 3476, 3482, 3494, 3500, 3506, 3517, 3523, 3529, 3541, 3547, 3558, 3564, 3570, 3582, 3587, 3593, 3604, 3610, 3623, 3628, 3634, 3646, 3652, 3658, 3670, 3676, 3682, 3693, 3700, 3712, 3717, 3723, 3735, 3741, 3747, 3759, 3764, 3770, 3781, 3788, 3799, 3805, 3834, 489, 3840, 507, 532, 3817, 3823, 3851, 3857, 3863, 3875, 3880, 3886, 3898, 3903, 3909, 3921, 3927, 3938, 3944, 3950, 3961, 3967, 3973, 3986, 3991, 3997, 4008, 4014, 4025, 4032, 4038, 4049, 4054, 4061, 4073, 4079, 4092, 4098, 4105, 4118, 4125, 4131, 4144, 4152, 4158, 4171, 4272, 4228, 4177, 4315, 4183, 4234, 4279, 4190, 4349, 4242, 4196, 4286, 4203, 4248, 4320, 4210, 4254, 4216, 4292, 4355, 4222, 4326, 4260, 4298, 4266, 4332, 4304, 4360, 4309, 4338, 4344, 555, 574, 597, 619, 642, 659, 683, 706, 729, 746, 889, 895, 911, 935, 958, 975, 998, 1021, 1044, 1061, 1084, 1107, 1130, 1148, 1171, 1194, 1211, 1234, 1262, 1280, 1302, 4372, 4383, 4389, 4395, 4407, 4413, 4424, 4429, 4435, 4446, 4453, 4458, 4470, 4475, 4488, 4493, 4499, 1326, 1348, 1366, 1388, 1411, 1427, 1450, 1473, 1496, 1513, 1536, 1560, 1582, 1600, 2227, 1623, 1640, 1658, 1682, 1705, 1723, 1746, 1770, 1793, 1809, 1833, 1856, 1878, 1896, 1919, 1942, 1960, 2251, 2128, 2146, 2164, 2187, 2210, 2273, 2296, 2313, 2336, 2359, 2382, 2398, 2421, 2445, 2462, 2479, 2485, 2503, 2525, 2548, 2565, 2588, 2610, 2633, 2650, 2672, 2696, 2718, 2736, 2758, 2782, 2798, 2822, 3489, 2942, 2947, 2971, 2994, 3017, 3034, 3058, 3080, 3103, 3119, 3142, 3165, 3183, 3205, 3229, 3252, 3269, 3446, 3464, 3512, 3535, 3552, 3576, 3599, 3617, 3640, 3664, 3687, 3706, 3729, 3753, 3777, 3794, 3811, 3829]

################################################################
################### jail_ex_download_list: ######################

[2, 1, 2, 4, 2, 3, 2, 2, 3, 1, 1, 1, 1, 1, 1, 1, 1, 0, 1, 1, 1, 1, 1, 1, 1, 1, 1, 1, 1, 0, 1, 1, 1, 1, 1, 1, 1, 1, 0, 1, 1, 1, 1, 1, 1, 0, 1, 0, 1, 2, 0, 1, 1, 1, 1, 2, 1, 1, 1, 1, 1, 1, 1, 1, 1, 1, 1, 1, 0, 0, 1, 1, 1, 1, 0, 0, 1, 0, 0, 1, 1, 1, 0, 1, 0, 1, 1, 1, 1, 1, 1, 0, 0, 1, 0, 1, 0, 1, 1, 1, 1, 0, 1, 1, 1, 0, 1, 1, 1, 1, 1, 1, 1, 0, 1, 1, 1, 0, 1, 1, 0, 1, 0, 0, 1, 1, 1, 1, 0, 1, 1, 1, 0, 1, 1, 0, 1, 0, 1, 0, 1, 1, 1, 1, 0, 1, 1, 1, 1, 1, 1, 1, 1, 1, 0, 1, 1, 1, 0, 1, 0, 1, 1, 1, 1, 1, 0, 1, 1, 1, 1, 0, 1, 1, 2, 1, 1, 1, 1, 1, 1, 0, 1, 1, 1, 1, 1, 1, 0, 1, 1, 0, 1, 1, 1, 1, 0, 1, 1, 0, 1, 1, 1, 1, 1, 1, 1, 0, 1, 1, 0, 1, 1, 1, 1, 1, 0, 0, 1, 1, 1, 0, 1, 1, 0, 1, 0, 0, 1, 1, 1, 1, 0, 1, 1, 0, 1, 1, 1, 1, 1, 1, 1, 1, 0, 1, 1, 0, 0, 1, 1, 1, 0, 1, 0, 1, 1, 0, 1, 1, 0, 1, 0, 1, 1, 1, 0, 0, 1, 0, 1, 0, 0, 1, 1, 1, 1, 1, 1, 0, 1, 0, 0, 1, 1, 1, 1, 1, 0, 1, 0, 1, 1, 0, 1, 0, 0, 1, 1, 1, 1, 1, 1, 1, 1, 0, 0, 1, 1, 1, 1, 1, 1, 1, 0, 1, 0, 1, 0, 1, 1, 1, 1, 1, 0, 1, 1, 1, 1, 0, 1, 0, 0, 1, 1, 0, 1, 1, 0, 1, 1, 0, 1, 1, 1, 1, 1, 1, 1, 1, 1, 1, 1, 1, 0, 1, 1, 0, 1, 1, 0, 1, 1, 0, 1, 1, 1, 1, 0, 1, 1, 0, 1, 1, 1, 1, 1, 1, 1, 1, 1, 1, 0, 1, 1, 1, 0, 0, 1, 0, 1, 1, 1, 0, 1, 1, 0, 1, 0, 1, 1, 1, 1, 1, 1, 0, 0, 1, 1, 1, 1, 0, 1, 0, 0, 1, 1, 0, 1, 0, 1, 1, 1, 1, 1, 1, 0, 1, 1, 0, 0, 1, 1, 1, 0, 1, 1, 1, 1, 0, 1, 1, 0, 1, 1, 1, 1, 1, 1, 1, 1, 1, 1, 1, 1, 0, 1, 1, 1, 1, 1, 1, 0, 1, 1, 1, 1, 1, 1, 1, 1, 1, 1, 1, 1, 1, 1, 0, 1, 0, 1, 1, 1, 1, 1, 1, 1, 0, 1, 1, 1, 1, 1, 1, 0, 1, 1, 1, 1, 1, 1, 1, 1, 1, 1, 1, 0, 1, 1, 0, 1, 0, 1, 0, 1, 1, 1, 1, 1, 1, 1, 1, 0, 1, 1, 1, 0, 1, 1, 1, 1, 1, 0, 1, 1, 0, 1, 1, 1, 1, 1, 1, 1, 1, 0, 1, 1, 1, 1, 0, 1, 1, 0, 1, 0, 1, 1, 1, 1, 0, 1, 1, 0, 1, 1, 1, 1, 1, 1, 1, 1, 1, 1, 1, 0, 1, 1, 1, 1, 1, 1, 2, 1, 1, 2, 2, 1, 2, 1, 2, 1, 2, 1, 2, 2, 1, 1, 1, 1, 1, 1, 2, 1, 1, 1, 1, 1, 1, 0, 1, 1, 1, 1, 1, 1, 1, 1, 1, 1, 0, 1, 0, 1, 1, 1, 1, 1, 0, 1, 1, 1, 0, 1, 1, 1, 1, 1, 0, 1, 0, 1, 0, 1, 0, 1, 0, 1, 1, 1, 1, 1, 1, 1, 1, 0, 1, 0, 0, 1, 1, 1, 1, 0, 1, 1, 1, 1, 1, 0, 1, 0, 0, 0, 1, 1, 0, 1, 0, 1, 0, 1, 1, 1, 0, 1, 1, 1, 1, 1, 1, 1, 0, 1, 1, 1, 1, 1, 0, 1, 1, 1, 1, 1, 1, 1, 1, 1, 1, 0, 1, 0, 1, 1, 1, 1, 1, 1, 1, 0, 0, 0, 1, 0, 0, 1, 1, 1, 1, 1, 1, 1, 0, 1, 1, 1, 0, 1, 1, 1, 1, 1, 0, 0, 0, 1, 1, 0, 0, 0, 0, 1, 1, 1, 1, 0, 1, 1, 1, 0, 1, 1, 1, 1, 1, 1, 1, 1, 0, 1, 0]

################################################################
################################################################
################### process_jail_download_list: ######################

[9, 7, 8, 11, 9, 9, 8, 9, 9, 7, 7, 7, 7, 7, 7, 7, 8, 6, 7, 7, 7, 7, 7, 7, 7, 7, 7, 7, 7, 6, 7, 7, 6, 7, 7, 7, 7, 7, 6, 7, 7, 7, 7, 7, 7, 6, 7, 6, 7, 8, 6, 7, 7, 7, 6, 7, 7, 7, 7, 7, 7, 7, 7, 7, 7, 7, 7, 7, 7, 6, 7, 7, 7, 7, 6, 6, 7, 6, 6, 7, 6, 7, 6, 7, 6, 7, 7, 7, 7, 7, 7, 6, 6, 7, 6, 7, 6, 7, 7, 7, 7, 6, 7, 7, 6, 6, 6, 7, 7, 7, 7, 7, 6, 6, 7, 7, 7, 6, 7, 7, 6, 7, 6, 6, 7, 7, 6, 7, 6, 7, 7, 7, 6, 6, 7, 6, 7, 6, 7, 6, 7, 7, 6, 7, 6, 7, 7, 6, 7, 6, 7, 7, 7, 7, 6, 7, 7, 7, 6, 7, 6, 7, 7, 7, 6, 7, 6, 7, 7, 6, 7, 6, 7, 7, 8, 6, 7, 7, 7, 7, 7, 6, 6, 7, 6, 7, 6, 7, 6, 7, 7, 6, 7, 7, 7, 7, 6, 7, 7, 6, 7, 7, 6, 6, 7, 6, 7, 6, 7, 7, 6, 7, 7, 7, 7, 7, 6, 6, 7, 7, 7, 6, 7, 7, 6, 7, 6, 6, 7, 6, 7, 7, 6, 7, 7, 6, 7, 7, 7, 6, 7, 7, 7, 7, 6, 7, 7, 6, 7, 6, 7, 7, 6, 7, 6, 7, 7, 6, 7, 7, 6, 7, 6, 7, 7, 7, 6, 6, 7, 6, 7, 6, 6, 7, 7, 7, 7, 6, 7, 6, 7, 6, 6, 7, 7, 7, 7, 7, 6, 7, 6, 7, 7, 6, 7, 6, 6, 7, 7, 7, 7, 7, 7, 7, 7, 6, 6, 7, 7, 6, 7, 6, 7, 7, 6, 7, 6, 7, 6, 7, 6, 7, 6, 7, 6, 7, 7, 6, 7, 6, 7, 6, 6, 7, 7, 6, 7, 7, 6, 7, 7, 6, 7, 7, 6, 6, 7, 6, 7, 6, 7, 7, 6, 7, 6, 6, 7, 6, 7, 7, 6, 7, 7, 6, 7, 7, 6, 7, 6, 7, 7, 6, 7, 7, 6, 7, 7, 6, 6, 7, 6, 7, 6, 7, 7, 7, 6, 6, 7, 6, 7, 6, 7, 6, 7, 7, 6, 7, 6, 7, 7, 6, 7, 7, 7, 6, 6, 7, 7, 7, 7, 6, 7, 6, 6, 7, 7, 6, 7, 6, 7, 7, 7, 7, 7, 7, 6, 7, 7, 6, 6, 7, 6, 7, 6, 6, 7, 7, 7, 6, 7, 7, 6, 7, 7, 6, 6, 7, 6, 6, 7, 7, 7, 7, 7, 6, 7, 7, 7, 7, 7, 7, 6, 6, 7, 7, 6, 7, 7, 6, 7, 6, 7, 7, 6, 6, 7, 6, 7, 6, 7, 7, 6, 7, 7, 7, 6, 6, 7, 7, 7, 7, 6, 7, 6, 7, 7, 7, 6, 7, 7, 7, 6, 7, 7, 7, 6, 7, 7, 6, 7, 6, 7, 6, 7, 7, 7, 7, 6, 7, 7, 7, 6, 7, 7, 7, 6, 7, 7, 6, 7, 7, 6, 7, 7, 6, 7, 7, 7, 7, 7, 7, 7, 7, 6, 7, 7, 7, 7, 6, 7, 7, 6, 7, 6, 6, 7, 7, 7, 6, 6, 7, 6, 7, 7, 7, 6, 7, 6, 7, 7, 7, 7, 6, 6, 7, 6, 7, 8, 7, 7, 8, 8, 7, 8, 8, 7, 8, 7, 8, 7, 7, 6, 8, 8, 7, 7, 7, 7, 7, 7, 8, 7, 7, 7, 7, 7, 7, 6, 7, 6, 7, 7, 7, 7, 6, 7, 7, 7, 6, 7, 6, 7, 7, 7, 7, 6, 6, 7, 7, 7, 6, 7, 6, 7, 7, 7, 6, 7, 6, 7, 6, 7, 6, 7, 6, 7, 6, 7, 7, 7, 7, 7, 7, 6, 7, 6, 6, 7, 7, 7, 7, 6, 6, 7, 7, 7, 7, 6, 6, 6, 6, 6, 7, 7, 6, 6, 6, 7, 6, 7, 7, 7, 6, 7, 7, 7, 7, 7, 7, 7, 6, 7, 6, 7, 7, 7, 6, 7, 7, 6, 7, 7, 7, 7, 7, 7, 7, 6, 7, 6, 6, 7, 7, 7, 7, 7, 7, 6, 6, 6, 7, 6, 6, 6, 7, 7, 6, 7, 7, 7, 6, 7, 6, 7, 6, 7, 7, 7, 7, 7, 6, 6, 6, 7, 7, 6, 6, 6, 6, 7, 6, 7, 7, 6, 7, 7, 7, 6, 7, 7, 7, 7, 7, 7, 7, 6, 6, 6, 6]

################################################################
################################################################
################### process_jail_list: ######################

[7, 6, 6, 7, 7, 6, 6, 7, 6, 6, 6, 6, 6, 6, 6, 6, 7, 6, 6, 6, 6, 6, 6, 6, 6, 6, 6, 6, 6, 6, 6, 6, 5, 6, 6, 6, 6, 6, 6, 6, 6, 6, 6, 6, 6, 6, 6, 6, 6, 6, 6, 6, 6, 6, 5, 5, 6, 6, 6, 6, 6, 6, 6, 6, 6, 6, 6, 6, 7, 6, 6, 6, 6, 6, 6, 6, 6, 6, 6, 6, 5, 6, 6, 6, 6, 6, 6, 6, 6, 6, 6, 6, 6, 6, 6, 6, 6, 6, 6, 6, 6, 6, 6, 6, 5, 6, 5, 6, 6, 6, 6, 6, 5, 6, 6, 6, 6, 6, 6, 6, 6, 6, 6, 6, 6, 6, 5, 6, 6, 6, 6, 6, 6, 5, 6, 6, 6, 6, 6, 6, 6, 6, 5, 6, 6, 6, 6, 5, 6, 5, 6, 6, 6, 6, 6, 6, 6, 6, 6, 6, 6, 6, 6, 6, 5, 6, 6, 6, 6, 5, 6, 6, 6, 6, 6, 5, 6, 6, 6, 6, 6, 6, 5, 6, 5, 6, 5, 6, 6, 6, 6, 6, 6, 6, 6, 6, 6, 6, 6, 6, 6, 6, 5, 5, 6, 5, 6, 6, 6, 6, 6, 6, 6, 6, 6, 6, 6, 6, 6, 6, 6, 6, 6, 6, 6, 6, 6, 6, 6, 5, 6, 6, 6, 6, 6, 6, 6, 6, 6, 5, 6, 6, 6, 6, 6, 6, 6, 6, 7, 5, 6, 6, 6, 6, 6, 6, 6, 6, 6, 6, 6, 6, 6, 6, 6, 6, 6, 6, 6, 6, 6, 6, 6, 6, 6, 6, 6, 5, 6, 6, 6, 6, 6, 6, 6, 6, 6, 6, 6, 6, 6, 6, 6, 6, 6, 6, 6, 6, 6, 6, 6, 6, 6, 6, 6, 6, 6, 6, 6, 5, 6, 5, 6, 6, 6, 6, 6, 6, 6, 6, 5, 6, 5, 6, 6, 6, 6, 5, 6, 6, 6, 6, 6, 6, 6, 6, 6, 6, 6, 6, 6, 6, 6, 6, 5, 5, 6, 5, 6, 5, 6, 6, 5, 6, 6, 5, 6, 6, 6, 6, 6, 6, 6, 6, 6, 6, 5, 6, 6, 6, 6, 6, 6, 6, 5, 6, 6, 5, 5, 6, 5, 6, 6, 6, 6, 6, 6, 6, 6, 6, 6, 5, 6, 6, 6, 6, 6, 6, 6, 6, 6, 5, 6, 6, 6, 6, 6, 6, 6, 6, 6, 6, 6, 6, 6, 6, 6, 6, 6, 6, 6, 6, 6, 6, 6, 6, 6, 6, 6, 6, 6, 6, 5, 6, 6, 5, 6, 6, 6, 6, 6, 6, 6, 6, 6, 5, 5, 6, 5, 5, 6, 6, 6, 6, 6, 6, 6, 6, 6, 6, 6, 6, 6, 5, 6, 6, 5, 6, 6, 5, 6, 5, 6, 6, 5, 5, 6, 6, 6, 6, 6, 6, 5, 6, 6, 6, 5, 6, 6, 6, 6, 6, 5, 6, 6, 6, 6, 6, 5, 6, 6, 6, 5, 6, 6, 6, 6, 6, 6, 6, 6, 6, 6, 6, 6, 6, 6, 6, 5, 6, 6, 6, 6, 6, 6, 6, 6, 6, 6, 5, 6, 6, 6, 6, 6, 6, 6, 6, 6, 6, 6, 6, 6, 6, 6, 6, 6, 6, 6, 6, 6, 6, 6, 6, 6, 5, 6, 6, 6, 6, 5, 6, 6, 6, 6, 6, 5, 6, 5, 6, 6, 6, 6, 5, 6, 6, 5, 6, 7, 6, 6, 6, 7, 6, 6, 6, 6, 6, 6, 6, 6, 5, 5, 6, 6, 6, 6, 6, 6, 6, 6, 6, 6, 6, 6, 6, 6, 6, 6, 6, 5, 6, 6, 6, 6, 5, 6, 6, 6, 6, 6, 6, 6, 6, 6, 6, 5, 6, 6, 6, 6, 6, 6, 5, 6, 6, 6, 6, 6, 6, 6, 6, 6, 6, 6, 6, 6, 5, 6, 6, 6, 6, 6, 6, 6, 6, 6, 6, 6, 6, 6, 6, 6, 5, 6, 6, 6, 6, 6, 5, 6, 6, 6, 6, 6, 6, 5, 6, 6, 6, 6, 6, 6, 6, 6, 6, 6, 6, 6, 6, 6, 6, 6, 5, 6, 6, 6, 6, 6, 6, 5, 6, 6, 6, 6, 6, 6, 6, 6, 6, 6, 5, 6, 6, 6, 6, 6, 6, 6, 6, 6, 6, 6, 6, 5, 6, 6, 5, 6, 6, 6, 6, 6, 5, 6, 6, 6, 6, 6, 6, 6, 6, 6, 6, 6, 6, 6, 6, 6, 6, 6, 5, 6, 6, 6, 6, 6, 6, 6, 6, 6, 6, 6, 6, 6, 6, 5, 6, 5, 6]

################################################################
