Numero total de amostras 770

Tempo total de processamento: 0:23:19

############## TEMPOS DE PROCESSAMENTO DO EXERCICIO NO JAIL  ####################
Soma 4788 segundos
Media 6.218181818181818 segundos
Desvio padr達o 0.4549089455707929 segundos
Minimo 5 segundos
Maximo 8 segundos

95% 5.0 segundos
99% 5.0 segundos

############## TEMPOS DE PROCESSAMENTO DO EXERCICIO NO JAIL COM DOWNLOAD  ################
Soma 5591 segundos
Media 7.261038961038961 segundos
Desvio padr達o 0.704835956627331 segundos
Minimo 6 segundos
Maximo 11 segundos

95% 6.0 segundos
99% 6.0 segundos

################### TEMPOS DE DOWNLOAD DO EXERCICIO NO JAIL #######################
Soma 803 segundos
Media 1.042857142857143 segundos
Desvio padr達o 0.6090078308473506 segundos
Minimo 0 segundos
Maximo 5 segundos

95% 0.0 segundos
99% 0.0 segundos

############################ TEMPOS DE ESPERA NA FILA ############################
Soma 297841
Media 386.8064935064935 segundos
Desvio padr達o 208.6575650158744 segundos
Minimo 1 segundos
Maximo 741 segundos

95% 15.0 segundos
99% 15.0 segundos

################### queue_wait_time_list: ######################

[20, 22, 3, 2, 15, 1, 24, 15, 24, 8, 8, 8, 10, 21, 21, 15, 26, 15, 28, 41, 52, 30, 37, 46, 31, 36, 32, 36, 41, 56, 41, 48, 60, 47, 52, 52, 57, 58, 61, 60, 66, 64, 64, 66, 67, 70, 71, 25, 26, 424, 31, 36, 42, 48, 52, 73, 73, 74, 77, 77, 80, 84, 81, 82, 83, 84, 87, 88, 95, 97, 101, 89, 92, 94, 93, 99, 106, 103, 99, 109, 112, 102, 112, 109, 107, 121, 116, 110, 124, 127, 116, 120, 121, 125, 125, 428, 430, 435, 444, 475, 129, 618, 129, 660, 130, 132, 132, 134, 58, 61, 434, 144, 442, 146, 147, 149, 133, 149, 136, 444, 136, 624, 628, 137, 138, 650, 658, 140, 140, 661, 142, 142, 143, 68, 69, 72, 75, 78, 79, 86, 151, 154, 159, 155, 156, 163, 159, 159, 166, 163, 164, 163, 167, 168, 170, 172, 173, 175, 178, 182, 180, 180, 182, 184, 187, 187, 190, 194, 191, 192, 198, 195, 196, 201, 199, 269, 201, 201, 203, 270, 463, 206, 466, 665, 676, 694, 697, 700, 91, 466, 472, 476, 206, 672, 678, 207, 711, 717, 208, 209, 210, 212, 721, 93, 479, 96, 102, 104, 106, 111, 115, 115, 215, 217, 220, 218, 220, 224, 222, 227, 224, 227, 236, 229, 230, 231, 232, 236, 232, 244, 239, 235, 239, 248, 244, 245, 246, 249, 251, 252, 254, 259, 256, 256, 264, 261, 262, 266, 265, 267, 269, 482, 484, 487, 670, 675, 272, 699, 273, 273, 274, 275, 707, 710, 715, 121, 125, 152, 282, 278, 279, 287, 279, 283, 284, 286, 287, 289, 291, 293, 297, 294, 295, 301, 298, 300, 303, 302, 307, 306, 306, 317, 309, 310, 311, 312, 315, 312, 315, 319, 320, 324, 328, 324, 326, 326, 329, 330, 332, 335, 337, 337, 495, 499, 502, 339, 340, 508, 518, 521, 680, 683, 687, 151, 152, 157, 161, 168, 173, 175, 341, 343, 345, 349, 347, 347, 349, 350, 352, 352, 356, 359, 356, 359, 364, 360, 363, 366, 364, 370, 367, 367, 374, 370, 371, 373, 374, 377, 377, 377, 380, 381, 384, 387, 384, 384, 384, 388, 390, 391, 499, 391, 507, 517, 528, 530, 533, 176, 530, 536, 392, 393, 393, 394, 395, 397, 397, 397, 419, 420, 424, 185, 422, 188, 424, 188, 422, 425, 193, 427, 195, 199, 204, 401, 401, 404, 407, 404, 405, 406, 408, 409, 410, 409, 411, 414, 416, 429, 417, 418, 418, 429, 431, 432, 432, 436, 438, 436, 438, 438, 438, 442, 442, 442, 446, 541, 446, 448, 448, 448, 543, 600, 212, 213, 459, 459, 449, 459, 461, 451, 462, 462, 452, 548, 452, 551, 452, 553, 561, 455, 565, 569, 455, 455, 455, 459, 217, 219, 223, 227, 235, 238, 241, 465, 465, 468, 471, 468, 469, 469, 472, 472, 474, 476, 480, 478, 478, 482, 482, 482, 484, 482, 488, 490, 486, 492, 484, 495, 490, 489, 493, 496, 496, 498, 499, 502, 506, 503, 503, 506, 506, 509, 510, 510, 553, 561, 565, 576, 580, 584, 242, 512, 512, 513, 513, 515, 515, 517, 578, 585, 590, 593, 249, 252, 254, 257, 261, 266, 519, 523, 520, 520, 525, 524, 524, 525, 527, 528, 528, 531, 535, 533, 533, 538, 535, 537, 540, 538, 543, 542, 542, 551, 544, 544, 545, 548, 549, 545, 554, 553, 548, 550, 559, 554, 557, 557, 559, 562, 563, 277, 282, 287, 291, 292, 295, 566, 570, 566, 567, 574, 570, 572, 573, 574, 576, 577, 580, 584, 581, 582, 588, 585, 586, 590, 588, 594, 597, 593, 599, 591, 601, 598, 595, 616, 603, 598, 609, 612, 602, 605, 612, 607, 616, 611, 621, 615, 300, 303, 307, 314, 317, 322, 322, 629, 619, 624, 629, 620, 625, 629, 638, 633, 634, 641, 641, 639, 634, 656, 643, 638, 645, 647, 652, 644, 655, 649, 649, 658, 653, 656, 654, 659, 661, 673, 663, 663, 665, 668, 673, 669, 669, 667, 675, 330, 332, 334, 340, 343, 344, 351, 675, 354, 679, 682, 680, 681, 685, 683, 688, 686, 687, 693, 689, 690, 691, 691, 694, 696, 696, 702, 698, 706, 696, 700, 702, 703, 704, 708, 709, 712, 715, 713, 714, 719, 716, 717, 722, 718, 723, 723, 604, 607, 611, 616, 643, 647, 650, 724, 354, 359, 362, 366, 370, 375, 377, 381, 381, 388, 389, 422, 398, 401, 402, 408, 411, 414, 414, 607, 623, 633, 637, 729, 733, 726, 740, 731, 737, 725, 727, 733, 726, 730, 736, 741, 730, 731, 738, 734, 737, 738]

################################################################
################### jail_ex_download_list: ######################

[1, 2, 4, 4, 2, 4, 0, 3, 1, 3, 3, 3, 5, 1, 2, 4, 2, 3, 1, 2, 1, 1, 2, 2, 1, 3, 2, 2, 3, 1, 2, 2, 1, 2, 2, 3, 1, 1, 2, 2, 1, 1, 0, 1, 1, 1, 1, 1, 1, 1, 1, 3, 2, 2, 3, 1, 1, 1, 1, 1, 1, 1, 1, 1, 1, 1, 1, 1, 1, 1, 1, 1, 0, 2, 2, 2, 1, 1, 1, 1, 1, 2, 1, 1, 1, 1, 1, 2, 1, 1, 2, 2, 2, 1, 1, 1, 1, 1, 1, 1, 1, 2, 1, 0, 1, 0, 1, 1, 1, 1, 1, 2, 0, 1, 1, 1, 1, 1, 1, 1, 1, 2, 2, 1, 1, 2, 0, 1, 1, 1, 1, 1, 2, 1, 1, 1, 1, 2, 2, 2, 1, 1, 1, 2, 1, 1, 1, 2, 1, 2, 1, 2, 2, 2, 1, 1, 1, 1, 2, 1, 1, 2, 1, 0, 1, 1, 1, 1, 1, 1, 1, 1, 2, 1, 1, 1, 1, 2, 1, 2, 1, 1, 0, 1, 1, 1, 1, 1, 1, 0, 1, 1, 1, 1, 0, 2, 1, 1, 1, 2, 2, 1, 1, 2, 1, 2, 0, 1, 1, 1, 2, 2, 1, 1, 1, 1, 1, 1, 1, 1, 1, 1, 1, 1, 1, 1, 1, 1, 1, 1, 2, 1, 2, 1, 1, 1, 1, 1, 1, 1, 1, 1, 1, 1, 1, 1, 2, 1, 1, 2, 1, 1, 0, 1, 1, 1, 1, 1, 2, 2, 2, 1, 1, 1, 1, 2, 1, 1, 1, 1, 2, 1, 2, 1, 1, 1, 1, 1, 1, 1, 1, 1, 1, 1, 1, 1, 1, 1, 1, 0, 1, 1, 1, 1, 1, 2, 1, 1, 1, 1, 1, 1, 1, 1, 1, 1, 1, 1, 1, 1, 1, 1, 1, 1, 0, 1, 1, 1, 1, 1, 1, 1, 1, 1, 1, 1, 1, 1, 1, 2, 1, 1, 1, 1, 1, 1, 1, 1, 1, 1, 1, 2, 1, 1, 1, 1, 1, 1, 1, 1, 0, 1, 0, 1, 0, 1, 0, 1, 1, 1, 1, 1, 0, 1, 1, 1, 2, 1, 1, 0, 1, 1, 1, 1, 1, 1, 1, 2, 1, 1, 0, 1, 1, 0, 1, 1, 1, 1, 1, 1, 1, 1, 0, 1, 1, 1, 0, 1, 1, 1, 1, 1, 1, 1, 1, 0, 1, 1, 1, 1, 0, 1, 1, 1, 1, 1, 1, 0, 1, 0, 0, 1, 1, 0, 1, 0, 1, 0, 1, 1, 1, 0, 1, 1, 0, 0, 0, 1, 1, 1, 1, 1, 2, 1, 1, 1, 0, 1, 1, 0, 0, 1, 0, 1, 1, 1, 1, 1, 0, 0, 0, 0, 1, 1, 1, 0, 1, 1, 1, 1, 1, 1, 1, 1, 1, 1, 1, 1, 1, 1, 0, 1, 1, 1, 1, 1, 1, 1, 0, 1, 1, 1, 1, 1, 1, 1, 1, 1, 1, 1, 1, 1, 1, 1, 1, 1, 0, 1, 1, 0, 1, 0, 0, 1, 1, 0, 0, 1, 0, 0, 2, 1, 1, 1, 1, 0, 1, 1, 1, 1, 0, 1, 2, 2, 1, 1, 1, 1, 0, 0, 1, 1, 1, 1, 1, 1, 0, 0, 1, 1, 1, 0, 1, 1, 1, 1, 0, 1, 1, 1, 1, 1, 1, 1, 1, 1, 1, 1, 1, 0, 1, 1, 1, 1, 0, 1, 1, 1, 1, 1, 1, 2, 1, 1, 1, 1, 0, 1, 1, 1, 0, 1, 1, 1, 1, 1, 0, 1, 1, 1, 1, 1, 1, 1, 1, 1, 1, 1, 1, 1, 1, 1, 1, 2, 1, 2, 1, 1, 1, 1, 2, 1, 2, 2, 2, 2, 0, 1, 1, 1, 1, 1, 1, 2, 3, 1, 1, 2, 2, 1, 0, 1, 2, 0, 1, 1, 2, 2, 2, 1, 0, 0, 1, 1, 0, 1, 1, 0, 1, 1, 2, 0, 2, 1, 1, 1, 1, 0, 1, 1, 1, 1, 0, 1, 1, 1, 1, 2, 1, 1, 1, 1, 1, 1, 1, 1, 0, 1, 1, 1, 1, 0, 0, 1, 1, 1, 1, 0, 1, 0, 0, 1, 1, 1, 1, 1, 1, 1, 0, 0, 1, 0, 1, 0, 1, 1, 1, 1, 1, 1, 0, 1, 2, 2, 1, 0, 1, 1, 1, 1, 1, 1, 1, 0, 1, 1, 1, 1, 1, 0, 1, 1, 1, 1, 0, 1, 1, 2, 2, 1, 1, 1, 1, 1, 0, 1, 1, 1, 1, 1, 1, 1, 0, 0, 1, 0, 1, 1, 1, 1]

################################################################
################################################################
################### process_jail_download_list: ######################

[8, 9, 10, 11, 8, 11, 6, 9, 7, 9, 9, 9, 11, 7, 9, 10, 8, 9, 7, 8, 8, 9, 8, 9, 8, 9, 8, 9, 9, 7, 8, 8, 7, 9, 8, 9, 7, 7, 8, 8, 7, 7, 7, 7, 7, 7, 7, 8, 8, 7, 9, 9, 9, 8, 9, 7, 7, 7, 7, 8, 8, 7, 7, 7, 7, 8, 8, 8, 7, 7, 7, 7, 6, 8, 7, 8, 8, 7, 7, 7, 8, 8, 7, 7, 7, 7, 8, 8, 7, 8, 8, 9, 8, 7, 8, 7, 7, 7, 7, 7, 7, 9, 8, 6, 7, 7, 7, 7, 7, 8, 7, 8, 6, 8, 8, 7, 8, 7, 7, 7, 8, 8, 8, 8, 7, 8, 7, 7, 7, 7, 8, 8, 9, 7, 7, 7, 7, 8, 8, 8, 7, 8, 7, 8, 7, 7, 7, 8, 8, 8, 8, 8, 8, 8, 8, 7, 8, 8, 8, 8, 8, 8, 8, 7, 7, 7, 7, 8, 8, 7, 8, 7, 8, 8, 8, 7, 7, 8, 7, 8, 7, 7, 6, 7, 7, 7, 7, 7, 8, 6, 7, 7, 7, 7, 6, 8, 7, 7, 7, 8, 8, 8, 6, 8, 6, 9, 7, 7, 7, 7, 8, 9, 7, 7, 7, 7, 7, 7, 8, 8, 8, 7, 7, 7, 8, 7, 8, 7, 7, 8, 8, 7, 8, 7, 8, 7, 8, 7, 7, 8, 8, 8, 8, 8, 7, 7, 8, 7, 8, 8, 7, 7, 6, 7, 8, 7, 7, 7, 8, 9, 8, 7, 7, 7, 7, 8, 7, 7, 8, 7, 8, 7, 8, 7, 7, 7, 7, 7, 7, 8, 7, 7, 8, 8, 8, 7, 7, 7, 8, 7, 8, 8, 7, 7, 8, 8, 8, 7, 8, 8, 8, 7, 8, 8, 8, 7, 7, 8, 8, 8, 7, 8, 7, 7, 7, 7, 7, 7, 7, 7, 7, 7, 7, 7, 8, 7, 7, 8, 7, 8, 7, 8, 7, 7, 7, 7, 7, 7, 7, 7, 7, 8, 8, 7, 7, 7, 7, 7, 7, 8, 6, 7, 6, 8, 7, 7, 6, 7, 7, 7, 7, 7, 7, 6, 7, 7, 8, 7, 7, 6, 7, 7, 6, 7, 6, 7, 7, 9, 7, 7, 6, 7, 7, 6, 7, 7, 7, 7, 7, 7, 7, 7, 6, 7, 8, 8, 6, 7, 7, 7, 8, 8, 7, 7, 7, 6, 7, 7, 7, 7, 6, 6, 7, 7, 7, 6, 7, 7, 7, 7, 7, 7, 7, 7, 7, 6, 7, 6, 7, 7, 7, 6, 7, 7, 6, 6, 7, 7, 7, 7, 7, 7, 8, 7, 7, 7, 6, 7, 7, 7, 6, 7, 7, 7, 7, 7, 7, 7, 7, 7, 7, 6, 7, 7, 7, 6, 7, 7, 8, 8, 7, 7, 8, 7, 7, 6, 7, 7, 7, 7, 6, 7, 7, 7, 6, 7, 7, 7, 6, 7, 7, 7, 7, 7, 7, 7, 7, 7, 7, 7, 7, 7, 7, 7, 7, 7, 7, 7, 7, 6, 7, 6, 6, 7, 7, 7, 6, 7, 7, 6, 8, 7, 7, 7, 7, 6, 7, 7, 7, 8, 7, 8, 8, 8, 7, 8, 8, 7, 7, 6, 7, 7, 7, 7, 7, 7, 6, 6, 7, 7, 7, 6, 7, 7, 7, 7, 6, 7, 7, 7, 7, 7, 7, 7, 7, 7, 8, 7, 7, 6, 7, 7, 7, 7, 7, 7, 7, 7, 7, 8, 7, 8, 8, 7, 8, 7, 6, 7, 7, 7, 6, 7, 7, 7, 7, 7, 7, 7, 7, 7, 7, 7, 8, 7, 8, 8, 7, 7, 8, 7, 7, 7, 7, 8, 7, 8, 7, 7, 8, 7, 8, 7, 8, 8, 8, 8, 7, 7, 7, 7, 8, 7, 8, 8, 9, 8, 7, 8, 8, 7, 7, 8, 8, 7, 7, 7, 8, 8, 8, 8, 7, 6, 7, 7, 7, 7, 7, 6, 7, 8, 7, 6, 8, 7, 8, 7, 7, 7, 7, 7, 7, 7, 7, 8, 8, 7, 7, 8, 8, 7, 7, 8, 7, 7, 7, 8, 6, 7, 8, 7, 7, 7, 6, 7, 7, 8, 7, 7, 7, 7, 7, 7, 7, 7, 7, 7, 8, 7, 7, 6, 8, 7, 7, 6, 6, 7, 7, 7, 7, 7, 7, 7, 8, 8, 8, 6, 7, 7, 8, 7, 7, 7, 7, 6, 7, 7, 7, 7, 7, 6, 7, 7, 7, 7, 6, 7, 7, 8, 8, 7, 8, 7, 7, 7, 6, 7, 7, 7, 7, 7, 7, 7, 6, 6, 7, 7, 7, 7, 7, 7]

################################################################
################################################################
################### process_jail_list: ######################

[7, 7, 6, 7, 6, 7, 6, 6, 6, 6, 6, 6, 6, 6, 7, 6, 6, 6, 6, 6, 7, 8, 6, 7, 7, 6, 6, 7, 6, 6, 6, 6, 6, 7, 6, 6, 6, 6, 6, 6, 6, 6, 7, 6, 6, 6, 6, 7, 7, 6, 8, 6, 7, 6, 6, 6, 6, 6, 6, 7, 7, 6, 6, 6, 6, 7, 7, 7, 6, 6, 6, 6, 6, 6, 5, 6, 7, 6, 6, 6, 7, 6, 6, 6, 6, 6, 7, 6, 6, 7, 6, 7, 6, 6, 7, 6, 6, 6, 6, 6, 6, 7, 7, 6, 6, 7, 6, 6, 6, 7, 6, 6, 6, 7, 7, 6, 7, 6, 6, 6, 7, 6, 6, 7, 6, 6, 7, 6, 6, 6, 7, 7, 7, 6, 6, 6, 6, 6, 6, 6, 6, 7, 6, 6, 6, 6, 6, 6, 7, 6, 7, 6, 6, 6, 7, 6, 7, 7, 6, 7, 7, 6, 7, 7, 6, 6, 6, 7, 7, 6, 7, 6, 6, 7, 7, 6, 6, 6, 6, 6, 6, 6, 6, 6, 6, 6, 6, 6, 7, 6, 6, 6, 6, 6, 6, 6, 6, 6, 6, 6, 6, 7, 5, 6, 5, 7, 7, 6, 6, 6, 6, 7, 6, 6, 6, 6, 6, 6, 7, 7, 7, 6, 6, 6, 7, 6, 7, 6, 6, 7, 6, 6, 6, 6, 7, 6, 7, 6, 6, 7, 7, 7, 7, 7, 6, 6, 6, 6, 7, 6, 6, 6, 6, 6, 7, 6, 6, 6, 6, 7, 6, 6, 6, 6, 6, 6, 6, 6, 7, 6, 6, 6, 6, 6, 6, 6, 6, 6, 6, 7, 6, 6, 7, 7, 7, 6, 6, 6, 7, 7, 7, 7, 6, 6, 7, 6, 7, 6, 7, 7, 7, 6, 7, 7, 7, 6, 6, 7, 7, 7, 6, 7, 6, 6, 7, 6, 6, 6, 6, 6, 6, 6, 6, 6, 7, 6, 6, 7, 6, 6, 6, 7, 6, 6, 6, 6, 6, 6, 6, 6, 6, 6, 7, 6, 6, 6, 6, 6, 6, 7, 6, 6, 6, 7, 7, 6, 6, 6, 6, 6, 6, 6, 7, 5, 6, 6, 6, 6, 6, 6, 6, 6, 5, 6, 5, 6, 6, 7, 6, 6, 6, 6, 6, 6, 6, 6, 6, 6, 6, 6, 6, 6, 6, 6, 7, 7, 6, 6, 6, 6, 7, 7, 6, 6, 6, 6, 6, 6, 6, 6, 6, 5, 6, 6, 6, 5, 6, 7, 6, 7, 7, 6, 6, 7, 6, 6, 6, 6, 6, 6, 6, 6, 6, 6, 6, 6, 7, 6, 6, 6, 6, 6, 6, 6, 6, 6, 6, 6, 6, 7, 6, 6, 7, 6, 6, 6, 6, 6, 7, 7, 7, 6, 6, 6, 6, 6, 6, 6, 7, 7, 6, 6, 7, 6, 6, 5, 6, 6, 6, 6, 6, 6, 6, 6, 5, 6, 6, 6, 6, 6, 6, 6, 6, 6, 6, 6, 6, 6, 6, 6, 6, 6, 6, 6, 6, 6, 7, 6, 6, 6, 6, 6, 6, 6, 6, 7, 6, 6, 7, 6, 6, 6, 6, 6, 6, 6, 6, 6, 6, 7, 7, 7, 6, 6, 6, 7, 7, 6, 7, 6, 6, 6, 6, 6, 6, 6, 6, 6, 6, 6, 6, 6, 6, 6, 6, 6, 6, 6, 6, 6, 6, 6, 6, 6, 6, 6, 7, 6, 6, 6, 6, 6, 6, 6, 7, 6, 6, 6, 6, 7, 6, 6, 7, 6, 7, 6, 6, 6, 6, 6, 6, 6, 6, 6, 6, 6, 7, 6, 6, 6, 6, 6, 7, 6, 7, 7, 6, 6, 7, 6, 6, 6, 6, 6, 6, 6, 6, 6, 7, 6, 6, 6, 6, 6, 6, 6, 7, 6, 6, 6, 7, 6, 7, 6, 6, 7, 6, 6, 6, 6, 7, 7, 6, 7, 6, 6, 6, 6, 6, 7, 7, 6, 6, 6, 7, 6, 6, 6, 6, 7, 5, 6, 6, 6, 7, 6, 6, 7, 6, 6, 6, 6, 7, 7, 7, 6, 6, 6, 7, 6, 6, 7, 6, 6, 6, 7, 6, 6, 7, 6, 6, 7, 6, 6, 6, 7, 6, 7, 6, 7, 7, 6, 6, 6, 6, 6, 7, 6, 7, 6, 7, 7, 6, 6, 5, 6, 6, 6, 6, 6, 7, 6, 6, 6, 7, 6, 6, 6, 7, 6, 6, 6, 6, 6, 6, 6, 6, 6, 6, 6, 6, 6, 6, 6, 6, 6, 6, 6, 6, 6, 7, 6, 6, 6, 6, 6, 6, 6, 6, 6, 6, 6, 6, 6, 6, 7, 6, 6, 6, 6]

################################################################
