Numero total de amostras 769

Tempo total de processamento: 0:17:40

############## TEMPOS DE PROCESSAMENTO DO EXERCICIO NO JAIL  ####################
Soma 4762 segundos
Media 6.192457737321196 segundos
Desvio padr達o 0.602893170795639 segundos
Minimo 5 segundos
Maximo 9 segundos

95% 5.0 segundos
99% 5.0 segundos

############## TEMPOS DE PROCESSAMENTO DO EXERCICIO NO JAIL COM DOWNLOAD  ################
Soma 5285 segundos
Media 6.872561768530559 segundos
Desvio padr達o 0.7403572164524226 segundos
Minimo 6 segundos
Maximo 10 segundos

95% 6.0 segundos
99% 6.0 segundos

################### TEMPOS DE DOWNLOAD DO EXERCICIO NO JAIL #######################
Soma 523 segundos
Media 0.6801040312093628 segundos
Desvio padr達o 0.5141756335683371 segundos
Minimo 0 segundos
Maximo 3 segundos

95% 0.0 segundos
99% 0.0 segundos

############################ TEMPOS DE ESPERA NA FILA ############################
Soma 156496
Media 203.50585175552666 segundos
Desvio padr達o 116.83305987575267 segundos
Minimo 2 segundos
Maximo 402 segundos

95% 8.296 segundos
99% 8.6032 segundos

################### queue_wait_time_list: ######################

[12, 16, 16, 9, 3, 2, 3, 17, 4, 12, 15, 8, 11, 8, 15, 8, 7, 21, 10, 14, 9, 14, 17, 21, 14, 13, 19, 17, 17, 21, 23, 17, 23, 23, 22, 20, 26, 27, 25, 24, 27, 28, 30, 29, 29, 29, 32, 19, 21, 22, 25, 26, 28, 28, 32, 34, 38, 29, 33, 32, 33, 32, 32, 34, 35, 35, 38, 37, 38, 43, 35, 41, 39, 39, 36, 44, 39, 42, 46, 45, 46, 41, 47, 44, 50, 54, 49, 46, 51, 50, 52, 49, 51, 55, 33, 52, 314, 183, 54, 57, 57, 57, 55, 56, 195, 235, 209, 273, 222, 248, 325, 286, 260, 359, 301, 340, 359, 353, 359, 361, 374, 390, 35, 60, 314, 59, 183, 58, 59, 59, 62, 61, 194, 234, 210, 277, 222, 251, 329, 290, 260, 300, 340, 361, 362, 354, 375, 379, 391, 38, 40, 41, 40, 44, 46, 47, 48, 51, 67, 52, 64, 60, 60, 70, 64, 70, 76, 65, 73, 66, 68, 72, 66, 77, 75, 70, 71, 70, 75, 82, 74, 74, 79, 80, 77, 79, 84, 79, 82, 82, 81, 86, 86, 83, 81, 84, 103, 109, 110, 114, 136, 85, 88, 89, 89, 164, 197, 313, 209, 237, 276, 251, 328, 289, 361, 302, 340, 365, 355, 378, 390, 54, 108, 103, 103, 105, 107, 107, 105, 60, 109, 105, 221, 63, 62, 67, 70, 69, 88, 91, 91, 91, 93, 93, 98, 96, 92, 98, 96, 95, 97, 96, 100, 99, 100, 100, 103, 110, 108, 106, 111, 112, 114, 109, 114, 114, 110, 116, 72, 104, 77, 80, 110, 114, 225, 199, 115, 213, 116, 115, 276, 238, 118, 122, 121, 121, 122, 316, 362, 250, 290, 264, 327, 301, 378, 341, 356, 390, 75, 225, 186, 121, 198, 237, 126, 212, 125, 126, 275, 126, 315, 126, 363, 249, 130, 130, 132, 131, 290, 264, 328, 301, 377, 340, 357, 393, 76, 186, 83, 82, 86, 87, 88, 91, 93, 143, 141, 134, 136, 135, 145, 159, 149, 140, 141, 145, 147, 154, 145, 160, 157, 158, 149, 149, 153, 157, 152, 161, 161, 160, 157, 165, 162, 160, 159, 167, 164, 166, 164, 168, 166, 170, 167, 94, 96, 101, 224, 185, 197, 237, 213, 275, 315, 363, 250, 289, 264, 327, 303, 378, 343, 356, 393, 357, 168, 183, 224, 178, 185, 279, 197, 200, 236, 212, 316, 303, 254, 364, 330, 263, 343, 381, 393, 184, 169, 356, 223, 178, 184, 200, 278, 212, 315, 240, 304, 253, 364, 330, 263, 342, 380, 393, 358, 172, 189, 178, 228, 200, 279, 216, 318, 241, 292, 253, 365, 330, 267, 304, 343, 381, 392, 181, 172, 359, 182, 227, 188, 278, 200, 317, 240, 215, 303, 252, 368, 331, 266, 343, 381, 394, 159, 166, 169, 181, 171, 226, 188, 200, 277, 318, 215, 239, 367, 291, 266, 330, 306, 381, 346, 395, 181, 171, 225, 186, 203, 281, 318, 215, 238, 366, 292, 253, 333, 266, 305, 383, 346, 396, 180, 171, 225, 187, 202, 281, 317, 214, 241, 366, 293, 256, 332, 266, 307, 383, 345, 396, 98, 107, 269, 180, 230, 203, 218, 282, 244, 321, 368, 255, 292, 332, 306, 383, 346, 395, 268, 175, 190, 230, 203, 217, 281, 243, 320, 370, 256, 295, 334, 306, 382, 345, 397, 131, 137, 148, 152, 157, 174, 190, 269, 202, 242, 280, 255, 320, 370, 294, 333, 309, 383, 348, 397, 268, 174, 190, 229, 204, 218, 284, 241, 321, 369, 255, 294, 336, 308, 386, 349, 399, 268, 173, 190, 229, 205, 217, 283, 244, 320, 369, 259, 295, 335, 309, 385, 348, 399, 173, 189, 228, 206, 272, 217, 323, 245, 371, 284, 258, 334, 295, 386, 308, 349, 398, 161, 176, 193, 232, 205, 271, 221, 322, 245, 373, 285, 336, 297, 385, 308, 348, 400, 176, 193, 233, 205, 272, 220, 323, 245, 373, 284, 258, 335, 297, 384, 311, 351, 399, 175, 193, 232, 207, 271, 220, 324, 244, 372, 287, 257, 338, 296, 388, 310, 351, 400, 134, 137, 142, 153, 164, 176, 192, 232, 207, 269, 323, 246, 372, 286, 338, 298, 388, 311, 350, 400, 176, 191, 231, 209, 274, 219, 326, 248, 373, 287, 258, 337, 297, 389, 311, 353, 399, 402, 179, 196, 235, 208, 209, 273, 219, 325, 247, 376, 287, 262, 352, 299, 388, 310, 313, 179, 196, 402, 235, 207, 274, 223, 246, 325, 300, 261, 376, 338, 387, 354, 93, 101, 313, 196, 234, 210, 273, 222, 247, 325, 299, 261, 375, 337, 390, 354]

################################################################
################### jail_ex_download_list: ######################

[1, 1, 1, 1, 3, 3, 3, 1, 1, 0, 0, 1, 1, 1, 0, 1, 1, 1, 1, 1, 1, 0, 0, 0, 1, 1, 0, 0, 1, 0, 1, 1, 0, 1, 0, 0, 0, 1, 1, 1, 1, 1, 0, 1, 1, 1, 1, 1, 0, 1, 0, 0, 0, 0, 0, 0, 1, 1, 1, 0, 1, 0, 0, 1, 1, 1, 0, 0, 0, 1, 1, 0, 1, 0, 1, 1, 1, 0, 1, 0, 1, 1, 1, 1, 0, 1, 1, 1, 1, 1, 1, 1, 0, 1, 0, 1, 0, 0, 1, 0, 0, 0, 1, 1, 1, 0, 1, 1, 1, 1, 1, 0, 1, 1, 1, 1, 1, 1, 1, 1, 1, 1, 1, 0, 0, 0, 1, 1, 0, 0, 1, 1, 1, 0, 1, 0, 0, 1, 0, 1, 1, 1, 0, 0, 1, 1, 1, 0, 0, 0, 1, 1, 1, 0, 0, 1, 1, 1, 1, 0, 1, 1, 1, 1, 1, 1, 0, 1, 1, 2, 1, 0, 1, 1, 1, 1, 1, 1, 0, 1, 1, 0, 1, 0, 0, 1, 0, 0, 1, 1, 1, 1, 1, 1, 1, 0, 1, 1, 1, 0, 1, 1, 1, 0, 0, 1, 1, 0, 1, 1, 0, 0, 0, 1, 1, 1, 0, 0, 0, 1, 1, 1, 1, 0, 0, 1, 0, 0, 1, 0, 1, 1, 0, 1, 1, 2, 0, 1, 0, 1, 1, 0, 1, 1, 1, 1, 0, 0, 1, 1, 1, 0, 0, 1, 1, 0, 0, 0, 1, 0, 1, 1, 1, 0, 0, 0, 1, 1, 1, 1, 1, 0, 1, 0, 1, 0, 1, 1, 1, 1, 1, 0, 0, 1, 1, 1, 1, 0, 1, 1, 0, 0, 1, 1, 1, 1, 1, 1, 1, 1, 1, 2, 1, 0, 1, 1, 1, 1, 1, 2, 0, 1, 1, 1, 1, 1, 1, 1, 0, 0, 1, 0, 1, 1, 1, 0, 1, 0, 1, 1, 0, 1, 1, 1, 1, 1, 1, 1, 1, 1, 1, 0, 1, 2, 1, 2, 1, 1, 1, 0, 1, 0, 0, 2, 1, 1, 1, 1, 1, 0, 0, 1, 1, 1, 1, 1, 0, 1, 1, 1, 1, 0, 0, 0, 1, 1, 1, 1, 1, 1, 0, 1, 1, 0, 1, 0, 1, 1, 1, 0, 0, 1, 0, 1, 1, 1, 1, 1, 0, 1, 1, 0, 1, 1, 1, 1, 1, 1, 1, 1, 1, 0, 1, 0, 1, 1, 1, 0, 1, 0, 1, 0, 1, 0, 1, 1, 0, 1, 1, 1, 1, 1, 0, 1, 0, 0, 0, 1, 1, 0, 1, 0, 1, 1, 1, 0, 0, 0, 1, 0, 1, 0, 0, 1, 1, 0, 1, 1, 1, 1, 0, 0, 1, 1, 0, 1, 0, 1, 0, 1, 0, 1, 0, 0, 1, 0, 1, 1, 1, 0, 1, 1, 0, 1, 1, 1, 0, 0, 0, 1, 1, 0, 1, 1, 0, 1, 1, 0, 1, 1, 1, 0, 1, 1, 0, 1, 1, 1, 1, 0, 1, 0, 1, 1, 1, 1, 1, 1, 0, 1, 1, 1, 1, 1, 1, 1, 1, 1, 1, 1, 0, 1, 0, 0, 0, 1, 0, 1, 0, 0, 1, 1, 1, 1, 1, 1, 1, 1, 1, 0, 1, 0, 1, 1, 1, 1, 1, 0, 1, 1, 1, 1, 2, 1, 1, 1, 1, 1, 1, 1, 1, 1, 1, 1, 1, 1, 1, 0, 0, 0, 1, 1, 0, 1, 1, 1, 0, 1, 1, 0, 1, 1, 0, 1, 0, 1, 0, 0, 0, 0, 1, 0, 0, 1, 1, 0, 0, 1, 0, 0, 1, 0, 1, 0, 0, 1, 1, 1, 1, 1, 1, 1, 1, 0, 0, 0, 1, 0, 1, 1, 1, 0, 1, 1, 0, 1, 1, 1, 0, 1, 1, 1, 0, 0, 1, 1, 1, 1, 0, 1, 0, 1, 1, 0, 0, 1, 0, 0, 0, 1, 0, 0, 1, 1, 1, 1, 1, 1, 1, 1, 0, 0, 0, 1, 0, 1, 1, 1, 1, 0, 1, 1, 1, 0, 1, 1, 1, 0, 1, 1, 0, 0, 1, 0, 1, 1, 1, 0, 1, 1, 1, 1, 1, 0, 1, 0, 0, 0, 0, 0, 2, 1, 0, 1, 0, 1, 1, 0, 0, 1, 1, 1, 0, 0, 1, 1, 0, 1, 1, 1, 0, 0, 0, 0, 1, 1, 0, 1, 1, 0, 0, 1, 1, 1, 1, 1, 0, 0, 0, 0, 1, 1, 0, 0, 1, 1, 1, 0, 1, 1, 1, 1, 1, 1, 1, 0, 1, 1, 1]

################################################################
################################################################
################### process_jail_download_list: ######################

[7, 7, 6, 7, 10, 10, 10, 7, 7, 7, 6, 7, 7, 7, 6, 7, 7, 7, 8, 7, 8, 6, 6, 6, 7, 7, 6, 6, 7, 6, 7, 7, 6, 7, 6, 7, 6, 6, 7, 7, 7, 6, 6, 7, 7, 7, 6, 7, 6, 7, 6, 6, 6, 6, 6, 6, 7, 7, 6, 6, 6, 6, 6, 7, 7, 7, 6, 6, 6, 7, 6, 6, 7, 6, 7, 7, 6, 6, 7, 6, 7, 7, 7, 6, 6, 7, 7, 7, 7, 7, 7, 7, 6, 7, 6, 7, 6, 6, 6, 7, 7, 6, 7, 7, 7, 6, 7, 6, 6, 7, 7, 7, 7, 7, 7, 7, 7, 7, 7, 7, 7, 7, 7, 6, 6, 6, 7, 6, 6, 6, 7, 8, 7, 6, 7, 6, 6, 7, 6, 7, 7, 7, 7, 6, 7, 7, 7, 6, 6, 6, 7, 7, 7, 6, 6, 7, 7, 7, 7, 6, 7, 7, 8, 7, 7, 7, 6, 7, 7, 8, 7, 6, 7, 7, 7, 7, 7, 7, 6, 6, 6, 6, 7, 6, 6, 7, 6, 6, 6, 7, 6, 7, 7, 7, 7, 6, 7, 7, 7, 6, 9, 7, 7, 6, 6, 7, 7, 6, 7, 7, 6, 6, 6, 7, 7, 6, 7, 7, 6, 7, 7, 7, 7, 6, 6, 7, 6, 6, 7, 6, 7, 6, 6, 7, 8, 8, 6, 7, 7, 7, 7, 7, 7, 7, 7, 7, 7, 6, 6, 7, 7, 6, 7, 7, 7, 7, 6, 6, 7, 6, 6, 6, 7, 6, 7, 6, 7, 10, 7, 7, 8, 6, 7, 6, 7, 6, 10, 7, 10, 10, 7, 7, 8, 9, 9, 9, 9, 6, 7, 7, 6, 7, 7, 7, 8, 7, 7, 7, 7, 7, 7, 9, 7, 7, 8, 7, 9, 10, 7, 10, 6, 9, 7, 7, 8, 8, 8, 9, 7, 7, 7, 6, 8, 7, 7, 6, 8, 6, 7, 7, 6, 6, 8, 7, 7, 9, 9, 8, 9, 9, 8, 6, 9, 9, 8, 8, 9, 8, 9, 6, 7, 6, 8, 8, 8, 7, 9, 7, 7, 6, 6, 7, 7, 8, 6, 7, 6, 7, 7, 7, 7, 6, 6, 6, 7, 7, 7, 7, 7, 7, 6, 7, 7, 7, 7, 7, 7, 7, 7, 7, 7, 7, 6, 6, 7, 7, 6, 7, 6, 7, 7, 7, 7, 7, 7, 7, 7, 6, 7, 7, 7, 6, 7, 6, 7, 7, 7, 6, 7, 6, 7, 6, 7, 6, 7, 7, 6, 7, 7, 7, 7, 7, 6, 7, 6, 6, 7, 7, 7, 7, 7, 7, 7, 7, 7, 6, 6, 6, 7, 6, 7, 7, 6, 7, 7, 7, 7, 7, 7, 7, 7, 7, 7, 7, 7, 7, 6, 7, 6, 7, 6, 7, 7, 6, 7, 7, 7, 7, 7, 6, 7, 7, 7, 7, 7, 7, 7, 6, 7, 7, 7, 7, 8, 7, 6, 7, 7, 6, 7, 7, 7, 6, 7, 7, 7, 7, 7, 7, 7, 6, 7, 6, 7, 7, 7, 7, 7, 7, 7, 7, 7, 7, 7, 6, 7, 7, 7, 7, 7, 6, 6, 7, 7, 7, 6, 7, 7, 7, 7, 6, 7, 7, 7, 7, 7, 6, 7, 7, 6, 6, 8, 6, 7, 7, 7, 6, 7, 6, 7, 7, 7, 9, 10, 9, 9, 7, 7, 7, 7, 7, 7, 8, 7, 7, 8, 7, 7, 6, 6, 7, 6, 7, 6, 7, 7, 7, 7, 7, 7, 7, 8, 7, 6, 6, 6, 7, 7, 6, 6, 6, 7, 7, 7, 7, 7, 6, 7, 7, 7, 7, 7, 6, 7, 7, 6, 7, 7, 7, 7, 7, 6, 7, 7, 6, 7, 7, 7, 7, 7, 7, 8, 6, 7, 7, 7, 7, 7, 7, 6, 7, 7, 7, 7, 6, 7, 7, 7, 8, 6, 7, 7, 7, 6, 6, 6, 7, 6, 7, 7, 7, 6, 7, 7, 7, 7, 7, 7, 7, 7, 7, 6, 6, 6, 7, 7, 7, 7, 7, 7, 6, 7, 7, 7, 8, 9, 9, 9, 6, 7, 7, 7, 6, 7, 6, 6, 7, 7, 7, 7, 7, 7, 7, 7, 7, 7, 7, 6, 7, 7, 7, 8, 7, 7, 7, 7, 7, 7, 7, 6, 7, 7, 7, 6, 6, 6, 7, 7, 7, 7, 7, 7, 7, 7, 7, 7, 7, 7, 7, 7, 6, 6, 7, 7, 7, 7, 8, 6, 6, 7, 7, 7, 7, 6, 6, 7, 7, 7, 7, 7, 7, 7, 7, 7, 7, 7, 7, 7, 7, 7]

################################################################
################################################################
################### process_jail_list: ######################

[6, 6, 5, 6, 7, 7, 7, 6, 6, 7, 6, 6, 6, 6, 6, 6, 6, 6, 7, 6, 7, 6, 6, 6, 6, 6, 6, 6, 6, 6, 6, 6, 6, 6, 6, 7, 6, 5, 6, 6, 6, 5, 6, 6, 6, 6, 5, 6, 6, 6, 6, 6, 6, 6, 6, 6, 6, 6, 5, 6, 5, 6, 6, 6, 6, 6, 6, 6, 6, 6, 5, 6, 6, 6, 6, 6, 5, 6, 6, 6, 6, 6, 6, 5, 6, 6, 6, 6, 6, 6, 6, 6, 6, 6, 6, 6, 6, 6, 5, 7, 7, 6, 6, 6, 6, 6, 6, 5, 5, 6, 6, 7, 6, 6, 6, 6, 6, 6, 6, 6, 6, 6, 6, 6, 6, 6, 6, 5, 6, 6, 6, 7, 6, 6, 6, 6, 6, 6, 6, 6, 6, 6, 7, 6, 6, 6, 6, 6, 6, 6, 6, 6, 6, 6, 6, 6, 6, 6, 6, 6, 6, 6, 7, 6, 6, 6, 6, 6, 6, 6, 6, 6, 6, 6, 6, 6, 6, 6, 6, 5, 5, 6, 6, 6, 6, 6, 6, 6, 5, 6, 5, 6, 6, 6, 6, 6, 6, 6, 6, 6, 8, 6, 6, 6, 6, 6, 6, 6, 6, 6, 6, 6, 6, 6, 6, 5, 7, 7, 6, 6, 6, 6, 6, 6, 6, 6, 6, 6, 6, 6, 6, 5, 6, 6, 7, 6, 6, 6, 7, 6, 6, 7, 6, 6, 6, 6, 7, 6, 5, 6, 6, 6, 7, 6, 6, 7, 6, 6, 6, 6, 5, 5, 6, 6, 7, 6, 6, 9, 6, 6, 7, 6, 6, 6, 6, 6, 9, 6, 9, 9, 6, 7, 8, 8, 8, 8, 8, 6, 6, 6, 6, 7, 6, 6, 7, 6, 6, 6, 6, 6, 6, 7, 6, 7, 7, 6, 8, 9, 6, 8, 6, 8, 6, 6, 7, 7, 7, 8, 7, 7, 6, 6, 7, 6, 6, 6, 7, 6, 6, 6, 6, 5, 7, 6, 6, 8, 8, 7, 8, 8, 7, 6, 8, 7, 7, 6, 8, 7, 8, 6, 6, 6, 8, 6, 7, 6, 8, 6, 6, 6, 6, 6, 6, 7, 5, 6, 6, 6, 6, 6, 6, 6, 6, 6, 6, 6, 6, 6, 6, 6, 6, 6, 6, 7, 6, 7, 6, 6, 6, 7, 7, 6, 6, 5, 6, 6, 5, 6, 6, 6, 6, 7, 6, 6, 6, 6, 6, 5, 6, 6, 6, 6, 6, 6, 6, 6, 6, 6, 6, 6, 6, 6, 6, 6, 6, 6, 6, 6, 6, 6, 6, 6, 6, 6, 6, 6, 7, 6, 6, 7, 6, 7, 6, 6, 6, 6, 6, 6, 6, 6, 6, 7, 6, 6, 6, 7, 6, 6, 6, 6, 7, 7, 6, 6, 7, 6, 6, 6, 6, 6, 6, 6, 7, 6, 6, 7, 6, 6, 6, 6, 6, 6, 7, 6, 6, 6, 7, 6, 7, 6, 6, 7, 7, 6, 6, 6, 6, 6, 6, 6, 6, 6, 6, 6, 7, 6, 6, 6, 6, 6, 6, 6, 6, 6, 6, 6, 6, 6, 7, 6, 6, 6, 6, 5, 6, 6, 6, 6, 6, 5, 6, 6, 7, 7, 6, 6, 7, 6, 7, 6, 6, 6, 6, 6, 6, 5, 6, 6, 5, 6, 7, 6, 6, 6, 6, 5, 6, 6, 6, 6, 6, 8, 8, 8, 8, 6, 6, 6, 6, 6, 6, 7, 6, 6, 7, 6, 6, 6, 6, 7, 5, 6, 6, 6, 6, 6, 7, 6, 6, 7, 7, 6, 6, 5, 6, 6, 7, 6, 6, 6, 6, 7, 7, 6, 6, 6, 7, 6, 7, 7, 6, 6, 6, 7, 6, 6, 6, 6, 6, 6, 5, 6, 6, 6, 7, 7, 6, 7, 6, 6, 7, 6, 6, 6, 7, 6, 6, 6, 6, 6, 6, 6, 7, 6, 6, 6, 6, 7, 6, 6, 7, 6, 5, 6, 6, 6, 6, 7, 7, 6, 6, 7, 6, 6, 6, 6, 6, 6, 6, 6, 6, 6, 6, 6, 7, 6, 6, 6, 6, 6, 6, 6, 6, 8, 8, 8, 8, 6, 6, 6, 7, 6, 6, 6, 5, 6, 6, 7, 6, 6, 6, 6, 6, 7, 6, 7, 6, 7, 7, 7, 6, 6, 7, 6, 7, 6, 6, 7, 6, 6, 6, 6, 6, 6, 5, 6, 7, 6, 6, 6, 7, 7, 7, 7, 6, 6, 7, 6, 6, 6, 6, 6, 6, 6, 6, 7, 6, 6, 7, 7, 6, 6, 6, 6, 6, 6, 6, 7, 6, 6, 6, 6, 6, 6, 6, 7, 6, 6, 6]

################################################################
