Numero total de amostras 770

Tempo total de processamento: 0:20:14

############## TEMPOS DE PROCESSAMENTO DO EXERCICIO NO JAIL  ####################
Soma 4431 segundos
Media 5.754545454545455 segundos
Desvio padr達o 0.43035637740162275 segundos
Minimo 5 segundos
Maximo 6 segundos

95% 5.0 segundos
99% 5.0 segundos

############## TEMPOS DE PROCESSAMENTO DO EXERCICIO NO JAIL COM DOWNLOAD  ################
Soma 4853 segundos
Media 6.302597402597403 segundos
Desvio padr達o 0.47055480544599526 segundos
Minimo 6 segundos
Maximo 8 segundos

95% 6.0 segundos
99% 6.0 segundos

################### TEMPOS DE DOWNLOAD DO EXERCICIO NO JAIL #######################
Soma 422 segundos
Media 0.548051948051948 segundos
Desvio padr達o 0.5080163586716704 segundos
Minimo 0 segundos
Maximo 2 segundos

95% 0.0 segundos
99% 0.0 segundos

############################ TEMPOS DE ESPERA NA FILA ############################
Soma 218001
Media 283.1181818181818 segundos
Desvio padr達o 159.06133034863828 segundos
Minimo 6 segundos
Maximo 559 segundos

95% 13.3055 segundos
99% 13.6131 segundos

################### queue_wait_time_list: ######################

[18, 20, 24, 18, 8, 7, 6, 7, 15, 29, 16, 13, 17, 21, 12, 16, 11, 10, 14, 29, 14, 21, 21, 23, 26, 27, 23, 32, 32, 29, 37, 31, 34, 35, 35, 37, 41, 37, 43, 41, 42, 46, 43, 44, 46, 47, 48, 23, 25, 26, 30, 32, 36, 38, 41, 48, 51, 52, 54, 57, 52, 60, 55, 57, 57, 58, 62, 62, 64, 59, 65, 67, 61, 71, 73, 65, 71, 67, 73, 76, 70, 85, 79, 72, 77, 77, 80, 80, 81, 82, 82, 85, 85, 170, 44, 49, 50, 53, 52, 56, 60, 62, 88, 88, 91, 92, 93, 91, 94, 96, 94, 97, 100, 96, 100, 115, 100, 103, 105, 102, 107, 102, 105, 108, 118, 113, 107, 112, 120, 114, 111, 124, 113, 114, 120, 117, 126, 123, 120, 127, 122, 66, 68, 288, 290, 293, 125, 300, 308, 311, 129, 330, 336, 129, 128, 127, 132, 338, 342, 345, 347, 540, 551, 68, 71, 74, 76, 78, 82, 85, 87, 88, 145, 137, 134, 135, 131, 139, 138, 138, 140, 141, 140, 144, 147, 143, 148, 148, 143, 151, 148, 149, 152, 153, 153, 154, 155, 157, 159, 158, 159, 162, 162, 164, 162, 164, 167, 166, 168, 168, 354, 170, 171, 356, 359, 361, 539, 538, 551, 91, 93, 98, 99, 102, 106, 106, 109, 111, 173, 173, 178, 176, 176, 178, 180, 176, 188, 183, 191, 181, 184, 181, 190, 194, 185, 185, 196, 187, 187, 194, 191, 203, 205, 199, 192, 198, 196, 208, 202, 199, 210, 205, 201, 206, 208, 204, 379, 387, 400, 403, 210, 409, 210, 413, 209, 415, 418, 213, 427, 213, 212, 212, 216, 539, 541, 544, 553, 554, 118, 116, 119, 122, 227, 222, 222, 227, 221, 216, 379, 216, 220, 215, 226, 381, 225, 386, 219, 224, 392, 218, 229, 218, 229, 217, 229, 394, 397, 224, 407, 223, 408, 223, 425, 541, 552, 126, 133, 132, 134, 134, 137, 143, 249, 235, 238, 233, 235, 231, 234, 238, 241, 243, 241, 240, 243, 243, 246, 247, 247, 252, 250, 252, 246, 254, 256, 249, 257, 258, 251, 260, 262, 255, 266, 261, 257, 265, 263, 260, 268, 266, 263, 269, 382, 269, 271, 543, 554, 146, 429, 271, 271, 478, 543, 553, 146, 430, 432, 436, 477, 271, 544, 273, 555, 274, 275, 274, 276, 277, 277, 287, 287, 152, 291, 288, 291, 155, 156, 159, 161, 165, 167, 169, 296, 172, 282, 280, 280, 282, 285, 282, 279, 291, 294, 285, 296, 294, 296, 299, 302, 299, 297, 305, 303, 307, 307, 306, 303, 305, 309, 311, 311, 313, 314, 315, 435, 442, 545, 557, 316, 316, 317, 318, 319, 319, 321, 438, 457, 460, 466, 468, 472, 174, 545, 556, 320, 322, 322, 324, 324, 325, 325, 327, 444, 448, 450, 453, 463, 469, 471, 176, 179, 182, 185, 189, 190, 193, 197, 195, 327, 330, 331, 330, 332, 332, 336, 333, 339, 333, 336, 339, 342, 339, 343, 350, 342, 345, 358, 345, 348, 347, 351, 347, 360, 354, 352, 350, 353, 353, 363, 357, 365, 366, 359, 359, 362, 361, 293, 299, 302, 305, 558, 365, 364, 368, 368, 367, 366, 480, 483, 493, 495, 500, 197, 201, 535, 376, 375, 380, 379, 487, 502, 372, 505, 371, 370, 370, 547, 557, 374, 374, 373, 373, 377, 377, 204, 207, 383, 382, 385, 385, 386, 388, 388, 391, 388, 391, 393, 391, 393, 396, 394, 396, 398, 396, 399, 402, 401, 404, 401, 402, 407, 405, 406, 410, 407, 412, 412, 410, 412, 415, 415, 416, 418, 419, 421, 467, 422, 418, 421, 421, 538, 547, 559, 424, 423, 424, 428, 489, 504, 507, 228, 232, 231, 235, 236, 237, 241, 243, 249, 430, 426, 433, 431, 427, 445, 440, 429, 443, 434, 436, 437, 439, 445, 442, 438, 441, 448, 444, 448, 456, 447, 450, 454, 451, 453, 451, 453, 459, 456, 456, 462, 458, 460, 464, 462, 462, 464, 537, 549, 467, 467, 559, 252, 255, 257, 260, 262, 265, 268, 469, 476, 470, 473, 480, 472, 475, 484, 478, 474, 481, 475, 477, 481, 483, 487, 483, 487, 496, 494, 489, 490, 486, 490, 506, 493, 499, 508, 492, 501, 495, 495, 498, 497, 500, 500, 503, 508, 506, 312, 509, 548, 276, 282, 285, 314, 326, 337, 345, 549, 507, 503, 507, 508, 506, 505, 280, 285, 327, 356, 518, 523, 535, 515, 518, 505, 515, 519, 533, 530, 510, 515, 526, 511, 515, 511, 511, 549, 522, 530, 518, 525, 533, 521, 533, 531, 522, 526, 534, 526, 531]

################################################################
################### jail_ex_download_list: ######################

[1, 0, 0, 1, 2, 2, 2, 2, 0, 0, 1, 0, 1, 1, 1, 1, 1, 1, 1, 0, 1, 0, 1, 1, 1, 0, 0, 0, 1, 0, 1, 1, 1, 1, 0, 1, 0, 1, 0, 0, 0, 1, 0, 1, 1, 0, 0, 0, 1, 1, 0, 1, 0, 1, 0, 1, 0, 0, 0, 0, 0, 1, 0, 0, 1, 1, 1, 1, 1, 1, 1, 1, 1, 0, 1, 0, 0, 0, 1, 0, 0, 1, 0, 1, 0, 0, 0, 1, 1, 1, 1, 0, 0, 1, 1, 0, 0, 1, 1, 0, 1, 1, 1, 0, 0, 0, 1, 0, 1, 1, 1, 0, 0, 1, 0, 0, 0, 1, 0, 0, 1, 0, 1, 1, 1, 0, 1, 1, 1, 1, 0, 0, 1, 0, 1, 0, 0, 1, 1, 0, 1, 0, 0, 0, 1, 1, 0, 1, 1, 0, 0, 0, 0, 1, 1, 1, 0, 1, 0, 1, 1, 1, 0, 0, 1, 1, 1, 0, 1, 1, 1, 0, 0, 1, 1, 0, 1, 1, 0, 0, 1, 1, 1, 0, 0, 0, 0, 1, 0, 0, 1, 1, 0, 0, 1, 0, 1, 1, 0, 0, 1, 0, 1, 0, 1, 0, 1, 0, 1, 0, 0, 1, 0, 0, 0, 1, 0, 1, 1, 0, 1, 0, 0, 1, 0, 0, 1, 1, 0, 0, 1, 1, 1, 1, 0, 0, 1, 1, 0, 1, 1, 1, 1, 0, 1, 0, 1, 1, 0, 0, 0, 0, 0, 1, 0, 1, 0, 1, 1, 1, 1, 0, 1, 1, 0, 1, 0, 1, 0, 1, 0, 1, 1, 0, 1, 1, 0, 1, 1, 1, 1, 0, 0, 1, 1, 0, 0, 1, 0, 1, 1, 0, 1, 0, 0, 0, 0, 1, 0, 0, 1, 0, 1, 1, 1, 0, 0, 0, 0, 1, 1, 0, 1, 0, 1, 0, 1, 0, 0, 0, 1, 1, 0, 0, 0, 0, 0, 0, 1, 1, 0, 1, 0, 0, 0, 0, 1, 1, 1, 0, 1, 1, 0, 0, 1, 1, 1, 0, 0, 0, 1, 1, 0, 0, 0, 1, 1, 0, 1, 1, 1, 0, 0, 0, 0, 1, 1, 1, 0, 1, 1, 1, 1, 0, 0, 1, 0, 1, 1, 1, 1, 1, 0, 1, 0, 0, 1, 1, 1, 0, 1, 1, 0, 1, 0, 1, 1, 0, 0, 1, 1, 0, 0, 1, 0, 1, 1, 0, 1, 0, 1, 1, 1, 1, 1, 0, 0, 1, 1, 1, 1, 0, 1, 1, 1, 1, 0, 1, 0, 1, 0, 1, 0, 1, 1, 1, 0, 1, 1, 0, 0, 0, 1, 1, 1, 0, 1, 0, 0, 1, 0, 0, 1, 1, 1, 1, 1, 0, 0, 1, 1, 0, 0, 1, 1, 0, 0, 0, 0, 0, 0, 1, 1, 0, 1, 0, 1, 1, 1, 1, 1, 1, 1, 0, 0, 0, 0, 1, 1, 1, 0, 1, 1, 1, 0, 1, 1, 1, 0, 1, 0, 1, 0, 1, 0, 0, 0, 1, 1, 1, 1, 1, 1, 1, 1, 1, 1, 0, 1, 0, 1, 0, 1, 1, 1, 1, 0, 1, 0, 1, 0, 0, 1, 1, 1, 1, 1, 0, 1, 0, 1, 0, 1, 0, 0, 1, 1, 0, 1, 0, 1, 0, 0, 1, 1, 0, 1, 1, 0, 0, 1, 0, 1, 1, 0, 1, 0, 1, 0, 0, 0, 0, 0, 1, 1, 0, 0, 0, 1, 1, 0, 1, 1, 1, 0, 0, 0, 0, 1, 1, 0, 0, 0, 1, 0, 1, 1, 1, 0, 1, 1, 0, 0, 0, 1, 0, 1, 0, 0, 1, 0, 0, 1, 0, 1, 0, 1, 1, 1, 1, 1, 1, 0, 1, 1, 1, 0, 1, 0, 1, 1, 1, 1, 0, 0, 0, 1, 0, 1, 1, 1, 1, 0, 1, 1, 0, 0, 1, 0, 0, 0, 1, 0, 1, 1, 0, 1, 0, 1, 1, 0, 1, 0, 1, 0, 1, 0, 0, 0, 1, 0, 0, 0, 0, 0, 1, 1, 1, 0, 1, 0, 1, 0, 1, 1, 0, 1, 1, 0, 1, 1, 1, 0, 1, 0, 1, 0, 1, 0, 1, 1, 1, 0, 0, 0, 0, 0, 0, 1, 0, 0, 0, 1, 1, 1, 1, 1, 1, 0, 0, 1, 1, 1, 0, 1, 1, 0, 1, 1, 1, 0, 0, 1, 1, 1, 0, 1, 1, 0, 1, 1, 1, 1, 0, 1, 0, 0, 1, 0, 1, 1, 0, 0, 1, 0, 0, 0, 0, 0, 0, 1, 0, 1, 1, 0, 1, 1, 1, 1, 0]

################################################################
################################################################
################### process_jail_download_list: ######################

[6, 6, 6, 6, 8, 8, 8, 8, 6, 6, 6, 6, 7, 7, 7, 7, 7, 7, 6, 6, 6, 6, 6, 6, 7, 6, 6, 6, 6, 6, 7, 7, 6, 6, 6, 7, 6, 7, 6, 6, 6, 6, 6, 7, 7, 6, 6, 6, 7, 7, 6, 7, 6, 7, 6, 7, 6, 6, 6, 6, 6, 6, 6, 6, 6, 6, 6, 6, 6, 6, 7, 7, 7, 6, 6, 6, 6, 6, 7, 6, 6, 7, 6, 7, 6, 6, 6, 6, 7, 6, 6, 6, 6, 7, 7, 6, 6, 7, 7, 6, 6, 7, 7, 6, 6, 6, 6, 6, 7, 7, 6, 6, 6, 7, 6, 6, 6, 7, 6, 6, 7, 6, 6, 7, 6, 6, 7, 6, 7, 7, 6, 6, 7, 6, 6, 6, 6, 7, 6, 6, 7, 6, 6, 6, 6, 7, 6, 7, 7, 6, 6, 6, 6, 7, 7, 7, 6, 7, 6, 6, 7, 6, 6, 6, 6, 7, 7, 6, 7, 7, 7, 6, 6, 6, 6, 6, 6, 7, 6, 6, 6, 7, 7, 6, 6, 6, 6, 7, 6, 6, 7, 7, 6, 6, 6, 6, 7, 6, 6, 6, 6, 6, 7, 6, 7, 6, 6, 6, 6, 6, 6, 6, 6, 6, 6, 6, 6, 6, 6, 6, 7, 6, 6, 7, 6, 6, 7, 6, 6, 6, 6, 7, 6, 6, 6, 6, 6, 6, 6, 7, 6, 7, 7, 6, 6, 6, 6, 7, 6, 6, 6, 6, 6, 7, 6, 6, 6, 6, 7, 6, 6, 6, 7, 6, 6, 6, 6, 7, 6, 7, 6, 7, 6, 6, 7, 7, 6, 7, 6, 6, 7, 6, 6, 7, 7, 6, 6, 6, 6, 6, 7, 6, 6, 6, 6, 6, 6, 6, 6, 6, 6, 6, 6, 7, 6, 6, 6, 6, 6, 7, 6, 6, 6, 6, 6, 6, 7, 6, 6, 6, 7, 6, 6, 6, 6, 6, 6, 6, 7, 7, 6, 6, 6, 6, 6, 6, 7, 7, 6, 6, 6, 6, 6, 6, 7, 7, 7, 6, 6, 6, 6, 7, 6, 6, 6, 6, 6, 6, 7, 6, 7, 6, 6, 6, 6, 7, 6, 6, 6, 6, 6, 6, 7, 6, 6, 6, 6, 6, 7, 6, 7, 6, 6, 6, 6, 6, 7, 6, 7, 6, 6, 6, 6, 7, 6, 6, 7, 6, 6, 7, 7, 6, 6, 7, 6, 7, 7, 6, 7, 6, 6, 7, 6, 7, 6, 6, 6, 6, 6, 6, 6, 6, 6, 6, 6, 7, 6, 7, 6, 7, 6, 6, 6, 7, 7, 6, 6, 6, 7, 6, 6, 6, 6, 7, 6, 6, 7, 6, 6, 6, 6, 6, 7, 7, 7, 7, 7, 6, 6, 6, 7, 6, 6, 7, 7, 6, 6, 6, 6, 6, 6, 7, 7, 6, 7, 6, 7, 6, 7, 7, 6, 7, 7, 6, 6, 6, 6, 6, 6, 6, 6, 6, 7, 7, 6, 7, 7, 7, 6, 7, 6, 7, 6, 7, 6, 6, 6, 6, 7, 6, 6, 6, 6, 7, 6, 7, 7, 6, 6, 6, 6, 6, 6, 6, 7, 7, 6, 7, 6, 6, 6, 6, 6, 7, 6, 6, 7, 6, 7, 6, 7, 6, 7, 6, 6, 7, 7, 6, 6, 6, 7, 6, 6, 7, 7, 6, 6, 6, 6, 6, 6, 6, 7, 6, 6, 6, 6, 7, 6, 6, 6, 6, 6, 6, 7, 6, 6, 6, 6, 6, 6, 7, 6, 7, 6, 6, 6, 6, 7, 7, 6, 6, 6, 6, 6, 7, 6, 6, 6, 7, 7, 6, 6, 6, 6, 6, 7, 6, 6, 7, 6, 6, 6, 6, 7, 6, 6, 7, 6, 7, 7, 6, 6, 6, 7, 7, 6, 7, 6, 7, 6, 6, 7, 6, 6, 6, 6, 6, 7, 6, 6, 6, 6, 7, 7, 6, 6, 7, 6, 6, 6, 6, 6, 7, 7, 6, 6, 6, 6, 7, 6, 7, 6, 6, 6, 7, 6, 6, 6, 6, 6, 6, 6, 6, 6, 6, 6, 7, 6, 7, 6, 6, 6, 7, 6, 6, 7, 6, 6, 6, 6, 7, 6, 6, 6, 7, 6, 7, 6, 7, 7, 7, 6, 6, 6, 6, 6, 6, 7, 6, 6, 6, 6, 7, 7, 6, 6, 7, 6, 6, 6, 6, 7, 6, 7, 7, 6, 6, 7, 6, 6, 6, 6, 7, 7, 6, 6, 6, 6, 6, 6, 7, 7, 6, 7, 6, 6, 6, 6, 6, 7, 6, 6, 7, 6, 6, 6, 6, 6, 6, 7, 6, 6, 7, 6, 6, 7, 7, 7, 6]

################################################################
################################################################
################### process_jail_list: ######################

[5, 6, 6, 5, 6, 6, 6, 6, 6, 6, 5, 6, 6, 6, 6, 6, 6, 6, 5, 6, 5, 6, 5, 5, 6, 6, 6, 6, 5, 6, 6, 6, 5, 5, 6, 6, 6, 6, 6, 6, 6, 5, 6, 6, 6, 6, 6, 6, 6, 6, 6, 6, 6, 6, 6, 6, 6, 6, 6, 6, 6, 5, 6, 6, 5, 5, 5, 5, 5, 5, 6, 6, 6, 6, 5, 6, 6, 6, 6, 6, 6, 6, 6, 6, 6, 6, 6, 5, 6, 5, 5, 6, 6, 6, 6, 6, 6, 6, 6, 6, 5, 6, 6, 6, 6, 6, 5, 6, 6, 6, 5, 6, 6, 6, 6, 6, 6, 6, 6, 6, 6, 6, 5, 6, 5, 6, 6, 5, 6, 6, 6, 6, 6, 6, 5, 6, 6, 6, 5, 6, 6, 6, 6, 6, 5, 6, 6, 6, 6, 6, 6, 6, 6, 6, 6, 6, 6, 6, 6, 5, 6, 5, 6, 6, 5, 6, 6, 6, 6, 6, 6, 6, 6, 5, 5, 6, 5, 6, 6, 6, 5, 6, 6, 6, 6, 6, 6, 6, 6, 6, 6, 6, 6, 6, 5, 6, 6, 5, 6, 6, 5, 6, 6, 6, 6, 6, 5, 6, 5, 6, 6, 5, 6, 6, 6, 5, 6, 5, 5, 6, 6, 6, 6, 6, 6, 6, 6, 5, 6, 6, 5, 6, 5, 5, 6, 6, 5, 5, 6, 6, 5, 6, 6, 6, 5, 6, 5, 6, 6, 6, 6, 6, 6, 6, 6, 5, 6, 5, 6, 5, 5, 6, 6, 5, 6, 5, 6, 6, 6, 6, 6, 6, 5, 6, 6, 6, 6, 6, 5, 5, 6, 6, 6, 6, 6, 6, 6, 5, 6, 5, 6, 6, 5, 6, 6, 6, 6, 5, 6, 6, 5, 6, 5, 6, 5, 6, 6, 6, 6, 6, 5, 6, 5, 6, 5, 6, 6, 6, 6, 6, 6, 5, 6, 6, 6, 6, 6, 6, 6, 6, 6, 5, 6, 6, 6, 6, 6, 6, 5, 6, 5, 5, 6, 6, 6, 6, 6, 6, 6, 6, 5, 6, 6, 6, 6, 5, 5, 6, 6, 5, 6, 6, 6, 6, 6, 6, 5, 5, 6, 5, 5, 5, 6, 6, 6, 5, 6, 5, 6, 5, 6, 5, 6, 5, 6, 6, 6, 5, 6, 6, 5, 5, 6, 6, 6, 5, 6, 6, 6, 6, 6, 6, 6, 6, 6, 6, 6, 6, 6, 6, 5, 6, 5, 6, 5, 6, 6, 5, 5, 5, 5, 6, 5, 5, 5, 6, 6, 6, 6, 6, 6, 5, 6, 6, 6, 5, 6, 5, 6, 6, 6, 6, 5, 6, 5, 6, 6, 6, 6, 5, 6, 6, 6, 6, 6, 6, 6, 6, 6, 5, 6, 6, 6, 6, 6, 6, 6, 6, 6, 6, 6, 6, 6, 6, 6, 6, 6, 5, 6, 6, 5, 6, 6, 6, 6, 6, 6, 5, 5, 5, 6, 5, 6, 6, 6, 6, 6, 6, 6, 6, 6, 6, 6, 6, 6, 6, 6, 5, 6, 5, 5, 5, 5, 6, 5, 6, 6, 6, 5, 6, 5, 6, 5, 5, 6, 6, 6, 6, 6, 5, 6, 6, 5, 6, 5, 5, 6, 6, 6, 6, 6, 6, 6, 6, 6, 6, 6, 6, 5, 6, 6, 6, 6, 6, 6, 6, 5, 5, 6, 6, 5, 6, 6, 5, 6, 5, 6, 6, 6, 6, 6, 6, 6, 5, 6, 6, 6, 6, 5, 5, 6, 6, 5, 6, 6, 6, 6, 6, 6, 6, 6, 6, 6, 5, 6, 6, 5, 5, 6, 6, 6, 6, 6, 6, 5, 6, 6, 6, 6, 6, 6, 6, 5, 6, 6, 6, 5, 6, 5, 6, 6, 5, 6, 5, 6, 6, 6, 6, 6, 6, 5, 5, 6, 6, 6, 6, 5, 6, 6, 5, 5, 5, 6, 6, 6, 6, 6, 6, 6, 6, 6, 5, 6, 6, 6, 6, 5, 6, 5, 6, 6, 6, 6, 5, 6, 6, 6, 6, 6, 5, 6, 6, 6, 6, 6, 5, 5, 6, 6, 6, 6, 5, 6, 6, 5, 6, 6, 5, 6, 5, 5, 6, 6, 5, 6, 6, 6, 6, 6, 6, 6, 6, 6, 6, 6, 6, 6, 6, 6, 6, 6, 6, 5, 6, 6, 5, 5, 6, 6, 6, 5, 5, 6, 6, 6, 6, 6, 5, 6, 5, 6, 6, 5, 6, 6, 6, 5, 5, 6, 5, 5, 6, 6, 6, 6, 6, 6, 5, 6, 5, 6, 6, 6, 6, 6, 6, 6, 6, 6, 6, 6, 6, 5, 6, 6, 5, 6, 6, 6, 6]

################################################################
