Numero total de amostras 770

Tempo total de processamento: 0:14:15

############## TEMPOS DE PROCESSAMENTO DO EXERCICIO NO JAIL  ####################
Soma 4633 segundos
Media 6.0168831168831165 segundos
Desvio padr達o 0.4275884042875743 segundos
Minimo 5 segundos
Maximo 7 segundos

95% 5.0 segundos
99% 5.0 segundos

############## TEMPOS DE PROCESSAMENTO DO EXERCICIO NO JAIL COM DOWNLOAD  ################
Soma 5129 segundos
Media 6.661038961038961 segundos
Desvio padr達o 0.574943440279997 segundos
Minimo 6 segundos
Maximo 10 segundos

95% 6.0 segundos
99% 6.0 segundos

################### TEMPOS DE DOWNLOAD DO EXERCICIO NO JAIL #######################
Soma 496 segundos
Media 0.6441558441558441 segundos
Desvio padr達o 0.5253306952282178 segundos
Minimo 0 segundos
Maximo 3 segundos

95% 0.0 segundos
99% 0.0 segundos

############################ TEMPOS DE ESPERA NA FILA ############################
Soma 79034
Media 102.64155844155844 segundos
Desvio padr達o 54.92695350142664 segundos
Minimo 4 segundos
Maximo 202 segundos

95% 10.0 segundos
99% 10.0 segundos

################### queue_wait_time_list: ######################

[12, 13, 11, 10, 21, 13, 10, 57, 9, 12, 7, 13, 8, 19, 8, 11, 18, 6, 5, 4, 13, 14, 12, 11, 16, 13, 16, 22, 15, 12, 17, 14, 16, 15, 18, 22, 20, 20, 15, 17, 22, 22, 18, 21, 21, 23, 22, 19, 15, 18, 17, 19, 21, 20, 25, 26, 24, 23, 24, 25, 26, 29, 27, 24, 24, 24, 22, 27, 25, 27, 26, 26, 31, 29, 33, 28, 28, 36, 31, 30, 27, 31, 32, 33, 32, 34, 33, 34, 36, 31, 32, 34, 34, 33, 35, 36, 37, 86, 76, 79, 88, 81, 128, 99, 83, 91, 117, 95, 100, 96, 105, 107, 121, 138, 110, 133, 112, 125, 114, 125, 134, 144, 139, 145, 150, 151, 150, 152, 156, 159, 164, 165, 167, 175, 177, 178, 185, 185, 190, 191, 193, 198, 29, 34, 36, 37, 113, 76, 87, 80, 99, 83, 88, 85, 128, 91, 138, 103, 94, 98, 117, 104, 106, 120, 128, 110, 112, 131, 124, 135, 140, 132, 143, 145, 146, 148, 149, 153, 160, 162, 166, 171, 174, 178, 184, 184, 190, 196, 196, 26, 29, 63, 110, 37, 77, 37, 38, 38, 38, 38, 38, 86, 79, 100, 84, 89, 112, 91, 102, 94, 98, 120, 106, 114, 106, 128, 123, 116, 127, 131, 139, 136, 143, 141, 156, 156, 160, 165, 166, 170, 174, 178, 179, 184, 188, 191, 29, 28, 29, 34, 34, 39, 35, 36, 40, 41, 39, 41, 41, 43, 41, 39, 40, 42, 44, 42, 42, 43, 43, 43, 44, 45, 44, 44, 45, 43, 46, 46, 47, 46, 47, 48, 47, 49, 47, 47, 49, 48, 48, 50, 49, 48, 49, 40, 40, 42, 44, 44, 46, 46, 62, 51, 51, 52, 53, 53, 53, 66, 50, 67, 50, 50, 50, 94, 51, 78, 52, 52, 88, 83, 103, 84, 89, 92, 101, 97, 105, 109, 109, 111, 115, 113, 130, 136, 141, 148, 148, 155, 158, 159, 42, 53, 53, 54, 55, 77, 87, 79, 135, 82, 100, 91, 85, 120, 91, 103, 95, 96, 131, 106, 119, 109, 111, 124, 117, 126, 133, 141, 138, 146, 143, 147, 151, 156, 158, 163, 164, 167, 170, 175, 177, 182, 183, 195, 195, 196, 198, 42, 60, 61, 58, 59, 61, 45, 61, 60, 46, 48, 48, 49, 51, 51, 54, 56, 55, 56, 56, 56, 62, 58, 59, 55, 58, 56, 59, 57, 61, 58, 61, 64, 58, 63, 65, 63, 65, 65, 64, 62, 64, 64, 65, 63, 65, 66, 86, 99, 86, 90, 99, 67, 68, 68, 68, 68, 67, 93, 78, 116, 81, 94, 83, 102, 133, 106, 120, 109, 126, 113, 115, 123, 138, 123, 131, 136, 142, 146, 145, 159, 160, 165, 166, 169, 175, 177, 183, 187, 188, 194, 196, 197, 199, 54, 57, 62, 64, 85, 66, 98, 68, 87, 77, 83, 101, 90, 134, 93, 119, 103, 96, 127, 126, 105, 120, 108, 122, 112, 142, 115, 138, 127, 130, 136, 139, 141, 144, 144, 147, 146, 149, 161, 162, 168, 173, 174, 177, 181, 188, 189, 54, 56, 60, 63, 86, 67, 99, 88, 100, 90, 129, 70, 93, 69, 114, 70, 70, 69, 69, 70, 71, 95, 81, 104, 113, 105, 119, 108, 117, 114, 126, 122, 130, 137, 133, 139, 154, 158, 163, 165, 167, 173, 177, 179, 185, 186, 193, 54, 85, 99, 83, 112, 88, 100, 72, 91, 71, 72, 122, 92, 71, 72, 73, 73, 72, 73, 77, 95, 80, 103, 115, 107, 130, 108, 118, 126, 133, 128, 136, 140, 142, 143, 158, 161, 163, 168, 168, 173, 178, 180, 186, 192, 195, 196, 57, 75, 76, 77, 85, 99, 79, 72, 82, 89, 74, 73, 84, 74, 100, 74, 75, 90, 74, 117, 75, 74, 94, 96, 104, 112, 107, 111, 119, 125, 122, 132, 129, 138, 132, 150, 155, 157, 161, 164, 165, 171, 173, 180, 180, 186, 192, 60, 98, 65, 88, 75, 77, 140, 79, 92, 81, 101, 84, 93, 121, 97, 146, 104, 107, 135, 121, 110, 124, 112, 116, 125, 118, 137, 132, 142, 145, 139, 150, 150, 147, 152, 154, 160, 165, 168, 171, 172, 179, 179, 186, 191, 192, 198, 199, 152, 153, 151, 152, 200, 200, 200, 199, 202, 154, 201, 202, 152, 186, 154, 156, 155, 157, 157, 157, 158, 158, 162, 160, 161, 163, 163, 164, 166, 166, 168, 169, 169, 169, 171, 171, 173, 176, 175, 175, 176, 178, 182, 181, 184, 183, 182, 189, 188, 187, 191, 190, 189, 190, 193, 194, 194, 197, 195, 201, 198, 200, 197]

################################################################
################### jail_ex_download_list: ######################

[1, 1, 1, 1, 0, 1, 1, 1, 1, 1, 3, 0, 3, 1, 3, 1, 0, 3, 3, 3, 0, 1, 0, 1, 1, 1, 1, 1, 1, 1, 0, 1, 1, 1, 0, 1, 1, 1, 1, 1, 1, 0, 1, 1, 1, 1, 1, 1, 1, 1, 0, 1, 1, 1, 1, 0, 1, 0, 0, 1, 1, 1, 1, 0, 0, 1, 1, 1, 0, 0, 0, 0, 1, 1, 0, 0, 0, 0, 0, 1, 1, 1, 1, 0, 0, 1, 0, 1, 0, 0, 1, 1, 1, 1, 1, 1, 1, 0, 0, 0, 1, 1, 1, 1, 1, 1, 1, 0, 1, 1, 0, 1, 1, 0, 1, 0, 1, 1, 1, 0, 1, 1, 1, 0, 0, 0, 1, 0, 1, 1, 1, 1, 0, 0, 1, 1, 1, 1, 1, 1, 1, 1, 1, 1, 1, 0, 1, 1, 0, 1, 1, 0, 1, 0, 1, 1, 0, 0, 0, 1, 1, 1, 1, 1, 0, 1, 0, 1, 1, 1, 1, 0, 1, 1, 1, 1, 1, 0, 1, 0, 1, 1, 0, 1, 1, 1, 1, 1, 1, 1, 1, 1, 0, 1, 1, 1, 0, 0, 0, 1, 1, 1, 1, 0, 0, 1, 0, 1, 0, 1, 0, 1, 1, 0, 1, 1, 1, 1, 1, 1, 0, 0, 0, 0, 0, 0, 0, 0, 1, 1, 1, 1, 1, 1, 0, 1, 1, 1, 0, 0, 1, 1, 1, 1, 0, 0, 1, 0, 0, 0, 1, 0, 1, 0, 0, 1, 0, 1, 1, 1, 1, 1, 0, 1, 0, 1, 0, 1, 1, 1, 0, 1, 0, 0, 1, 0, 1, 0, 1, 0, 1, 0, 0, 0, 0, 1, 0, 1, 0, 0, 1, 1, 1, 0, 1, 1, 1, 0, 1, 1, 1, 1, 1, 1, 1, 0, 0, 0, 1, 0, 0, 1, 1, 1, 0, 1, 1, 1, 1, 0, 1, 1, 1, 0, 1, 1, 1, 1, 1, 1, 1, 0, 0, 0, 0, 0, 1, 1, 0, 0, 1, 0, 1, 1, 1, 0, 1, 1, 0, 0, 1, 1, 0, 1, 1, 1, 0, 0, 1, 1, 1, 1, 0, 0, 1, 1, 0, 1, 1, 0, 1, 1, 1, 0, 1, 1, 1, 1, 0, 0, 1, 0, 0, 0, 1, 1, 1, 1, 1, 0, 0, 0, 1, 0, 0, 0, 1, 1, 1, 1, 1, 1, 1, 0, 1, 1, 0, 0, 1, 1, 1, 0, 0, 0, 1, 1, 0, 0, 1, 0, 0, 1, 1, 1, 0, 1, 1, 0, 1, 0, 1, 0, 1, 0, 1, 1, 1, 0, 0, 1, 1, 1, 1, 0, 0, 0, 1, 1, 1, 1, 1, 1, 1, 1, 1, 1, 0, 0, 1, 1, 1, 1, 1, 0, 0, 1, 1, 0, 0, 1, 0, 0, 0, 1, 0, 0, 1, 0, 1, 0, 1, 1, 1, 0, 1, 1, 1, 0, 1, 1, 1, 1, 1, 1, 1, 1, 1, 1, 0, 0, 1, 1, 1, 1, 1, 0, 0, 1, 1, 0, 1, 1, 0, 1, 0, 1, 1, 1, 1, 1, 0, 0, 1, 0, 1, 1, 1, 0, 1, 1, 0, 1, 1, 0, 1, 1, 1, 1, 1, 1, 0, 1, 0, 0, 0, 1, 0, 1, 1, 1, 0, 1, 1, 1, 1, 1, 1, 0, 1, 0, 0, 0, 1, 1, 1, 1, 1, 1, 1, 1, 0, 1, 0, 0, 0, 0, 1, 1, 0, 1, 0, 1, 1, 1, 1, 0, 0, 1, 0, 1, 0, 0, 1, 0, 1, 1, 1, 0, 1, 0, 0, 1, 0, 0, 1, 0, 0, 1, 1, 0, 1, 1, 0, 0, 0, 1, 1, 0, 1, 1, 1, 1, 0, 0, 0, 1, 1, 1, 1, 0, 0, 1, 1, 1, 0, 0, 1, 1, 1, 0, 0, 0, 1, 0, 1, 0, 1, 0, 1, 0, 1, 0, 1, 0, 0, 1, 1, 1, 1, 0, 0, 1, 1, 1, 0, 1, 0, 1, 1, 1, 1, 0, 1, 1, 0, 0, 1, 0, 1, 0, 0, 0, 1, 0, 1, 0, 1, 0, 1, 0, 1, 1, 1, 1, 1, 0, 0, 0, 0, 0, 1, 1, 1, 1, 1, 1, 1, 1, 1, 1, 1, 1, 1, 0, 0, 0, 0, 0, 0, 0, 0, 1, 0, 1, 1, 1, 0, 0, 1, 0, 1, 1, 1, 1, 0, 0, 1, 0, 1, 1, 1, 1, 1, 0, 0, 1, 1, 1, 1, 0, 0, 1, 1, 1, 0, 1, 1, 0, 0, 1, 1, 0, 1, 1, 1, 1, 0, 0, 1, 1]

################################################################
################################################################
################### process_jail_download_list: ######################

[7, 7, 7, 7, 6, 7, 7, 7, 7, 7, 9, 7, 9, 7, 9, 7, 6, 10, 10, 10, 6, 7, 6, 7, 7, 7, 7, 7, 7, 8, 6, 6, 7, 7, 7, 6, 7, 7, 7, 7, 7, 6, 7, 7, 7, 7, 7, 7, 6, 7, 7, 7, 6, 7, 7, 6, 7, 6, 7, 7, 7, 6, 7, 7, 7, 7, 7, 7, 6, 6, 6, 6, 6, 7, 7, 6, 6, 6, 6, 7, 7, 8, 7, 6, 6, 7, 6, 6, 6, 7, 7, 7, 7, 6, 7, 7, 7, 6, 6, 7, 7, 7, 7, 7, 7, 7, 7, 6, 6, 7, 6, 6, 7, 6, 7, 6, 7, 7, 7, 6, 7, 7, 7, 6, 6, 7, 8, 7, 7, 7, 7, 7, 6, 7, 7, 8, 7, 7, 7, 7, 7, 7, 6, 6, 7, 6, 7, 6, 6, 7, 7, 6, 7, 6, 7, 7, 6, 6, 6, 6, 7, 7, 7, 7, 6, 7, 6, 7, 7, 7, 7, 6, 7, 7, 7, 7, 6, 7, 7, 6, 7, 7, 7, 7, 7, 7, 7, 7, 7, 7, 8, 7, 6, 6, 7, 7, 7, 6, 7, 7, 7, 7, 7, 6, 6, 7, 6, 6, 6, 7, 6, 7, 7, 6, 7, 7, 8, 7, 6, 7, 6, 6, 6, 6, 6, 7, 6, 6, 7, 7, 7, 7, 6, 7, 7, 6, 7, 7, 7, 6, 7, 7, 7, 6, 7, 6, 7, 6, 6, 6, 7, 6, 7, 6, 6, 6, 6, 6, 7, 7, 7, 7, 6, 7, 6, 6, 6, 6, 7, 6, 6, 6, 6, 6, 6, 6, 7, 6, 7, 6, 7, 6, 6, 6, 7, 7, 6, 7, 6, 6, 7, 7, 7, 7, 7, 7, 6, 6, 7, 6, 6, 6, 7, 7, 7, 7, 6, 6, 6, 6, 6, 7, 7, 7, 6, 7, 7, 7, 7, 6, 7, 7, 7, 7, 7, 7, 7, 7, 7, 7, 6, 6, 6, 6, 7, 7, 6, 7, 7, 6, 7, 6, 7, 7, 7, 6, 7, 7, 6, 6, 7, 7, 6, 7, 7, 7, 7, 6, 7, 7, 7, 8, 6, 6, 6, 7, 6, 7, 7, 6, 7, 7, 7, 6, 7, 7, 7, 6, 6, 6, 7, 7, 6, 6, 7, 7, 7, 6, 7, 6, 6, 6, 7, 6, 6, 6, 7, 7, 6, 7, 6, 6, 6, 6, 7, 7, 6, 6, 6, 7, 7, 6, 6, 7, 7, 7, 6, 6, 7, 6, 6, 6, 7, 7, 6, 6, 7, 6, 7, 6, 7, 6, 7, 7, 7, 7, 7, 6, 6, 7, 7, 7, 6, 6, 6, 6, 7, 7, 7, 7, 7, 7, 7, 7, 7, 8, 6, 6, 7, 6, 7, 7, 7, 6, 7, 7, 7, 6, 6, 7, 6, 7, 6, 7, 6, 6, 7, 6, 7, 6, 7, 7, 7, 6, 7, 7, 6, 6, 8, 7, 7, 6, 7, 7, 7, 7, 7, 7, 6, 6, 7, 7, 6, 7, 7, 6, 6, 7, 7, 6, 7, 7, 7, 7, 6, 7, 7, 6, 7, 7, 6, 6, 7, 6, 7, 7, 7, 6, 7, 6, 6, 7, 7, 7, 7, 7, 7, 7, 7, 7, 7, 7, 6, 6, 6, 7, 6, 7, 7, 7, 6, 7, 8, 7, 7, 7, 7, 6, 7, 6, 6, 6, 7, 7, 7, 7, 7, 7, 6, 7, 6, 7, 6, 6, 6, 6, 7, 7, 6, 7, 6, 6, 7, 7, 7, 7, 7, 7, 6, 7, 6, 6, 7, 6, 8, 7, 7, 6, 7, 7, 6, 7, 6, 6, 7, 7, 6, 7, 7, 7, 6, 7, 6, 6, 6, 7, 6, 6, 7, 7, 7, 7, 6, 6, 6, 7, 7, 7, 7, 6, 6, 7, 7, 7, 6, 6, 7, 6, 7, 6, 6, 6, 7, 6, 7, 6, 8, 7, 7, 6, 7, 6, 6, 7, 7, 8, 7, 7, 7, 6, 6, 7, 7, 7, 6, 7, 7, 7, 7, 7, 7, 6, 7, 7, 6, 7, 7, 6, 7, 7, 7, 6, 6, 6, 7, 6, 7, 7, 7, 7, 7, 7, 7, 7, 7, 6, 6, 6, 7, 7, 8, 7, 7, 7, 7, 7, 7, 6, 7, 6, 7, 7, 7, 6, 6, 6, 6, 6, 6, 7, 6, 7, 6, 7, 6, 7, 7, 6, 7, 6, 7, 7, 7, 6, 6, 6, 7, 6, 7, 7, 7, 7, 7, 7, 6, 7, 7, 7, 6, 6, 7, 7, 7, 7, 7, 7, 7, 7, 7, 7, 7, 7, 7, 7, 7, 7, 6, 6, 7, 7]

################################################################
################################################################
################### process_jail_list: ######################

[6, 6, 6, 6, 6, 6, 6, 6, 6, 6, 6, 7, 6, 6, 6, 6, 6, 7, 7, 7, 6, 6, 6, 6, 6, 6, 6, 6, 6, 7, 6, 5, 6, 6, 7, 5, 6, 6, 6, 6, 6, 6, 6, 6, 6, 6, 6, 6, 5, 6, 7, 6, 5, 6, 6, 6, 6, 6, 7, 6, 6, 5, 6, 7, 7, 6, 6, 6, 6, 6, 6, 6, 5, 6, 7, 6, 6, 6, 6, 6, 6, 7, 6, 6, 6, 6, 6, 5, 6, 7, 6, 6, 6, 5, 6, 6, 6, 6, 6, 7, 6, 6, 6, 6, 6, 6, 6, 6, 5, 6, 6, 5, 6, 6, 6, 6, 6, 6, 6, 6, 6, 6, 6, 6, 6, 7, 7, 7, 6, 6, 6, 6, 6, 7, 6, 7, 6, 6, 6, 6, 6, 6, 5, 5, 6, 6, 6, 5, 6, 6, 6, 6, 6, 6, 6, 6, 6, 6, 6, 5, 6, 6, 6, 6, 6, 6, 6, 6, 6, 6, 6, 6, 6, 6, 6, 6, 5, 7, 6, 6, 6, 6, 7, 6, 6, 6, 6, 6, 6, 6, 7, 6, 6, 5, 6, 6, 7, 6, 7, 6, 6, 6, 6, 6, 6, 6, 6, 5, 6, 6, 6, 6, 6, 6, 6, 6, 7, 6, 5, 6, 6, 6, 6, 6, 6, 7, 6, 6, 6, 6, 6, 6, 5, 6, 7, 5, 6, 6, 7, 6, 6, 6, 6, 5, 7, 6, 6, 6, 6, 6, 6, 6, 6, 6, 6, 5, 6, 5, 6, 6, 6, 6, 6, 6, 6, 5, 6, 5, 6, 5, 6, 5, 6, 6, 5, 6, 6, 6, 6, 6, 6, 6, 6, 6, 7, 6, 6, 6, 6, 6, 6, 6, 6, 7, 6, 6, 5, 6, 6, 5, 5, 5, 6, 6, 6, 7, 6, 6, 5, 6, 6, 6, 6, 6, 6, 6, 6, 6, 6, 6, 6, 6, 6, 7, 6, 6, 6, 6, 6, 6, 5, 6, 6, 6, 7, 7, 5, 6, 7, 6, 6, 6, 6, 6, 6, 6, 6, 6, 6, 6, 6, 6, 6, 6, 6, 6, 7, 6, 6, 6, 6, 7, 6, 6, 5, 6, 6, 6, 6, 6, 6, 6, 6, 6, 6, 6, 6, 5, 6, 6, 6, 7, 6, 6, 6, 6, 6, 5, 6, 6, 6, 6, 6, 6, 6, 6, 6, 6, 5, 6, 5, 5, 5, 6, 6, 6, 6, 6, 5, 6, 6, 6, 6, 7, 6, 6, 6, 6, 6, 6, 6, 5, 6, 6, 6, 5, 6, 6, 6, 6, 6, 6, 6, 7, 6, 6, 6, 6, 6, 6, 6, 6, 5, 6, 6, 6, 6, 6, 6, 6, 6, 6, 6, 6, 6, 7, 6, 6, 6, 5, 6, 6, 6, 6, 7, 6, 6, 6, 6, 6, 6, 7, 6, 6, 6, 6, 6, 6, 6, 6, 6, 6, 6, 6, 6, 6, 5, 6, 7, 6, 6, 5, 6, 6, 6, 6, 6, 6, 6, 6, 6, 6, 5, 6, 6, 6, 6, 6, 6, 6, 6, 6, 7, 6, 6, 6, 6, 5, 6, 6, 6, 6, 6, 6, 6, 6, 6, 6, 6, 5, 6, 6, 6, 7, 6, 6, 6, 6, 6, 6, 7, 6, 6, 6, 6, 6, 6, 6, 6, 6, 6, 6, 7, 6, 6, 6, 6, 6, 6, 6, 6, 6, 6, 6, 6, 6, 6, 6, 5, 6, 6, 6, 6, 6, 6, 6, 6, 6, 6, 6, 6, 5, 6, 6, 6, 7, 7, 6, 6, 6, 6, 6, 6, 6, 7, 6, 6, 6, 6, 7, 6, 6, 6, 6, 6, 7, 6, 6, 6, 7, 5, 6, 6, 6, 6, 6, 5, 6, 6, 6, 6, 6, 6, 6, 6, 6, 6, 6, 6, 6, 6, 6, 6, 6, 6, 6, 6, 5, 6, 6, 6, 6, 6, 6, 6, 6, 7, 7, 6, 6, 6, 6, 5, 7, 7, 7, 6, 6, 6, 6, 6, 6, 6, 6, 6, 6, 7, 6, 6, 6, 6, 6, 6, 6, 6, 7, 6, 6, 6, 7, 7, 6, 5, 6, 6, 6, 6, 7, 6, 7, 6, 6, 6, 6, 6, 6, 6, 6, 7, 7, 7, 6, 6, 6, 6, 6, 6, 5, 6, 5, 6, 6, 6, 6, 6, 6, 6, 6, 6, 7, 6, 6, 6, 6, 5, 6, 7, 6, 6, 6, 6, 6, 6, 5, 6, 6, 6, 6, 6, 6, 6, 6, 6, 7, 6, 6, 6, 6, 5, 6, 7, 6, 6, 6, 7, 6, 6, 7, 7, 6, 6, 7, 6, 6, 6, 6, 6, 6, 6, 6]

################################################################
