Numero total de amostras 770

Tempo total de processamento: 0:19:28

############## TEMPOS DE PROCESSAMENTO DO EXERCICIO NO JAIL  ####################
Soma 4847 segundos
Media 6.294805194805194 segundos
Desvio padr達o 0.47273619229490094 segundos
Minimo 5 segundos
Maximo 7 segundos

95% 6.0 segundos
99% 6.0 segundos

############## TEMPOS DE PROCESSAMENTO DO EXERCICIO NO JAIL COM DOWNLOAD  ################
Soma 5855 segundos
Media 7.603896103896104 segundos
Desvio padr達o 0.8769696285877521 segundos
Minimo 6 segundos
Maximo 16 segundos

95% 6.0 segundos
99% 6.0 segundos

################### TEMPOS DE DOWNLOAD DO EXERCICIO NO JAIL #######################
Soma 1008 segundos
Media 1.309090909090909 segundos
Desvio padr達o 0.8061745191780133 segundos
Minimo 0 segundos
Maximo 9 segundos

95% 0.0 segundos
99% 0.0 segundos

############################ TEMPOS DE ESPERA NA FILA ############################
Soma 205132
Media 266.4051948051948 segundos
Desvio padr達o 144.82680914919956 segundos
Minimo 2 segundos
Maximo 514 segundos

95% 13.0 segundos
99% 13.0 segundos

################### queue_wait_time_list: ######################

[14, 19, 13, 17, 5, 13, 4, 20, 3, 12, 15, 3, 22, 2, 12, 32, 17, 16, 24, 16, 27, 24, 26, 27, 23, 26, 39, 36, 41, 32, 32, 31, 36, 32, 42, 43, 44, 36, 45, 40, 43, 44, 48, 51, 48, 50, 51, 24, 26, 29, 35, 35, 39, 41, 49, 53, 51, 54, 54, 56, 59, 57, 59, 61, 59, 61, 65, 63, 64, 63, 65, 66, 68, 70, 69, 69, 70, 72, 72, 76, 74, 75, 78, 76, 78, 81, 79, 79, 81, 83, 85, 83, 84, 86, 158, 87, 188, 209, 277, 330, 293, 507, 373, 299, 342, 414, 305, 348, 311, 380, 452, 318, 354, 421, 324, 388, 483, 359, 396, 367, 427, 458, 512, 403, 495, 432, 466, 443, 474, 502, 47, 52, 164, 173, 87, 88, 177, 179, 435, 184, 183, 286, 312, 361, 342, 290, 292, 318, 380, 299, 421, 348, 330, 366, 405, 335, 354, 387, 452, 373, 495, 413, 397, 443, 427, 466, 457, 489, 483, 507, 475, 513, 47, 163, 175, 88, 89, 90, 91, 266, 269, 348, 325, 293, 373, 478, 306, 331, 355, 312, 336, 318, 379, 362, 404, 342, 428, 390, 367, 451, 412, 397, 434, 421, 484, 459, 443, 497, 507, 492, 501, 514, 51, 56, 56, 57, 61, 65, 66, 67, 91, 93, 94, 96, 96, 99, 101, 102, 100, 97, 105, 102, 105, 100, 107, 110, 106, 107, 109, 111, 111, 114, 111, 121, 114, 115, 116, 119, 118, 118, 119, 116, 125, 122, 124, 124, 126, 128, 128, 72, 128, 128, 212, 130, 130, 131, 132, 131, 133, 337, 405, 294, 319, 470, 300, 343, 325, 305, 306, 362, 390, 312, 331, 349, 498, 374, 412, 356, 398, 380, 427, 442, 461, 420, 434, 492, 453, 484, 478, 502, 508, 73, 193, 134, 201, 134, 205, 135, 135, 136, 137, 138, 244, 312, 332, 294, 356, 319, 301, 390, 337, 307, 326, 375, 329, 362, 406, 349, 428, 383, 367, 397, 454, 412, 442, 435, 499, 478, 470, 463, 485, 491, 510, 503, 74, 188, 138, 139, 199, 139, 139, 140, 142, 142, 207, 376, 314, 295, 436, 343, 301, 319, 347, 307, 362, 470, 326, 350, 384, 338, 369, 356, 399, 417, 429, 391, 406, 462, 423, 455, 447, 477, 485, 491, 503, 498, 509, 77, 161, 158, 162, 158, 163, 82, 159, 82, 173, 84, 91, 92, 170, 96, 103, 148, 145, 147, 149, 151, 144, 150, 154, 151, 153, 155, 154, 156, 164, 157, 164, 161, 166, 171, 170, 174, 166, 167, 170, 180, 176, 178, 179, 174, 179, 180, 314, 486, 183, 216, 220, 351, 232, 234, 288, 320, 291, 430, 390, 296, 326, 356, 301, 461, 333, 307, 510, 364, 400, 339, 439, 370, 344, 380, 418, 470, 384, 448, 423, 491, 478, 456, 504, 98, 160, 171, 328, 439, 183, 191, 202, 281, 369, 333, 302, 409, 410, 307, 345, 376, 315, 463, 351, 321, 504, 384, 417, 356, 392, 364, 447, 424, 451, 399, 488, 470, 432, 454, 474, 498, 481, 510, 98, 103, 106, 108, 110, 113, 115, 187, 123, 187, 184, 187, 194, 190, 192, 192, 199, 193, 190, 194, 196, 197, 196, 198, 205, 202, 197, 208, 202, 203, 205, 207, 211, 208, 209, 213, 210, 212, 215, 213, 213, 215, 217, 220, 217, 218, 221, 303, 464, 402, 309, 339, 371, 315, 438, 221, 222, 222, 223, 246, 257, 266, 345, 322, 296, 488, 376, 351, 328, 408, 504, 334, 359, 383, 447, 363, 417, 393, 473, 456, 424, 494, 481, 511, 499, 120, 329, 223, 239, 249, 259, 400, 365, 297, 334, 481, 304, 446, 339, 310, 371, 408, 315, 345, 322, 377, 506, 352, 423, 387, 359, 457, 488, 393, 431, 467, 438, 494, 474, 512, 500, 120, 329, 228, 378, 296, 230, 230, 229, 231, 232, 224, 224, 317, 225, 409, 226, 251, 305, 227, 335, 227, 323, 310, 346, 359, 372, 340, 353, 402, 365, 394, 387, 417, 425, 431, 458, 474, 450, 466, 481, 489, 495, 501, 507, 511, 125, 143, 143, 235, 147, 150, 238, 235, 236, 236, 240, 238, 239, 243, 240, 241, 241, 244, 247, 245, 247, 250, 248, 249, 253, 250, 252, 257, 254, 258, 254, 255, 260, 259, 259, 263, 264, 262, 263, 264, 261, 268, 269, 268, 268, 270, 272, 147, 153, 154, 217, 233, 236, 243, 253, 263, 272, 273, 273, 274, 276, 276, 298, 276, 274, 278, 283, 278, 282, 285, 283, 279, 283, 288, 288, 284, 289, 310, 316, 323, 336, 341, 354, 359, 367, 388, 393, 403, 420, 432, 437, 459, 466, 481]

################################################################
################### jail_ex_download_list: ######################

[1, 2, 2, 3, 6, 4, 6, 1, 8, 3, 2, 8, 1, 9, 3, 1, 2, 1, 2, 3, 3, 2, 1, 3, 2, 2, 1, 1, 1, 2, 2, 2, 2, 2, 2, 1, 1, 2, 1, 2, 2, 2, 1, 1, 1, 1, 1, 1, 3, 1, 2, 2, 1, 2, 1, 1, 1, 1, 1, 2, 1, 1, 1, 2, 1, 1, 1, 1, 1, 1, 2, 1, 2, 1, 1, 1, 1, 1, 2, 1, 1, 1, 1, 1, 1, 1, 1, 1, 1, 1, 2, 1, 1, 1, 1, 1, 2, 1, 3, 0, 1, 1, 1, 1, 0, 2, 1, 1, 0, 2, 2, 1, 1, 0, 1, 1, 1, 1, 1, 0, 1, 2, 0, 1, 2, 1, 2, 2, 2, 1, 1, 2, 4, 2, 1, 1, 1, 2, 2, 2, 3, 1, 1, 0, 1, 1, 1, 1, 2, 1, 0, 1, 1, 1, 1, 1, 0, 2, 2, 1, 1, 2, 2, 3, 1, 2, 2, 1, 1, 1, 1, 1, 1, 1, 1, 1, 1, 2, 2, 1, 1, 1, 0, 1, 1, 1, 0, 1, 0, 1, 1, 1, 3, 1, 2, 1, 1, 1, 1, 2, 3, 1, 2, 2, 2, 1, 2, 0, 1, 1, 2, 1, 1, 1, 1, 2, 1, 1, 2, 1, 2, 1, 1, 1, 2, 1, 1, 1, 2, 1, 1, 2, 1, 2, 1, 1, 1, 2, 1, 2, 1, 1, 1, 1, 1, 1, 1, 2, 1, 2, 1, 1, 1, 1, 1, 1, 2, 1, 2, 1, 2, 2, 1, 1, 2, 1, 0, 2, 1, 1, 2, 1, 1, 1, 1, 1, 1, 1, 1, 1, 1, 1, 1, 0, 0, 1, 3, 1, 2, 1, 1, 3, 0, 1, 2, 1, 1, 1, 1, 1, 1, 1, 2, 1, 1, 2, 1, 1, 1, 1, 1, 1, 1, 1, 1, 2, 1, 1, 1, 0, 1, 1, 1, 1, 1, 1, 2, 1, 0, 2, 1, 2, 1, 2, 2, 1, 0, 1, 2, 2, 1, 2, 0, 1, 1, 2, 2, 1, 1, 1, 2, 1, 1, 2, 1, 2, 0, 1, 1, 1, 1, 1, 0, 1, 1, 2, 1, 1, 1, 0, 1, 1, 1, 1, 1, 1, 1, 2, 1, 1, 1, 2, 1, 2, 1, 2, 1, 1, 1, 1, 1, 2, 1, 1, 1, 1, 1, 1, 2, 1, 1, 2, 1, 2, 1, 1, 1, 2, 1, 1, 1, 1, 1, 1, 1, 1, 1, 1, 4, 1, 3, 2, 1, 2, 3, 2, 2, 1, 2, 1, 2, 2, 2, 2, 1, 1, 1, 1, 1, 1, 1, 1, 1, 1, 1, 1, 1, 1, 1, 1, 1, 2, 1, 1, 1, 0, 1, 1, 3, 2, 0, 2, 1, 3, 2, 2, 1, 2, 1, 1, 1, 1, 1, 2, 0, 2, 2, 1, 1, 2, 2, 1, 0, 2, 1, 1, 0, 1, 1, 1, 1, 1, 1, 2, 2, 1, 2, 0, 3, 1, 1, 2, 2, 2, 1, 1, 2, 1, 0, 1, 1, 1, 1, 1, 1, 1, 2, 1, 1, 2, 2, 1, 2, 1, 2, 1, 2, 1, 1, 1, 1, 1, 2, 1, 1, 2, 2, 1, 2, 1, 1, 1, 1, 1, 1, 1, 1, 1, 1, 1, 2, 1, 1, 1, 2, 1, 1, 1, 1, 1, 1, 1, 0, 1, 2, 1, 1, 1, 1, 1, 1, 0, 1, 1, 1, 2, 1, 0, 1, 2, 1, 1, 1, 2, 2, 1, 2, 2, 1, 1, 1, 1, 0, 1, 1, 1, 1, 2, 1, 1, 1, 1, 1, 2, 1, 2, 0, 2, 1, 1, 0, 2, 1, 1, 1, 1, 1, 0, 2, 1, 1, 1, 2, 2, 1, 2, 2, 1, 1, 0, 1, 2, 1, 1, 0, 1, 1, 1, 2, 2, 1, 1, 2, 0, 2, 1, 1, 1, 1, 1, 1, 2, 1, 1, 1, 1, 0, 1, 1, 1, 1, 2, 1, 1, 1, 1, 0, 2, 1, 2, 2, 1, 1, 0, 0, 1, 1, 1, 2, 1, 1, 1, 1, 1, 1, 2, 1, 2, 2, 1, 2, 1, 2, 1, 1, 2, 1, 1, 1, 2, 1, 1, 1, 1, 2, 1, 2, 2, 1, 1, 2, 1, 2, 1, 1, 1, 1, 1, 1, 1, 2, 1, 1, 2, 1, 2, 1, 1, 1, 2, 2, 2, 1, 1, 1, 1, 1, 1, 1, 2, 1, 2, 1, 3, 1, 1, 2, 2, 3, 2, 2, 2, 2, 1, 1, 1, 1, 0, 1, 1, 0, 1, 2, 1, 1, 1, 3, 2, 2, 1]

################################################################
################################################################
################### process_jail_download_list: ######################

[8, 8, 8, 9, 13, 10, 13, 7, 14, 9, 9, 15, 8, 16, 9, 8, 8, 7, 8, 10, 9, 8, 8, 9, 9, 8, 8, 8, 8, 8, 9, 8, 8, 8, 8, 8, 8, 9, 8, 8, 8, 8, 7, 7, 8, 7, 8, 8, 9, 7, 9, 8, 7, 8, 7, 7, 7, 7, 7, 8, 7, 8, 7, 8, 8, 8, 7, 7, 7, 7, 8, 7, 8, 8, 8, 8, 7, 7, 8, 7, 7, 7, 8, 7, 7, 8, 7, 8, 7, 7, 8, 8, 8, 8, 7, 7, 8, 7, 10, 7, 8, 6, 7, 7, 7, 8, 7, 7, 7, 8, 8, 7, 7, 7, 7, 8, 7, 7, 7, 7, 7, 8, 7, 7, 7, 8, 8, 8, 8, 7, 7, 8, 10, 8, 8, 7, 8, 9, 8, 8, 9, 8, 7, 7, 7, 8, 7, 7, 8, 7, 7, 7, 7, 7, 8, 7, 6, 8, 8, 8, 7, 9, 8, 9, 7, 8, 8, 7, 7, 7, 7, 7, 8, 7, 7, 7, 7, 8, 8, 8, 8, 7, 7, 8, 8, 7, 6, 7, 6, 7, 7, 7, 9, 7, 8, 7, 8, 7, 8, 8, 9, 7, 9, 8, 8, 7, 8, 6, 7, 7, 8, 6, 8, 7, 8, 8, 7, 7, 8, 7, 9, 8, 8, 7, 8, 7, 8, 7, 8, 7, 8, 8, 7, 8, 7, 7, 8, 8, 7, 8, 7, 8, 8, 8, 7, 7, 7, 9, 7, 8, 8, 8, 7, 7, 8, 8, 8, 7, 8, 8, 9, 8, 7, 7, 8, 7, 7, 8, 8, 7, 8, 7, 7, 7, 7, 7, 7, 7, 7, 6, 7, 7, 7, 7, 6, 7, 9, 7, 8, 7, 8, 9, 7, 7, 9, 7, 7, 8, 7, 7, 7, 7, 8, 7, 8, 8, 7, 7, 8, 7, 7, 7, 8, 7, 7, 8, 7, 7, 7, 6, 7, 7, 7, 7, 7, 7, 8, 7, 7, 8, 8, 8, 7, 8, 8, 8, 7, 7, 8, 8, 7, 8, 7, 7, 8, 8, 8, 7, 7, 8, 8, 8, 8, 9, 7, 8, 7, 8, 6, 7, 7, 7, 7, 7, 7, 8, 7, 7, 8, 7, 7, 7, 7, 7, 7, 7, 8, 9, 7, 7, 7, 8, 7, 8, 8, 8, 7, 8, 8, 8, 7, 8, 7, 7, 8, 7, 7, 7, 9, 8, 7, 8, 7, 8, 8, 8, 8, 8, 8, 7, 8, 7, 7, 8, 7, 7, 7, 8, 10, 7, 9, 9, 7, 9, 9, 8, 8, 7, 8, 7, 8, 9, 8, 8, 7, 7, 8, 8, 7, 7, 8, 7, 8, 7, 7, 7, 7, 7, 7, 7, 7, 9, 7, 7, 7, 7, 7, 7, 9, 8, 7, 8, 8, 9, 8, 8, 7, 8, 7, 8, 7, 7, 7, 8, 7, 8, 8, 7, 8, 8, 8, 7, 6, 9, 7, 8, 7, 8, 7, 7, 7, 7, 7, 8, 8, 7, 8, 7, 9, 7, 7, 8, 8, 8, 8, 8, 8, 7, 7, 7, 8, 8, 7, 7, 8, 8, 8, 8, 7, 8, 8, 8, 8, 7, 9, 7, 8, 8, 7, 7, 7, 7, 9, 8, 7, 8, 9, 8, 9, 8, 8, 8, 7, 7, 8, 7, 7, 8, 7, 8, 8, 7, 8, 7, 8, 8, 7, 7, 7, 8, 7, 7, 6, 7, 9, 8, 7, 7, 7, 7, 7, 7, 7, 7, 8, 8, 8, 7, 7, 9, 7, 7, 7, 8, 9, 7, 8, 8, 7, 6, 8, 7, 7, 7, 7, 8, 7, 8, 7, 7, 8, 8, 7, 8, 7, 8, 6, 9, 7, 7, 7, 8, 7, 7, 7, 7, 7, 7, 8, 7, 7, 7, 8, 8, 8, 8, 8, 8, 8, 6, 7, 8, 7, 8, 7, 8, 7, 8, 8, 8, 7, 7, 8, 7, 9, 7, 8, 7, 7, 7, 7, 8, 7, 7, 8, 7, 7, 7, 7, 7, 7, 8, 7, 8, 7, 7, 7, 8, 7, 9, 8, 7, 8, 6, 7, 7, 7, 8, 8, 7, 8, 8, 7, 7, 7, 8, 7, 8, 8, 8, 8, 7, 8, 8, 7, 8, 8, 7, 8, 8, 8, 8, 8, 8, 8, 8, 9, 8, 7, 7, 8, 8, 8, 7, 7, 8, 7, 7, 8, 8, 8, 8, 7, 8, 7, 8, 8, 7, 7, 8, 8, 9, 8, 7, 7, 8, 7, 8, 7, 9, 7, 9, 8, 9, 7, 8, 9, 8, 9, 9, 9, 8, 8, 7, 7, 7, 7, 6, 7, 7, 7, 8, 8, 7, 7, 7, 9, 8, 8, 8]

################################################################
################################################################
################### process_jail_list: ######################

[7, 6, 6, 6, 7, 6, 7, 6, 6, 6, 7, 7, 7, 7, 6, 7, 6, 6, 6, 7, 6, 6, 7, 6, 7, 6, 7, 7, 7, 6, 7, 6, 6, 6, 6, 7, 7, 7, 7, 6, 6, 6, 6, 6, 7, 6, 7, 7, 6, 6, 7, 6, 6, 6, 6, 6, 6, 6, 6, 6, 6, 7, 6, 6, 7, 7, 6, 6, 6, 6, 6, 6, 6, 7, 7, 7, 6, 6, 6, 6, 6, 6, 7, 6, 6, 7, 6, 7, 6, 6, 6, 7, 7, 7, 6, 6, 6, 6, 7, 7, 7, 5, 6, 6, 7, 6, 6, 6, 7, 6, 6, 6, 6, 7, 6, 7, 6, 6, 6, 7, 6, 6, 7, 6, 5, 7, 6, 6, 6, 6, 6, 6, 6, 6, 7, 6, 7, 7, 6, 6, 6, 7, 6, 7, 6, 7, 6, 6, 6, 6, 7, 6, 6, 6, 7, 6, 6, 6, 6, 7, 6, 7, 6, 6, 6, 6, 6, 6, 6, 6, 6, 6, 7, 6, 6, 6, 6, 6, 6, 7, 7, 6, 7, 7, 7, 6, 6, 6, 6, 6, 6, 6, 6, 6, 6, 6, 7, 6, 7, 6, 6, 6, 7, 6, 6, 6, 6, 6, 6, 6, 6, 5, 7, 6, 7, 6, 6, 6, 6, 6, 7, 7, 7, 6, 6, 6, 7, 6, 6, 6, 7, 6, 6, 6, 6, 6, 7, 6, 6, 6, 6, 7, 7, 7, 6, 6, 6, 7, 6, 6, 7, 7, 6, 6, 7, 7, 6, 6, 6, 7, 7, 6, 6, 6, 6, 6, 7, 6, 7, 6, 6, 6, 6, 6, 6, 6, 6, 6, 6, 5, 6, 6, 6, 7, 6, 6, 6, 6, 6, 6, 7, 6, 7, 6, 7, 6, 6, 7, 6, 6, 6, 6, 6, 6, 7, 6, 6, 6, 7, 6, 6, 6, 7, 6, 6, 6, 6, 6, 6, 6, 6, 6, 6, 6, 6, 6, 6, 6, 7, 6, 7, 6, 6, 6, 6, 7, 7, 6, 6, 6, 6, 6, 7, 6, 7, 6, 6, 6, 6, 7, 6, 7, 7, 7, 6, 6, 7, 7, 5, 6, 6, 6, 7, 6, 6, 6, 6, 6, 7, 7, 6, 6, 6, 6, 6, 6, 7, 7, 6, 6, 6, 6, 6, 6, 7, 6, 6, 7, 7, 7, 6, 6, 6, 6, 7, 6, 6, 6, 7, 7, 6, 6, 6, 6, 7, 7, 7, 6, 7, 6, 7, 6, 6, 7, 6, 6, 6, 7, 6, 6, 6, 7, 6, 7, 6, 6, 6, 6, 6, 6, 6, 7, 6, 6, 6, 6, 7, 7, 6, 6, 7, 6, 7, 6, 6, 6, 6, 6, 6, 6, 6, 7, 6, 6, 6, 7, 6, 6, 6, 6, 7, 6, 7, 6, 6, 6, 6, 6, 6, 7, 6, 6, 6, 6, 7, 6, 6, 6, 7, 6, 6, 6, 6, 7, 6, 7, 7, 7, 6, 6, 6, 6, 6, 6, 6, 6, 6, 7, 6, 6, 6, 6, 6, 6, 7, 7, 6, 6, 7, 6, 7, 7, 6, 6, 7, 7, 6, 7, 6, 6, 6, 7, 6, 6, 7, 6, 6, 7, 6, 6, 6, 6, 7, 7, 6, 6, 7, 7, 7, 7, 7, 7, 6, 6, 7, 6, 6, 7, 6, 7, 6, 6, 7, 6, 6, 7, 6, 6, 6, 7, 6, 6, 6, 6, 7, 7, 6, 6, 6, 6, 6, 7, 6, 6, 7, 6, 7, 7, 6, 7, 6, 6, 6, 6, 7, 6, 6, 6, 6, 5, 7, 6, 7, 6, 6, 7, 6, 6, 6, 6, 7, 7, 6, 6, 6, 6, 6, 7, 6, 6, 7, 6, 6, 6, 6, 6, 6, 7, 6, 6, 6, 6, 6, 6, 7, 6, 6, 7, 7, 6, 6, 6, 6, 7, 7, 7, 6, 7, 6, 6, 6, 6, 6, 7, 7, 6, 7, 6, 6, 6, 6, 6, 6, 6, 7, 6, 7, 6, 6, 6, 6, 6, 6, 7, 6, 6, 7, 6, 6, 7, 6, 6, 7, 6, 7, 6, 6, 7, 6, 6, 7, 7, 6, 6, 6, 6, 6, 6, 6, 7, 6, 6, 6, 7, 6, 6, 7, 6, 7, 6, 7, 7, 7, 7, 6, 7, 7, 6, 6, 6, 6, 7, 6, 6, 6, 7, 6, 6, 7, 7, 6, 7, 6, 6, 6, 6, 7, 6, 6, 6, 6, 7, 7, 6, 6, 7, 6, 7, 6, 7, 6, 7, 7, 6, 6, 7, 7, 6, 6, 7, 7, 6, 6, 6, 6, 6, 6, 6, 6, 6, 7, 7, 6, 6, 6, 6, 6, 6, 6, 7]

################################################################
