Numero total de amostras 770

Tempo total de processamento: 0:30:03

############## TEMPOS DE PROCESSAMENTO DO EXERCICIO NO JAIL  ####################
Soma 4705 segundos
Media 6.1103896103896105 segundos
Desvio padr達o 0.3523886636679256 segundos
Minimo 5 segundos
Maximo 7 segundos

95% 5.0 segundos
99% 5.0 segundos

############## TEMPOS DE PROCESSAMENTO DO EXERCICIO NO JAIL COM DOWNLOAD  ################
Soma 5409 segundos
Media 7.024675324675325 segundos
Desvio padr達o 0.6014389334669229 segundos
Minimo 6 segundos
Maximo 13 segundos

95% 6.0 segundos
99% 6.0 segundos

################### TEMPOS DE DOWNLOAD DO EXERCICIO NO JAIL #######################
Soma 704 segundos
Media 0.9142857142857143 segundos
Desvio padr達o 0.5610088977034249 segundos
Minimo 0 segundos
Maximo 7 segundos

95% 0.0 segundos
99% 0.0 segundos

############################ TEMPOS DE ESPERA NA FILA ############################
Soma 455141
Media 591.0922077922078 segundos
Desvio padr達o 325.6751118994358 segundos
Minimo 4 segundos
Maximo 1145 segundos

95% 20.0 segundos
99% 20.0 segundos

################### queue_wait_time_list: ######################

[24, 540, 20, 4, 31, 5, 4, 20, 15, 29, 14, 26, 14, 25, 35, 20, 28, 45, 37, 39, 44, 41, 54, 49, 50, 58, 54, 55, 60, 64, 69, 64, 67, 76, 72, 73, 82, 77, 78, 83, 87, 93, 87, 90, 99, 95, 96, 100, 545, 34, 40, 44, 51, 59, 62, 105, 105, 106, 110, 117, 112, 114, 125, 119, 121, 123, 133, 128, 135, 129, 145, 139, 139, 149, 145, 144, 150, 154, 160, 154, 158, 167, 163, 164, 172, 168, 178, 173, 183, 185, 174, 178, 189, 187, 189, 192, 554, 567, 575, 883, 194, 905, 196, 914, 198, 931, 943, 198, 952, 201, 203, 1031, 1045, 204, 1065, 1084, 206, 208, 208, 69, 558, 890, 893, 933, 1034, 1039, 210, 1059, 1079, 212, 212, 216, 217, 218, 220, 222, 222, 225, 74, 562, 83, 86, 91, 97, 102, 109, 227, 230, 234, 241, 236, 237, 246, 241, 244, 251, 249, 259, 254, 255, 265, 261, 261, 270, 265, 267, 270, 274, 282, 277, 278, 288, 284, 284, 294, 289, 291, 294, 299, 306, 301, 303, 312, 307, 308, 312, 579, 600, 621, 634, 638, 315, 954, 975, 316, 997, 1050, 317, 1056, 320, 1070, 321, 1077, 1090, 322, 323, 326, 1095, 109, 584, 115, 124, 128, 135, 140, 329, 331, 336, 333, 343, 339, 339, 348, 344, 344, 353, 349, 352, 353, 359, 366, 362, 363, 372, 367, 376, 378, 367, 373, 378, 383, 390, 385, 386, 395, 391, 392, 399, 396, 406, 401, 403, 412, 407, 409, 414, 588, 592, 1103, 614, 626, 416, 647, 959, 416, 982, 419, 990, 1002, 420, 421, 423, 425, 425, 428, 605, 150, 154, 159, 164, 170, 177, 429, 433, 434, 437, 443, 438, 440, 449, 445, 446, 454, 450, 451, 454, 458, 464, 459, 462, 470, 466, 467, 474, 470, 479, 475, 476, 484, 480, 483, 489, 489, 489, 491, 496, 501, 496, 498, 507, 503, 506, 510, 614, 621, 643, 964, 968, 510, 991, 1108, 511, 515, 515, 515, 519, 519, 519, 523, 524, 184, 540, 542, 545, 549, 194, 528, 532, 537, 533, 533, 545, 537, 553, 549, 549, 554, 558, 563, 558, 562, 570, 567, 567, 574, 571, 571, 575, 579, 584, 580, 583, 592, 587, 588, 595, 592, 600, 596, 596, 605, 600, 605, 609, 609, 609, 613, 227, 231, 232, 239, 246, 250, 617, 617, 618, 621, 630, 626, 626, 635, 630, 631, 639, 635, 644, 640, 643, 651, 646, 647, 655, 652, 652, 656, 660, 665, 660, 664, 671, 667, 668, 676, 673, 673, 677, 682, 686, 682, 684, 692, 688, 690, 694, 656, 668, 677, 690, 694, 696, 698, 698, 701, 703, 702, 705, 707, 707, 256, 659, 680, 727, 709, 711, 712, 714, 716, 716, 718, 719, 719, 723, 724, 724, 263, 273, 274, 279, 287, 729, 732, 737, 732, 736, 743, 739, 742, 748, 745, 745, 750, 754, 758, 754, 756, 765, 761, 763, 769, 766, 767, 771, 775, 780, 775, 777, 786, 782, 783, 791, 787, 796, 792, 792, 801, 796, 799, 808, 804, 805, 916, 664, 686, 728, 810, 810, 297, 731, 753, 773, 794, 813, 814, 814, 298, 737, 758, 779, 817, 818, 818, 822, 822, 822, 826, 827, 827, 830, 303, 310, 326, 330, 334, 834, 836, 843, 838, 839, 848, 844, 844, 853, 848, 851, 853, 857, 864, 860, 860, 869, 865, 866, 874, 871, 872, 874, 878, 886, 882, 883, 891, 887, 887, 896, 890, 901, 896, 899, 907, 903, 905, 912, 909, 909, 913, 742, 750, 763, 772, 784, 787, 917, 917, 919, 921, 921, 924, 340, 348, 357, 358, 363, 370, 925, 928, 930, 935, 938, 935, 937, 945, 942, 943, 949, 947, 947, 951, 956, 959, 956, 958, 966, 962, 964, 971, 968, 977, 973, 973, 982, 977, 980, 986, 984, 985, 988, 993, 998, 994, 995, 1003, 998, 1001, 1005, 800, 831, 835, 856, 1007, 1007, 1009, 1010, 1011, 1014, 1015, 381, 805, 832, 839, 862, 1026, 1027, 1027, 1030, 1014, 1016, 1019, 1020, 1021, 1023, 1024, 383, 387, 393, 398, 405, 410, 1031, 1036, 1040, 1036, 1045, 1041, 1044, 1052, 1048, 1049, 1057, 1054, 1054, 1056, 1060, 1065, 1061, 1063, 1073, 1069, 1070, 1076, 1073, 1073, 1077, 1079, 1085, 1080, 1085, 1094, 1089, 1089, 1098, 1094, 1104, 1098, 1099, 1109, 1104, 1108, 1113, 847, 855, 868, 877, 1125, 1138, 1140, 1126, 1139, 1113, 1126, 1113, 1129, 1117, 1117, 1131, 1117, 1131, 1120, 1122, 1122, 1134, 1135, 1135, 878, 429, 434, 437, 441, 447, 455, 458, 463, 467, 471, 479, 485, 492, 493, 501, 506, 900, 524, 528, 528, 536, 926, 938, 1141, 1142, 1141, 1145]

################################################################
################### jail_ex_download_list: ######################

[1, 1, 1, 5, 1, 6, 7, 2, 1, 1, 3, 1, 3, 1, 1, 2, 1, 1, 1, 1, 1, 1, 1, 1, 1, 1, 1, 1, 1, 1, 1, 1, 1, 1, 1, 1, 1, 2, 1, 1, 1, 1, 1, 1, 2, 1, 1, 1, 1, 1, 1, 2, 1, 1, 1, 1, 1, 1, 1, 1, 1, 1, 1, 1, 1, 1, 1, 2, 1, 2, 1, 2, 3, 2, 1, 1, 1, 1, 1, 2, 1, 1, 1, 1, 2, 1, 3, 1, 1, 0, 1, 2, 1, 1, 1, 1, 1, 1, 0, 1, 1, 1, 2, 0, 1, 1, 1, 2, 1, 1, 1, 1, 0, 1, 1, 0, 1, 0, 1, 1, 0, 1, 1, 1, 1, 1, 2, 1, 1, 1, 1, 1, 1, 1, 1, 1, 1, 0, 1, 1, 1, 1, 1, 1, 1, 2, 2, 1, 1, 1, 1, 1, 1, 1, 1, 1, 1, 1, 1, 1, 1, 1, 1, 1, 1, 1, 1, 2, 1, 1, 1, 1, 1, 1, 1, 1, 1, 1, 1, 1, 1, 1, 1, 1, 1, 1, 1, 1, 1, 1, 1, 1, 1, 1, 2, 0, 1, 1, 0, 0, 1, 1, 0, 1, 1, 2, 1, 1, 1, 1, 2, 1, 2, 1, 2, 1, 1, 1, 1, 1, 0, 1, 1, 1, 1, 1, 1, 1, 1, 1, 1, 1, 1, 2, 1, 1, 1, 1, 1, 2, 1, 1, 1, 1, 1, 1, 1, 2, 1, 1, 1, 1, 1, 1, 2, 1, 1, 0, 1, 1, 1, 1, 1, 1, 1, 0, 1, 1, 1, 1, 1, 1, 1, 1, 1, 1, 1, 1, 1, 2, 1, 1, 1, 1, 1, 1, 1, 1, 1, 1, 1, 1, 1, 1, 0, 1, 1, 1, 1, 0, 1, 1, 0, 1, 1, 1, 1, 1, 1, 1, 1, 1, 0, 1, 1, 1, 1, 1, 1, 0, 0, 1, 1, 0, 1, 1, 1, 1, 1, 1, 1, 0, 1, 1, 1, 1, 1, 1, 1, 1, 1, 1, 0, 1, 0, 1, 1, 0, 0, 1, 1, 1, 1, 0, 1, 1, 1, 1, 1, 1, 0, 1, 0, 1, 1, 0, 0, 0, 1, 1, 0, 0, 1, 1, 0, 1, 1, 1, 1, 1, 1, 1, 1, 1, 1, 1, 0, 1, 1, 0, 1, 1, 1, 1, 1, 0, 1, 0, 1, 1, 0, 1, 1, 0, 1, 0, 1, 0, 1, 1, 1, 1, 1, 1, 1, 1, 0, 1, 0, 1, 1, 1, 1, 1, 1, 1, 1, 0, 1, 1, 0, 1, 1, 1, 1, 1, 1, 1, 1, 1, 0, 0, 1, 0, 1, 1, 0, 0, 2, 1, 0, 0, 1, 0, 0, 1, 0, 0, 1, 1, 1, 1, 1, 1, 1, 0, 1, 1, 1, 1, 0, 1, 1, 0, 1, 1, 0, 1, 1, 1, 1, 1, 1, 1, 1, 1, 1, 0, 1, 1, 1, 1, 1, 1, 1, 1, 1, 1, 1, 0, 1, 1, 1, 1, 1, 1, 1, 1, 1, 1, 0, 1, 0, 0, 1, 1, 1, 1, 0, 1, 1, 1, 0, 1, 1, 1, 1, 0, 1, 0, 0, 1, 1, 1, 1, 0, 0, 0, 1, 1, 1, 1, 1, 1, 0, 1, 1, 1, 0, 1, 1, 0, 1, 1, 1, 1, 1, 1, 1, 1, 1, 1, 1, 0, 1, 1, 1, 0, 0, 1, 1, 1, 1, 1, 1, 1, 1, 0, 1, 1, 1, 1, 0, 0, 1, 0, 0, 1, 0, 0, 1, 1, 1, 1, 1, 1, 1, 1, 1, 1, 2, 1, 2, 1, 1, 1, 0, 1, 0, 1, 1, 1, 1, 1, 1, 1, 0, 0, 1, 0, 1, 1, 1, 1, 1, 1, 1, 0, 1, 1, 1, 1, 1, 1, 1, 1, 1, 1, 1, 0, 1, 1, 1, 1, 1, 1, 1, 1, 0, 0, 1, 1, 1, 0, 1, 1, 1, 0, 1, 1, 1, 1, 1, 2, 1, 1, 0, 1, 1, 1, 0, 0, 1, 0, 1, 1, 2, 1, 1, 0, 1, 0, 1, 1, 1, 1, 0, 0, 0, 1, 1, 1, 1, 0, 1, 1, 1, 1, 1, 1, 1, 1, 1, 1, 1, 0, 1, 1, 1, 1, 1, 1, 1, 0, 1, 1, 1, 1, 0, 1, 1, 0, 1, 1, 0, 1, 1, 1, 1, 1, 1, 0, 1, 0, 1, 1, 1, 1, 1, 1, 0, 1, 1, 1, 1, 0, 1, 1, 1, 1, 0, 1, 1, 1, 1, 0, 1, 1, 1, 1, 1, 1, 1, 1, 1, 1, 1, 0, 1, 1]

################################################################
################################################################
################### process_jail_download_list: ######################

[7, 7, 7, 12, 8, 12, 13, 8, 8, 7, 9, 7, 9, 7, 7, 9, 8, 8, 7, 8, 8, 7, 7, 7, 7, 7, 8, 7, 7, 7, 7, 7, 7, 8, 7, 7, 7, 8, 7, 7, 7, 7, 8, 7, 8, 7, 7, 7, 7, 7, 7, 8, 7, 7, 7, 7, 7, 7, 7, 8, 7, 7, 7, 7, 7, 7, 8, 8, 8, 8, 7, 8, 9, 8, 7, 7, 7, 7, 7, 8, 7, 7, 7, 7, 8, 7, 9, 7, 7, 7, 7, 9, 7, 7, 7, 7, 7, 7, 7, 7, 7, 7, 8, 6, 7, 7, 7, 8, 7, 7, 8, 7, 7, 7, 7, 6, 7, 7, 7, 7, 7, 7, 8, 7, 7, 7, 8, 7, 7, 7, 8, 7, 8, 7, 8, 7, 7, 7, 7, 7, 7, 7, 7, 7, 7, 8, 8, 7, 7, 7, 8, 7, 7, 7, 7, 7, 8, 7, 7, 8, 7, 7, 7, 7, 7, 8, 7, 8, 7, 8, 8, 8, 7, 8, 7, 7, 8, 8, 7, 7, 7, 7, 7, 7, 7, 7, 7, 7, 7, 7, 7, 7, 7, 7, 8, 6, 7, 7, 7, 6, 7, 7, 6, 7, 7, 8, 7, 7, 7, 7, 8, 7, 8, 7, 8, 7, 7, 7, 8, 7, 7, 7, 8, 7, 7, 7, 7, 8, 8, 7, 7, 7, 7, 8, 7, 7, 8, 8, 7, 8, 7, 7, 7, 7, 7, 7, 7, 8, 8, 7, 7, 7, 7, 7, 8, 7, 7, 6, 7, 7, 7, 7, 7, 7, 7, 6, 7, 7, 8, 7, 7, 7, 7, 7, 7, 7, 7, 7, 8, 8, 7, 8, 7, 7, 6, 7, 7, 7, 7, 7, 7, 7, 7, 6, 6, 7, 7, 6, 7, 6, 7, 7, 6, 7, 7, 8, 7, 7, 7, 7, 8, 7, 6, 7, 7, 7, 7, 7, 7, 7, 7, 7, 7, 6, 7, 7, 7, 7, 7, 7, 7, 6, 7, 7, 7, 7, 7, 7, 7, 7, 8, 7, 6, 7, 7, 7, 7, 6, 6, 7, 7, 7, 7, 7, 7, 7, 7, 7, 7, 7, 7, 7, 6, 7, 7, 7, 7, 6, 7, 7, 6, 6, 7, 7, 6, 7, 7, 7, 7, 7, 7, 7, 7, 7, 7, 7, 6, 7, 7, 7, 8, 7, 8, 7, 7, 6, 7, 6, 7, 7, 7, 7, 7, 6, 7, 6, 7, 6, 7, 7, 7, 7, 7, 7, 7, 6, 6, 7, 6, 7, 7, 7, 7, 7, 7, 7, 7, 6, 7, 7, 6, 7, 7, 7, 7, 7, 7, 7, 7, 7, 7, 6, 7, 7, 8, 7, 7, 7, 8, 7, 6, 6, 7, 7, 7, 7, 6, 6, 7, 7, 7, 7, 7, 7, 7, 7, 7, 7, 7, 7, 7, 7, 7, 6, 7, 7, 6, 7, 7, 8, 7, 7, 7, 7, 7, 7, 7, 6, 6, 7, 7, 7, 7, 7, 7, 7, 7, 7, 7, 6, 7, 7, 7, 7, 7, 7, 7, 7, 7, 7, 6, 7, 6, 7, 7, 7, 7, 8, 6, 7, 8, 7, 7, 7, 7, 7, 7, 6, 7, 6, 6, 7, 7, 8, 7, 6, 7, 6, 7, 8, 8, 7, 7, 7, 6, 7, 7, 7, 7, 7, 7, 6, 7, 7, 7, 7, 7, 7, 7, 7, 7, 7, 7, 6, 7, 7, 7, 6, 7, 7, 7, 7, 7, 7, 7, 7, 7, 6, 7, 7, 7, 7, 6, 7, 7, 6, 6, 7, 6, 6, 7, 7, 7, 7, 7, 7, 7, 7, 7, 7, 8, 7, 8, 7, 7, 7, 6, 7, 6, 7, 7, 6, 7, 7, 7, 7, 6, 6, 7, 6, 6, 7, 7, 7, 7, 7, 7, 7, 7, 7, 7, 7, 7, 7, 7, 7, 7, 6, 7, 6, 7, 7, 7, 7, 7, 7, 7, 7, 6, 6, 7, 7, 7, 6, 7, 7, 7, 7, 7, 7, 6, 7, 7, 8, 7, 7, 6, 7, 7, 7, 6, 6, 7, 7, 7, 7, 8, 7, 7, 7, 7, 7, 7, 7, 7, 7, 7, 6, 6, 7, 7, 7, 7, 6, 7, 7, 7, 6, 7, 7, 7, 7, 7, 7, 7, 6, 7, 7, 7, 7, 7, 7, 7, 6, 7, 7, 7, 7, 6, 7, 7, 7, 7, 7, 7, 7, 7, 7, 7, 7, 7, 6, 7, 7, 7, 7, 7, 7, 7, 7, 7, 7, 7, 7, 7, 6, 7, 7, 7, 7, 7, 7, 7, 7, 7, 6, 7, 7, 7, 7, 7, 7, 7, 7, 7, 7, 7, 7, 7, 7]

################################################################
################################################################
################### process_jail_list: ######################

[6, 6, 6, 7, 7, 6, 6, 6, 7, 6, 6, 6, 6, 6, 6, 7, 7, 7, 6, 7, 7, 6, 6, 6, 6, 6, 7, 6, 6, 6, 6, 6, 6, 7, 6, 6, 6, 6, 6, 6, 6, 6, 7, 6, 6, 6, 6, 6, 6, 6, 6, 6, 6, 6, 6, 6, 6, 6, 6, 7, 6, 6, 6, 6, 6, 6, 7, 6, 7, 6, 6, 6, 6, 6, 6, 6, 6, 6, 6, 6, 6, 6, 6, 6, 6, 6, 6, 6, 6, 7, 6, 7, 6, 6, 6, 6, 6, 6, 7, 6, 6, 6, 6, 6, 6, 6, 6, 6, 6, 6, 7, 6, 7, 6, 6, 6, 6, 7, 6, 6, 7, 6, 7, 6, 6, 6, 6, 6, 6, 6, 7, 6, 7, 6, 7, 6, 6, 7, 6, 6, 6, 6, 6, 6, 6, 6, 6, 6, 6, 6, 7, 6, 6, 6, 6, 6, 7, 6, 6, 7, 6, 6, 6, 6, 6, 7, 6, 6, 6, 7, 7, 7, 6, 7, 6, 6, 7, 7, 6, 6, 6, 6, 6, 6, 6, 6, 6, 6, 6, 6, 6, 6, 6, 6, 6, 6, 6, 6, 7, 6, 6, 6, 6, 6, 6, 6, 6, 6, 6, 6, 6, 6, 6, 6, 6, 6, 6, 6, 7, 6, 7, 6, 7, 6, 6, 6, 6, 7, 7, 6, 6, 6, 6, 6, 6, 6, 7, 7, 6, 6, 6, 6, 6, 6, 6, 6, 6, 6, 7, 6, 6, 6, 6, 6, 6, 6, 6, 6, 6, 6, 6, 6, 6, 6, 6, 6, 6, 6, 7, 6, 6, 6, 6, 6, 6, 6, 6, 6, 7, 6, 6, 7, 6, 6, 5, 6, 6, 6, 6, 6, 6, 6, 6, 5, 6, 6, 6, 5, 6, 6, 6, 6, 6, 6, 6, 7, 6, 6, 6, 6, 7, 6, 6, 6, 6, 6, 6, 6, 6, 7, 7, 6, 6, 6, 6, 6, 6, 6, 6, 6, 6, 6, 6, 6, 6, 6, 6, 6, 6, 6, 7, 6, 6, 6, 7, 6, 6, 6, 6, 6, 6, 6, 6, 7, 6, 6, 6, 6, 6, 6, 7, 6, 6, 6, 6, 7, 7, 6, 6, 6, 6, 6, 6, 6, 6, 6, 6, 6, 6, 6, 6, 6, 6, 6, 6, 6, 6, 6, 6, 7, 7, 6, 7, 6, 6, 6, 6, 6, 6, 6, 7, 6, 6, 6, 6, 6, 6, 6, 6, 6, 6, 6, 6, 6, 6, 5, 6, 6, 6, 6, 6, 6, 6, 6, 6, 6, 6, 6, 6, 6, 6, 6, 6, 6, 6, 6, 6, 6, 6, 6, 7, 6, 6, 7, 7, 6, 7, 7, 6, 6, 6, 6, 6, 7, 7, 6, 6, 6, 6, 6, 6, 6, 6, 6, 6, 7, 6, 6, 6, 6, 7, 6, 6, 6, 6, 6, 6, 6, 6, 7, 6, 6, 6, 6, 6, 6, 6, 6, 5, 6, 6, 6, 6, 6, 6, 6, 6, 6, 6, 6, 6, 6, 6, 6, 6, 6, 6, 6, 6, 6, 6, 6, 6, 7, 6, 6, 6, 7, 6, 6, 7, 6, 7, 6, 6, 6, 6, 6, 6, 6, 6, 6, 6, 7, 6, 6, 7, 6, 6, 7, 7, 6, 6, 6, 6, 6, 6, 6, 7, 6, 6, 6, 6, 6, 6, 6, 6, 6, 6, 6, 6, 6, 6, 6, 6, 6, 6, 6, 7, 6, 6, 6, 6, 6, 6, 6, 6, 6, 6, 6, 6, 6, 6, 7, 6, 6, 6, 6, 6, 6, 6, 6, 6, 6, 6, 6, 6, 6, 6, 6, 6, 6, 6, 6, 6, 6, 6, 6, 6, 6, 6, 5, 6, 6, 6, 6, 6, 6, 6, 6, 5, 6, 6, 6, 6, 6, 6, 7, 6, 6, 6, 6, 6, 6, 6, 6, 6, 5, 6, 6, 6, 6, 6, 6, 6, 6, 6, 6, 6, 6, 6, 6, 6, 6, 6, 6, 6, 7, 6, 6, 5, 6, 6, 6, 6, 6, 6, 6, 6, 6, 6, 6, 6, 7, 6, 6, 6, 6, 6, 7, 6, 7, 6, 6, 6, 6, 7, 6, 6, 6, 6, 6, 6, 6, 6, 6, 6, 5, 6, 6, 6, 6, 6, 6, 6, 6, 6, 6, 6, 6, 6, 6, 6, 6, 6, 6, 6, 6, 6, 6, 6, 7, 6, 6, 7, 6, 6, 6, 6, 6, 6, 6, 6, 7, 6, 6, 6, 6, 6, 6, 7, 6, 6, 6, 6, 6, 6, 6, 6, 6, 7, 6, 6, 6, 6, 6, 6, 6, 6, 6, 6, 6, 6, 6, 6, 6, 6, 7, 6, 6]

################################################################
