Numero total de amostras 770

Tempo total de processamento: 0:19:03

############## TEMPOS DE PROCESSAMENTO DO EXERCICIO NO JAIL  ####################
Soma 4846 segundos
Media 6.293506493506493 segundos
Desvio padr達o 0.46663694899314023 segundos
Minimo 5 segundos
Maximo 7 segundos

95% 6.0 segundos
99% 6.0 segundos

############## TEMPOS DE PROCESSAMENTO DO EXERCICIO NO JAIL COM DOWNLOAD  ################
Soma 5734 segundos
Media 7.4467532467532465 segundos
Desvio padr達o 0.8314569305890256 segundos
Minimo 6 segundos
Maximo 15 segundos

95% 6.0 segundos
99% 6.0 segundos

################### TEMPOS DE DOWNLOAD DO EXERCICIO NO JAIL #######################
Soma 888 segundos
Media 1.1532467532467532 segundos
Desvio padr達o 0.7828659329559341 segundos
Minimo 0 segundos
Maximo 9 segundos

95% 0.0 segundos
99% 0.0 segundos

############################ TEMPOS DE ESPERA NA FILA ############################
Soma 204962
Media 266.1844155844156 segundos
Desvio padr達o 138.45320749703453 segundos
Minimo 4 segundos
Maximo 491 segundos

95% 16.0 segundos
99% 16.0 segundos

################### queue_wait_time_list: ######################

[16, 19, 20, 17, 31, 16, 8, 24, 7, 5, 6, 15, 4, 26, 15, 20, 25, 20, 40, 25, 20, 22, 30, 35, 25, 28, 31, 33, 31, 37, 37, 37, 42, 41, 41, 45, 43, 45, 48, 46, 46, 47, 49, 52, 51, 53, 50, 31, 33, 35, 39, 40, 40, 43, 54, 55, 56, 56, 57, 61, 59, 59, 66, 61, 64, 73, 64, 70, 63, 66, 64, 70, 74, 71, 71, 70, 77, 75, 76, 80, 85, 79, 82, 81, 78, 81, 83, 89, 85, 91, 86, 89, 90, 90, 92, 93, 94, 364, 412, 334, 371, 342, 482, 421, 348, 378, 356, 428, 387, 490, 396, 436, 404, 444, 452, 458, 466, 473, 48, 55, 188, 195, 94, 202, 205, 214, 276, 299, 305, 313, 365, 412, 349, 373, 356, 474, 422, 378, 428, 386, 482, 396, 436, 406, 444, 452, 466, 48, 94, 95, 96, 97, 97, 98, 271, 365, 293, 334, 373, 415, 342, 474, 378, 350, 421, 358, 387, 482, 429, 396, 405, 436, 490, 444, 458, 466, 51, 57, 58, 60, 65, 67, 67, 79, 103, 100, 101, 104, 101, 107, 105, 107, 109, 108, 109, 112, 117, 107, 114, 113, 115, 110, 114, 124, 118, 118, 119, 121, 125, 122, 122, 126, 125, 125, 127, 129, 132, 130, 131, 135, 132, 133, 135, 136, 250, 490, 366, 335, 415, 343, 373, 351, 380, 359, 430, 388, 437, 397, 444, 405, 452, 460, 468, 476, 484, 72, 73, 75, 83, 85, 86, 89, 142, 137, 140, 143, 137, 141, 145, 143, 145, 149, 146, 147, 152, 148, 150, 151, 160, 153, 154, 156, 158, 156, 158, 163, 156, 164, 161, 166, 167, 165, 161, 169, 174, 169, 171, 170, 167, 175, 171, 175, 99, 105, 176, 176, 177, 177, 179, 179, 180, 460, 336, 366, 415, 344, 373, 351, 468, 422, 359, 381, 389, 430, 476, 398, 438, 404, 484, 446, 452, 491, 99, 103, 180, 181, 181, 182, 182, 183, 184, 185, 186, 298, 307, 315, 406, 337, 367, 485, 344, 416, 374, 351, 452, 359, 381, 422, 389, 460, 430, 399, 438, 469, 446, 476, 100, 188, 199, 110, 110, 113, 115, 117, 121, 187, 190, 191, 196, 191, 192, 195, 197, 197, 193, 204, 199, 201, 201, 206, 205, 205, 201, 209, 206, 209, 212, 210, 210, 216, 214, 217, 211, 215, 220, 218, 219, 222, 221, 224, 221, 225, 223, 218, 359, 468, 367, 416, 380, 423, 388, 225, 226, 227, 228, 229, 301, 309, 317, 477, 338, 399, 430, 345, 409, 351, 485, 438, 447, 455, 460, 123, 128, 133, 136, 439, 234, 345, 368, 234, 235, 235, 236, 230, 238, 230, 230, 398, 231, 352, 231, 417, 233, 375, 233, 314, 361, 462, 338, 409, 381, 423, 390, 447, 485, 432, 469, 455, 477, 128, 191, 202, 212, 455, 346, 369, 418, 353, 376, 361, 238, 463, 424, 383, 239, 239, 240, 240, 240, 243, 294, 303, 322, 392, 433, 471, 399, 439, 409, 479, 447, 131, 138, 140, 141, 145, 147, 150, 243, 244, 248, 245, 245, 247, 249, 257, 254, 252, 253, 253, 251, 254, 259, 258, 259, 262, 259, 261, 265, 263, 263, 264, 267, 269, 268, 268, 272, 270, 272, 274, 273, 277, 273, 276, 280, 277, 278, 280, 152, 244, 248, 255, 265, 268, 272, 471, 338, 278, 369, 347, 418, 354, 376, 479, 280, 361, 425, 281, 281, 282, 282, 284, 321, 383, 393, 433, 487, 401, 441, 463, 155, 196, 208, 333, 455, 335, 370, 419, 339, 283, 376, 353, 285, 425, 285, 362, 383, 286, 286, 287, 287, 289, 322, 463, 393, 433, 402, 471, 441, 408, 449, 479, 487, 157, 250, 258, 261, 479, 347, 370, 354, 426, 362, 376, 487, 289, 441, 383, 289, 290, 291, 292, 293, 333, 392, 340, 449, 402, 455, 409, 463, 471, 158, 162, 165, 167, 170, 172, 294, 298, 299, 295, 296, 298, 295, 303, 300, 301, 304, 303, 304, 307, 305, 308, 305, 308, 311, 308, 310, 311, 311, 311, 311, 317, 316, 314, 316, 319, 314, 316, 321, 319, 319, 319, 322, 324, 322, 323, 325, 412, 471, 370, 418, 377, 479, 384, 427, 325, 325, 326, 327, 328, 335, 392, 341, 433, 401, 348, 488, 355, 441, 362, 449, 457, 463, 186, 216, 220, 224, 341, 243, 256, 267, 412, 348, 385, 356, 420, 394, 363, 474, 328, 402, 328, 329, 329, 330, 330, 434, 481, 442, 488, 450, 457, 465, 364, 189, 413, 371, 421, 378, 482, 330, 331, 332, 333, 385, 426, 341, 395, 348, 490, 435, 357, 403, 444, 450, 458, 466, 474]

################################################################
################### jail_ex_download_list: ######################

[1, 1, 3, 3, 3, 4, 6, 1, 8, 8, 8, 4, 9, 2, 4, 4, 2, 1, 2, 2, 3, 2, 1, 1, 3, 2, 3, 1, 3, 1, 2, 2, 1, 1, 1, 1, 1, 1, 1, 1, 1, 1, 1, 1, 2, 2, 1, 1, 1, 2, 1, 1, 2, 2, 1, 1, 1, 1, 1, 1, 1, 1, 1, 2, 1, 2, 1, 1, 1, 2, 2, 1, 2, 1, 2, 1, 1, 1, 1, 1, 1, 1, 2, 1, 1, 1, 1, 1, 2, 1, 1, 1, 1, 2, 1, 1, 1, 1, 2, 1, 1, 1, 1, 1, 1, 0, 1, 1, 0, 1, 2, 1, 1, 1, 0, 1, 1, 1, 1, 1, 2, 1, 1, 1, 1, 1, 1, 1, 0, 0, 1, 2, 0, 0, 1, 1, 0, 1, 1, 1, 1, 2, 1, 1, 1, 1, 1, 1, 2, 1, 1, 1, 1, 1, 1, 1, 2, 1, 1, 0, 1, 1, 1, 1, 1, 0, 1, 1, 1, 1, 2, 1, 1, 1, 1, 1, 1, 1, 1, 2, 2, 1, 1, 1, 2, 2, 1, 1, 2, 1, 1, 1, 1, 1, 1, 2, 1, 2, 1, 2, 1, 2, 2, 1, 2, 1, 1, 2, 1, 2, 2, 2, 1, 2, 1, 1, 1, 1, 1, 1, 2, 1, 2, 1, 1, 1, 1, 1, 1, 1, 1, 1, 1, 1, 1, 2, 1, 0, 1, 2, 1, 1, 0, 0, 0, 1, 2, 2, 2, 1, 1, 2, 1, 2, 2, 1, 1, 1, 2, 1, 1, 1, 1, 2, 1, 1, 1, 2, 2, 1, 1, 1, 2, 2, 1, 1, 1, 1, 1, 1, 1, 1, 1, 1, 1, 1, 2, 2, 1, 1, 2, 1, 1, 1, 1, 1, 1, 1, 1, 1, 1, 1, 0, 1, 1, 0, 1, 1, 1, 1, 1, 0, 2, 1, 1, 0, 1, 2, 1, 0, 1, 1, 1, 1, 1, 1, 1, 1, 2, 1, 1, 1, 1, 2, 1, 0, 1, 0, 1, 1, 0, 1, 0, 1, 1, 1, 0, 1, 2, 1, 1, 1, 1, 1, 1, 1, 1, 1, 1, 1, 1, 1, 1, 1, 1, 1, 1, 3, 1, 1, 2, 1, 1, 1, 2, 1, 2, 1, 1, 1, 2, 1, 1, 2, 2, 1, 1, 1, 2, 1, 2, 1, 1, 1, 1, 1, 1, 1, 1, 1, 1, 2, 1, 2, 1, 1, 1, 1, 1, 1, 2, 2, 1, 1, 1, 1, 1, 1, 1, 1, 0, 1, 1, 1, 0, 1, 2, 1, 1, 1, 1, 1, 2, 1, 1, 1, 1, 1, 1, 2, 1, 2, 1, 0, 1, 1, 1, 2, 1, 1, 1, 1, 1, 0, 2, 1, 0, 0, 1, 2, 1, 1, 1, 1, 1, 0, 1, 1, 1, 1, 2, 1, 2, 1, 1, 1, 1, 1, 0, 0, 1, 1, 1, 1, 1, 2, 1, 2, 2, 1, 1, 1, 0, 1, 1, 1, 2, 1, 2, 1, 1, 1, 1, 1, 2, 1, 1, 1, 2, 1, 1, 2, 2, 1, 1, 1, 1, 1, 1, 1, 1, 2, 1, 1, 1, 2, 2, 2, 1, 1, 2, 1, 1, 1, 1, 2, 1, 1, 1, 1, 1, 1, 2, 1, 1, 1, 1, 1, 1, 1, 2, 1, 1, 1, 2, 1, 1, 1, 1, 0, 1, 1, 1, 1, 2, 1, 0, 1, 2, 1, 2, 1, 1, 1, 1, 1, 0, 0, 1, 1, 1, 2, 1, 1, 1, 1, 1, 1, 0, 1, 1, 1, 1, 1, 1, 1, 1, 1, 1, 1, 1, 0, 1, 1, 1, 1, 0, 1, 1, 1, 0, 1, 1, 1, 1, 1, 1, 1, 0, 1, 1, 1, 1, 1, 1, 1, 1, 1, 2, 1, 1, 1, 1, 1, 2, 1, 1, 2, 1, 1, 1, 1, 2, 1, 1, 2, 2, 1, 1, 1, 1, 1, 1, 1, 1, 0, 1, 1, 1, 0, 1, 1, 0, 1, 1, 0, 0, 1, 0, 1, 1, 1, 1, 1, 1, 1, 0, 0, 1, 1, 0, 1, 1, 1, 1, 0, 1, 1, 1, 1, 1, 1, 1, 1, 1, 1, 2, 1, 1, 1, 0, 1, 1, 1, 0, 1, 1, 0, 0, 1, 1, 1, 1, 1, 1, 1, 1, 1, 1, 1, 1, 1, 1, 1, 1, 1, 1, 1, 1, 1, 0, 1, 1, 1, 1, 1, 1, 1, 1, 1, 1, 1, 1, 1, 0, 0, 1, 1, 0, 0, 0, 1, 1, 1, 1, 1, 1, 2, 0, 1, 1, 1, 1, 1, 1, 1, 1, 1, 1, 0]

################################################################
################################################################
################### process_jail_download_list: ######################

[7, 8, 9, 9, 9, 10, 13, 7, 14, 14, 14, 10, 15, 9, 10, 10, 9, 8, 8, 8, 9, 8, 8, 8, 10, 8, 10, 7, 9, 7, 8, 8, 8, 7, 7, 8, 7, 8, 7, 7, 8, 7, 7, 8, 8, 8, 8, 8, 8, 8, 7, 7, 8, 8, 8, 7, 8, 8, 8, 7, 7, 8, 8, 8, 7, 9, 8, 7, 8, 8, 8, 7, 8, 7, 8, 7, 8, 8, 8, 7, 8, 8, 8, 8, 8, 8, 8, 7, 8, 7, 8, 8, 8, 8, 7, 8, 7, 7, 8, 7, 7, 7, 7, 7, 7, 7, 7, 7, 7, 7, 8, 7, 7, 7, 7, 7, 7, 7, 7, 8, 8, 7, 8, 8, 8, 8, 7, 8, 7, 7, 7, 8, 6, 7, 7, 7, 6, 6, 7, 7, 7, 8, 7, 8, 7, 7, 7, 8, 8, 8, 7, 8, 7, 8, 7, 7, 8, 7, 7, 6, 7, 7, 7, 7, 7, 7, 7, 7, 7, 7, 8, 7, 7, 7, 8, 7, 8, 7, 7, 8, 9, 8, 8, 7, 8, 8, 8, 7, 8, 8, 7, 7, 8, 7, 7, 8, 7, 8, 8, 8, 8, 8, 8, 7, 8, 8, 8, 8, 8, 8, 8, 8, 7, 8, 8, 7, 7, 7, 8, 7, 8, 8, 8, 8, 7, 7, 7, 7, 7, 7, 7, 7, 7, 7, 7, 8, 6, 6, 7, 8, 7, 7, 7, 7, 7, 7, 8, 8, 8, 8, 8, 8, 7, 8, 8, 7, 8, 8, 8, 8, 8, 8, 8, 8, 8, 8, 8, 8, 8, 7, 8, 7, 8, 8, 8, 8, 7, 8, 8, 8, 7, 7, 8, 7, 8, 7, 8, 9, 7, 7, 9, 8, 7, 8, 7, 8, 7, 8, 7, 8, 7, 7, 7, 7, 7, 7, 7, 7, 7, 7, 7, 6, 8, 7, 7, 7, 7, 8, 7, 7, 7, 7, 8, 8, 8, 7, 8, 8, 8, 8, 8, 7, 7, 8, 7, 6, 7, 7, 7, 7, 7, 8, 6, 7, 7, 7, 6, 7, 8, 7, 7, 7, 7, 7, 7, 7, 7, 8, 8, 7, 8, 8, 7, 7, 8, 8, 7, 9, 7, 8, 9, 8, 8, 8, 8, 7, 8, 7, 8, 8, 8, 8, 8, 8, 8, 8, 8, 8, 8, 8, 8, 7, 8, 7, 7, 8, 8, 8, 7, 8, 8, 8, 7, 8, 7, 7, 7, 7, 7, 7, 8, 9, 8, 7, 8, 7, 7, 7, 7, 7, 7, 7, 7, 7, 7, 7, 8, 7, 7, 7, 7, 8, 8, 7, 8, 7, 8, 7, 7, 8, 8, 8, 8, 7, 7, 7, 8, 8, 7, 7, 8, 7, 7, 6, 8, 7, 6, 6, 7, 8, 7, 7, 7, 7, 7, 7, 7, 7, 7, 7, 8, 7, 8, 7, 7, 7, 7, 7, 7, 6, 7, 7, 7, 7, 8, 8, 7, 8, 8, 7, 8, 7, 7, 7, 7, 7, 8, 7, 8, 7, 7, 7, 8, 8, 8, 7, 7, 8, 8, 8, 8, 8, 9, 8, 8, 7, 8, 8, 8, 8, 7, 8, 8, 7, 7, 8, 8, 9, 7, 8, 8, 8, 7, 7, 7, 8, 8, 8, 7, 8, 8, 7, 8, 8, 7, 7, 7, 7, 8, 8, 8, 8, 7, 8, 8, 7, 7, 7, 7, 6, 7, 7, 7, 7, 8, 7, 7, 7, 8, 7, 8, 7, 7, 7, 7, 7, 7, 6, 7, 7, 7, 9, 7, 7, 7, 7, 7, 7, 7, 8, 7, 7, 7, 7, 8, 7, 8, 7, 7, 7, 8, 7, 7, 7, 7, 7, 6, 7, 7, 7, 7, 7, 7, 8, 8, 7, 8, 7, 7, 7, 7, 7, 7, 7, 7, 8, 7, 7, 8, 8, 7, 8, 7, 7, 8, 7, 7, 8, 7, 7, 7, 7, 9, 8, 8, 8, 8, 8, 8, 8, 8, 8, 7, 7, 7, 7, 7, 7, 7, 7, 7, 6, 7, 7, 7, 7, 7, 7, 6, 8, 7, 7, 7, 8, 7, 7, 7, 6, 7, 7, 6, 7, 7, 7, 7, 7, 7, 7, 7, 7, 7, 7, 7, 7, 7, 7, 8, 7, 7, 7, 6, 7, 7, 8, 6, 7, 7, 6, 6, 7, 7, 7, 7, 7, 7, 8, 7, 8, 8, 7, 7, 7, 7, 7, 7, 7, 7, 7, 7, 7, 7, 7, 7, 7, 7, 7, 7, 7, 7, 7, 7, 7, 7, 7, 7, 6, 8, 7, 6, 6, 7, 7, 7, 7, 7, 7, 8, 8, 7, 7, 7, 6, 7, 7, 7, 7, 7, 7, 7, 7]

################################################################
################################################################
################### process_jail_list: ######################

[6, 7, 6, 6, 6, 6, 7, 6, 6, 6, 6, 6, 6, 7, 6, 6, 7, 7, 6, 6, 6, 6, 7, 7, 7, 6, 7, 6, 6, 6, 6, 6, 7, 6, 6, 7, 6, 7, 6, 6, 7, 6, 6, 7, 6, 6, 7, 7, 7, 6, 6, 6, 6, 6, 7, 6, 7, 7, 7, 6, 6, 7, 7, 6, 6, 7, 7, 6, 7, 6, 6, 6, 6, 6, 6, 6, 7, 7, 7, 6, 7, 7, 6, 7, 7, 7, 7, 6, 6, 6, 7, 7, 7, 6, 6, 7, 6, 6, 6, 6, 6, 6, 6, 6, 6, 7, 6, 6, 7, 6, 6, 6, 6, 6, 7, 6, 6, 6, 6, 7, 6, 6, 7, 7, 7, 7, 6, 7, 7, 7, 6, 6, 6, 7, 6, 6, 6, 5, 6, 6, 6, 6, 6, 7, 6, 6, 6, 7, 6, 7, 6, 7, 6, 7, 6, 6, 6, 6, 6, 6, 6, 6, 6, 6, 6, 7, 6, 6, 6, 6, 6, 6, 6, 6, 7, 6, 7, 6, 6, 6, 7, 7, 7, 6, 6, 6, 7, 6, 6, 7, 6, 6, 7, 6, 6, 6, 6, 6, 7, 6, 7, 6, 6, 6, 6, 7, 7, 6, 7, 6, 6, 6, 6, 6, 7, 6, 6, 6, 7, 6, 6, 7, 6, 7, 6, 6, 6, 6, 6, 6, 6, 6, 6, 6, 6, 6, 5, 6, 6, 6, 6, 6, 7, 7, 7, 6, 6, 6, 6, 7, 7, 6, 6, 6, 6, 6, 7, 7, 6, 7, 7, 7, 7, 6, 7, 7, 7, 6, 6, 6, 7, 6, 6, 6, 7, 7, 6, 7, 7, 7, 6, 6, 7, 6, 7, 6, 6, 7, 6, 6, 7, 7, 6, 7, 6, 7, 6, 7, 6, 7, 6, 6, 7, 6, 6, 7, 6, 6, 6, 6, 6, 6, 6, 6, 6, 7, 6, 6, 6, 7, 6, 6, 7, 7, 7, 6, 7, 7, 6, 7, 7, 6, 6, 6, 6, 6, 6, 7, 6, 6, 7, 7, 6, 6, 6, 6, 6, 6, 6, 6, 6, 6, 6, 6, 6, 6, 6, 7, 7, 6, 7, 7, 6, 6, 7, 7, 6, 6, 6, 7, 7, 7, 7, 7, 6, 6, 6, 6, 7, 7, 6, 7, 7, 6, 6, 7, 7, 7, 6, 7, 6, 6, 7, 6, 6, 7, 7, 7, 6, 7, 7, 6, 6, 6, 6, 6, 6, 6, 6, 6, 6, 7, 7, 6, 7, 6, 6, 6, 6, 6, 7, 6, 6, 6, 7, 6, 6, 6, 6, 6, 6, 7, 6, 6, 7, 6, 7, 6, 6, 6, 7, 6, 7, 7, 6, 6, 7, 6, 6, 6, 7, 6, 6, 6, 6, 6, 6, 6, 6, 6, 6, 6, 6, 6, 6, 7, 6, 6, 6, 6, 6, 6, 6, 6, 6, 6, 6, 6, 7, 6, 6, 6, 6, 6, 7, 6, 6, 6, 6, 6, 7, 6, 7, 6, 6, 6, 6, 6, 6, 6, 6, 6, 7, 7, 6, 6, 6, 7, 6, 7, 7, 6, 7, 7, 7, 6, 7, 7, 7, 7, 6, 6, 7, 6, 6, 6, 6, 7, 6, 7, 6, 7, 6, 6, 6, 6, 7, 7, 6, 7, 7, 6, 6, 7, 6, 6, 6, 6, 7, 7, 6, 7, 6, 7, 6, 6, 6, 6, 6, 6, 6, 6, 6, 6, 6, 6, 7, 6, 6, 6, 6, 6, 6, 6, 6, 6, 7, 6, 6, 6, 6, 7, 6, 6, 6, 6, 6, 6, 7, 7, 6, 6, 6, 6, 7, 6, 7, 6, 6, 6, 7, 7, 6, 6, 6, 6, 6, 6, 6, 6, 7, 6, 6, 7, 7, 6, 7, 6, 7, 6, 6, 6, 6, 6, 6, 7, 6, 6, 6, 7, 6, 7, 6, 6, 6, 6, 6, 6, 6, 6, 6, 6, 7, 7, 7, 6, 6, 7, 7, 7, 7, 7, 6, 6, 6, 7, 6, 6, 6, 7, 6, 5, 7, 6, 6, 7, 7, 6, 6, 7, 6, 6, 6, 7, 6, 6, 7, 6, 6, 6, 6, 6, 6, 6, 6, 7, 6, 6, 6, 6, 6, 6, 6, 6, 6, 6, 6, 6, 6, 6, 6, 6, 6, 7, 6, 6, 6, 6, 6, 6, 6, 6, 6, 6, 6, 7, 6, 7, 7, 6, 6, 6, 6, 6, 6, 6, 6, 6, 6, 6, 7, 6, 6, 6, 6, 6, 6, 6, 6, 6, 6, 6, 6, 6, 7, 6, 7, 6, 6, 6, 7, 6, 6, 6, 6, 6, 7, 6, 7, 6, 6, 5, 6, 6, 6, 6, 6, 6, 6, 7]

################################################################
