Numero total de amostras 769

Tempo total de processamento: 0:11:01

############## TEMPOS DE PROCESSAMENTO DO EXERCICIO NO JAIL  ####################
Soma 4542 segundos
Media 5.906371911573472 segundos
Desvio padr達o 0.32904238570548056 segundos
Minimo 5 segundos
Maximo 7 segundos

95% 5.0 segundos
99% 5.0 segundos

############## TEMPOS DE PROCESSAMENTO DO EXERCICIO NO JAIL COM DOWNLOAD  ################
Soma 5037 segundos
Media 6.550065019505852 segundos
Desvio padr達o 0.5078352240226741 segundos
Minimo 6 segundos
Maximo 8 segundos

95% 6.0 segundos
99% 6.0 segundos

################### TEMPOS DE DOWNLOAD DO EXERCICIO NO JAIL #######################
Soma 495 segundos
Media 0.6436931079323797 segundos
Desvio padr達o 0.4896482530031271 segundos
Minimo 0 segundos
Maximo 2 segundos

95% 0.0 segundos
99% 0.0 segundos

############################ TEMPOS DE ESPERA NA FILA ############################
Soma 2767
Media 3.598179453836151 segundos
Desvio padr達o 4.46934908135058 segundos
Minimo 0 segundos
Maximo 19 segundos

95% 0.0 segundos
99% 0.0 segundos

################### queue_wait_time_list: ######################

[1, 2, 0, 2, 1, 3, 2, 3, 1, 0, 4, 3, 5, 4, 3, 1, 1, 4, 4, 2, 3, 1, 2, 3, 2, 3, 3, 2, 1, 2, 0, 3, 2, 2, 1, 1, 2, 3, 1, 0, 0, 1, 2, 1, 1, 0, 2, 1, 2, 0, 2, 1, 3, 1, 0, 1, 0, 1, 1, 2, 2, 2, 0, 2, 2, 1, 0, 2, 0, 1, 3, 1, 0, 0, 1, 0, 1, 1, 0, 3, 2, 0, 2, 2, 1, 0, 1, 2, 0, 0, 0, 0, 4, 1, 1, 0, 2, 2, 1, 1, 1, 1, 1, 1, 0, 1, 1, 0, 1, 2, 0, 2, 1, 1, 2, 2, 2, 0, 1, 0, 1, 2, 1, 0, 2, 1, 1, 2, 1, 2, 2, 1, 1, 0, 1, 2, 1, 0, 1, 2, 2, 3, 5, 3, 6, 5, 5, 5, 5, 7, 6, 0, 7, 0, 6, 5, 3, 1, 4, 5, 4, 4, 4, 6, 4, 5, 5, 7, 7, 5, 4, 5, 5, 6, 5, 3, 5, 6, 5, 6, 1, 5, 5, 4, 5, 3, 5, 3, 4, 5, 2, 0, 2, 3, 2, 3, 4, 3, 4, 2, 2, 4, 0, 3, 2, 2, 3, 3, 1, 2, 2, 1, 1, 1, 2, 1, 2, 1, 3, 1, 0, 1, 1, 1, 0, 3, 1, 3, 1, 3, 2, 3, 3, 2, 3, 1, 1, 1, 1, 1, 1, 0, 1, 1, 2, 2, 1, 1, 1, 3, 3, 2, 1, 1, 1, 2, 2, 3, 1, 1, 0, 1, 1, 0, 0, 0, 1, 2, 1, 0, 1, 0, 3, 2, 0, 1, 1, 1, 2, 1, 1, 1, 1, 1, 2, 9, 1, 1, 3, 1, 1, 2, 1, 1, 1, 1, 1, 0, 2, 3, 3, 2, 1, 10, 2, 2, 2, 2, 3, 17, 11, 1, 15, 15, 16, 3, 4, 10, 5, 19, 16, 10, 9, 15, 10, 16, 17, 19, 16, 4, 6, 9, 10, 15, 15, 16, 17, 14, 19, 13, 17, 18, 17, 17, 16, 17, 15, 14, 15, 16, 14, 18, 17, 17, 18, 18, 16, 15, 17, 18, 17, 18, 16, 14, 14, 13, 15, 17, 15, 14, 14, 15, 13, 13, 14, 14, 14, 14, 13, 12, 14, 14, 14, 13, 15, 15, 14, 13, 12, 14, 9, 12, 11, 12, 10, 10, 11, 10, 9, 6, 13, 13, 10, 13, 11, 13, 11, 11, 12, 12, 12, 11, 11, 8, 11, 10, 10, 10, 10, 7, 9, 8, 8, 9, 9, 6, 9, 8, 7, 7, 6, 8, 9, 8, 7, 6, 8, 6, 5, 6, 6, 6, 6, 8, 7, 3, 5, 3, 3, 5, 4, 5, 1, 1, 4, 4, 3, 6, 6, 5, 4, 4, 3, 5, 3, 6, 2, 6, 5, 3, 2, 5, 0, 5, 3, 3, 4, 1, 2, 1, 3, 0, 2, 1, 1, 2, 0, 2, 1, 0, 1, 2, 0, 2, 1, 0, 0, 1, 1, 0, 1, 1, 1, 0, 1, 1, 1, 1, 0, 1, 0, 1, 1, 1, 0, 1, 1, 1, 2, 1, 0, 2, 1, 0, 2, 1, 1, 1, 2, 0, 1, 1, 2, 1, 2, 1, 1, 1, 1, 1, 2, 2, 1, 2, 1, 2, 1, 1, 1, 1, 1, 2, 1, 2, 1, 2, 3, 1, 1, 2, 2, 2, 2, 1, 2, 1, 1, 1, 1, 1, 1, 1, 1, 2, 1, 2, 1, 1, 0, 2, 1, 1, 0, 1, 1, 1, 1, 2, 2, 1, 1, 2, 1, 1, 1, 2, 1, 0, 0, 1, 1, 1, 1, 1, 0, 0, 0, 1, 0, 1, 0, 0, 2, 1, 0, 1, 2, 1, 0, 1, 1, 0, 1, 1, 0, 1, 2, 1, 1, 1, 2, 1, 1, 3, 2, 2, 1, 1, 2, 2, 2, 2, 2, 1, 0, 2, 2, 2, 2, 2, 1, 2, 1, 2, 2, 1, 3, 2, 2, 2, 1, 0, 2, 1, 1, 2, 1, 2, 2, 1, 1, 0, 2, 1, 1, 1, 2, 3, 2, 2, 2, 2, 1, 1, 3, 2, 2, 1, 2, 1, 2, 3, 2, 2, 2, 1, 1, 1, 2, 1, 1, 2, 2, 1, 1, 1, 1, 1, 2, 2, 1, 1, 1, 1, 2, 2, 1, 0, 2, 1, 1, 1, 1, 2, 2, 2, 2, 3, 1, 0, 0, 2, 2, 3, 3, 1, 1, 2, 3, 2, 2, 1, 1, 2, 3, 2, 2, 1, 2, 1, 3, 3, 2, 2, 3, 1, 1, 3, 0, 2, 0, 1, 1, 2, 3, 2, 2, 1, 0]

################################################################
################### jail_ex_download_list: ######################

[1, 2, 2, 1, 1, 0, 0, 1, 1, 1, 1, 0, 1, 1, 1, 1, 1, 1, 1, 1, 0, 2, 1, 2, 0, 1, 1, 0, 1, 1, 1, 0, 1, 0, 1, 1, 0, 0, 1, 1, 1, 1, 0, 0, 1, 1, 0, 1, 0, 1, 0, 0, 0, 0, 1, 1, 1, 0, 1, 1, 1, 1, 1, 1, 0, 1, 1, 1, 1, 1, 1, 1, 0, 1, 1, 0, 0, 0, 1, 1, 1, 1, 1, 0, 0, 1, 0, 0, 1, 0, 0, 1, 0, 1, 1, 1, 0, 0, 1, 0, 0, 1, 0, 1, 1, 1, 1, 1, 0, 0, 1, 1, 1, 0, 0, 1, 0, 1, 1, 1, 1, 1, 0, 1, 1, 1, 1, 1, 1, 1, 0, 1, 1, 1, 1, 1, 1, 1, 1, 1, 1, 0, 0, 0, 1, 0, 1, 1, 1, 1, 0, 1, 0, 1, 0, 1, 1, 0, 1, 1, 1, 1, 1, 1, 1, 1, 1, 0, 1, 1, 0, 1, 1, 1, 1, 1, 0, 0, 1, 1, 1, 1, 0, 0, 1, 0, 1, 1, 1, 1, 0, 1, 0, 1, 1, 1, 1, 0, 1, 1, 0, 1, 1, 1, 0, 1, 0, 0, 1, 1, 0, 1, 0, 0, 0, 1, 1, 1, 1, 1, 1, 1, 0, 1, 1, 1, 1, 0, 1, 0, 1, 1, 1, 1, 1, 0, 1, 1, 1, 0, 0, 1, 1, 0, 1, 1, 0, 1, 1, 0, 1, 1, 0, 1, 1, 0, 0, 0, 1, 1, 1, 0, 0, 1, 1, 1, 1, 1, 0, 1, 1, 1, 0, 1, 1, 0, 0, 1, 0, 1, 0, 0, 0, 0, 1, 1, 1, 1, 0, 0, 0, 1, 1, 1, 0, 1, 1, 1, 0, 1, 0, 0, 1, 0, 1, 1, 1, 0, 0, 1, 1, 1, 1, 1, 1, 1, 1, 1, 0, 1, 0, 1, 1, 1, 1, 1, 0, 0, 0, 1, 0, 1, 1, 1, 1, 0, 1, 1, 1, 1, 1, 0, 0, 1, 1, 1, 1, 0, 1, 1, 1, 1, 1, 1, 0, 0, 1, 1, 1, 0, 1, 0, 1, 1, 0, 1, 1, 1, 1, 1, 1, 1, 0, 0, 1, 0, 1, 1, 0, 0, 0, 1, 1, 1, 1, 1, 1, 0, 0, 0, 0, 0, 1, 0, 0, 1, 1, 0, 1, 1, 1, 1, 1, 0, 1, 1, 1, 1, 1, 0, 1, 0, 1, 1, 0, 0, 1, 1, 1, 1, 0, 0, 1, 1, 0, 1, 0, 0, 1, 0, 1, 0, 1, 1, 0, 1, 0, 1, 1, 1, 0, 1, 0, 1, 1, 0, 1, 1, 1, 1, 1, 0, 0, 1, 1, 1, 1, 1, 0, 0, 1, 0, 1, 1, 0, 1, 1, 1, 0, 1, 1, 0, 1, 0, 0, 1, 0, 1, 1, 0, 1, 1, 0, 1, 1, 1, 1, 0, 0, 1, 1, 0, 1, 0, 0, 1, 1, 1, 0, 1, 0, 1, 0, 1, 0, 1, 0, 1, 0, 1, 1, 0, 1, 0, 1, 0, 0, 1, 0, 0, 1, 0, 1, 1, 0, 0, 1, 1, 1, 0, 0, 1, 0, 0, 0, 1, 1, 0, 0, 1, 1, 1, 0, 0, 1, 0, 0, 1, 1, 1, 1, 0, 1, 1, 1, 1, 0, 1, 1, 1, 0, 0, 0, 1, 0, 0, 0, 1, 1, 0, 1, 1, 0, 1, 1, 1, 0, 1, 1, 1, 1, 0, 1, 1, 0, 0, 0, 0, 1, 0, 1, 1, 1, 0, 1, 0, 1, 0, 1, 0, 1, 0, 0, 1, 1, 1, 1, 0, 1, 1, 1, 1, 0, 1, 0, 0, 0, 1, 1, 0, 0, 1, 1, 0, 1, 1, 0, 1, 1, 1, 1, 1, 1, 0, 0, 1, 1, 1, 1, 1, 0, 1, 1, 1, 1, 0, 0, 0, 1, 0, 0, 1, 1, 0, 1, 1, 1, 1, 1, 1, 0, 1, 0, 0, 0, 0, 0, 0, 0, 0, 1, 1, 0, 1, 1, 0, 0, 0, 1, 0, 1, 0, 1, 0, 0, 0, 1, 1, 1, 0, 1, 1, 0, 1, 1, 1, 1, 1, 1, 0, 1, 1, 1, 0, 1, 1, 1, 1, 0, 0, 1, 1, 1, 1, 0, 0, 1, 1, 1, 1, 1, 1, 1, 1, 0, 1, 0, 0, 1, 0, 1, 1, 0, 1, 1, 1, 1, 0, 0, 1, 0, 0, 1, 1, 0, 1, 1, 1, 1, 1, 1, 0, 1, 1, 0, 1, 0, 0, 1, 1, 0, 1, 0, 1, 1, 1, 0, 0, 1]

################################################################
################################################################
################### process_jail_download_list: ######################

[7, 8, 8, 7, 7, 6, 6, 7, 7, 7, 7, 7, 7, 7, 7, 7, 6, 7, 7, 7, 6, 8, 6, 8, 6, 7, 7, 6, 7, 6, 6, 6, 7, 6, 6, 7, 6, 6, 7, 7, 7, 6, 6, 6, 7, 6, 6, 6, 6, 6, 6, 6, 6, 6, 7, 7, 7, 6, 7, 7, 7, 6, 7, 7, 6, 7, 7, 7, 7, 7, 6, 7, 6, 7, 6, 6, 6, 6, 7, 6, 7, 7, 7, 6, 6, 6, 6, 6, 7, 6, 6, 7, 6, 7, 6, 6, 6, 6, 7, 6, 6, 6, 6, 7, 7, 7, 7, 7, 6, 6, 7, 6, 6, 6, 6, 7, 6, 7, 7, 7, 7, 6, 6, 7, 7, 7, 7, 6, 7, 7, 6, 7, 6, 7, 7, 7, 7, 6, 6, 7, 7, 6, 6, 6, 7, 6, 7, 7, 7, 7, 7, 6, 6, 7, 6, 7, 7, 6, 7, 7, 7, 6, 6, 7, 7, 7, 7, 6, 6, 7, 6, 7, 7, 7, 7, 6, 6, 6, 6, 7, 7, 7, 6, 6, 7, 6, 7, 7, 7, 7, 6, 7, 6, 7, 7, 6, 7, 6, 7, 7, 6, 6, 7, 7, 6, 7, 6, 6, 6, 7, 6, 7, 6, 6, 6, 7, 7, 6, 7, 7, 7, 7, 6, 7, 7, 7, 7, 6, 7, 6, 7, 7, 7, 7, 7, 6, 6, 6, 7, 6, 6, 7, 7, 6, 7, 6, 6, 7, 7, 6, 6, 6, 6, 7, 7, 6, 7, 7, 7, 7, 7, 6, 6, 7, 7, 7, 7, 7, 6, 7, 7, 6, 6, 7, 7, 6, 6, 6, 6, 7, 6, 6, 6, 6, 7, 7, 7, 7, 6, 6, 6, 6, 7, 7, 6, 7, 7, 7, 6, 7, 6, 6, 7, 6, 7, 7, 7, 6, 6, 7, 7, 7, 7, 6, 7, 7, 7, 7, 6, 7, 6, 7, 7, 7, 7, 6, 6, 6, 6, 7, 6, 7, 7, 7, 7, 6, 7, 7, 7, 7, 7, 6, 6, 7, 7, 7, 7, 6, 7, 7, 7, 7, 7, 6, 6, 6, 7, 7, 7, 6, 7, 6, 7, 7, 7, 7, 7, 6, 7, 7, 7, 7, 6, 6, 7, 6, 7, 7, 7, 7, 6, 7, 7, 7, 7, 7, 7, 6, 6, 6, 6, 6, 7, 6, 6, 7, 6, 6, 7, 7, 6, 7, 7, 6, 7, 6, 7, 7, 6, 6, 7, 6, 7, 7, 6, 6, 7, 6, 7, 6, 6, 6, 7, 7, 6, 7, 6, 6, 7, 6, 7, 6, 7, 7, 6, 7, 7, 7, 7, 7, 6, 7, 6, 7, 7, 6, 7, 7, 6, 7, 7, 6, 6, 7, 6, 6, 7, 7, 6, 7, 7, 6, 7, 7, 6, 7, 7, 7, 6, 7, 7, 6, 7, 6, 6, 7, 6, 7, 6, 6, 7, 7, 6, 7, 7, 7, 7, 6, 6, 7, 6, 6, 7, 6, 6, 7, 7, 7, 6, 7, 6, 6, 6, 7, 6, 7, 6, 7, 6, 7, 7, 6, 7, 6, 7, 6, 6, 7, 6, 6, 7, 6, 7, 7, 6, 6, 7, 7, 7, 6, 6, 6, 6, 6, 6, 7, 7, 6, 6, 7, 7, 7, 6, 6, 7, 6, 6, 7, 7, 7, 7, 6, 7, 7, 6, 7, 6, 6, 7, 7, 6, 6, 6, 6, 6, 6, 6, 7, 7, 6, 7, 7, 6, 7, 7, 6, 6, 7, 7, 7, 7, 6, 7, 6, 6, 6, 6, 6, 6, 6, 7, 7, 6, 6, 6, 6, 7, 6, 7, 6, 7, 6, 6, 7, 7, 7, 7, 6, 7, 7, 7, 7, 6, 6, 6, 6, 6, 6, 7, 6, 6, 7, 7, 6, 7, 7, 6, 7, 7, 7, 7, 7, 7, 6, 6, 7, 7, 7, 7, 7, 6, 7, 6, 7, 6, 6, 6, 6, 6, 6, 6, 7, 7, 6, 7, 7, 7, 7, 7, 7, 6, 7, 6, 6, 6, 6, 6, 6, 6, 6, 6, 7, 6, 7, 7, 6, 6, 6, 7, 6, 6, 6, 7, 6, 6, 6, 7, 6, 7, 6, 7, 7, 6, 7, 7, 7, 7, 7, 7, 6, 7, 7, 7, 6, 6, 7, 7, 7, 6, 6, 7, 7, 6, 7, 6, 6, 6, 7, 7, 6, 7, 7, 7, 6, 6, 7, 6, 6, 7, 6, 7, 7, 6, 7, 7, 7, 7, 6, 6, 7, 6, 6, 7, 7, 6, 7, 7, 7, 6, 7, 7, 6, 7, 7, 6, 7, 6, 6, 7, 7, 6, 7, 6, 7, 7, 7, 6, 6, 7]

################################################################
################################################################
################### process_jail_list: ######################

[6, 6, 6, 6, 6, 6, 6, 6, 6, 6, 6, 7, 6, 6, 6, 6, 5, 6, 6, 6, 6, 6, 5, 6, 6, 6, 6, 6, 6, 5, 5, 6, 6, 6, 5, 6, 6, 6, 6, 6, 6, 5, 6, 6, 6, 5, 6, 5, 6, 5, 6, 6, 6, 6, 6, 6, 6, 6, 6, 6, 6, 5, 6, 6, 6, 6, 6, 6, 6, 6, 5, 6, 6, 6, 5, 6, 6, 6, 6, 5, 6, 6, 6, 6, 6, 5, 6, 6, 6, 6, 6, 6, 6, 6, 5, 5, 6, 6, 6, 6, 6, 5, 6, 6, 6, 6, 6, 6, 6, 6, 6, 5, 5, 6, 6, 6, 6, 6, 6, 6, 6, 5, 6, 6, 6, 6, 6, 5, 6, 6, 6, 6, 5, 6, 6, 6, 6, 5, 5, 6, 6, 6, 6, 6, 6, 6, 6, 6, 6, 6, 7, 5, 6, 6, 6, 6, 6, 6, 6, 6, 6, 5, 5, 6, 6, 6, 6, 6, 5, 6, 6, 6, 6, 6, 6, 5, 6, 6, 5, 6, 6, 6, 6, 6, 6, 6, 6, 6, 6, 6, 6, 6, 6, 6, 6, 5, 6, 6, 6, 6, 6, 5, 6, 6, 6, 6, 6, 6, 5, 6, 6, 6, 6, 6, 6, 6, 6, 5, 6, 6, 6, 6, 6, 6, 6, 6, 6, 6, 6, 6, 6, 6, 6, 6, 6, 6, 5, 5, 6, 6, 6, 6, 6, 6, 6, 5, 6, 6, 6, 6, 5, 5, 6, 6, 6, 6, 7, 7, 6, 6, 6, 6, 6, 6, 6, 6, 6, 6, 6, 6, 6, 5, 6, 6, 6, 6, 6, 5, 6, 6, 6, 6, 6, 6, 6, 6, 6, 6, 6, 6, 6, 5, 6, 6, 6, 6, 6, 6, 6, 6, 6, 6, 6, 6, 6, 6, 6, 6, 6, 6, 6, 6, 6, 5, 6, 6, 6, 6, 6, 6, 6, 6, 6, 6, 6, 5, 6, 6, 6, 6, 6, 6, 6, 6, 6, 6, 6, 6, 6, 6, 6, 6, 6, 6, 6, 6, 6, 6, 6, 6, 6, 6, 6, 5, 6, 6, 6, 6, 6, 6, 6, 6, 6, 6, 7, 6, 6, 5, 6, 6, 6, 6, 6, 6, 6, 6, 6, 6, 7, 7, 6, 6, 6, 6, 6, 6, 6, 6, 6, 6, 6, 6, 6, 6, 6, 6, 5, 6, 6, 6, 5, 6, 6, 6, 6, 5, 6, 6, 5, 6, 6, 6, 6, 6, 6, 6, 6, 5, 6, 5, 6, 6, 6, 6, 6, 6, 6, 6, 6, 6, 6, 6, 6, 6, 6, 6, 7, 6, 6, 6, 6, 6, 6, 6, 6, 6, 6, 6, 5, 6, 6, 6, 6, 6, 5, 5, 6, 6, 6, 7, 6, 6, 6, 6, 6, 6, 6, 6, 6, 6, 6, 6, 6, 6, 6, 6, 6, 6, 5, 6, 6, 6, 6, 6, 6, 6, 6, 6, 6, 6, 5, 6, 6, 6, 6, 6, 6, 6, 6, 6, 6, 5, 6, 6, 6, 6, 6, 6, 6, 6, 6, 6, 6, 6, 6, 6, 6, 6, 6, 6, 6, 6, 6, 6, 6, 6, 6, 6, 6, 6, 6, 5, 6, 6, 6, 6, 6, 6, 6, 6, 6, 6, 6, 6, 6, 6, 6, 6, 6, 6, 6, 6, 6, 6, 5, 6, 6, 5, 6, 6, 6, 6, 6, 5, 6, 6, 6, 6, 6, 6, 6, 6, 6, 6, 6, 5, 6, 6, 6, 6, 6, 6, 6, 5, 6, 6, 6, 6, 5, 6, 6, 6, 5, 6, 5, 6, 6, 6, 6, 6, 6, 6, 6, 6, 6, 6, 6, 6, 6, 6, 6, 6, 6, 5, 6, 6, 6, 5, 6, 6, 6, 6, 6, 6, 6, 6, 6, 6, 6, 6, 6, 6, 6, 6, 6, 6, 6, 6, 6, 6, 6, 6, 5, 6, 5, 6, 6, 6, 5, 6, 6, 6, 6, 6, 6, 6, 6, 6, 6, 6, 6, 6, 6, 6, 6, 6, 6, 6, 6, 6, 5, 6, 6, 6, 6, 6, 6, 6, 6, 6, 5, 6, 6, 6, 6, 6, 6, 5, 6, 6, 6, 6, 6, 6, 6, 6, 6, 6, 6, 6, 6, 6, 6, 6, 5, 6, 6, 6, 6, 6, 6, 6, 5, 6, 6, 6, 5, 6, 6, 5, 6, 6, 6, 5, 6, 6, 6, 6, 6, 6, 6, 6, 6, 6, 6, 6, 6, 6, 6, 6, 6, 6, 6, 6, 6, 6, 6, 6, 5, 6, 6, 6, 6, 6, 6, 6, 6, 6, 6, 6, 6, 6, 6, 6, 6, 6, 6, 6, 6]

################################################################
