Numero total de amostras 770

Tempo total de processamento: 0:12:40

############## TEMPOS DE PROCESSAMENTO DO EXERCICIO NO JAIL  ####################
Soma 4765 segundos
Media 6.188311688311688 segundos
Desvio padr達o 0.5015492947439848 segundos
Minimo 5 segundos
Maximo 7 segundos

95% 5.0 segundos
99% 5.0 segundos

############## TEMPOS DE PROCESSAMENTO DO EXERCICIO NO JAIL COM DOWNLOAD  ################
Soma 5315 segundos
Media 6.902597402597403 segundos
Desvio padr達o 0.6280197750989466 segundos
Minimo 6 segundos
Maximo 10 segundos

95% 6.0 segundos
99% 6.0 segundos

################### TEMPOS DE DOWNLOAD DO EXERCICIO NO JAIL #######################
Soma 550 segundos
Media 0.7142857142857143 segundos
Desvio padr達o 0.5186681960445678 segundos
Minimo 0 segundos
Maximo 3 segundos

95% 0.0 segundos
99% 0.0 segundos

############################ TEMPOS DE ESPERA NA FILA ############################
Soma 42468
Media 55.153246753246755 segundos
Desvio padr達o 27.541560493074066 segundos
Minimo 5 segundos
Maximo 108 segundos

95% 9.0 segundos
99% 9.0 segundos

################### queue_wait_time_list: ######################

[9, 12, 13, 12, 15, 13, 10, 13, 8, 15, 14, 6, 9, 8, 6, 5, 13, 13, 12, 12, 12, 14, 12, 9, 16, 8, 14, 16, 13, 11, 13, 14, 14, 16, 17, 15, 15, 15, 13, 17, 18, 17, 18, 16, 16, 16, 17, 15, 15, 15, 12, 17, 19, 17, 18, 18, 16, 18, 18, 20, 17, 16, 18, 17, 18, 18, 17, 19, 17, 19, 18, 18, 17, 19, 19, 18, 18, 19, 18, 20, 19, 20, 21, 18, 18, 21, 19, 19, 19, 22, 21, 20, 19, 21, 19, 21, 22, 22, 71, 54, 62, 55, 70, 56, 65, 58, 71, 58, 65, 60, 61, 64, 60, 69, 66, 69, 73, 71, 69, 68, 71, 75, 74, 73, 80, 83, 87, 85, 85, 86, 92, 92, 95, 97, 96, 97, 97, 101, 102, 99, 101, 18, 19, 18, 21, 20, 22, 24, 20, 20, 23, 23, 22, 24, 24, 22, 23, 21, 20, 22, 20, 22, 23, 23, 24, 26, 24, 24, 25, 23, 24, 22, 25, 25, 25, 25, 24, 24, 26, 26, 26, 27, 24, 25, 27, 25, 26, 26, 22, 23, 27, 28, 28, 28, 54, 62, 55, 68, 55, 64, 76, 58, 60, 64, 60, 72, 60, 65, 61, 69, 72, 68, 74, 68, 73, 68, 66, 67, 70, 72, 73, 81, 84, 88, 87, 90, 92, 92, 96, 95, 97, 96, 101, 100, 100, 25, 25, 24, 48, 28, 26, 27, 30, 30, 30, 48, 50, 51, 26, 52, 26, 28, 61, 28, 52, 52, 29, 29, 60, 29, 28, 54, 58, 60, 59, 64, 63, 60, 68, 63, 65, 69, 67, 71, 72, 73, 80, 85, 86, 88, 89, 90, 24, 25, 27, 25, 28, 28, 29, 31, 31, 32, 32, 31, 29, 30, 31, 31, 28, 30, 32, 30, 30, 32, 30, 32, 31, 31, 34, 33, 31, 35, 31, 33, 31, 31, 34, 32, 32, 33, 35, 35, 35, 32, 34, 36, 36, 34, 32, 32, 30, 32, 32, 37, 37, 36, 36, 35, 36, 38, 38, 62, 36, 39, 36, 38, 35, 37, 55, 34, 59, 64, 36, 37, 56, 68, 58, 61, 59, 59, 61, 68, 63, 67, 68, 71, 70, 71, 70, 67, 77, 84, 85, 89, 89, 91, 32, 33, 32, 32, 34, 33, 35, 36, 36, 40, 41, 39, 38, 38, 39, 38, 35, 36, 37, 41, 40, 43, 41, 41, 42, 39, 38, 42, 43, 40, 39, 40, 43, 45, 41, 43, 39, 43, 42, 42, 44, 43, 43, 44, 44, 44, 44, 38, 37, 64, 67, 56, 45, 45, 56, 62, 45, 58, 44, 45, 67, 58, 44, 46, 45, 46, 46, 46, 45, 62, 59, 59, 64, 61, 70, 66, 72, 71, 68, 67, 73, 72, 73, 76, 74, 76, 85, 86, 88, 88, 90, 92, 96, 94, 40, 45, 63, 70, 55, 56, 61, 70, 58, 63, 58, 58, 68, 66, 60, 61, 73, 65, 66, 71, 67, 69, 71, 72, 83, 69, 80, 67, 73, 79, 74, 86, 87, 88, 87, 87, 94, 91, 93, 95, 97, 101, 102, 97, 100, 99, 102, 39, 48, 51, 61, 54, 73, 46, 46, 46, 44, 46, 46, 46, 56, 62, 57, 70, 59, 63, 60, 70, 62, 66, 70, 66, 80, 66, 70, 69, 69, 72, 71, 72, 83, 83, 85, 87, 89, 95, 96, 91, 96, 97, 99, 102, 101, 99, 41, 49, 49, 39, 47, 41, 48, 40, 40, 41, 43, 42, 44, 44, 45, 49, 47, 47, 48, 47, 50, 49, 50, 48, 46, 47, 48, 50, 49, 50, 50, 49, 50, 52, 49, 51, 49, 51, 51, 49, 53, 52, 49, 52, 51, 51, 51, 48, 47, 47, 50, 61, 53, 65, 55, 57, 55, 62, 54, 57, 54, 54, 53, 53, 53, 54, 54, 53, 69, 61, 54, 55, 55, 54, 61, 66, 55, 67, 65, 70, 70, 68, 71, 70, 71, 82, 84, 86, 88, 89, 92, 94, 95, 93, 48, 48, 50, 51, 61, 55, 55, 63, 54, 72, 56, 57, 65, 74, 59, 65, 62, 60, 84, 66, 66, 66, 69, 77, 69, 73, 69, 73, 68, 69, 79, 75, 86, 87, 87, 87, 91, 93, 95, 97, 96, 98, 96, 102, 103, 99, 103, 86, 87, 87, 89, 89, 91, 89, 90, 91, 91, 90, 90, 93, 93, 94, 93, 96, 95, 97, 97, 97, 98, 99, 98, 99, 106, 105, 103, 102, 103, 105, 104, 104, 106, 102, 103, 105, 103, 105, 103, 106, 106, 106, 106, 105, 105, 107, 101, 100, 102, 102, 103, 104, 101, 103, 104, 102, 104, 102, 103, 105, 105, 106, 107, 108]

################################################################
################### jail_ex_download_list: ######################

[2, 1, 1, 1, 0, 1, 3, 0, 3, 1, 1, 3, 3, 3, 3, 3, 1, 1, 1, 1, 1, 0, 1, 1, 1, 2, 1, 1, 1, 1, 1, 1, 1, 0, 0, 1, 1, 1, 1, 1, 0, 0, 0, 0, 1, 1, 1, 1, 1, 1, 1, 0, 1, 0, 0, 1, 1, 1, 0, 0, 1, 0, 1, 1, 0, 1, 1, 1, 1, 1, 0, 0, 1, 0, 0, 0, 1, 0, 0, 0, 1, 0, 0, 1, 1, 0, 1, 1, 1, 1, 1, 1, 1, 1, 1, 1, 1, 1, 1, 1, 0, 0, 1, 1, 0, 1, 1, 0, 0, 1, 1, 1, 1, 1, 1, 1, 1, 1, 0, 1, 1, 1, 0, 1, 1, 1, 0, 1, 0, 1, 0, 1, 1, 0, 0, 0, 1, 1, 0, 1, 1, 1, 0, 1, 1, 1, 0, 0, 0, 1, 1, 1, 1, 1, 1, 1, 0, 1, 1, 0, 1, 1, 1, 0, 0, 0, 1, 1, 0, 1, 1, 1, 0, 1, 1, 1, 0, 1, 1, 1, 1, 0, 0, 1, 0, 1, 1, 1, 1, 1, 1, 1, 1, 1, 1, 1, 0, 1, 1, 1, 0, 1, 0, 1, 1, 1, 0, 0, 0, 0, 0, 1, 1, 1, 0, 0, 1, 1, 1, 1, 0, 1, 1, 0, 0, 1, 0, 1, 1, 0, 0, 1, 1, 0, 1, 0, 0, 1, 0, 1, 1, 1, 0, 0, 0, 1, 0, 0, 1, 0, 1, 1, 1, 0, 1, 1, 0, 1, 1, 0, 1, 1, 0, 1, 1, 1, 1, 0, 1, 1, 1, 0, 1, 0, 1, 1, 1, 1, 0, 0, 1, 1, 1, 1, 0, 1, 0, 1, 1, 1, 0, 0, 0, 0, 1, 1, 1, 0, 1, 1, 0, 1, 1, 0, 1, 1, 1, 0, 1, 1, 1, 0, 1, 1, 0, 0, 1, 1, 0, 1, 1, 1, 1, 1, 1, 0, 0, 1, 1, 0, 1, 1, 0, 0, 0, 1, 1, 1, 1, 1, 0, 0, 1, 0, 0, 1, 1, 1, 1, 1, 1, 1, 1, 1, 1, 0, 0, 0, 1, 1, 1, 0, 1, 1, 1, 0, 1, 1, 1, 1, 1, 1, 1, 1, 1, 1, 0, 1, 1, 1, 1, 1, 1, 1, 1, 0, 1, 1, 1, 1, 1, 1, 1, 0, 0, 1, 1, 1, 0, 1, 1, 1, 0, 0, 1, 1, 1, 1, 1, 0, 1, 1, 1, 1, 1, 1, 1, 1, 1, 0, 1, 0, 1, 1, 1, 0, 1, 0, 1, 1, 1, 0, 1, 1, 1, 1, 0, 1, 1, 0, 1, 1, 0, 1, 1, 1, 0, 0, 1, 0, 1, 1, 1, 1, 1, 1, 0, 1, 1, 1, 1, 1, 1, 0, 0, 1, 0, 0, 1, 1, 1, 1, 0, 1, 1, 1, 0, 1, 1, 1, 1, 1, 0, 0, 1, 1, 0, 1, 1, 0, 1, 0, 0, 1, 1, 1, 1, 0, 0, 1, 1, 1, 0, 0, 1, 1, 1, 0, 1, 1, 1, 0, 0, 0, 1, 1, 0, 0, 1, 1, 1, 1, 1, 1, 0, 1, 1, 1, 1, 1, 2, 1, 1, 0, 1, 1, 1, 1, 0, 1, 1, 1, 1, 1, 1, 1, 0, 1, 1, 1, 1, 1, 1, 0, 1, 1, 0, 1, 1, 0, 0, 1, 0, 1, 1, 1, 0, 1, 1, 0, 0, 1, 1, 1, 0, 1, 1, 0, 0, 0, 1, 1, 1, 1, 1, 1, 1, 1, 1, 1, 1, 1, 1, 1, 1, 1, 0, 1, 0, 1, 1, 0, 0, 1, 1, 1, 1, 1, 1, 1, 1, 0, 0, 1, 1, 1, 1, 1, 0, 1, 0, 1, 1, 1, 1, 1, 1, 1, 1, 0, 0, 1, 1, 0, 0, 1, 0, 1, 0, 0, 2, 0, 1, 0, 1, 1, 1, 1, 1, 1, 1, 0, 1, 0, 0, 1, 0, 1, 1, 0, 0, 1, 1, 0, 0, 0, 0, 0, 1, 0, 1, 1, 1, 1, 1, 1, 1, 1, 0, 1, 0, 0, 1, 1, 0, 1, 1, 1, 1, 1, 0, 1, 0, 0, 0, 1, 1, 0, 0, 1, 0, 1, 0, 0, 1, 0, 1, 0, 0, 0, 0, 1, 0, 0, 1, 1, 1, 1, 1, 1, 0, 1, 1, 0, 1, 1, 0, 1, 1, 1, 1, 0, 1, 0, 1, 1, 0, 1, 1, 1, 1, 1, 1, 1, 1, 1, 1, 1, 1, 1, 1, 1, 0, 1, 1, 0, 0, 0, 1, 0, 1, 1, 1, 1, 1, 1, 1, 1, 1, 1]

################################################################
################################################################
################### process_jail_download_list: ######################

[8, 7, 7, 7, 7, 7, 9, 7, 10, 8, 7, 10, 10, 10, 10, 10, 7, 7, 7, 7, 7, 6, 7, 7, 7, 8, 7, 7, 7, 7, 7, 7, 7, 6, 7, 6, 7, 8, 7, 7, 6, 6, 6, 6, 7, 6, 7, 7, 7, 8, 8, 6, 7, 6, 6, 7, 7, 7, 6, 6, 7, 6, 6, 7, 6, 6, 7, 6, 7, 6, 6, 6, 7, 7, 6, 6, 6, 6, 6, 6, 7, 7, 7, 6, 7, 6, 7, 7, 7, 6, 6, 7, 7, 7, 7, 7, 7, 7, 6, 7, 6, 7, 7, 7, 7, 7, 7, 6, 6, 7, 7, 7, 7, 7, 7, 7, 7, 7, 7, 7, 7, 8, 7, 8, 7, 7, 7, 7, 7, 7, 7, 7, 7, 6, 7, 7, 8, 7, 6, 7, 6, 7, 7, 7, 7, 7, 6, 6, 6, 7, 7, 7, 7, 7, 7, 7, 7, 8, 8, 6, 7, 7, 7, 6, 6, 6, 7, 6, 6, 7, 7, 7, 7, 7, 7, 8, 6, 7, 6, 7, 7, 7, 6, 7, 7, 7, 7, 7, 7, 7, 7, 7, 7, 7, 7, 7, 6, 8, 7, 7, 7, 7, 6, 7, 7, 7, 6, 7, 6, 6, 6, 7, 7, 7, 7, 7, 7, 7, 7, 7, 7, 8, 7, 7, 6, 7, 6, 8, 7, 7, 6, 8, 7, 7, 7, 6, 6, 7, 6, 7, 7, 7, 6, 7, 7, 7, 7, 7, 7, 7, 7, 6, 7, 6, 7, 7, 7, 7, 7, 7, 7, 7, 6, 7, 7, 7, 7, 6, 7, 7, 7, 6, 7, 7, 7, 7, 8, 7, 7, 6, 8, 8, 7, 8, 7, 7, 6, 7, 7, 7, 7, 7, 6, 7, 7, 7, 7, 6, 7, 6, 6, 7, 6, 6, 7, 7, 7, 7, 7, 7, 7, 7, 7, 7, 6, 7, 7, 7, 6, 8, 7, 7, 7, 7, 7, 6, 6, 7, 7, 6, 7, 6, 6, 7, 7, 6, 7, 7, 7, 8, 7, 6, 7, 7, 7, 6, 7, 7, 7, 8, 8, 7, 7, 8, 8, 6, 6, 6, 7, 7, 7, 6, 7, 7, 6, 7, 7, 7, 7, 7, 7, 7, 7, 8, 8, 7, 6, 7, 8, 6, 7, 7, 7, 7, 7, 6, 6, 7, 7, 7, 7, 7, 7, 6, 6, 7, 7, 7, 6, 7, 7, 7, 6, 7, 8, 7, 7, 7, 7, 6, 8, 7, 7, 8, 7, 7, 7, 7, 7, 7, 6, 6, 7, 7, 7, 6, 7, 6, 6, 7, 8, 7, 7, 7, 7, 7, 6, 7, 7, 6, 7, 6, 6, 7, 7, 7, 6, 7, 7, 6, 7, 8, 7, 7, 6, 7, 6, 7, 7, 8, 8, 7, 8, 6, 7, 8, 7, 7, 7, 8, 7, 7, 6, 8, 7, 8, 7, 7, 7, 7, 7, 7, 7, 6, 7, 7, 7, 8, 7, 6, 7, 6, 6, 7, 8, 7, 7, 7, 6, 8, 8, 7, 7, 7, 7, 8, 7, 7, 7, 7, 7, 7, 7, 7, 7, 7, 6, 6, 7, 7, 7, 7, 7, 7, 6, 7, 7, 7, 7, 6, 8, 6, 7, 7, 7, 7, 7, 8, 7, 7, 8, 7, 7, 7, 7, 7, 6, 8, 7, 8, 8, 8, 8, 6, 7, 7, 7, 8, 7, 7, 7, 7, 7, 7, 7, 7, 6, 7, 7, 6, 6, 8, 8, 8, 6, 7, 7, 6, 7, 6, 7, 7, 7, 7, 7, 7, 6, 7, 7, 7, 7, 7, 7, 7, 7, 7, 7, 7, 6, 6, 7, 6, 7, 7, 7, 7, 8, 8, 7, 6, 8, 7, 6, 7, 6, 7, 7, 7, 6, 7, 6, 7, 7, 7, 7, 7, 7, 7, 7, 6, 6, 6, 8, 6, 6, 6, 7, 7, 7, 7, 8, 6, 7, 7, 7, 7, 7, 8, 8, 8, 7, 7, 7, 6, 7, 7, 7, 7, 7, 7, 7, 7, 7, 6, 6, 6, 6, 7, 7, 6, 7, 6, 7, 7, 7, 7, 7, 8, 6, 7, 6, 6, 7, 7, 6, 7, 7, 8, 8, 8, 7, 8, 7, 6, 7, 7, 7, 6, 7, 8, 6, 7, 6, 7, 7, 7, 7, 6, 7, 7, 7, 7, 6, 7, 7, 7, 7, 7, 7, 8, 6, 7, 7, 6, 7, 7, 7, 8, 8, 8, 7, 6, 7, 6, 7, 7, 6, 7, 7, 7, 7, 7, 7, 8, 8, 7, 7, 7, 7, 7, 7, 7, 7, 7, 7, 7, 6, 7, 7, 7, 7, 7, 7, 7, 8, 6, 7, 7, 7, 6]

################################################################
################################################################
################### process_jail_list: ######################

[6, 6, 6, 6, 7, 6, 6, 7, 7, 7, 6, 7, 7, 7, 7, 7, 6, 6, 6, 6, 6, 6, 6, 6, 6, 6, 6, 6, 6, 6, 6, 6, 6, 6, 7, 5, 6, 7, 6, 6, 6, 6, 6, 6, 6, 5, 6, 6, 6, 7, 7, 6, 6, 6, 6, 6, 6, 6, 6, 6, 6, 6, 5, 6, 6, 5, 6, 5, 6, 5, 6, 6, 6, 7, 6, 6, 5, 6, 6, 6, 6, 7, 7, 5, 6, 6, 6, 6, 6, 5, 5, 6, 6, 6, 6, 6, 6, 6, 5, 6, 6, 7, 6, 6, 7, 6, 6, 6, 6, 6, 6, 6, 6, 6, 6, 6, 6, 6, 7, 6, 6, 7, 7, 7, 6, 6, 7, 6, 7, 6, 7, 6, 6, 6, 7, 7, 7, 6, 6, 6, 5, 6, 7, 6, 6, 6, 6, 6, 6, 6, 6, 6, 6, 6, 6, 6, 7, 7, 7, 6, 6, 6, 6, 6, 6, 6, 6, 5, 6, 6, 6, 6, 7, 6, 6, 7, 6, 6, 5, 6, 6, 7, 6, 6, 7, 6, 6, 6, 6, 6, 6, 6, 6, 6, 6, 6, 6, 7, 6, 6, 7, 6, 6, 6, 6, 6, 6, 7, 6, 6, 6, 6, 6, 6, 7, 7, 6, 6, 6, 6, 7, 7, 6, 7, 6, 6, 6, 7, 6, 7, 6, 7, 6, 7, 6, 6, 6, 6, 6, 6, 6, 6, 6, 7, 7, 6, 7, 7, 6, 7, 6, 5, 6, 6, 6, 6, 7, 6, 6, 7, 6, 6, 6, 6, 6, 6, 6, 6, 6, 6, 6, 6, 6, 7, 6, 6, 7, 6, 7, 6, 7, 7, 6, 7, 7, 6, 6, 6, 6, 6, 7, 7, 6, 7, 6, 6, 6, 6, 6, 5, 6, 6, 5, 6, 6, 6, 6, 7, 6, 6, 6, 7, 6, 6, 6, 7, 6, 6, 6, 7, 6, 6, 6, 6, 6, 6, 6, 6, 6, 6, 6, 5, 6, 7, 7, 5, 6, 6, 6, 7, 7, 6, 6, 7, 7, 5, 6, 6, 6, 7, 7, 6, 6, 7, 7, 6, 6, 6, 6, 6, 6, 6, 6, 6, 5, 7, 6, 6, 6, 6, 6, 6, 6, 7, 7, 6, 6, 6, 7, 5, 6, 6, 6, 6, 6, 6, 5, 6, 6, 6, 6, 6, 6, 6, 6, 6, 6, 6, 6, 6, 6, 6, 6, 7, 7, 6, 6, 6, 6, 6, 7, 6, 6, 7, 6, 6, 6, 6, 6, 7, 5, 6, 6, 6, 6, 6, 6, 6, 5, 6, 7, 7, 6, 6, 6, 6, 6, 6, 6, 6, 6, 5, 6, 6, 6, 6, 6, 7, 6, 6, 6, 7, 6, 6, 5, 6, 6, 6, 6, 7, 7, 6, 7, 6, 7, 7, 7, 7, 6, 7, 6, 6, 6, 7, 6, 7, 7, 6, 6, 6, 6, 6, 7, 6, 6, 6, 7, 7, 6, 6, 6, 6, 6, 6, 7, 6, 6, 7, 6, 7, 7, 6, 7, 7, 6, 7, 6, 7, 6, 6, 6, 7, 7, 7, 6, 6, 6, 6, 6, 6, 6, 6, 6, 6, 6, 6, 6, 6, 6, 5, 6, 5, 6, 7, 6, 6, 6, 7, 7, 6, 7, 6, 6, 6, 6, 6, 6, 7, 6, 7, 7, 7, 7, 6, 6, 6, 7, 7, 6, 7, 7, 6, 7, 6, 6, 6, 6, 6, 6, 6, 6, 7, 7, 7, 6, 6, 6, 6, 7, 6, 6, 6, 6, 6, 6, 6, 5, 6, 6, 6, 6, 6, 6, 6, 6, 6, 7, 6, 6, 5, 6, 6, 7, 6, 6, 6, 7, 7, 6, 5, 7, 7, 6, 6, 5, 6, 6, 6, 6, 6, 6, 6, 6, 6, 6, 6, 6, 6, 6, 6, 6, 5, 7, 6, 6, 5, 7, 6, 7, 7, 6, 6, 6, 7, 6, 6, 6, 7, 7, 7, 6, 7, 6, 6, 7, 6, 7, 6, 6, 7, 7, 6, 6, 6, 6, 6, 6, 7, 6, 6, 6, 5, 6, 6, 6, 6, 6, 7, 6, 6, 6, 6, 6, 6, 6, 6, 6, 7, 7, 7, 7, 7, 7, 6, 7, 6, 6, 6, 7, 7, 6, 6, 6, 7, 6, 7, 6, 6, 7, 7, 7, 6, 6, 7, 6, 6, 6, 6, 6, 7, 6, 6, 6, 6, 6, 6, 7, 7, 7, 7, 6, 6, 6, 6, 6, 6, 6, 6, 6, 6, 6, 6, 6, 7, 7, 6, 6, 6, 6, 6, 6, 6, 7, 6, 6, 7, 6, 7, 6, 7, 6, 6, 6, 6, 7, 5, 6, 6, 6, 5]

################################################################
