Numero total de amostras 770

Tempo total de processamento: 0:11:01

############## TEMPOS DE PROCESSAMENTO DO EXERCICIO NO JAIL  ####################
Soma 4493 segundos
Media 5.835064935064935 segundos
Desvio padrão 0.3711219331835979 segundos
Minimo 5 segundos
Maximo 6 segundos

95% 5.0 segundos
99% 5.0 segundos

############## TEMPOS DE PROCESSAMENTO DO EXERCICIO NO JAIL COM DOWNLOAD  ################
Soma 5003 segundos
Media 6.497402597402598 segundos
Desvio padrão 0.5228478525119621 segundos
Minimo 6 segundos
Maximo 8 segundos

95% 6.0 segundos
99% 6.0 segundos

################### TEMPOS DE DOWNLOAD DO EXERCICIO NO JAIL #######################
Soma 510 segundos
Media 0.6623376623376623 segundos
Desvio padrão 0.49962036523821673 segundos
Minimo 0 segundos
Maximo 2 segundos

95% 0.0 segundos
99% 0.0 segundos

############################ TEMPOS DE ESPERA NA FILA ############################
Soma 722
Media 0.9376623376623376 segundos
Desvio padrão 0.8273002503117982 segundos
Minimo 0 segundos
Maximo 4 segundos

95% 0.0 segundos
99% 0.0 segundos

################### queue_wait_time_list: ######################

[0, 2, 1, 4, 1, 2, 0, 4, 4, 2, 4, 2, 1, 3, 2, 0, 2, 4, 1, 1, 0, 1, 1, 1, 1, 3, 2, 4, 2, 1, 2, 2, 1, 1, 0, 1, 0, 0, 1, 1, 1, 2, 2, 0, 1, 1, 0, 2, 1, 0, 0, 1, 0, 0, 1, 1, 0, 0, 1, 0, 1, 2, 2, 1, 1, 0, 1, 2, 1, 0, 1, 1, 1, 1, 0, 0, 0, 0, 1, 2, 1, 0, 0, 0, 0, 1, 0, 1, 0, 1, 3, 2, 0, 2, 0, 1, 1, 0, 0, 0, 1, 1, 0, 1, 1, 1, 1, 1, 1, 1, 0, 1, 1, 0, 1, 0, 1, 1, 0, 0, 1, 1, 1, 1, 1, 0, 1, 1, 1, 0, 2, 0, 1, 0, 1, 2, 1, 0, 1, 1, 1, 1, 1, 2, 1, 1, 1, 2, 0, 2, 0, 1, 0, 2, 1, 1, 1, 1, 2, 2, 0, 1, 3, 1, 2, 3, 1, 2, 2, 1, 0, 0, 1, 1, 1, 0, 1, 2, 1, 1, 1, 2, 1, 1, 1, 1, 0, 2, 2, 1, 1, 1, 1, 0, 0, 0, 1, 0, 1, 1, 1, 0, 0, 2, 1, 1, 0, 1, 0, 2, 1, 0, 0, 1, 2, 0, 1, 1, 1, 0, 2, 0, 0, 1, 0, 2, 1, 1, 1, 3, 3, 1, 0, 3, 2, 1, 2, 0, 1, 1, 1, 0, 1, 2, 1, 0, 2, 1, 0, 1, 1, 0, 2, 0, 1, 1, 1, 0, 1, 0, 1, 1, 1, 1, 0, 3, 2, 1, 0, 1, 1, 1, 2, 1, 3, 1, 1, 1, 1, 1, 1, 0, 1, 2, 2, 2, 1, 1, 1, 1, 0, 2, 0, 1, 0, 0, 1, 2, 1, 2, 0, 1, 0, 1, 1, 1, 1, 2, 2, 0, 0, 0, 1, 1, 1, 1, 1, 1, 1, 0, 0, 1, 1, 1, 1, 0, 1, 2, 1, 1, 0, 1, 0, 1, 0, 2, 1, 1, 1, 1, 0, 0, 1, 0, 0, 1, 2, 1, 2, 2, 0, 1, 1, 0, 0, 0, 1, 1, 1, 1, 1, 1, 1, 1, 0, 2, 1, 1, 0, 1, 1, 2, 1, 0, 1, 0, 0, 2, 2, 0, 0, 0, 1, 1, 0, 2, 0, 0, 1, 0, 1, 0, 1, 0, 1, 0, 3, 1, 3, 1, 2, 0, 1, 1, 2, 0, 2, 1, 2, 0, 2, 1, 1, 2, 2, 2, 2, 1, 2, 1, 0, 0, 2, 3, 2, 0, 1, 3, 0, 1, 2, 0, 0, 1, 1, 1, 0, 0, 3, 3, 3, 2, 3, 4, 2, 2, 1, 1, 3, 0, 1, 1, 2, 2, 0, 0, 0, 1, 3, 1, 1, 3, 2, 1, 0, 2, 3, 1, 0, 2, 2, 2, 2, 0, 2, 2, 1, 0, 1, 1, 2, 1, 1, 2, 1, 1, 1, 0, 1, 2, 1, 1, 0, 0, 1, 2, 1, 0, 0, 0, 2, 1, 1, 0, 0, 0, 1, 0, 1, 0, 1, 1, 0, 0, 0, 1, 1, 0, 1, 0, 0, 0, 1, 2, 1, 0, 1, 2, 0, 0, 1, 2, 0, 1, 0, 0, 1, 1, 2, 1, 0, 0, 1, 0, 1, 1, 1, 1, 1, 0, 0, 1, 2, 1, 0, 0, 1, 1, 2, 1, 1, 1, 0, 0, 1, 1, 1, 1, 1, 0, 1, 1, 1, 0, 1, 1, 2, 1, 0, 0, 0, 1, 1, 2, 1, 1, 1, 0, 0, 1, 2, 1, 1, 1, 0, 2, 1, 1, 0, 1, 1, 0, 1, 0, 0, 1, 0, 1, 0, 1, 0, 1, 1, 1, 2, 1, 1, 1, 0, 0, 0, 0, 1, 0, 1, 2, 1, 1, 1, 0, 1, 1, 0, 1, 2, 2, 1, 1, 0, 2, 1, 1, 1, 2, 1, 0, 3, 0, 2, 1, 1, 1, 0, 1, 1, 1, 0, 1, 1, 1, 0, 1, 0, 0, 1, 1, 1, 0, 0, 2, 1, 1, 1, 0, 1, 1, 0, 2, 2, 1, 0, 2, 0, 1, 0, 1, 1, 0, 1, 1, 1, 1, 0, 0, 0, 0, 1, 1, 0, 1, 1, 1, 0, 1, 0, 1, 0, 0, 0, 0, 1, 0, 0, 0, 0, 1, 1, 1, 0, 0, 0, 0, 1, 1, 0, 1, 1, 1, 0, 1, 1, 0, 0, 1, 0, 0, 0, 0, 0, 1, 0, 2, 2, 0, 1, 2, 1, 0, 2, 2, 2, 2, 2, 2, 3, 0, 1, 1, 0, 0, 2, 1, 0, 0, 1, 2, 0, 1, 1, 1]

################################################################
################### jail_ex_download_list: ######################

[1, 0, 2, 0, 1, 0, 1, 1, 0, 2, 1, 1, 1, 2, 2, 2, 2, 0, 2, 2, 2, 0, 0, 0, 1, 1, 0, 1, 1, 1, 0, 1, 1, 1, 1, 1, 1, 1, 0, 0, 1, 0, 1, 1, 1, 1, 1, 0, 0, 1, 0, 0, 1, 1, 0, 1, 1, 0, 1, 1, 0, 1, 0, 0, 1, 0, 1, 0, 0, 1, 1, 1, 0, 1, 1, 1, 1, 0, 0, 1, 1, 0, 0, 1, 0, 1, 1, 1, 1, 1, 0, 0, 1, 0, 1, 0, 0, 1, 0, 1, 0, 0, 1, 1, 1, 0, 0, 1, 0, 0, 1, 0, 1, 1, 0, 1, 0, 1, 1, 1, 1, 1, 1, 1, 0, 1, 1, 1, 1, 1, 0, 1, 1, 1, 1, 1, 0, 1, 1, 1, 0, 0, 0, 0, 1, 0, 1, 1, 1, 0, 0, 1, 1, 1, 0, 1, 0, 0, 0, 0, 1, 1, 0, 1, 1, 0, 0, 1, 1, 1, 1, 1, 1, 0, 0, 1, 0, 0, 1, 0, 1, 0, 1, 1, 0, 1, 1, 1, 1, 1, 1, 1, 0, 1, 0, 1, 1, 1, 0, 1, 1, 1, 1, 1, 0, 1, 1, 0, 1, 0, 1, 1, 1, 1, 0, 1, 1, 0, 1, 1, 1, 1, 1, 0, 0, 1, 0, 1, 0, 0, 0, 1, 1, 0, 0, 1, 0, 0, 1, 0, 0, 1, 1, 1, 1, 1, 1, 1, 1, 0, 0, 1, 1, 1, 1, 1, 0, 1, 1, 1, 0, 1, 0, 0, 1, 0, 1, 1, 1, 1, 1, 1, 1, 0, 0, 1, 0, 0, 1, 1, 1, 1, 0, 0, 0, 1, 1, 1, 0, 0, 1, 1, 1, 1, 1, 1, 1, 1, 1, 0, 1, 0, 1, 1, 0, 0, 1, 1, 1, 0, 0, 1, 1, 1, 1, 0, 1, 1, 1, 1, 1, 0, 1, 0, 0, 0, 1, 0, 1, 0, 1, 0, 1, 0, 0, 1, 0, 1, 1, 1, 1, 1, 1, 1, 1, 1, 1, 0, 1, 0, 1, 1, 1, 1, 0, 1, 0, 1, 1, 0, 0, 0, 0, 1, 1, 1, 1, 0, 1, 0, 1, 1, 1, 0, 1, 1, 1, 0, 0, 1, 1, 1, 1, 1, 1, 1, 1, 1, 1, 1, 1, 0, 0, 1, 1, 0, 0, 1, 0, 1, 1, 1, 0, 0, 1, 0, 1, 1, 1, 1, 1, 0, 1, 1, 1, 0, 1, 0, 1, 1, 1, 1, 1, 0, 0, 1, 0, 0, 0, 1, 1, 0, 1, 1, 0, 0, 1, 1, 0, 1, 0, 1, 0, 0, 0, 1, 1, 1, 0, 1, 1, 1, 0, 1, 1, 0, 1, 1, 1, 1, 0, 0, 1, 0, 1, 1, 1, 1, 1, 1, 1, 1, 0, 1, 0, 1, 1, 1, 1, 1, 1, 1, 1, 1, 0, 1, 1, 1, 0, 0, 0, 0, 1, 1, 1, 1, 0, 1, 1, 1, 0, 1, 1, 1, 1, 1, 0, 0, 1, 1, 0, 1, 1, 1, 1, 1, 1, 1, 1, 1, 1, 1, 1, 0, 1, 1, 1, 0, 0, 1, 0, 1, 1, 0, 1, 1, 1, 0, 1, 1, 1, 1, 0, 0, 1, 1, 0, 0, 1, 0, 0, 0, 0, 1, 1, 1, 1, 0, 0, 0, 0, 1, 1, 0, 1, 1, 1, 0, 1, 1, 0, 0, 1, 1, 1, 1, 0, 1, 1, 1, 0, 1, 1, 0, 0, 0, 1, 1, 0, 0, 1, 0, 0, 1, 1, 0, 1, 1, 1, 1, 0, 1, 0, 1, 1, 0, 1, 1, 0, 1, 1, 0, 1, 1, 0, 1, 1, 1, 1, 0, 0, 1, 1, 1, 0, 0, 1, 1, 1, 1, 1, 1, 1, 1, 1, 1, 1, 1, 1, 0, 1, 0, 0, 1, 1, 1, 0, 1, 0, 0, 1, 0, 1, 1, 1, 0, 1, 0, 1, 0, 1, 1, 1, 1, 1, 0, 1, 1, 2, 1, 1, 0, 1, 1, 0, 0, 1, 0, 0, 0, 0, 0, 1, 1, 1, 0, 1, 1, 1, 1, 1, 1, 1, 1, 1, 1, 1, 0, 1, 0, 0, 0, 1, 0, 1, 1, 1, 1, 1, 0, 0, 1, 0, 0, 1, 0, 1, 0, 1, 1, 1, 1, 1, 1, 1, 1, 0, 1, 1, 0, 0, 1, 1, 0, 1, 1, 1, 1, 1, 1, 1, 0, 0, 1, 1, 0, 1, 1, 0, 1, 0, 1, 0, 1, 0, 1, 0, 0, 1, 1, 0, 1, 1, 1, 0, 0, 0, 1, 1, 0]

################################################################
################################################################
################### process_jail_download_list: ######################

[7, 6, 8, 6, 6, 6, 7, 7, 6, 8, 7, 7, 7, 8, 8, 8, 8, 6, 8, 8, 8, 6, 6, 6, 7, 6, 6, 7, 7, 7, 6, 7, 7, 7, 7, 7, 7, 7, 6, 6, 7, 6, 7, 6, 6, 7, 6, 6, 6, 7, 6, 6, 7, 7, 6, 7, 7, 6, 7, 6, 6, 7, 6, 6, 7, 6, 7, 6, 6, 7, 7, 6, 6, 7, 7, 7, 7, 6, 6, 6, 7, 6, 6, 7, 6, 6, 7, 7, 7, 7, 6, 6, 7, 6, 7, 6, 6, 7, 6, 7, 6, 6, 6, 6, 7, 6, 6, 7, 6, 6, 7, 6, 7, 7, 6, 7, 6, 7, 7, 6, 6, 7, 7, 6, 6, 7, 6, 6, 7, 7, 6, 7, 7, 7, 7, 7, 6, 7, 7, 7, 6, 6, 6, 6, 7, 6, 7, 7, 7, 6, 6, 7, 7, 6, 6, 7, 6, 6, 6, 6, 7, 6, 6, 7, 7, 6, 6, 7, 7, 7, 7, 7, 6, 6, 6, 7, 6, 6, 7, 6, 7, 6, 7, 7, 6, 7, 7, 7, 6, 7, 7, 7, 6, 7, 6, 7, 7, 7, 6, 6, 6, 7, 6, 6, 6, 7, 7, 6, 7, 6, 6, 6, 7, 6, 6, 7, 7, 6, 6, 7, 7, 7, 7, 6, 6, 7, 6, 7, 6, 6, 6, 6, 6, 6, 6, 6, 6, 6, 7, 6, 6, 7, 7, 7, 6, 7, 7, 7, 7, 6, 6, 7, 6, 7, 7, 6, 6, 7, 6, 7, 6, 6, 6, 6, 7, 6, 7, 7, 7, 7, 7, 6, 7, 6, 6, 7, 6, 6, 7, 7, 6, 7, 6, 6, 6, 6, 7, 6, 6, 6, 7, 6, 6, 7, 7, 7, 7, 7, 7, 6, 6, 6, 6, 6, 6, 6, 7, 6, 7, 6, 6, 7, 7, 7, 7, 6, 7, 7, 7, 7, 7, 6, 7, 6, 6, 6, 7, 6, 6, 6, 7, 6, 7, 6, 6, 6, 6, 7, 7, 6, 7, 7, 7, 7, 6, 6, 7, 6, 7, 6, 7, 7, 7, 7, 6, 7, 6, 6, 7, 6, 6, 6, 6, 7, 7, 6, 6, 6, 6, 6, 6, 7, 7, 6, 7, 7, 7, 6, 6, 6, 7, 6, 7, 7, 6, 6, 7, 7, 7, 7, 7, 6, 6, 7, 7, 6, 6, 7, 6, 7, 7, 7, 6, 6, 6, 6, 7, 6, 6, 7, 6, 6, 7, 7, 7, 6, 7, 6, 7, 7, 7, 7, 7, 6, 6, 7, 6, 6, 6, 6, 7, 6, 7, 7, 6, 6, 7, 6, 6, 6, 6, 7, 6, 6, 6, 6, 7, 7, 6, 7, 7, 7, 6, 7, 7, 6, 7, 6, 7, 6, 6, 6, 7, 6, 7, 7, 7, 7, 7, 7, 7, 6, 6, 7, 6, 7, 7, 7, 7, 7, 7, 7, 7, 7, 6, 7, 7, 7, 6, 6, 6, 6, 7, 7, 6, 6, 6, 7, 7, 7, 6, 7, 7, 6, 6, 7, 6, 6, 6, 7, 6, 6, 7, 7, 7, 6, 6, 7, 7, 7, 7, 7, 6, 6, 7, 6, 6, 6, 6, 7, 6, 6, 6, 6, 7, 7, 7, 6, 6, 7, 7, 7, 6, 6, 7, 7, 6, 6, 7, 6, 6, 6, 6, 6, 7, 7, 7, 6, 6, 6, 6, 6, 7, 6, 6, 6, 7, 6, 7, 7, 6, 6, 7, 7, 6, 7, 6, 6, 7, 7, 6, 7, 6, 6, 6, 6, 6, 7, 6, 6, 7, 6, 6, 7, 7, 6, 7, 7, 7, 7, 6, 7, 6, 7, 7, 6, 6, 6, 6, 7, 7, 6, 7, 6, 6, 6, 6, 6, 7, 6, 6, 7, 7, 7, 6, 6, 7, 7, 7, 7, 7, 6, 7, 7, 6, 6, 7, 6, 7, 6, 7, 6, 6, 6, 7, 7, 6, 7, 6, 6, 7, 6, 7, 7, 7, 6, 7, 6, 7, 6, 7, 7, 6, 7, 7, 6, 6, 7, 7, 6, 6, 6, 6, 6, 6, 6, 7, 6, 6, 6, 6, 6, 7, 7, 6, 6, 6, 7, 6, 6, 7, 6, 7, 7, 7, 6, 7, 6, 7, 6, 6, 6, 7, 6, 7, 7, 7, 6, 7, 6, 6, 7, 6, 6, 7, 6, 7, 6, 7, 7, 7, 7, 6, 7, 6, 6, 6, 6, 7, 6, 6, 6, 7, 6, 7, 6, 6, 7, 7, 7, 7, 6, 6, 7, 7, 6, 7, 6, 6, 7, 6, 7, 6, 7, 6, 6, 6, 6, 7, 7, 6, 7, 7, 7, 6, 6, 6, 7, 7, 6]

################################################################
################################################################
################### process_jail_list: ######################

[6, 6, 6, 6, 5, 6, 6, 6, 6, 6, 6, 6, 6, 6, 6, 6, 6, 6, 6, 6, 6, 6, 6, 6, 6, 5, 6, 6, 6, 6, 6, 6, 6, 6, 6, 6, 6, 6, 6, 6, 6, 6, 6, 5, 5, 6, 5, 6, 6, 6, 6, 6, 6, 6, 6, 6, 6, 6, 6, 5, 6, 6, 6, 6, 6, 6, 6, 6, 6, 6, 6, 5, 6, 6, 6, 6, 6, 6, 6, 5, 6, 6, 6, 6, 6, 5, 6, 6, 6, 6, 6, 6, 6, 6, 6, 6, 6, 6, 6, 6, 6, 6, 5, 5, 6, 6, 6, 6, 6, 6, 6, 6, 6, 6, 6, 6, 6, 6, 6, 5, 5, 6, 6, 5, 6, 6, 5, 5, 6, 6, 6, 6, 6, 6, 6, 6, 6, 6, 6, 6, 6, 6, 6, 6, 6, 6, 6, 6, 6, 6, 6, 6, 6, 5, 6, 6, 6, 6, 6, 6, 6, 5, 6, 6, 6, 6, 6, 6, 6, 6, 6, 6, 5, 6, 6, 6, 6, 6, 6, 6, 6, 6, 6, 6, 6, 6, 6, 6, 5, 6, 6, 6, 6, 6, 6, 6, 6, 6, 6, 5, 5, 6, 5, 5, 6, 6, 6, 6, 6, 6, 5, 5, 6, 5, 6, 6, 6, 6, 5, 6, 6, 6, 6, 6, 6, 6, 6, 6, 6, 6, 6, 5, 5, 6, 6, 5, 6, 6, 6, 6, 6, 6, 6, 6, 5, 6, 6, 6, 6, 6, 6, 6, 5, 6, 6, 5, 6, 6, 5, 6, 6, 5, 6, 6, 6, 6, 6, 6, 6, 6, 6, 5, 6, 6, 6, 6, 6, 6, 6, 6, 5, 6, 6, 6, 6, 5, 6, 5, 6, 6, 6, 5, 5, 6, 6, 6, 6, 6, 6, 6, 5, 6, 5, 5, 6, 6, 6, 5, 6, 6, 6, 6, 6, 6, 6, 6, 6, 6, 6, 6, 6, 6, 6, 6, 6, 6, 6, 6, 5, 6, 6, 6, 6, 6, 6, 5, 6, 6, 6, 5, 6, 6, 6, 6, 5, 5, 6, 6, 6, 6, 6, 6, 6, 6, 6, 6, 6, 5, 6, 6, 6, 6, 6, 6, 6, 5, 5, 6, 5, 6, 5, 6, 6, 6, 6, 6, 6, 6, 6, 5, 6, 5, 6, 6, 5, 5, 6, 6, 6, 6, 6, 6, 6, 6, 6, 6, 6, 6, 6, 6, 6, 6, 6, 6, 5, 6, 6, 5, 5, 6, 5, 6, 6, 6, 6, 6, 6, 6, 6, 6, 6, 6, 6, 6, 6, 6, 6, 6, 6, 5, 6, 6, 6, 6, 6, 6, 6, 5, 6, 5, 6, 6, 6, 6, 6, 5, 6, 6, 6, 6, 6, 6, 6, 6, 6, 6, 6, 5, 6, 5, 6, 6, 6, 6, 6, 6, 6, 6, 6, 6, 6, 5, 6, 6, 6, 6, 6, 6, 6, 6, 6, 6, 6, 6, 6, 6, 6, 6, 6, 6, 6, 6, 6, 6, 5, 5, 6, 6, 6, 6, 6, 6, 6, 5, 5, 6, 6, 6, 5, 6, 6, 5, 6, 6, 6, 5, 5, 6, 6, 6, 6, 6, 5, 6, 6, 5, 5, 6, 6, 6, 6, 5, 5, 6, 6, 6, 6, 6, 5, 6, 6, 6, 6, 6, 6, 6, 6, 6, 6, 6, 6, 6, 6, 5, 6, 6, 6, 6, 6, 6, 6, 5, 6, 6, 5, 5, 6, 6, 6, 6, 6, 6, 6, 6, 5, 6, 6, 5, 6, 6, 6, 6, 5, 6, 6, 6, 5, 6, 6, 6, 6, 6, 6, 6, 6, 6, 6, 6, 6, 6, 6, 6, 6, 6, 6, 6, 5, 5, 6, 6, 6, 6, 6, 5, 6, 5, 5, 5, 6, 6, 6, 6, 6, 6, 6, 6, 6, 6, 6, 6, 6, 5, 6, 6, 5, 5, 6, 5, 6, 6, 6, 6, 6, 5, 6, 6, 6, 6, 6, 6, 6, 6, 6, 6, 6, 6, 6, 6, 6, 6, 6, 6, 5, 6, 6, 6, 5, 6, 5, 5, 5, 6, 5, 5, 6, 6, 6, 6, 6, 6, 6, 6, 6, 6, 5, 6, 5, 6, 5, 5, 6, 5, 6, 6, 6, 5, 6, 6, 6, 6, 6, 6, 6, 6, 6, 6, 6, 5, 6, 6, 6, 6, 6, 6, 6, 6, 6, 6, 6, 6, 6, 6, 5, 6, 5, 5, 6, 5, 6, 6, 6, 5, 6, 6, 6, 5, 5, 6, 6, 6, 6, 6, 6, 6, 6, 6, 6, 5, 6, 6, 6, 6, 6, 6, 6, 5, 6, 6, 6, 6, 6, 6, 6, 6, 6, 6, 6, 6, 6, 6]

################################################################
Numero total de amostras 770

Tempo total de processamento: 0:11:05

############## TEMPOS DE PROCESSAMENTO DO EXERCICIO NO JAIL  ####################
Soma 4529 segundos
Media 5.881818181818182 segundos
Desvio padrão 0.34234761430462873 segundos
Minimo 5 segundos
Maximo 7 segundos

95% 5.0 segundos
99% 5.0 segundos

############## TEMPOS DE PROCESSAMENTO DO EXERCICIO NO JAIL COM DOWNLOAD  ################
Soma 5029 segundos
Media 6.531168831168831 segundos
Desvio padrão 0.5366465717067499 segundos
Minimo 6 segundos
Maximo 9 segundos

95% 6.0 segundos
99% 6.0 segundos

################### TEMPOS DE DOWNLOAD DO EXERCICIO NO JAIL #######################
Soma 500 segundos
Media 0.6493506493506493 segundos
Desvio padrão 0.4932330069277146 segundos
Minimo 0 segundos
Maximo 2 segundos

95% 0.0 segundos
99% 0.0 segundos

############################ TEMPOS DE ESPERA NA FILA ############################
Soma 969
Media 1.2584415584415585 segundos
Desvio padrão 1.1163310323812161 segundos
Minimo 0 segundos
Maximo 6 segundos

95% 0.0 segundos
99% 0.0 segundos

################### queue_wait_time_list: ######################

[2, 5, 1, 3, 0, 3, 2, 1, 2, 2, 0, 2, 3, 1, 0, 3, 2, 1, 0, 2, 0, 0, 3, 1, 0, 5, 4, 2, 4, 2, 3, 1, 3, 1, 1, 2, 3, 1, 2, 2, 2, 3, 1, 3, 2, 0, 0, 0, 1, 1, 1, 2, 0, 0, 3, 1, 0, 0, 2, 1, 3, 2, 2, 2, 1, 2, 1, 1, 2, 0, 2, 2, 1, 2, 1, 0, 0, 0, 1, 0, 0, 2, 1, 0, 0, 1, 1, 1, 1, 1, 0, 0, 1, 0, 1, 2, 1, 1, 0, 1, 0, 0, 1, 1, 0, 0, 1, 1, 1, 1, 0, 1, 0, 0, 1, 0, 2, 1, 2, 0, 0, 2, 1, 1, 1, 0, 1, 2, 1, 1, 2, 1, 1, 0, 1, 0, 0, 2, 2, 1, 2, 1, 1, 0, 1, 1, 0, 1, 0, 1, 1, 1, 2, 1, 1, 0, 2, 1, 0, 1, 1, 1, 1, 2, 1, 2, 1, 0, 0, 2, 2, 1, 0, 1, 1, 1, 1, 0, 0, 1, 1, 0, 1, 2, 0, 2, 1, 0, 3, 0, 4, 1, 5, 3, 5, 1, 3, 1, 1, 0, 0, 1, 1, 0, 2, 2, 1, 2, 0, 2, 4, 0, 4, 4, 0, 5, 5, 1, 4, 1, 1, 6, 6, 3, 4, 4, 4, 4, 5, 2, 3, 6, 3, 2, 4, 4, 1, 5, 0, 1, 2, 4, 1, 2, 0, 0, 1, 1, 1, 0, 1, 0, 1, 0, 1, 2, 1, 0, 1, 1, 1, 1, 1, 1, 1, 0, 1, 0, 2, 2, 2, 2, 0, 0, 1, 1, 1, 2, 2, 2, 2, 2, 2, 2, 2, 1, 1, 1, 1, 1, 1, 3, 0, 1, 2, 2, 0, 0, 2, 0, 2, 3, 1, 1, 0, 1, 3, 2, 1, 2, 1, 2, 0, 2, 2, 2, 1, 2, 1, 1, 2, 1, 0, 3, 1, 3, 3, 1, 3, 2, 0, 0, 1, 1, 2, 1, 2, 0, 2, 0, 2, 0, 1, 2, 1, 2, 2, 0, 1, 2, 1, 1, 0, 1, 1, 2, 2, 0, 0, 0, 1, 1, 1, 2, 0, 2, 0, 3, 2, 2, 0, 3, 3, 2, 2, 2, 3, 1, 1, 0, 1, 0, 0, 1, 2, 0, 0, 2, 0, 2, 1, 2, 2, 2, 3, 2, 2, 2, 0, 2, 0, 1, 1, 2, 1, 1, 0, 0, 2, 1, 0, 0, 1, 1, 1, 0, 1, 1, 0, 0, 1, 0, 1, 1, 2, 2, 2, 2, 3, 0, 1, 1, 2, 1, 2, 3, 3, 1, 1, 2, 2, 3, 0, 1, 1, 2, 1, 2, 1, 2, 3, 1, 3, 3, 0, 1, 0, 0, 2, 2, 1, 1, 2, 0, 0, 1, 1, 1, 0, 0, 2, 2, 2, 3, 2, 2, 1, 0, 0, 1, 1, 3, 0, 2, 3, 1, 0, 1, 1, 3, 1, 2, 0, 2, 2, 5, 1, 1, 3, 5, 1, 4, 0, 3, 0, 0, 1, 2, 1, 0, 2, 0, 2, 3, 1, 2, 1, 0, 1, 0, 0, 1, 1, 0, 1, 2, 1, 0, 0, 2, 0, 2, 0, 1, 1, 1, 1, 1, 0, 1, 1, 1, 2, 0, 0, 2, 0, 1, 0, 0, 0, 2, 1, 0, 0, 0, 1, 0, 0, 0, 1, 0, 1, 2, 2, 2, 1, 2, 0, 1, 1, 1, 2, 3, 1, 3, 2, 1, 0, 2, 1, 1, 1, 2, 2, 0, 1, 2, 0, 2, 0, 0, 1, 0, 1, 0, 0, 2, 1, 2, 0, 2, 3, 2, 1, 1, 1, 1, 2, 0, 2, 2, 1, 0, 1, 1, 1, 1, 0, 1, 1, 0, 1, 1, 2, 3, 1, 1, 1, 1, 1, 1, 1, 1, 1, 1, 1, 0, 0, 2, 0, 1, 0, 0, 1, 1, 1, 1, 0, 0, 0, 0, 1, 1, 0, 1, 1, 1, 1, 1, 1, 1, 1, 1, 2, 1, 0, 2, 1, 0, 3, 1, 2, 1, 2, 0, 1, 1, 0, 1, 1, 1, 0, 1, 1, 1, 0, 1, 0, 0, 0, 0, 0, 0, 0, 1, 3, 0, 1, 2, 0, 1, 1, 0, 2, 0, 4, 2, 2, 0, 3, 3, 2, 2, 2, 0, 0, 1, 0, 2, 3, 2, 2, 0, 3, 2, 3, 2, 3, 1, 0, 1, 2, 1, 0, 3, 1, 4, 2, 4, 1, 1, 1, 1, 1, 1, 1, 2, 3, 0, 1, 1, 2, 1, 0, 1, 1, 0, 0, 1, 1, 0, 1, 0, 0, 1, 0, 1, 1, 1]

################################################################
################### jail_ex_download_list: ######################

[2, 0, 1, 0, 1, 1, 0, 1, 1, 1, 2, 1, 1, 1, 1, 1, 1, 2, 1, 0, 1, 0, 1, 0, 1, 0, 1, 1, 2, 1, 2, 1, 1, 1, 1, 1, 0, 1, 1, 1, 2, 0, 1, 1, 1, 1, 1, 1, 1, 0, 1, 0, 1, 1, 1, 1, 0, 1, 1, 1, 1, 0, 1, 1, 1, 0, 1, 1, 0, 1, 1, 1, 0, 1, 1, 1, 1, 1, 0, 1, 0, 0, 1, 1, 1, 0, 1, 0, 0, 1, 1, 1, 1, 1, 1, 0, 0, 0, 1, 1, 1, 1, 1, 0, 1, 1, 0, 0, 0, 1, 1, 0, 1, 1, 0, 0, 1, 1, 0, 0, 1, 0, 1, 1, 1, 1, 1, 0, 0, 0, 0, 1, 0, 1, 1, 1, 1, 1, 0, 0, 1, 1, 0, 1, 1, 0, 1, 1, 1, 0, 0, 0, 0, 1, 0, 1, 0, 1, 1, 1, 1, 1, 0, 0, 1, 1, 0, 1, 0, 1, 1, 1, 1, 0, 1, 1, 1, 1, 1, 0, 1, 1, 1, 1, 1, 0, 1, 1, 1, 1, 1, 1, 1, 1, 1, 1, 0, 1, 1, 1, 0, 0, 1, 0, 1, 1, 0, 1, 0, 1, 1, 1, 0, 1, 1, 0, 0, 0, 1, 0, 1, 0, 0, 1, 0, 1, 1, 1, 1, 1, 0, 1, 1, 1, 1, 0, 0, 1, 1, 0, 0, 0, 0, 0, 1, 1, 0, 1, 1, 1, 0, 0, 1, 1, 0, 1, 1, 1, 0, 0, 0, 0, 1, 0, 1, 1, 0, 1, 1, 1, 1, 0, 1, 1, 0, 0, 1, 1, 1, 1, 0, 1, 1, 0, 1, 1, 1, 1, 1, 1, 0, 1, 1, 1, 1, 1, 1, 1, 1, 1, 1, 0, 1, 1, 1, 0, 0, 0, 1, 1, 1, 1, 1, 0, 0, 1, 1, 0, 0, 1, 1, 0, 1, 1, 0, 0, 0, 1, 0, 1, 1, 1, 0, 0, 0, 1, 1, 1, 0, 0, 1, 1, 1, 0, 1, 1, 1, 1, 1, 0, 0, 1, 1, 0, 0, 0, 1, 1, 1, 0, 1, 1, 0, 1, 1, 1, 1, 1, 0, 1, 0, 1, 1, 0, 1, 1, 0, 1, 1, 1, 1, 1, 1, 0, 1, 0, 1, 1, 1, 1, 0, 1, 1, 1, 1, 1, 0, 0, 1, 0, 1, 0, 1, 1, 0, 1, 1, 1, 0, 1, 1, 1, 0, 0, 1, 1, 1, 0, 1, 1, 0, 1, 0, 1, 0, 0, 1, 1, 0, 1, 1, 1, 0, 1, 0, 1, 0, 1, 0, 1, 0, 0, 1, 0, 1, 1, 1, 0, 1, 1, 0, 0, 1, 1, 1, 0, 1, 1, 1, 1, 1, 0, 1, 1, 1, 1, 0, 1, 1, 1, 1, 1, 1, 0, 1, 1, 1, 1, 1, 0, 0, 0, 0, 0, 1, 1, 1, 1, 1, 1, 0, 1, 1, 0, 0, 1, 0, 1, 0, 1, 0, 1, 1, 1, 1, 1, 1, 1, 0, 1, 1, 0, 0, 0, 1, 0, 1, 0, 0, 1, 1, 0, 0, 1, 1, 0, 1, 1, 1, 1, 1, 1, 1, 1, 1, 1, 1, 1, 1, 1, 0, 0, 0, 0, 1, 0, 0, 0, 1, 1, 1, 1, 0, 1, 0, 1, 0, 1, 1, 1, 0, 0, 0, 0, 0, 1, 0, 0, 0, 0, 0, 1, 1, 0, 0, 1, 1, 0, 1, 0, 0, 1, 1, 1, 0, 1, 0, 1, 0, 0, 1, 0, 1, 1, 1, 0, 1, 0, 0, 1, 1, 0, 0, 1, 1, 0, 1, 0, 0, 1, 1, 1, 0, 1, 1, 1, 1, 0, 1, 0, 1, 1, 0, 1, 1, 1, 1, 1, 1, 0, 0, 1, 1, 0, 1, 1, 0, 1, 1, 0, 1, 0, 1, 1, 0, 0, 0, 0, 1, 0, 1, 1, 1, 0, 1, 0, 0, 0, 1, 0, 1, 1, 0, 1, 1, 1, 1, 0, 0, 1, 0, 1, 0, 1, 0, 1, 1, 0, 1, 0, 1, 0, 0, 0, 1, 0, 0, 1, 1, 1, 1, 1, 1, 0, 1, 1, 0, 0, 0, 1, 1, 0, 1, 1, 0, 1, 0, 1, 1, 1, 1, 1, 0, 1, 1, 1, 1, 0, 1, 1, 1, 1, 1, 1, 0, 1, 0, 0, 0, 1, 1, 0, 1, 1, 1, 1, 0, 0, 1, 0, 1, 1, 1, 1, 1, 1, 1, 0, 0, 1, 1, 0, 0, 0, 0, 0, 0, 1, 1, 1, 1, 1, 1, 1, 1, 1, 1, 0, 0, 0]

################################################################
################################################################
################### process_jail_download_list: ######################

[9, 6, 6, 6, 8, 7, 6, 7, 7, 7, 9, 7, 7, 7, 7, 7, 7, 9, 7, 6, 7, 6, 7, 6, 7, 6, 7, 7, 8, 6, 9, 6, 6, 7, 7, 7, 6, 7, 7, 7, 8, 6, 7, 7, 7, 7, 7, 6, 7, 6, 7, 6, 7, 7, 7, 6, 6, 7, 7, 7, 6, 6, 7, 7, 6, 6, 7, 6, 6, 7, 7, 7, 6, 6, 6, 6, 7, 7, 6, 6, 6, 6, 7, 7, 7, 6, 6, 6, 6, 6, 7, 7, 6, 7, 6, 6, 6, 6, 7, 7, 7, 7, 6, 6, 7, 7, 6, 6, 6, 7, 7, 6, 7, 7, 6, 6, 7, 7, 6, 6, 6, 6, 7, 7, 7, 7, 7, 6, 6, 6, 6, 7, 6, 7, 6, 7, 7, 7, 6, 6, 6, 7, 6, 7, 7, 6, 7, 6, 7, 6, 6, 6, 6, 7, 6, 7, 6, 6, 7, 7, 7, 6, 6, 6, 6, 6, 6, 7, 6, 6, 7, 7, 7, 6, 7, 7, 6, 7, 7, 6, 7, 7, 6, 7, 6, 6, 7, 7, 7, 7, 7, 6, 7, 7, 7, 7, 6, 7, 7, 7, 6, 6, 7, 6, 6, 7, 6, 6, 6, 7, 7, 7, 6, 7, 7, 6, 6, 6, 7, 6, 7, 6, 6, 7, 6, 7, 7, 7, 7, 7, 6, 7, 7, 7, 7, 6, 6, 7, 7, 6, 6, 6, 6, 6, 7, 7, 6, 6, 7, 7, 6, 6, 6, 7, 6, 7, 6, 6, 6, 6, 6, 6, 6, 6, 7, 7, 6, 7, 7, 7, 7, 6, 7, 7, 6, 6, 7, 6, 7, 6, 6, 7, 7, 6, 6, 7, 7, 7, 7, 7, 6, 6, 7, 7, 7, 7, 6, 7, 7, 7, 6, 6, 7, 7, 6, 6, 6, 6, 6, 7, 7, 7, 7, 6, 6, 7, 7, 6, 6, 7, 7, 6, 7, 7, 6, 6, 6, 6, 6, 7, 6, 7, 6, 6, 6, 7, 7, 7, 6, 6, 7, 7, 7, 6, 7, 6, 7, 7, 7, 6, 6, 6, 7, 6, 6, 6, 7, 6, 6, 6, 7, 7, 6, 7, 7, 7, 7, 7, 6, 6, 6, 7, 7, 6, 7, 7, 6, 7, 6, 6, 6, 7, 7, 6, 7, 6, 7, 7, 6, 7, 6, 7, 7, 7, 7, 7, 6, 6, 6, 6, 7, 6, 6, 6, 6, 6, 7, 7, 6, 7, 7, 7, 6, 6, 7, 7, 6, 6, 7, 7, 6, 6, 6, 7, 6, 6, 7, 7, 6, 7, 7, 6, 6, 6, 6, 7, 6, 7, 6, 7, 6, 6, 7, 6, 7, 7, 7, 6, 7, 7, 6, 6, 7, 7, 7, 6, 7, 7, 7, 7, 7, 6, 7, 7, 7, 7, 6, 7, 7, 7, 7, 7, 6, 6, 7, 7, 7, 7, 7, 6, 6, 6, 6, 6, 7, 7, 7, 6, 6, 7, 6, 7, 7, 6, 6, 7, 6, 7, 6, 7, 6, 7, 7, 7, 6, 7, 7, 7, 6, 7, 7, 6, 6, 6, 7, 6, 6, 6, 6, 6, 7, 6, 6, 7, 7, 6, 7, 7, 7, 7, 7, 7, 7, 7, 6, 7, 7, 7, 7, 7, 6, 6, 6, 6, 7, 6, 6, 6, 7, 7, 7, 7, 6, 7, 6, 7, 6, 7, 6, 7, 6, 6, 6, 6, 6, 7, 6, 6, 6, 6, 6, 7, 7, 6, 6, 7, 7, 6, 7, 6, 6, 7, 6, 7, 6, 7, 6, 7, 6, 6, 7, 6, 7, 7, 6, 6, 7, 6, 6, 7, 7, 6, 6, 7, 6, 6, 7, 6, 6, 7, 7, 6, 6, 7, 7, 7, 7, 6, 7, 6, 7, 7, 6, 7, 7, 7, 7, 6, 7, 6, 6, 6, 7, 6, 7, 7, 6, 7, 6, 6, 7, 6, 7, 7, 6, 6, 6, 6, 7, 6, 7, 6, 6, 6, 6, 6, 6, 6, 7, 6, 7, 6, 6, 7, 7, 7, 7, 6, 6, 7, 6, 7, 6, 7, 6, 7, 7, 6, 7, 6, 7, 6, 6, 6, 7, 6, 6, 6, 7, 7, 7, 7, 7, 6, 7, 7, 6, 6, 6, 6, 6, 6, 7, 7, 6, 7, 6, 7, 7, 7, 7, 7, 6, 7, 7, 7, 7, 6, 7, 7, 7, 6, 7, 7, 6, 6, 6, 6, 6, 7, 7, 6, 7, 6, 7, 7, 6, 6, 6, 6, 6, 7, 6, 6, 7, 6, 6, 6, 6, 7, 7, 6, 6, 6, 6, 6, 6, 7, 7, 7, 7, 7, 7, 7, 7, 7, 7, 6, 6, 6]

################################################################
################################################################
################### process_jail_list: ######################

[7, 6, 5, 6, 7, 6, 6, 6, 6, 6, 7, 6, 6, 6, 6, 6, 6, 7, 6, 6, 6, 6, 6, 6, 6, 6, 6, 6, 6, 5, 7, 5, 5, 6, 6, 6, 6, 6, 6, 6, 6, 6, 6, 6, 6, 6, 6, 5, 6, 6, 6, 6, 6, 6, 6, 5, 6, 6, 6, 6, 5, 6, 6, 6, 5, 6, 6, 5, 6, 6, 6, 6, 6, 5, 5, 5, 6, 6, 6, 5, 6, 6, 6, 6, 6, 6, 5, 6, 6, 5, 6, 6, 5, 6, 5, 6, 6, 6, 6, 6, 6, 6, 5, 6, 6, 6, 6, 6, 6, 6, 6, 6, 6, 6, 6, 6, 6, 6, 6, 6, 5, 6, 6, 6, 6, 6, 6, 6, 6, 6, 6, 6, 6, 6, 5, 6, 6, 6, 6, 6, 5, 6, 6, 6, 6, 6, 6, 5, 6, 6, 6, 6, 6, 6, 6, 6, 6, 5, 6, 6, 6, 5, 6, 6, 5, 5, 6, 6, 6, 5, 6, 6, 6, 6, 6, 6, 5, 6, 6, 6, 6, 6, 5, 6, 5, 6, 6, 6, 6, 6, 6, 5, 6, 6, 6, 6, 6, 6, 6, 6, 6, 6, 6, 6, 5, 6, 6, 5, 6, 6, 6, 6, 6, 6, 6, 6, 6, 6, 6, 6, 6, 6, 6, 6, 6, 6, 6, 6, 6, 6, 6, 6, 6, 6, 6, 6, 6, 6, 6, 6, 6, 6, 6, 6, 6, 6, 6, 5, 6, 6, 6, 6, 5, 6, 6, 6, 5, 5, 6, 6, 6, 6, 5, 6, 6, 6, 6, 6, 6, 6, 6, 6, 6, 6, 6, 6, 6, 5, 6, 5, 6, 6, 6, 6, 5, 6, 6, 6, 6, 6, 6, 5, 6, 6, 6, 6, 5, 6, 6, 6, 5, 6, 6, 6, 5, 6, 6, 6, 5, 6, 6, 6, 6, 6, 6, 6, 6, 6, 6, 6, 6, 6, 6, 6, 6, 6, 6, 5, 6, 6, 5, 6, 6, 6, 6, 6, 6, 6, 6, 6, 6, 6, 6, 6, 6, 5, 6, 6, 6, 6, 6, 5, 6, 6, 6, 6, 6, 5, 5, 6, 6, 6, 6, 6, 6, 6, 6, 6, 6, 5, 6, 6, 6, 6, 6, 6, 6, 6, 5, 5, 5, 6, 6, 6, 6, 6, 6, 6, 5, 6, 6, 6, 6, 6, 6, 6, 6, 6, 5, 6, 6, 6, 5, 5, 6, 5, 6, 6, 6, 6, 6, 6, 6, 6, 6, 6, 5, 6, 6, 6, 6, 5, 6, 6, 6, 6, 6, 6, 6, 6, 6, 5, 6, 5, 6, 6, 6, 6, 6, 6, 6, 6, 6, 6, 6, 6, 6, 6, 6, 6, 6, 6, 6, 6, 6, 6, 6, 6, 6, 6, 6, 6, 6, 6, 6, 6, 6, 6, 6, 6, 6, 6, 5, 6, 6, 6, 6, 6, 6, 6, 6, 6, 6, 6, 6, 6, 6, 5, 5, 6, 6, 6, 6, 6, 6, 6, 6, 6, 6, 6, 6, 6, 6, 6, 5, 6, 6, 6, 6, 6, 6, 6, 6, 6, 6, 6, 5, 6, 6, 5, 6, 6, 6, 6, 6, 6, 6, 6, 6, 6, 6, 6, 6, 6, 5, 6, 6, 6, 6, 6, 6, 6, 6, 6, 6, 6, 6, 6, 6, 6, 6, 6, 6, 6, 6, 6, 6, 6, 5, 6, 6, 6, 6, 6, 6, 6, 6, 6, 6, 6, 6, 6, 6, 6, 6, 6, 6, 6, 6, 6, 6, 6, 5, 6, 6, 6, 6, 6, 6, 6, 6, 6, 6, 6, 5, 6, 6, 6, 6, 6, 6, 6, 6, 6, 5, 6, 6, 6, 6, 6, 6, 5, 6, 6, 6, 6, 6, 6, 6, 6, 6, 6, 6, 6, 6, 6, 6, 5, 6, 6, 6, 5, 6, 6, 6, 6, 6, 6, 5, 6, 6, 6, 6, 6, 6, 6, 6, 6, 6, 6, 6, 5, 5, 6, 5, 6, 6, 6, 6, 6, 6, 5, 6, 6, 6, 6, 6, 6, 6, 6, 6, 6, 6, 6, 6, 6, 6, 6, 6, 6, 6, 6, 6, 6, 6, 6, 6, 5, 6, 6, 6, 6, 6, 6, 6, 6, 6, 6, 6, 5, 5, 6, 6, 6, 6, 6, 6, 6, 6, 6, 6, 6, 6, 6, 6, 6, 6, 6, 6, 6, 6, 5, 6, 6, 6, 5, 6, 6, 6, 6, 6, 6, 6, 5, 6, 6, 6, 6, 5, 6, 5, 6, 5, 5, 6, 5, 5, 6, 6, 6, 6, 6, 6, 6, 6, 6, 6, 6, 6, 6, 6, 6, 6, 6, 6, 6, 6, 6, 6, 6]

################################################################
