Numero total de amostras 770

Tempo total de processamento: 0:10:59

############## TEMPOS DE PROCESSAMENTO DO EXERCICIO NO JAIL  ####################
Soma 4560 segundos
Media 5.922077922077922 segundos
Desvio padr達o 0.3405966409849453 segundos
Minimo 5 segundos
Maximo 7 segundos

95% 5.0 segundos
99% 5.0 segundos

############## TEMPOS DE PROCESSAMENTO DO EXERCICIO NO JAIL COM DOWNLOAD  ################
Soma 5105 segundos
Media 6.62987012987013 segundos
Desvio padr達o 0.6319553113957361 segundos
Minimo 6 segundos
Maximo 10 segundos

95% 6.0 segundos
99% 6.0 segundos

################### TEMPOS DE DOWNLOAD DO EXERCICIO NO JAIL #######################
Soma 545 segundos
Media 0.7077922077922078 segundos
Desvio padr達o 0.5802521247276651 segundos
Minimo 0 segundos
Maximo 4 segundos

95% 0.0 segundos
99% 0.0 segundos

############################ TEMPOS DE ESPERA NA FILA ############################
Soma 718
Media 0.9324675324675324 segundos
Desvio padr達o 0.9483329951684062 segundos
Minimo 0 segundos
Maximo 7 segundos

95% 0.0 segundos
99% 0.0 segundos

################### queue_wait_time_list: ######################

[1, 4, 1, 3, 1, 3, 2, 6, 6, 5, 3, 5, 4, 4, 4, 0, 2, 2, 1, 0, 1, 3, 2, 1, 7, 2, 1, 7, 6, 4, 6, 1, 0, 0, 1, 3, 1, 3, 1, 0, 0, 1, 0, 1, 1, 1, 2, 0, 1, 2, 1, 0, 2, 0, 0, 0, 1, 2, 1, 0, 0, 0, 1, 0, 1, 1, 1, 1, 0, 1, 1, 1, 1, 2, 1, 1, 2, 1, 0, 1, 2, 1, 1, 1, 1, 2, 1, 0, 2, 2, 1, 0, 0, 1, 1, 2, 2, 0, 2, 1, 1, 0, 0, 1, 1, 1, 1, 1, 1, 1, 1, 0, 1, 0, 1, 2, 0, 1, 2, 0, 2, 2, 1, 1, 1, 2, 1, 2, 1, 2, 2, 1, 0, 1, 0, 2, 1, 0, 0, 1, 2, 1, 1, 0, 0, 1, 1, 0, 0, 0, 1, 2, 0, 1, 1, 1, 1, 1, 0, 0, 0, 1, 0, 0, 1, 0, 1, 0, 1, 1, 1, 1, 1, 1, 1, 1, 0, 0, 0, 2, 1, 0, 1, 0, 1, 0, 1, 1, 1, 0, 2, 1, 2, 1, 1, 2, 0, 1, 1, 0, 0, 0, 1, 1, 0, 1, 2, 1, 1, 2, 0, 1, 1, 1, 2, 0, 2, 1, 1, 0, 0, 1, 1, 1, 1, 0, 1, 0, 1, 2, 0, 1, 1, 1, 0, 1, 1, 1, 0, 1, 0, 0, 1, 1, 1, 0, 0, 0, 0, 1, 0, 0, 1, 1, 0, 0, 1, 1, 1, 1, 1, 1, 1, 1, 0, 1, 0, 0, 1, 1, 1, 2, 1, 0, 1, 2, 1, 2, 3, 0, 2, 3, 2, 3, 1, 1, 1, 1, 0, 1, 1, 0, 0, 0, 0, 0, 0, 2, 1, 1, 1, 0, 0, 0, 1, 1, 2, 0, 1, 0, 1, 2, 4, 1, 2, 1, 0, 1, 2, 1, 2, 1, 2, 0, 2, 0, 2, 2, 1, 1, 3, 2, 2, 1, 1, 0, 2, 0, 1, 1, 3, 1, 1, 4, 1, 2, 3, 2, 1, 1, 1, 0, 1, 2, 1, 2, 1, 1, 1, 1, 0, 2, 0, 1, 2, 2, 0, 0, 1, 2, 0, 0, 1, 2, 2, 1, 1, 1, 1, 1, 0, 0, 1, 1, 3, 0, 3, 1, 1, 1, 1, 1, 1, 0, 2, 3, 0, 0, 0, 2, 2, 1, 1, 0, 0, 0, 3, 1, 1, 2, 1, 2, 1, 2, 1, 1, 0, 2, 1, 2, 1, 0, 1, 2, 1, 0, 0, 1, 0, 1, 1, 0, 0, 2, 1, 0, 0, 1, 0, 0, 0, 0, 0, 0, 1, 1, 1, 1, 1, 0, 2, 1, 0, 1, 0, 1, 1, 0, 2, 0, 1, 1, 0, 1, 1, 1, 0, 0, 1, 0, 1, 0, 1, 0, 1, 1, 0, 0, 1, 0, 2, 1, 1, 1, 1, 0, 1, 0, 1, 1, 1, 1, 1, 0, 0, 1, 1, 1, 0, 1, 2, 1, 1, 0, 1, 0, 0, 2, 1, 0, 0, 0, 2, 1, 1, 0, 0, 0, 1, 0, 0, 2, 2, 2, 0, 1, 1, 1, 0, 1, 1, 2, 1, 0, 1, 0, 1, 0, 0, 0, 0, 0, 0, 0, 1, 1, 1, 0, 1, 0, 1, 1, 0, 0, 1, 1, 0, 1, 0, 0, 1, 1, 0, 1, 2, 0, 1, 1, 1, 0, 1, 2, 1, 2, 0, 1, 0, 1, 0, 2, 1, 0, 1, 1, 0, 2, 3, 1, 0, 2, 0, 0, 0, 0, 2, 0, 1, 1, 0, 2, 2, 1, 1, 0, 0, 2, 0, 1, 1, 1, 0, 1, 0, 0, 2, 1, 2, 1, 1, 1, 1, 1, 1, 1, 1, 0, 1, 1, 0, 1, 1, 1, 1, 1, 1, 1, 0, 0, 1, 1, 1, 1, 1, 0, 1, 1, 2, 1, 1, 0, 1, 1, 0, 1, 1, 0, 0, 0, 2, 1, 1, 0, 1, 0, 1, 1, 1, 1, 1, 1, 1, 0, 0, 0, 1, 0, 0, 1, 1, 1, 1, 0, 0, 2, 0, 1, 1, 1, 1, 1, 1, 0, 1, 1, 0, 1, 1, 0, 0, 1, 2, 0, 1, 2, 1, 0, 1, 1, 0, 1, 1, 0, 1, 1, 1, 0, 0, 1, 0, 1, 0, 1, 1, 1, 0, 1, 1, 1, 1, 0, 1, 0, 0, 0, 1, 0, 0, 1, 0, 1, 0, 0, 0, 0, 0, 0, 1, 1, 1, 1, 0, 0, 0, 2, 1, 0, 0, 1, 2, 2, 1, 1, 0, 1, 1, 0, 0, 0, 2, 1]

################################################################
################### jail_ex_download_list: ######################

[1, 1, 0, 2, 1, 0, 0, 1, 0, 3, 3, 2, 3, 3, 1, 1, 0, 4, 1, 4, 4, 3, 0, 1, 1, 3, 0, 0, 1, 0, 1, 3, 3, 1, 1, 0, 0, 1, 1, 1, 1, 1, 1, 0, 0, 1, 1, 1, 0, 0, 0, 1, 1, 1, 1, 1, 1, 0, 0, 1, 1, 1, 1, 1, 1, 1, 0, 0, 1, 1, 1, 0, 1, 0, 1, 1, 1, 1, 1, 0, 1, 1, 1, 0, 0, 0, 1, 1, 1, 0, 0, 1, 0, 0, 0, 1, 0, 1, 0, 1, 1, 1, 1, 1, 0, 1, 1, 0, 0, 0, 0, 1, 0, 1, 1, 0, 1, 0, 1, 1, 1, 1, 1, 1, 1, 1, 1, 1, 0, 0, 0, 0, 1, 1, 1, 1, 0, 1, 1, 0, 1, 1, 1, 0, 1, 1, 1, 1, 1, 1, 1, 0, 1, 1, 0, 0, 0, 0, 1, 1, 0, 0, 1, 1, 1, 1, 0, 1, 0, 0, 0, 1, 0, 0, 1, 1, 1, 1, 1, 0, 1, 1, 1, 0, 1, 1, 1, 0, 0, 1, 1, 0, 1, 1, 1, 1, 1, 1, 0, 1, 1, 1, 1, 1, 1, 1, 1, 0, 0, 0, 1, 1, 0, 0, 0, 1, 0, 1, 1, 1, 1, 1, 1, 1, 0, 1, 0, 1, 1, 1, 2, 0, 0, 1, 1, 0, 0, 1, 1, 1, 1, 1, 1, 1, 0, 1, 1, 1, 0, 0, 1, 0, 0, 0, 1, 1, 0, 1, 0, 1, 1, 1, 0, 1, 1, 0, 1, 1, 0, 0, 1, 1, 0, 1, 1, 0, 0, 1, 1, 1, 1, 2, 1, 1, 1, 0, 0, 1, 1, 1, 0, 1, 1, 1, 1, 1, 1, 1, 1, 1, 1, 1, 0, 0, 0, 1, 0, 1, 0, 1, 0, 0, 0, 1, 1, 1, 1, 1, 0, 1, 2, 1, 1, 1, 0, 1, 2, 1, 0, 1, 1, 1, 1, 1, 0, 1, 0, 1, 1, 1, 1, 1, 0, 1, 1, 1, 1, 0, 1, 1, 1, 1, 1, 1, 1, 1, 0, 0, 0, 1, 0, 1, 0, 0, 0, 1, 1, 1, 0, 1, 1, 0, 0, 1, 1, 1, 1, 1, 0, 1, 0, 1, 0, 1, 1, 1, 0, 1, 0, 1, 0, 1, 1, 1, 0, 0, 1, 1, 1, 1, 1, 1, 1, 1, 1, 1, 1, 0, 1, 1, 1, 0, 1, 1, 0, 0, 1, 0, 1, 1, 0, 1, 0, 0, 0, 1, 1, 0, 1, 0, 1, 2, 1, 1, 1, 1, 1, 1, 1, 0, 1, 0, 1, 1, 1, 0, 1, 0, 0, 1, 0, 1, 1, 1, 1, 1, 0, 0, 1, 1, 1, 1, 1, 1, 1, 0, 1, 2, 1, 0, 0, 1, 0, 1, 0, 0, 1, 1, 1, 1, 0, 0, 1, 1, 0, 1, 0, 1, 0, 1, 0, 0, 0, 1, 0, 0, 1, 0, 1, 0, 0, 1, 1, 1, 1, 1, 1, 1, 1, 1, 1, 0, 0, 1, 0, 1, 1, 1, 1, 1, 1, 1, 1, 1, 1, 1, 0, 0, 1, 0, 1, 0, 0, 1, 1, 1, 0, 1, 1, 0, 1, 1, 1, 1, 0, 1, 0, 1, 1, 0, 0, 0, 1, 1, 1, 0, 0, 1, 1, 1, 1, 0, 1, 0, 0, 1, 0, 1, 1, 1, 0, 1, 1, 1, 1, 1, 0, 0, 1, 1, 1, 1, 0, 1, 1, 1, 1, 0, 1, 0, 1, 1, 0, 1, 1, 1, 1, 0, 1, 1, 1, 1, 1, 1, 1, 0, 1, 0, 0, 1, 1, 0, 1, 1, 0, 1, 0, 0, 0, 1, 1, 0, 1, 1, 1, 1, 0, 1, 1, 1, 1, 0, 1, 1, 1, 0, 1, 0, 0, 0, 1, 1, 0, 1, 0, 1, 0, 0, 1, 1, 0, 1, 1, 0, 1, 1, 1, 1, 0, 0, 1, 1, 1, 1, 0, 1, 0, 0, 1, 1, 1, 1, 1, 1, 0, 1, 1, 1, 0, 0, 1, 1, 1, 0, 1, 0, 1, 1, 1, 1, 1, 1, 0, 0, 1, 0, 0, 1, 1, 1, 0, 1, 0, 1, 1, 1, 1, 1, 1, 1, 1, 0, 1, 1, 1, 1, 1, 0, 1, 0, 1, 0, 0, 1, 1, 1, 1, 0, 0, 1, 1, 1, 1, 1, 1, 1, 1, 0, 1, 0, 0, 1, 1, 1, 1, 1, 0, 0, 1, 0, 1, 1, 1, 0, 0, 1, 1, 0, 0, 0, 1, 0, 1, 1, 0, 0, 0, 1, 0, 1]

################################################################
################################################################
################### process_jail_download_list: ######################

[7, 8, 6, 8, 7, 6, 6, 7, 6, 9, 10, 8, 10, 10, 7, 6, 6, 10, 7, 10, 10, 9, 6, 6, 7, 9, 6, 7, 7, 6, 7, 9, 9, 7, 7, 6, 6, 7, 7, 7, 7, 7, 7, 6, 6, 7, 7, 7, 6, 6, 6, 7, 7, 7, 7, 7, 7, 6, 6, 7, 7, 7, 6, 7, 7, 7, 6, 6, 7, 7, 6, 6, 7, 6, 6, 7, 7, 7, 7, 6, 7, 7, 7, 6, 6, 6, 7, 7, 7, 6, 6, 7, 6, 6, 6, 7, 6, 6, 6, 7, 7, 7, 7, 6, 6, 7, 7, 6, 6, 6, 6, 7, 6, 7, 7, 6, 7, 6, 7, 7, 7, 7, 7, 6, 7, 7, 7, 7, 6, 6, 6, 6, 7, 7, 7, 7, 6, 7, 7, 6, 7, 7, 7, 6, 7, 7, 6, 7, 7, 7, 6, 6, 7, 7, 6, 6, 6, 6, 6, 7, 6, 6, 7, 7, 6, 7, 6, 7, 6, 6, 6, 7, 6, 6, 6, 7, 6, 7, 7, 6, 7, 7, 7, 6, 7, 7, 7, 6, 6, 7, 6, 6, 7, 7, 7, 7, 6, 7, 6, 7, 7, 7, 7, 7, 7, 6, 7, 6, 6, 6, 7, 7, 6, 6, 6, 7, 6, 7, 7, 7, 7, 7, 7, 7, 6, 7, 6, 7, 6, 6, 8, 6, 6, 7, 7, 6, 6, 7, 7, 7, 7, 7, 7, 6, 6, 7, 7, 7, 6, 6, 7, 6, 6, 6, 7, 7, 7, 7, 6, 7, 7, 7, 6, 7, 7, 7, 7, 7, 6, 6, 7, 6, 6, 8, 7, 6, 6, 6, 7, 7, 7, 8, 7, 7, 7, 6, 6, 7, 7, 7, 6, 7, 7, 7, 7, 6, 6, 7, 7, 7, 7, 7, 6, 7, 6, 7, 6, 7, 6, 7, 6, 6, 6, 7, 7, 7, 7, 7, 6, 7, 8, 7, 7, 7, 6, 7, 8, 7, 6, 8, 6, 7, 7, 7, 6, 8, 6, 7, 7, 7, 6, 7, 6, 7, 7, 7, 7, 6, 6, 7, 7, 7, 7, 7, 7, 7, 6, 6, 6, 7, 6, 7, 6, 6, 6, 7, 7, 7, 6, 7, 6, 6, 6, 7, 6, 7, 6, 7, 6, 7, 6, 7, 6, 7, 6, 7, 6, 7, 7, 7, 6, 6, 6, 7, 6, 6, 7, 6, 7, 7, 7, 7, 7, 7, 7, 6, 7, 6, 7, 7, 7, 6, 6, 6, 6, 6, 7, 6, 7, 7, 6, 7, 6, 6, 6, 7, 7, 7, 7, 6, 7, 8, 7, 7, 7, 7, 7, 7, 7, 6, 7, 6, 7, 7, 7, 6, 7, 6, 6, 7, 6, 7, 7, 6, 7, 7, 6, 6, 7, 7, 8, 7, 6, 7, 7, 6, 7, 8, 7, 6, 6, 7, 6, 7, 6, 6, 7, 7, 7, 7, 6, 6, 6, 7, 6, 7, 6, 7, 6, 7, 6, 6, 6, 7, 6, 6, 7, 6, 7, 6, 6, 7, 7, 7, 7, 7, 6, 7, 7, 7, 7, 6, 6, 7, 6, 7, 7, 7, 7, 7, 6, 7, 7, 7, 7, 7, 6, 6, 7, 6, 6, 7, 6, 7, 7, 7, 6, 7, 7, 6, 7, 7, 7, 7, 6, 7, 6, 7, 7, 7, 6, 6, 7, 7, 7, 6, 6, 7, 7, 7, 7, 6, 7, 6, 6, 7, 6, 6, 7, 7, 7, 7, 7, 6, 7, 7, 6, 6, 7, 6, 7, 7, 6, 6, 7, 6, 7, 6, 6, 6, 7, 7, 6, 7, 7, 7, 7, 6, 7, 7, 7, 7, 7, 7, 7, 6, 7, 6, 6, 6, 7, 6, 7, 7, 6, 7, 6, 6, 6, 7, 7, 6, 7, 6, 7, 7, 6, 6, 6, 6, 7, 6, 7, 7, 7, 6, 7, 6, 6, 6, 7, 7, 6, 7, 6, 6, 6, 6, 7, 7, 6, 6, 7, 6, 6, 7, 7, 6, 6, 6, 7, 7, 7, 7, 6, 6, 6, 6, 7, 7, 7, 7, 7, 7, 6, 7, 7, 7, 6, 6, 6, 7, 7, 6, 7, 6, 7, 7, 7, 6, 7, 7, 6, 6, 6, 6, 6, 7, 6, 6, 6, 7, 6, 6, 6, 7, 7, 6, 7, 6, 7, 6, 7, 7, 7, 7, 7, 6, 6, 6, 7, 6, 6, 7, 7, 7, 7, 6, 6, 6, 6, 6, 6, 7, 7, 7, 7, 6, 7, 6, 6, 7, 7, 7, 6, 7, 6, 6, 7, 6, 6, 7, 7, 6, 6, 6, 6, 6, 6, 6, 7, 6, 7, 7, 6, 6, 6, 7, 6, 7]

################################################################
################################################################
################### process_jail_list: ######################

[6, 7, 6, 6, 6, 6, 6, 6, 6, 6, 7, 6, 7, 7, 6, 5, 6, 6, 6, 6, 6, 6, 6, 5, 6, 6, 6, 7, 6, 6, 6, 6, 6, 6, 6, 6, 6, 6, 6, 6, 6, 6, 6, 6, 6, 6, 6, 6, 6, 6, 6, 6, 6, 6, 6, 6, 6, 6, 6, 6, 6, 6, 5, 6, 6, 6, 6, 6, 6, 6, 5, 6, 6, 6, 5, 6, 6, 6, 6, 6, 6, 6, 6, 6, 6, 6, 6, 6, 6, 6, 6, 6, 6, 6, 6, 6, 6, 5, 6, 6, 6, 6, 6, 5, 6, 6, 6, 6, 6, 6, 6, 6, 6, 6, 6, 6, 6, 6, 6, 6, 6, 6, 6, 5, 6, 6, 6, 6, 6, 6, 6, 6, 6, 6, 6, 6, 6, 6, 6, 6, 6, 6, 6, 6, 6, 6, 5, 6, 6, 6, 5, 6, 6, 6, 6, 6, 6, 6, 5, 6, 6, 6, 6, 6, 5, 6, 6, 6, 6, 6, 6, 6, 6, 6, 5, 6, 5, 6, 6, 6, 6, 6, 6, 6, 6, 6, 6, 6, 6, 6, 5, 6, 6, 6, 6, 6, 5, 6, 6, 6, 6, 6, 6, 6, 6, 5, 6, 6, 6, 6, 6, 6, 6, 6, 6, 6, 6, 6, 6, 6, 6, 6, 6, 6, 6, 6, 6, 6, 5, 5, 6, 6, 6, 6, 6, 6, 6, 6, 6, 6, 6, 6, 6, 5, 6, 6, 6, 6, 6, 6, 6, 6, 6, 6, 6, 6, 7, 6, 6, 6, 6, 6, 6, 6, 6, 7, 6, 6, 6, 6, 6, 5, 6, 7, 6, 6, 6, 5, 6, 6, 6, 6, 6, 6, 6, 6, 6, 6, 6, 6, 6, 6, 6, 6, 6, 5, 5, 6, 6, 6, 6, 6, 6, 7, 6, 6, 6, 6, 6, 6, 6, 6, 6, 6, 6, 6, 6, 6, 6, 6, 6, 6, 6, 6, 6, 6, 6, 6, 6, 7, 5, 6, 6, 6, 6, 7, 6, 6, 6, 6, 5, 6, 6, 6, 6, 6, 6, 6, 5, 6, 6, 6, 6, 6, 6, 6, 6, 6, 6, 6, 6, 6, 6, 6, 6, 6, 6, 6, 6, 6, 5, 6, 6, 6, 5, 6, 5, 6, 6, 6, 6, 6, 6, 6, 5, 6, 6, 6, 7, 6, 6, 5, 5, 6, 6, 6, 6, 5, 6, 6, 6, 6, 6, 6, 6, 5, 6, 6, 6, 6, 6, 6, 5, 5, 6, 6, 6, 6, 6, 6, 6, 6, 6, 6, 6, 6, 6, 7, 6, 6, 6, 6, 6, 6, 6, 6, 6, 6, 6, 6, 6, 6, 6, 6, 6, 6, 6, 6, 6, 6, 6, 6, 6, 5, 6, 6, 6, 6, 6, 6, 7, 6, 5, 6, 6, 6, 6, 6, 6, 6, 6, 6, 6, 6, 6, 6, 6, 6, 6, 6, 6, 6, 5, 6, 6, 6, 6, 6, 6, 6, 6, 6, 6, 6, 6, 6, 6, 6, 6, 6, 6, 6, 6, 6, 6, 6, 5, 6, 6, 6, 6, 6, 6, 6, 6, 6, 6, 6, 6, 6, 5, 6, 6, 6, 6, 6, 6, 6, 6, 6, 5, 7, 6, 6, 6, 6, 6, 6, 6, 6, 6, 6, 6, 6, 6, 6, 6, 6, 6, 7, 6, 6, 6, 6, 6, 6, 6, 6, 6, 6, 6, 6, 6, 6, 6, 6, 6, 5, 6, 6, 7, 6, 6, 5, 6, 6, 6, 6, 6, 5, 6, 6, 6, 5, 6, 5, 6, 6, 5, 6, 6, 6, 6, 6, 6, 6, 6, 6, 6, 6, 6, 6, 6, 6, 6, 6, 6, 6, 6, 5, 6, 6, 6, 6, 6, 6, 6, 6, 6, 6, 6, 6, 6, 5, 6, 6, 6, 5, 5, 5, 6, 6, 6, 6, 6, 6, 6, 6, 6, 6, 6, 6, 6, 6, 6, 5, 6, 6, 6, 6, 6, 5, 6, 6, 5, 6, 6, 5, 6, 6, 6, 6, 6, 6, 6, 5, 6, 6, 6, 6, 6, 6, 6, 6, 6, 6, 6, 6, 6, 6, 5, 6, 6, 6, 6, 6, 6, 6, 6, 5, 6, 6, 6, 6, 5, 6, 6, 6, 5, 5, 6, 6, 6, 5, 5, 6, 6, 5, 6, 5, 6, 6, 6, 6, 6, 6, 6, 6, 5, 6, 6, 6, 6, 6, 6, 6, 6, 6, 6, 5, 5, 5, 5, 6, 6, 6, 6, 6, 6, 6, 6, 6, 6, 6, 5, 6, 6, 6, 6, 6, 5, 6, 6, 6, 6, 5, 5, 6, 6, 6, 6, 6, 6, 6, 6, 6, 6, 6, 6, 6]

################################################################
