Numero total de amostras 770

Tempo total de processamento: 0:14:36

############## TEMPOS DE PROCESSAMENTO DO EXERCICIO NO JAIL  ####################
Soma 4676 segundos
Media 6.072727272727272 segundos
Desvio padr達o 0.4412604036186035 segundos
Minimo 5 segundos
Maximo 7 segundos

95% 5.0 segundos
99% 5.0 segundos

############## TEMPOS DE PROCESSAMENTO DO EXERCICIO NO JAIL COM DOWNLOAD  ################
Soma 5197 segundos
Media 6.749350649350649 segundos
Desvio padr達o 0.5304062095930844 segundos
Minimo 6 segundos
Maximo 8 segundos

95% 6.0 segundos
99% 6.0 segundos

################### TEMPOS DE DOWNLOAD DO EXERCICIO NO JAIL #######################
Soma 521 segundos
Media 0.6766233766233766 segundos
Desvio padr達o 0.4705332989572146 segundos
Minimo 0 segundos
Maximo 2 segundos

95% 0.0 segundos
99% 0.0 segundos

############################ TEMPOS DE ESPERA NA FILA ############################
Soma 82860
Media 107.6103896103896 segundos
Desvio padr達o 59.86692078054715 segundos
Minimo 0 segundos
Maximo 213 segundos

95% 6.0 segundos
99% 6.0 segundos

################### queue_wait_time_list: ######################

[11, 7, 6, 1, 11, 0, 5, 1, 6, 7, 10, 10, 8, 13, 5, 4, 6, 14, 9, 4, 12, 6, 7, 8, 11, 14, 9, 8, 13, 9, 9, 10, 12, 13, 11, 11, 17, 13, 12, 14, 17, 15, 15, 17, 17, 17, 17, 12, 14, 15, 16, 16, 14, 21, 20, 21, 20, 19, 21, 129, 16, 24, 19, 17, 21, 19, 22, 29, 24, 19, 18, 21, 23, 23, 27, 22, 23, 22, 30, 25, 26, 26, 26, 28, 28, 26, 32, 30, 31, 27, 27, 29, 31, 30, 22, 24, 25, 26, 25, 27, 27, 28, 31, 33, 33, 35, 32, 34, 29, 32, 36, 32, 35, 35, 34, 33, 35, 37, 38, 33, 39, 39, 37, 37, 40, 39, 40, 40, 41, 38, 41, 44, 42, 39, 41, 42, 42, 43, 42, 44, 42, 32, 31, 95, 36, 36, 36, 38, 38, 39, 40, 41, 43, 47, 47, 46, 52, 48, 44, 49, 46, 45, 47, 51, 52, 47, 47, 55, 59, 50, 50, 48, 52, 54, 51, 50, 55, 55, 53, 54, 57, 54, 54, 55, 54, 55, 58, 57, 90, 61, 103, 163, 119, 124, 134, 163, 128, 130, 137, 192, 141, 169, 144, 197, 170, 148, 152, 200, 175, 177, 205, 181, 186, 207, 43, 106, 59, 60, 59, 162, 120, 135, 127, 130, 163, 140, 191, 145, 168, 150, 198, 175, 151, 156, 199, 175, 178, 204, 185, 185, 209, 45, 58, 57, 62, 161, 118, 135, 127, 167, 131, 139, 192, 141, 169, 145, 197, 174, 149, 152, 174, 158, 200, 177, 204, 184, 189, 211, 45, 108, 61, 62, 60, 111, 113, 160, 117, 118, 136, 189, 127, 166, 138, 132, 191, 146, 168, 152, 174, 158, 196, 201, 178, 176, 184, 187, 204, 210, 46, 44, 49, 49, 49, 52, 49, 53, 51, 53, 69, 63, 64, 68, 65, 59, 72, 66, 61, 60, 64, 67, 65, 62, 66, 69, 66, 67, 68, 68, 70, 69, 70, 71, 71, 71, 72, 72, 73, 72, 70, 74, 74, 76, 73, 71, 74, 75, 110, 160, 120, 135, 126, 166, 131, 138, 194, 142, 172, 148, 196, 173, 153, 157, 202, 175, 180, 205, 181, 183, 209, 189, 56, 76, 160, 121, 123, 135, 166, 126, 128, 139, 130, 195, 141, 171, 146, 195, 173, 148, 155, 201, 179, 178, 181, 206, 182, 209, 188, 55, 57, 60, 103, 180, 75, 123, 75, 138, 76, 78, 77, 78, 77, 78, 125, 164, 132, 142, 182, 165, 145, 194, 148, 171, 181, 154, 209, 172, 156, 188, 178, 198, 201, 208, 56, 92, 91, 93, 92, 91, 93, 90, 63, 62, 92, 94, 65, 64, 63, 93, 95, 65, 68, 67, 81, 82, 80, 80, 82, 79, 79, 79, 81, 83, 82, 81, 87, 85, 85, 87, 86, 85, 88, 83, 87, 83, 86, 89, 92, 89, 89, 93, 136, 163, 95, 95, 94, 107, 109, 115, 193, 128, 143, 132, 164, 145, 199, 148, 170, 154, 176, 156, 200, 178, 207, 186, 187, 210, 69, 191, 97, 135, 118, 163, 121, 123, 138, 129, 193, 132, 169, 142, 145, 171, 199, 150, 176, 153, 202, 177, 185, 207, 213, 67, 69, 73, 98, 176, 99, 97, 100, 101, 101, 153, 102, 96, 95, 97, 96, 114, 95, 137, 191, 98, 140, 99, 120, 162, 97, 158, 142, 128, 203, 181, 151, 168, 193, 170, 184, 207, 198, 74, 128, 133, 190, 162, 137, 196, 140, 100, 167, 99, 98, 143, 174, 100, 102, 102, 101, 101, 100, 147, 121, 198, 150, 180, 155, 203, 184, 160, 207, 74, 78, 78, 80, 80, 81, 81, 83, 84, 104, 104, 103, 105, 104, 105, 105, 106, 104, 108, 106, 105, 107, 104, 109, 107, 107, 106, 110, 109, 110, 109, 111, 112, 110, 111, 109, 110, 112, 114, 112, 114, 112, 115, 113, 114, 114, 113, 132, 190, 137, 162, 114, 115, 115, 140, 122, 197, 127, 168, 143, 173, 148, 197, 150, 179, 157, 203, 183, 159, 208, 88, 134, 190, 126, 129, 137, 165, 196, 140, 167, 143, 172, 147, 199, 150, 180, 156, 203, 187, 159, 209, 88, 105, 106, 110, 189, 134, 166, 144, 195, 147, 115, 166, 114, 115, 114, 113, 115, 116, 118, 150, 125, 171, 129, 156, 200, 158, 179, 202, 187, 208, 89, 134, 115, 125, 138, 165, 131, 132, 192, 140, 170, 143, 194, 183, 147, 151, 187, 201, 155, 157, 203, 208, 89, 134, 137, 164, 193, 140, 115, 169, 143, 115, 116, 118, 119, 120, 116, 195, 124, 147, 130, 171, 152, 182, 200, 155, 186, 159, 204, 208]

################################################################
################### jail_ex_download_list: ######################

[0, 1, 1, 1, 0, 1, 1, 0, 1, 1, 0, 0, 1, 1, 0, 0, 0, 0, 1, 1, 0, 1, 1, 0, 1, 1, 1, 1, 1, 1, 1, 1, 1, 0, 1, 0, 0, 1, 1, 0, 0, 1, 1, 1, 1, 1, 1, 1, 0, 0, 0, 0, 1, 1, 1, 1, 1, 1, 1, 1, 1, 0, 0, 0, 0, 1, 1, 1, 0, 1, 1, 0, 1, 1, 1, 1, 1, 1, 0, 1, 0, 1, 0, 1, 1, 0, 0, 0, 1, 1, 0, 0, 1, 1, 1, 1, 0, 1, 1, 1, 1, 1, 0, 1, 1, 1, 1, 0, 1, 1, 1, 1, 0, 0, 1, 1, 0, 0, 0, 1, 0, 1, 1, 1, 1, 1, 1, 0, 0, 1, 1, 1, 1, 1, 0, 0, 1, 1, 1, 1, 1, 1, 1, 1, 1, 0, 1, 0, 0, 0, 1, 1, 1, 0, 1, 1, 1, 1, 0, 0, 1, 1, 1, 1, 1, 1, 1, 1, 1, 1, 1, 0, 1, 1, 1, 1, 0, 1, 1, 1, 1, 1, 0, 1, 0, 1, 1, 1, 1, 0, 0, 0, 1, 0, 1, 1, 1, 1, 0, 1, 1, 1, 0, 1, 1, 1, 1, 0, 0, 0, 1, 0, 0, 1, 1, 1, 1, 1, 0, 0, 1, 0, 1, 1, 1, 1, 1, 0, 1, 0, 1, 1, 1, 1, 0, 0, 0, 1, 1, 0, 0, 0, 0, 1, 1, 0, 1, 1, 1, 0, 1, 0, 1, 1, 1, 1, 1, 1, 1, 0, 0, 1, 1, 0, 1, 1, 1, 1, 1, 1, 1, 1, 1, 1, 1, 1, 1, 1, 1, 1, 1, 0, 1, 0, 1, 1, 1, 0, 1, 0, 1, 1, 0, 1, 0, 0, 1, 1, 1, 1, 1, 1, 0, 0, 1, 1, 1, 1, 1, 1, 1, 0, 1, 1, 0, 0, 1, 1, 1, 0, 1, 1, 1, 0, 1, 1, 1, 0, 0, 1, 1, 0, 1, 1, 1, 1, 1, 1, 1, 1, 1, 0, 1, 1, 1, 0, 1, 1, 0, 1, 1, 2, 1, 1, 1, 0, 1, 1, 1, 1, 1, 1, 1, 1, 0, 0, 0, 0, 1, 1, 1, 1, 1, 1, 0, 1, 1, 0, 0, 0, 1, 0, 1, 1, 0, 1, 1, 1, 0, 1, 0, 1, 1, 1, 1, 0, 1, 1, 1, 0, 1, 1, 1, 1, 1, 1, 0, 1, 1, 0, 1, 0, 1, 1, 0, 0, 1, 1, 0, 1, 1, 0, 1, 0, 0, 1, 1, 1, 1, 0, 1, 0, 1, 0, 1, 1, 1, 1, 1, 1, 1, 1, 1, 1, 0, 1, 1, 1, 1, 1, 1, 0, 1, 1, 0, 1, 1, 1, 1, 1, 0, 1, 1, 0, 0, 0, 1, 1, 1, 1, 1, 1, 1, 1, 1, 1, 1, 1, 1, 1, 1, 1, 1, 0, 0, 0, 0, 1, 1, 1, 0, 1, 1, 1, 1, 1, 1, 0, 1, 1, 1, 0, 0, 0, 1, 0, 0, 0, 0, 1, 0, 0, 1, 1, 1, 1, 1, 1, 1, 0, 1, 0, 1, 1, 1, 1, 0, 0, 1, 0, 1, 1, 1, 1, 1, 0, 1, 1, 1, 1, 0, 1, 1, 1, 1, 1, 1, 0, 1, 0, 0, 1, 0, 1, 1, 0, 1, 0, 0, 1, 0, 1, 1, 1, 0, 0, 1, 0, 1, 0, 0, 1, 1, 0, 1, 0, 0, 1, 1, 1, 1, 1, 0, 1, 1, 1, 1, 1, 1, 0, 1, 1, 1, 1, 0, 1, 1, 1, 0, 0, 0, 1, 0, 1, 1, 1, 1, 1, 1, 0, 1, 0, 1, 1, 1, 1, 0, 1, 0, 1, 0, 1, 0, 0, 0, 0, 1, 0, 1, 0, 1, 0, 1, 1, 0, 0, 1, 0, 1, 0, 0, 0, 1, 1, 1, 1, 1, 1, 0, 0, 1, 0, 1, 0, 1, 0, 0, 0, 1, 0, 1, 1, 0, 1, 0, 1, 1, 1, 0, 0, 0, 1, 0, 0, 0, 1, 0, 1, 1, 1, 1, 1, 0, 0, 0, 1, 1, 1, 1, 1, 1, 1, 1, 0, 1, 1, 0, 1, 1, 0, 0, 1, 0, 1, 1, 1, 0, 1, 1, 0, 1, 1, 1, 1, 0, 1, 0, 1, 1, 1, 0, 1, 1, 1, 0, 1, 0, 0, 1, 0, 1, 1, 1, 1, 0, 1, 1, 0, 1, 1, 1, 1, 1, 0, 0, 1, 0, 1, 1, 1, 1, 1, 0, 0, 1, 1, 1, 0, 1, 0, 1, 1, 1, 1, 0, 0, 1, 1, 1, 0]

################################################################
################################################################
################### process_jail_download_list: ######################

[6, 7, 7, 7, 6, 7, 7, 6, 7, 7, 7, 7, 7, 7, 6, 6, 6, 7, 7, 7, 6, 7, 7, 6, 7, 7, 7, 7, 7, 7, 7, 7, 7, 6, 7, 6, 6, 6, 7, 6, 6, 7, 7, 7, 7, 7, 7, 7, 6, 7, 6, 6, 7, 7, 7, 7, 7, 7, 7, 7, 7, 7, 7, 7, 6, 7, 7, 7, 7, 7, 7, 6, 7, 7, 6, 7, 7, 7, 7, 7, 6, 7, 6, 7, 7, 6, 6, 7, 7, 7, 6, 7, 6, 7, 7, 7, 7, 7, 7, 7, 7, 7, 6, 7, 7, 7, 7, 6, 7, 7, 7, 6, 6, 6, 8, 7, 6, 7, 7, 8, 6, 6, 7, 7, 6, 7, 7, 6, 6, 6, 7, 7, 7, 7, 6, 6, 7, 7, 7, 7, 7, 7, 7, 7, 7, 7, 7, 7, 6, 6, 7, 7, 7, 6, 7, 7, 7, 7, 6, 6, 6, 7, 7, 7, 7, 7, 7, 7, 7, 7, 7, 6, 7, 6, 7, 7, 6, 7, 6, 7, 7, 7, 6, 7, 6, 7, 7, 7, 7, 6, 6, 6, 7, 6, 7, 7, 7, 7, 6, 7, 7, 7, 6, 7, 7, 6, 8, 6, 7, 7, 8, 6, 7, 7, 7, 7, 7, 7, 6, 6, 7, 6, 7, 7, 6, 7, 7, 6, 7, 6, 6, 7, 8, 7, 6, 6, 6, 8, 7, 7, 7, 7, 6, 7, 7, 7, 7, 7, 6, 7, 6, 6, 7, 7, 7, 7, 7, 7, 7, 6, 6, 7, 7, 6, 8, 7, 8, 7, 7, 7, 7, 7, 7, 7, 6, 7, 6, 7, 6, 7, 7, 7, 7, 6, 6, 7, 7, 6, 7, 6, 7, 7, 7, 7, 6, 6, 8, 7, 7, 7, 7, 7, 6, 7, 7, 7, 7, 7, 7, 7, 7, 6, 7, 6, 6, 7, 7, 7, 8, 7, 7, 7, 7, 6, 7, 7, 7, 6, 6, 7, 7, 6, 7, 7, 7, 7, 7, 7, 7, 7, 7, 7, 6, 7, 7, 7, 7, 7, 6, 7, 7, 7, 7, 7, 7, 6, 7, 7, 7, 7, 7, 7, 7, 7, 6, 7, 6, 6, 7, 7, 7, 7, 7, 7, 7, 7, 7, 7, 6, 6, 7, 7, 7, 7, 6, 7, 7, 7, 7, 7, 6, 7, 7, 7, 7, 6, 7, 7, 7, 6, 7, 7, 7, 7, 8, 7, 7, 7, 7, 6, 7, 7, 7, 8, 7, 6, 7, 7, 7, 7, 7, 6, 7, 7, 6, 7, 7, 7, 7, 6, 7, 6, 7, 6, 7, 7, 7, 7, 8, 7, 7, 7, 7, 7, 6, 7, 7, 7, 7, 8, 6, 6, 7, 7, 6, 7, 6, 7, 6, 7, 6, 7, 8, 6, 6, 7, 7, 7, 8, 8, 7, 8, 8, 7, 7, 8, 7, 6, 8, 7, 7, 7, 6, 6, 6, 7, 6, 7, 7, 7, 6, 7, 7, 7, 7, 7, 6, 7, 7, 7, 7, 7, 6, 6, 7, 6, 6, 6, 6, 7, 6, 7, 8, 8, 7, 7, 7, 7, 6, 6, 7, 6, 7, 6, 7, 7, 6, 7, 7, 6, 6, 7, 7, 7, 7, 7, 7, 7, 6, 6, 6, 7, 7, 7, 8, 8, 7, 6, 7, 6, 7, 7, 6, 7, 8, 7, 7, 6, 6, 7, 6, 7, 7, 6, 7, 6, 7, 7, 7, 7, 6, 7, 7, 6, 7, 6, 6, 6, 7, 7, 7, 7, 6, 7, 7, 7, 7, 7, 8, 6, 7, 7, 7, 7, 6, 7, 7, 8, 6, 6, 7, 7, 6, 7, 7, 8, 8, 8, 6, 6, 7, 6, 7, 6, 6, 7, 6, 7, 6, 7, 7, 7, 6, 7, 7, 6, 7, 6, 7, 6, 6, 7, 7, 7, 7, 6, 7, 6, 7, 6, 6, 6, 7, 6, 7, 6, 8, 7, 6, 6, 7, 6, 7, 6, 7, 6, 6, 6, 7, 6, 7, 7, 6, 7, 6, 7, 7, 8, 6, 6, 6, 7, 6, 6, 6, 7, 6, 7, 7, 7, 7, 7, 6, 7, 7, 7, 7, 7, 7, 7, 7, 6, 7, 6, 7, 7, 6, 7, 6, 6, 7, 7, 7, 7, 6, 7, 7, 7, 7, 7, 7, 7, 6, 7, 6, 7, 7, 7, 7, 7, 7, 6, 7, 7, 6, 7, 6, 7, 7, 6, 7, 8, 7, 7, 6, 7, 7, 6, 7, 8, 7, 6, 7, 6, 6, 6, 7, 7, 6, 7, 7, 7, 6, 6, 7, 7, 7, 6, 7, 6, 7, 7, 8, 7, 6, 6, 7, 7, 7, 6]

################################################################
################################################################
################### process_jail_list: ######################

[6, 6, 6, 6, 6, 6, 6, 6, 6, 6, 7, 7, 6, 6, 6, 6, 6, 7, 6, 6, 6, 6, 6, 6, 6, 6, 6, 6, 6, 6, 6, 6, 6, 6, 6, 6, 6, 5, 6, 6, 6, 6, 6, 6, 6, 6, 6, 6, 6, 7, 6, 6, 6, 6, 6, 6, 6, 6, 6, 6, 6, 7, 7, 7, 6, 6, 6, 6, 7, 6, 6, 6, 6, 6, 5, 6, 6, 6, 7, 6, 6, 6, 6, 6, 6, 6, 6, 7, 6, 6, 6, 7, 5, 6, 6, 6, 7, 6, 6, 6, 6, 6, 6, 6, 6, 6, 6, 6, 6, 6, 6, 5, 6, 6, 7, 6, 6, 7, 7, 7, 6, 5, 6, 6, 5, 6, 6, 6, 6, 5, 6, 6, 6, 6, 6, 6, 6, 6, 6, 6, 6, 6, 6, 6, 6, 7, 6, 7, 6, 6, 6, 6, 6, 6, 6, 6, 6, 6, 6, 6, 5, 6, 6, 6, 6, 6, 6, 6, 6, 6, 6, 6, 6, 5, 6, 6, 6, 6, 5, 6, 6, 6, 6, 6, 6, 6, 6, 6, 6, 6, 6, 6, 6, 6, 6, 6, 6, 6, 6, 6, 6, 6, 6, 6, 6, 5, 7, 6, 7, 7, 7, 6, 7, 6, 6, 6, 6, 6, 6, 6, 6, 6, 6, 6, 5, 6, 6, 6, 6, 6, 5, 6, 7, 6, 6, 6, 6, 7, 6, 7, 7, 7, 6, 6, 6, 7, 6, 6, 5, 7, 5, 6, 6, 6, 6, 6, 6, 6, 6, 6, 6, 6, 6, 6, 7, 6, 7, 6, 6, 6, 6, 6, 6, 6, 5, 6, 5, 6, 5, 6, 6, 7, 6, 6, 5, 6, 6, 6, 6, 6, 6, 6, 7, 6, 6, 6, 7, 6, 6, 6, 6, 6, 6, 7, 6, 6, 6, 6, 6, 6, 6, 6, 6, 5, 6, 7, 6, 6, 7, 7, 6, 6, 6, 6, 6, 6, 6, 6, 6, 6, 6, 6, 6, 6, 6, 6, 6, 6, 6, 6, 6, 7, 5, 6, 6, 7, 6, 6, 6, 6, 6, 5, 6, 6, 6, 6, 6, 6, 6, 6, 6, 6, 6, 6, 6, 7, 6, 6, 6, 6, 6, 6, 6, 6, 7, 6, 6, 7, 6, 6, 6, 7, 6, 6, 6, 6, 6, 6, 7, 6, 6, 6, 6, 6, 6, 6, 6, 6, 6, 6, 6, 6, 6, 6, 7, 6, 7, 6, 6, 6, 6, 7, 6, 7, 7, 6, 6, 6, 7, 6, 6, 6, 6, 7, 6, 6, 6, 6, 6, 6, 6, 6, 6, 6, 6, 6, 6, 6, 7, 6, 6, 6, 6, 6, 6, 6, 6, 6, 6, 7, 5, 6, 6, 6, 6, 6, 5, 6, 5, 6, 6, 6, 7, 6, 6, 7, 6, 6, 7, 7, 6, 7, 7, 6, 6, 7, 6, 5, 7, 6, 6, 6, 5, 6, 6, 7, 6, 6, 6, 6, 6, 6, 6, 6, 6, 6, 5, 7, 6, 6, 6, 7, 6, 6, 6, 6, 6, 6, 6, 6, 6, 7, 7, 7, 6, 6, 6, 6, 5, 6, 6, 6, 6, 5, 6, 6, 6, 7, 6, 6, 5, 6, 6, 6, 6, 7, 6, 6, 5, 5, 6, 6, 6, 6, 7, 7, 6, 6, 6, 6, 7, 6, 6, 6, 7, 7, 6, 6, 6, 6, 6, 6, 6, 5, 7, 6, 6, 7, 6, 7, 6, 6, 6, 6, 6, 6, 6, 5, 6, 6, 6, 6, 6, 6, 6, 6, 6, 6, 7, 6, 6, 6, 6, 6, 6, 6, 6, 7, 6, 6, 7, 6, 6, 6, 6, 7, 7, 7, 5, 6, 6, 6, 6, 5, 5, 6, 6, 6, 6, 6, 7, 6, 6, 7, 7, 6, 6, 6, 6, 6, 5, 7, 6, 6, 7, 6, 6, 6, 6, 6, 6, 6, 6, 5, 6, 5, 7, 6, 6, 6, 6, 6, 6, 6, 6, 6, 6, 6, 6, 6, 6, 6, 6, 6, 6, 6, 6, 7, 6, 6, 6, 6, 6, 6, 6, 6, 6, 6, 6, 6, 6, 6, 6, 7, 7, 6, 6, 6, 6, 6, 6, 5, 6, 6, 6, 6, 6, 6, 5, 6, 7, 6, 7, 6, 5, 6, 7, 6, 6, 7, 6, 6, 5, 6, 6, 6, 7, 6, 6, 6, 7, 5, 6, 6, 6, 6, 6, 7, 6, 6, 6, 7, 6, 6, 6, 6, 6, 6, 6, 7, 6, 5, 6, 6, 6, 5, 7, 6, 5, 6, 6, 6, 6, 6, 6, 6, 6, 6, 6, 6, 6, 6, 7, 6, 6, 6, 6, 6, 6, 6]

################################################################
