Numero total de amostras 770

Tempo total de processamento: 0:11:01

############## TEMPOS DE PROCESSAMENTO DO EXERCICIO NO JAIL  ####################
Soma 4535 segundos
Media 5.8896103896103895 segundos
Desvio padr達o 0.35605501383784643 segundos
Minimo 5 segundos
Maximo 7 segundos

95% 5.0 segundos
99% 5.0 segundos

############## TEMPOS DE PROCESSAMENTO DO EXERCICIO NO JAIL COM DOWNLOAD  ################
Soma 5041 segundos
Media 6.546753246753247 segundos
Desvio padr達o 0.5707330477903904 segundos
Minimo 6 segundos
Maximo 10 segundos

95% 6.0 segundos
99% 6.0 segundos

################### TEMPOS DE DOWNLOAD DO EXERCICIO NO JAIL #######################
Soma 506 segundos
Media 0.6571428571428571 segundos
Desvio padr達o 0.5338973517346189 segundos
Minimo 0 segundos
Maximo 3 segundos

95% 0.0 segundos
99% 0.0 segundos

############################ TEMPOS DE ESPERA NA FILA ############################
Soma 814
Media 1.0571428571428572 segundos
Desvio padr達o 0.9773311886556724 segundos
Minimo 0 segundos
Maximo 6 segundos

95% 0.0 segundos
99% 0.0 segundos

################### queue_wait_time_list: ######################

[4, 6, 2, 0, 1, 5, 6, 3, 1, 1, 2, 5, 5, 3, 4, 1, 3, 0, 4, 3, 3, 4, 6, 3, 5, 4, 2, 1, 3, 2, 3, 3, 5, 0, 4, 2, 1, 2, 3, 1, 3, 2, 4, 3, 2, 2, 1, 2, 2, 0, 1, 1, 0, 0, 1, 1, 0, 1, 0, 3, 2, 1, 2, 0, 2, 1, 2, 1, 3, 3, 2, 1, 0, 2, 1, 3, 0, 2, 1, 2, 2, 1, 1, 2, 0, 2, 3, 0, 0, 0, 1, 1, 2, 1, 1, 0, 2, 2, 2, 1, 0, 0, 0, 0, 1, 2, 2, 2, 2, 2, 1, 1, 0, 0, 0, 1, 0, 2, 1, 3, 1, 0, 1, 2, 0, 1, 1, 1, 2, 2, 1, 1, 1, 3, 0, 0, 3, 2, 2, 2, 1, 0, 1, 0, 2, 1, 1, 1, 2, 1, 0, 1, 1, 0, 1, 2, 0, 1, 3, 2, 3, 4, 1, 1, 1, 2, 1, 0, 2, 1, 0, 0, 2, 1, 0, 2, 1, 2, 2, 1, 1, 0, 1, 0, 0, 2, 0, 1, 1, 1, 1, 0, 1, 2, 1, 2, 1, 0, 1, 0, 0, 2, 1, 1, 1, 0, 0, 2, 1, 1, 0, 0, 1, 1, 1, 1, 2, 1, 1, 1, 0, 0, 1, 0, 1, 0, 0, 0, 1, 1, 0, 1, 2, 2, 2, 1, 1, 2, 1, 2, 1, 0, 1, 3, 1, 3, 3, 1, 2, 1, 1, 0, 1, 1, 1, 2, 0, 0, 0, 0, 0, 1, 0, 0, 1, 2, 0, 1, 1, 1, 1, 1, 1, 1, 0, 1, 2, 0, 1, 2, 1, 0, 1, 0, 0, 0, 1, 1, 1, 1, 1, 1, 2, 2, 1, 1, 0, 2, 1, 1, 2, 1, 0, 2, 1, 1, 0, 0, 2, 1, 1, 0, 2, 1, 1, 1, 1, 0, 1, 2, 0, 1, 1, 0, 1, 1, 0, 1, 2, 2, 1, 0, 1, 1, 1, 3, 0, 2, 1, 1, 0, 1, 0, 1, 0, 1, 2, 2, 1, 1, 1, 1, 0, 0, 1, 2, 0, 0, 2, 1, 0, 1, 2, 1, 1, 0, 0, 1, 2, 0, 1, 1, 1, 1, 1, 2, 1, 1, 0, 1, 1, 2, 2, 1, 0, 2, 0, 1, 0, 2, 0, 0, 2, 0, 1, 3, 1, 2, 2, 1, 0, 0, 3, 2, 0, 1, 1, 3, 1, 2, 1, 0, 1, 2, 2, 1, 0, 1, 1, 0, 0, 1, 1, 1, 1, 0, 0, 1, 0, 1, 2, 1, 1, 0, 0, 0, 2, 0, 0, 0, 1, 1, 1, 0, 1, 1, 2, 1, 1, 0, 1, 1, 2, 0, 1, 1, 0, 1, 1, 0, 1, 1, 0, 1, 1, 1, 1, 1, 0, 1, 0, 1, 1, 1, 3, 1, 2, 2, 2, 0, 1, 2, 2, 1, 1, 2, 1, 2, 0, 1, 1, 1, 0, 0, 1, 0, 1, 1, 0, 1, 0, 1, 0, 0, 1, 1, 1, 0, 0, 0, 1, 2, 0, 1, 0, 1, 1, 0, 0, 0, 0, 1, 1, 1, 1, 1, 1, 0, 1, 0, 0, 1, 1, 0, 0, 2, 1, 1, 0, 0, 1, 1, 1, 1, 1, 0, 1, 0, 0, 0, 0, 0, 0, 1, 1, 1, 1, 0, 0, 0, 2, 0, 0, 1, 1, 0, 2, 1, 1, 1, 1, 1, 3, 0, 1, 1, 1, 1, 0, 1, 0, 1, 1, 0, 0, 1, 0, 1, 2, 0, 3, 1, 2, 0, 0, 2, 2, 2, 0, 2, 0, 0, 1, 0, 1, 0, 1, 2, 1, 1, 0, 0, 0, 2, 0, 1, 2, 2, 1, 2, 0, 1, 1, 2, 1, 2, 1, 1, 0, 2, 1, 0, 0, 0, 0, 0, 2, 0, 0, 1, 2, 0, 2, 3, 1, 1, 0, 1, 2, 1, 1, 0, 1, 1, 0, 0, 1, 0, 0, 1, 2, 0, 1, 0, 0, 0, 2, 2, 1, 1, 2, 1, 0, 1, 1, 1, 0, 0, 1, 1, 2, 1, 1, 1, 1, 1, 1, 1, 1, 0, 1, 0, 1, 1, 0, 0, 2, 1, 1, 1, 1, 0, 0, 1, 2, 1, 2, 0, 1, 2, 0, 1, 1, 1, 0, 0, 1, 3, 0, 1, 1, 1, 2, 1, 0, 1, 0, 1, 0, 1, 1, 2, 2, 1, 1, 0, 1, 2, 1, 1, 1, 0, 1, 3, 1, 1, 1, 1, 1, 0, 2, 2, 1, 0, 1, 0, 1, 0, 0, 1, 1, 0, 1, 0, 1, 1, 0, 2, 1, 2]

################################################################
################### jail_ex_download_list: ######################

[3, 0, 3, 0, 1, 3, 1, 3, 1, 3, 1, 1, 1, 1, 1, 0, 1, 0, 2, 2, 1, 1, 3, 1, 3, 0, 1, 1, 1, 1, 1, 0, 0, 1, 0, 1, 1, 1, 0, 0, 1, 1, 1, 1, 1, 0, 1, 1, 1, 1, 1, 0, 0, 1, 1, 1, 1, 1, 1, 1, 0, 1, 0, 0, 0, 0, 0, 0, 1, 1, 1, 1, 1, 1, 0, 0, 1, 1, 1, 1, 1, 1, 1, 1, 1, 1, 0, 1, 1, 1, 1, 0, 1, 0, 0, 1, 1, 1, 1, 1, 1, 0, 1, 1, 0, 0, 1, 0, 0, 0, 1, 0, 1, 1, 1, 0, 1, 1, 0, 1, 0, 0, 0, 1, 1, 1, 0, 1, 1, 1, 1, 1, 1, 1, 1, 1, 1, 1, 1, 0, 0, 1, 1, 1, 0, 0, 1, 1, 1, 1, 0, 0, 0, 1, 1, 1, 1, 0, 0, 1, 1, 0, 1, 0, 1, 1, 0, 0, 0, 0, 1, 1, 1, 1, 1, 0, 1, 1, 1, 1, 0, 1, 1, 1, 1, 0, 1, 0, 0, 0, 1, 1, 1, 0, 0, 1, 0, 1, 0, 1, 0, 0, 1, 1, 1, 1, 1, 1, 1, 1, 1, 1, 0, 0, 1, 0, 0, 1, 0, 1, 1, 1, 1, 1, 1, 0, 1, 1, 1, 0, 1, 1, 1, 1, 1, 0, 1, 0, 1, 1, 1, 1, 0, 1, 1, 1, 0, 1, 0, 0, 1, 1, 1, 0, 0, 1, 1, 1, 1, 1, 1, 1, 1, 1, 0, 0, 0, 0, 1, 0, 1, 1, 1, 0, 0, 1, 1, 1, 0, 0, 1, 1, 1, 1, 1, 1, 0, 1, 0, 1, 1, 1, 0, 0, 1, 1, 1, 0, 1, 1, 0, 1, 1, 1, 0, 1, 1, 1, 0, 1, 0, 1, 1, 1, 1, 1, 0, 0, 1, 0, 0, 0, 1, 1, 0, 0, 1, 1, 1, 1, 1, 1, 0, 0, 0, 1, 1, 1, 0, 0, 0, 0, 1, 0, 1, 1, 0, 1, 1, 1, 1, 1, 1, 1, 1, 0, 1, 1, 1, 1, 1, 0, 0, 1, 0, 1, 0, 0, 1, 1, 0, 1, 0, 1, 0, 1, 1, 1, 1, 0, 1, 0, 1, 0, 1, 0, 1, 0, 1, 1, 1, 0, 1, 1, 1, 0, 1, 0, 1, 1, 1, 1, 0, 1, 1, 1, 0, 0, 0, 0, 1, 1, 1, 0, 0, 0, 1, 1, 1, 1, 1, 1, 0, 1, 0, 1, 1, 0, 1, 0, 0, 0, 0, 1, 1, 0, 1, 1, 1, 0, 0, 0, 1, 1, 0, 0, 0, 1, 1, 1, 1, 0, 0, 1, 0, 0, 1, 1, 0, 1, 1, 1, 1, 0, 1, 1, 1, 0, 1, 1, 1, 0, 1, 0, 0, 1, 0, 0, 0, 1, 0, 1, 0, 1, 0, 1, 1, 0, 0, 1, 0, 0, 1, 1, 1, 1, 1, 1, 1, 1, 1, 1, 1, 0, 0, 1, 0, 0, 1, 0, 1, 0, 1, 1, 1, 1, 1, 1, 1, 1, 1, 1, 0, 1, 0, 0, 0, 1, 0, 1, 1, 0, 1, 1, 1, 0, 1, 1, 1, 0, 0, 1, 0, 0, 0, 1, 1, 1, 1, 1, 1, 1, 1, 0, 0, 0, 1, 0, 0, 1, 1, 1, 0, 1, 0, 1, 1, 0, 0, 0, 1, 1, 0, 1, 1, 1, 1, 0, 0, 1, 0, 1, 1, 1, 1, 1, 0, 0, 0, 0, 1, 1, 1, 1, 1, 1, 0, 0, 1, 1, 0, 0, 1, 1, 1, 1, 0, 0, 1, 1, 0, 1, 1, 0, 1, 1, 1, 1, 0, 1, 0, 1, 1, 0, 1, 0, 0, 1, 1, 0, 1, 0, 1, 1, 1, 0, 0, 1, 1, 0, 0, 1, 1, 0, 1, 1, 1, 0, 0, 1, 0, 1, 0, 0, 1, 1, 1, 1, 0, 1, 0, 1, 1, 1, 1, 1, 0, 0, 0, 1, 0, 1, 1, 1, 0, 1, 0, 1, 0, 1, 0, 1, 1, 0, 1, 0, 1, 1, 0, 1, 0, 1, 0, 1, 1, 1, 1, 0, 1, 0, 0, 1, 1, 0, 0, 0, 1, 1, 0, 1, 1, 0, 0, 0, 1, 1, 1, 0, 1, 1, 1, 1, 0, 1, 1, 0, 1, 1, 1, 0, 0, 0, 1, 1, 0, 1, 1, 1, 1, 0, 0, 1, 1, 1, 0, 1, 1, 1, 0, 1, 1, 0, 1, 1, 0, 0, 1, 1, 1, 1, 0, 1, 1, 1, 1, 0, 0, 0, 0, 0]

################################################################
################################################################
################### process_jail_download_list: ######################

[9, 7, 9, 7, 6, 9, 7, 10, 7, 10, 7, 7, 7, 7, 7, 6, 7, 6, 7, 8, 7, 7, 9, 7, 9, 6, 7, 7, 7, 7, 7, 6, 6, 7, 6, 7, 7, 6, 6, 7, 7, 7, 7, 7, 7, 6, 7, 7, 7, 7, 7, 6, 6, 6, 7, 7, 7, 6, 7, 7, 6, 7, 6, 6, 6, 6, 6, 6, 7, 7, 7, 6, 7, 6, 6, 6, 6, 7, 7, 7, 7, 7, 7, 6, 6, 7, 6, 7, 7, 7, 7, 6, 7, 6, 6, 7, 7, 7, 7, 7, 7, 6, 6, 7, 6, 6, 7, 6, 6, 6, 7, 6, 7, 6, 7, 6, 7, 7, 6, 6, 6, 6, 6, 6, 7, 7, 6, 7, 7, 7, 6, 7, 7, 7, 7, 6, 6, 7, 7, 6, 6, 6, 7, 7, 6, 7, 7, 8, 8, 7, 6, 6, 6, 6, 7, 7, 7, 6, 7, 7, 7, 7, 7, 7, 7, 7, 6, 6, 6, 6, 7, 7, 7, 7, 6, 6, 7, 6, 7, 6, 6, 7, 7, 7, 7, 6, 7, 6, 6, 6, 7, 7, 7, 6, 6, 7, 6, 7, 6, 7, 6, 6, 7, 6, 7, 7, 7, 7, 6, 7, 7, 7, 6, 6, 6, 6, 6, 7, 6, 6, 7, 7, 7, 7, 7, 6, 6, 7, 7, 6, 7, 7, 7, 6, 7, 6, 6, 6, 6, 6, 6, 7, 6, 6, 7, 7, 6, 6, 6, 6, 7, 6, 7, 6, 6, 6, 7, 7, 7, 7, 7, 7, 7, 6, 6, 6, 6, 6, 7, 6, 7, 7, 7, 6, 6, 7, 7, 7, 6, 6, 7, 7, 7, 7, 7, 6, 6, 6, 6, 6, 7, 6, 6, 6, 6, 7, 6, 6, 7, 7, 6, 7, 7, 7, 6, 7, 6, 7, 6, 7, 6, 7, 7, 7, 6, 7, 6, 6, 7, 6, 6, 6, 7, 7, 6, 6, 7, 7, 7, 7, 7, 7, 6, 6, 6, 6, 7, 7, 6, 6, 6, 6, 7, 6, 7, 7, 6, 7, 7, 7, 7, 7, 7, 7, 7, 6, 7, 7, 7, 7, 7, 6, 6, 6, 6, 6, 6, 6, 7, 7, 6, 6, 6, 7, 6, 7, 7, 7, 7, 6, 7, 6, 6, 6, 7, 6, 7, 6, 6, 7, 7, 6, 7, 7, 7, 6, 7, 6, 7, 7, 7, 6, 6, 7, 7, 7, 6, 6, 6, 6, 6, 7, 7, 6, 6, 6, 7, 6, 7, 7, 7, 7, 6, 7, 6, 7, 7, 6, 7, 6, 6, 6, 6, 7, 7, 6, 6, 7, 6, 6, 6, 6, 7, 7, 6, 6, 6, 7, 7, 7, 7, 6, 6, 7, 6, 6, 7, 6, 6, 7, 7, 7, 7, 6, 7, 6, 7, 6, 7, 6, 7, 6, 7, 6, 6, 7, 6, 6, 6, 7, 6, 7, 6, 7, 6, 7, 7, 6, 6, 7, 6, 6, 7, 6, 7, 7, 7, 6, 7, 7, 7, 7, 7, 6, 6, 7, 6, 6, 7, 6, 6, 6, 7, 7, 7, 6, 7, 7, 6, 7, 7, 6, 6, 6, 6, 6, 6, 7, 6, 7, 7, 6, 6, 7, 7, 6, 7, 7, 7, 6, 6, 7, 6, 6, 6, 6, 6, 7, 7, 7, 7, 7, 7, 6, 6, 6, 7, 6, 6, 7, 6, 7, 6, 7, 6, 6, 7, 6, 6, 6, 6, 7, 6, 7, 6, 7, 7, 6, 6, 7, 6, 7, 6, 7, 7, 7, 6, 6, 6, 6, 6, 7, 7, 7, 7, 7, 6, 6, 7, 7, 6, 6, 7, 7, 7, 7, 6, 6, 7, 7, 6, 7, 7, 6, 7, 7, 7, 6, 6, 7, 6, 7, 7, 6, 7, 6, 6, 7, 7, 6, 7, 6, 7, 7, 7, 6, 6, 6, 7, 6, 6, 7, 7, 6, 6, 6, 7, 6, 6, 6, 6, 7, 6, 6, 7, 7, 7, 7, 6, 7, 6, 7, 7, 7, 7, 7, 6, 6, 6, 7, 6, 6, 7, 7, 6, 7, 6, 7, 6, 7, 6, 6, 6, 6, 6, 6, 6, 7, 6, 7, 6, 7, 6, 7, 7, 6, 7, 6, 7, 6, 6, 7, 6, 6, 6, 6, 6, 7, 6, 6, 6, 6, 6, 6, 7, 7, 7, 6, 7, 7, 7, 6, 6, 7, 7, 6, 7, 6, 6, 6, 6, 6, 6, 7, 6, 7, 7, 7, 7, 6, 6, 7, 6, 7, 6, 7, 7, 7, 6, 7, 7, 6, 7, 7, 6, 6, 7, 7, 6, 7, 6, 7, 7, 7, 7, 6, 6, 6, 6, 6]

################################################################
################################################################
################### process_jail_list: ######################

[6, 7, 6, 7, 5, 6, 6, 7, 6, 7, 6, 6, 6, 6, 6, 6, 6, 6, 5, 6, 6, 6, 6, 6, 6, 6, 6, 6, 6, 6, 6, 6, 6, 6, 6, 6, 6, 5, 6, 7, 6, 6, 6, 6, 6, 6, 6, 6, 6, 6, 6, 6, 6, 5, 6, 6, 6, 5, 6, 6, 6, 6, 6, 6, 6, 6, 6, 6, 6, 6, 6, 5, 6, 5, 6, 6, 5, 6, 6, 6, 6, 6, 6, 5, 5, 6, 6, 6, 6, 6, 6, 6, 6, 6, 6, 6, 6, 6, 6, 6, 6, 6, 5, 6, 6, 6, 6, 6, 6, 6, 6, 6, 6, 5, 6, 6, 6, 6, 6, 5, 6, 6, 6, 5, 6, 6, 6, 6, 6, 6, 5, 6, 6, 6, 6, 5, 5, 6, 6, 6, 6, 5, 6, 6, 6, 7, 6, 7, 7, 6, 6, 6, 6, 5, 6, 6, 6, 6, 7, 6, 6, 7, 6, 7, 6, 6, 6, 6, 6, 6, 6, 6, 6, 6, 5, 6, 6, 5, 6, 5, 6, 6, 6, 6, 6, 6, 6, 6, 6, 6, 6, 6, 6, 6, 6, 6, 6, 6, 6, 6, 6, 6, 6, 5, 6, 6, 6, 6, 5, 6, 6, 6, 6, 6, 5, 6, 6, 6, 6, 5, 6, 6, 6, 6, 6, 6, 5, 6, 6, 6, 6, 6, 6, 5, 6, 6, 5, 6, 5, 5, 5, 6, 6, 5, 6, 6, 6, 5, 6, 6, 6, 5, 6, 6, 6, 5, 6, 6, 6, 6, 6, 6, 6, 5, 6, 6, 6, 6, 6, 6, 6, 6, 6, 6, 6, 6, 6, 6, 6, 6, 6, 6, 6, 6, 6, 5, 6, 5, 6, 5, 6, 5, 6, 6, 5, 6, 5, 6, 6, 6, 6, 6, 6, 6, 6, 6, 5, 6, 6, 6, 6, 6, 6, 6, 5, 6, 6, 6, 6, 6, 6, 6, 6, 6, 6, 6, 6, 6, 6, 6, 6, 6, 6, 6, 6, 5, 6, 6, 6, 6, 6, 6, 6, 6, 6, 6, 6, 6, 6, 6, 6, 6, 6, 6, 6, 6, 6, 6, 6, 6, 6, 6, 6, 5, 6, 5, 6, 6, 6, 6, 6, 5, 6, 6, 6, 6, 6, 6, 6, 6, 6, 6, 5, 6, 6, 6, 6, 6, 5, 6, 6, 6, 6, 6, 6, 6, 6, 6, 6, 6, 6, 5, 6, 6, 6, 6, 6, 6, 6, 6, 5, 6, 6, 6, 6, 6, 6, 5, 6, 6, 6, 6, 6, 6, 6, 6, 6, 6, 6, 6, 6, 6, 6, 6, 6, 6, 5, 6, 5, 6, 6, 6, 6, 6, 6, 6, 6, 6, 6, 6, 6, 6, 6, 6, 6, 6, 6, 5, 6, 6, 6, 6, 6, 6, 6, 5, 6, 6, 6, 5, 6, 6, 6, 6, 6, 6, 6, 6, 6, 6, 6, 6, 6, 6, 6, 6, 6, 6, 6, 6, 6, 6, 6, 5, 6, 6, 6, 5, 6, 6, 6, 6, 6, 6, 6, 6, 6, 6, 6, 6, 5, 6, 6, 6, 6, 5, 6, 6, 5, 6, 6, 5, 6, 5, 6, 6, 6, 6, 6, 6, 6, 6, 5, 6, 6, 6, 6, 6, 6, 6, 6, 6, 6, 6, 6, 5, 5, 6, 6, 6, 6, 6, 6, 6, 6, 6, 6, 6, 6, 6, 5, 6, 6, 6, 6, 5, 6, 6, 6, 6, 5, 6, 6, 6, 5, 6, 6, 6, 6, 6, 6, 6, 5, 6, 6, 6, 6, 6, 6, 6, 5, 6, 6, 6, 6, 6, 6, 6, 6, 6, 6, 6, 6, 6, 6, 6, 6, 6, 6, 6, 6, 6, 6, 6, 6, 6, 6, 5, 6, 6, 6, 6, 6, 6, 6, 6, 6, 6, 6, 6, 6, 6, 6, 6, 6, 6, 6, 5, 6, 6, 6, 6, 6, 6, 5, 5, 6, 6, 6, 5, 6, 6, 6, 6, 6, 6, 6, 6, 6, 6, 6, 6, 6, 6, 6, 6, 6, 6, 6, 6, 6, 5, 6, 6, 6, 6, 6, 6, 6, 6, 6, 5, 5, 6, 5, 6, 5, 6, 6, 6, 6, 6, 6, 6, 6, 5, 6, 6, 6, 6, 6, 6, 5, 6, 6, 6, 5, 6, 6, 5, 5, 6, 6, 6, 6, 6, 6, 6, 6, 6, 6, 5, 6, 6, 6, 6, 6, 5, 5, 6, 6, 6, 5, 6, 6, 6, 6, 6, 6, 6, 6, 6, 5, 6, 6, 6, 6, 6, 6, 6, 6, 6, 6, 6, 6, 6, 6, 6, 5, 6, 6, 6, 6, 6, 6, 6, 6, 6, 6, 6]

################################################################
