Numero total de amostras 770

Tempo total de processamento: 0:20:43

############## TEMPOS DE PROCESSAMENTO DO EXERCICIO NO JAIL  ####################
Soma 4509 segundos
Media 5.855844155844156 segundos
Desvio padr達o 0.4156026781701599 segundos
Minimo 5 segundos
Maximo 7 segundos

95% 5.0 segundos
99% 5.0 segundos

############## TEMPOS DE PROCESSAMENTO DO EXERCICIO NO JAIL COM DOWNLOAD  ################
Soma 4959 segundos
Media 6.44025974025974 segundos
Desvio padr達o 0.5118745128941095 segundos
Minimo 6 segundos
Maximo 8 segundos

95% 6.0 segundos
99% 6.0 segundos

################### TEMPOS DE DOWNLOAD DO EXERCICIO NO JAIL #######################
Soma 450 segundos
Media 0.5844155844155844 segundos
Desvio padr達o 0.4980650703498294 segundos
Minimo 0 segundos
Maximo 2 segundos

95% 0.0 segundos
99% 0.0 segundos

############################ TEMPOS DE ESPERA NA FILA ############################
Soma 226174
Media 293.7324675324675 segundos
Desvio padr達o 168.3252837622784 segundos
Minimo 2 segundos
Maximo 582 segundos

95% 9.305499999999999 segundos
99% 9.6131 segundos

################### queue_wait_time_list: ######################

[18, 4, 13, 4, 15, 3, 2, 12, 19, 15, 11, 21, 10, 9, 7, 6, 7, 13, 23, 17, 28, 19, 25, 15, 22, 21, 23, 21, 28, 30, 30, 33, 30, 40, 33, 33, 36, 36, 38, 42, 45, 40, 37, 44, 40, 46, 43, 522, 24, 28, 27, 30, 34, 39, 42, 45, 55, 51, 45, 49, 51, 57, 52, 55, 56, 61, 59, 55, 63, 65, 58, 67, 67, 61, 70, 72, 64, 76, 70, 66, 75, 73, 69, 78, 76, 73, 81, 83, 77, 81, 82, 86, 83, 85, 87, 289, 87, 86, 89, 519, 504, 581, 530, 542, 561, 572, 49, 49, 50, 52, 57, 64, 61, 61, 66, 92, 95, 90, 92, 98, 93, 96, 98, 96, 102, 99, 101, 105, 101, 103, 105, 105, 107, 107, 107, 110, 111, 113, 116, 113, 114, 115, 117, 121, 119, 124, 118, 122, 122, 127, 125, 125, 129, 69, 72, 75, 79, 79, 81, 84, 90, 130, 131, 134, 131, 132, 134, 134, 137, 137, 137, 139, 140, 144, 142, 142, 146, 148, 146, 142, 150, 153, 147, 152, 151, 156, 154, 157, 154, 160, 154, 158, 160, 162, 162, 163, 165, 164, 165, 167, 168, 168, 167, 170, 573, 507, 520, 582, 532, 543, 551, 563, 90, 322, 171, 172, 328, 171, 340, 405, 419, 422, 173, 574, 173, 435, 174, 174, 521, 508, 176, 178, 177, 533, 543, 553, 562, 93, 96, 98, 101, 107, 109, 110, 112, 186, 189, 182, 178, 180, 183, 179, 182, 183, 186, 192, 188, 185, 193, 192, 194, 198, 194, 191, 199, 200, 197, 202, 202, 201, 206, 202, 208, 211, 205, 207, 209, 217, 210, 213, 213, 214, 217, 217, 305, 219, 311, 220, 219, 220, 221, 319, 325, 346, 350, 352, 360, 361, 372, 384, 388, 391, 406, 422, 509, 521, 534, 544, 554, 562, 116, 534, 119, 119, 122, 126, 128, 128, 132, 136, 223, 225, 223, 224, 226, 229, 230, 226, 236, 232, 229, 235, 238, 232, 238, 236, 235, 239, 242, 242, 251, 245, 245, 247, 248, 244, 252, 250, 247, 254, 254, 258, 254, 257, 257, 260, 258, 264, 574, 337, 339, 343, 345, 523, 382, 436, 535, 510, 545, 554, 564, 140, 145, 147, 264, 264, 574, 355, 365, 368, 375, 378, 385, 398, 399, 404, 410, 412, 415, 421, 524, 511, 535, 545, 555, 565, 138, 141, 277, 270, 270, 263, 278, 277, 274, 282, 268, 274, 268, 503, 267, 284, 266, 273, 274, 282, 280, 270, 284, 271, 280, 285, 286, 276, 279, 280, 525, 555, 439, 445, 450, 509, 513, 575, 536, 565, 148, 151, 157, 157, 159, 162, 166, 295, 287, 289, 290, 291, 292, 292, 297, 301, 296, 293, 304, 300, 296, 303, 302, 299, 306, 306, 301, 309, 307, 306, 310, 312, 312, 315, 315, 315, 322, 318, 328, 319, 321, 322, 324, 324, 325, 327, 447, 450, 458, 503, 328, 506, 525, 330, 577, 331, 513, 536, 331, 331, 546, 335, 334, 556, 333, 333, 336, 337, 442, 445, 565, 176, 180, 184, 187, 187, 191, 194, 339, 341, 353, 336, 344, 342, 363, 347, 343, 345, 350, 349, 353, 356, 348, 352, 357, 356, 359, 359, 359, 362, 366, 362, 371, 366, 366, 368, 368, 368, 371, 374, 371, 373, 377, 377, 375, 512, 378, 379, 526, 577, 538, 379, 381, 382, 383, 463, 547, 465, 468, 505, 508, 557, 514, 566, 197, 201, 464, 470, 473, 515, 527, 577, 539, 548, 558, 568, 198, 204, 208, 210, 214, 215, 386, 392, 388, 386, 387, 388, 390, 391, 394, 393, 394, 393, 397, 397, 397, 400, 399, 403, 403, 407, 399, 409, 406, 403, 410, 420, 426, 413, 409, 412, 417, 413, 422, 416, 415, 427, 419, 426, 418, 425, 223, 286, 289, 528, 579, 548, 559, 428, 568, 429, 429, 428, 432, 432, 431, 432, 434, 515, 228, 230, 232, 234, 238, 241, 241, 245, 436, 437, 439, 438, 442, 441, 443, 444, 444, 449, 447, 448, 447, 452, 450, 455, 458, 454, 454, 457, 462, 455, 457, 459, 460, 466, 464, 460, 467, 469, 463, 471, 473, 465, 474, 475, 469, 475, 472, 294, 297, 300, 308, 312, 315, 318, 528, 476, 477, 539, 516, 549, 569, 247, 250, 261, 518, 529, 580, 539, 477, 550, 478, 479, 560, 480, 570, 480, 480, 482, 483, 484, 254, 259, 518, 489, 490, 530, 579, 491, 484, 493, 492, 485, 493, 485, 540, 486, 487, 551, 488, 559, 489, 489, 571, 260, 519, 500, 500, 502, 503, 580, 494, 530, 495, 541, 495, 496, 550, 496, 560, 497, 497, 570, 499, 500]

################################################################
################### jail_ex_download_list: ######################

[1, 1, 0, 1, 1, 2, 2, 1, 0, 1, 1, 1, 1, 1, 1, 1, 1, 1, 1, 1, 1, 0, 0, 1, 0, 1, 1, 0, 0, 1, 1, 1, 1, 0, 1, 1, 0, 0, 0, 0, 1, 1, 0, 0, 0, 1, 0, 1, 1, 0, 0, 1, 0, 1, 0, 1, 0, 1, 1, 1, 1, 1, 1, 0, 0, 1, 0, 0, 1, 0, 1, 0, 1, 0, 1, 1, 0, 0, 1, 1, 1, 0, 1, 1, 1, 0, 0, 1, 1, 1, 0, 1, 1, 0, 0, 1, 1, 1, 0, 0, 1, 1, 1, 0, 0, 0, 0, 0, 0, 1, 1, 1, 0, 0, 1, 0, 1, 0, 1, 0, 1, 1, 1, 0, 0, 1, 1, 0, 1, 1, 0, 0, 1, 1, 1, 0, 0, 0, 1, 1, 0, 1, 0, 1, 0, 0, 0, 1, 1, 0, 1, 1, 0, 0, 0, 1, 1, 0, 0, 1, 1, 1, 1, 0, 1, 1, 0, 1, 1, 0, 0, 1, 1, 0, 1, 1, 0, 1, 0, 1, 1, 0, 0, 0, 1, 1, 0, 0, 1, 0, 0, 1, 0, 1, 0, 1, 1, 0, 1, 1, 1, 0, 1, 1, 0, 0, 0, 1, 1, 0, 1, 0, 0, 1, 0, 0, 1, 0, 0, 1, 0, 1, 0, 1, 1, 0, 1, 0, 0, 0, 0, 0, 1, 0, 1, 1, 1, 0, 0, 1, 1, 0, 0, 0, 1, 1, 0, 0, 1, 1, 1, 1, 0, 0, 0, 0, 1, 1, 0, 0, 1, 0, 1, 0, 0, 1, 0, 1, 0, 1, 0, 1, 1, 1, 0, 0, 1, 1, 0, 0, 1, 1, 0, 1, 1, 0, 1, 1, 1, 0, 0, 0, 0, 1, 1, 1, 0, 1, 1, 0, 1, 0, 0, 1, 1, 1, 0, 1, 1, 1, 1, 0, 0, 1, 0, 0, 1, 0, 0, 0, 1, 1, 1, 1, 1, 1, 1, 0, 0, 1, 1, 0, 1, 0, 1, 0, 0, 1, 1, 0, 0, 0, 1, 1, 1, 1, 1, 1, 1, 1, 1, 1, 1, 1, 1, 1, 1, 1, 0, 0, 1, 0, 1, 1, 1, 0, 0, 1, 1, 0, 1, 0, 1, 1, 1, 0, 1, 1, 0, 1, 0, 1, 0, 1, 1, 1, 0, 1, 1, 1, 1, 0, 1, 1, 0, 1, 1, 1, 1, 1, 1, 0, 0, 0, 1, 0, 0, 0, 1, 1, 1, 0, 1, 1, 1, 1, 0, 1, 1, 1, 1, 1, 0, 1, 1, 1, 0, 1, 0, 1, 1, 1, 0, 1, 1, 0, 1, 0, 1, 0, 0, 1, 1, 0, 0, 0, 1, 0, 0, 1, 1, 0, 1, 1, 0, 0, 0, 0, 1, 1, 1, 0, 1, 1, 1, 1, 0, 1, 1, 0, 1, 0, 0, 1, 0, 0, 1, 0, 0, 1, 1, 1, 0, 1, 1, 1, 0, 0, 0, 1, 0, 1, 0, 1, 1, 1, 0, 0, 0, 1, 1, 1, 1, 1, 0, 1, 1, 1, 1, 0, 1, 1, 0, 1, 1, 1, 1, 1, 1, 1, 0, 1, 1, 1, 1, 1, 1, 1, 1, 1, 0, 1, 1, 1, 0, 1, 0, 1, 1, 0, 0, 0, 0, 1, 1, 0, 1, 1, 1, 0, 0, 1, 0, 1, 0, 1, 0, 1, 1, 1, 0, 0, 0, 1, 1, 1, 1, 1, 1, 1, 1, 0, 1, 0, 1, 1, 0, 1, 0, 1, 0, 1, 1, 1, 0, 1, 1, 1, 0, 0, 1, 0, 1, 1, 0, 1, 0, 1, 1, 0, 1, 1, 1, 1, 1, 1, 1, 0, 1, 0, 1, 1, 0, 0, 1, 1, 0, 1, 0, 1, 0, 1, 0, 0, 1, 0, 1, 0, 0, 0, 1, 0, 0, 1, 0, 1, 0, 1, 1, 1, 0, 1, 1, 1, 1, 1, 0, 1, 0, 0, 1, 1, 1, 0, 1, 1, 0, 0, 1, 1, 0, 0, 0, 0, 0, 0, 1, 1, 1, 0, 1, 0, 0, 1, 0, 0, 1, 1, 1, 1, 0, 0, 1, 1, 0, 0, 0, 1, 1, 1, 0, 0, 1, 1, 0, 1, 1, 1, 0, 0, 1, 0, 1, 1, 0, 0, 0, 0, 1, 1, 0, 0, 1, 1, 1, 0, 0, 0, 0, 0, 0, 1, 1, 1, 1, 0, 1, 1, 1, 1, 1, 0, 1, 1, 0, 0, 1, 0, 1, 1, 0, 1, 1, 0, 1, 1, 0, 0, 0, 1, 0, 1, 1, 1, 0, 0, 1, 1, 0, 0, 0, 0, 1, 1, 1, 1, 1, 1, 0, 0]

################################################################
################################################################
################### process_jail_download_list: ######################

[7, 8, 6, 8, 7, 8, 8, 7, 6, 7, 7, 7, 7, 7, 7, 7, 7, 7, 7, 7, 6, 6, 6, 7, 6, 6, 7, 6, 6, 6, 6, 7, 7, 6, 7, 7, 6, 7, 6, 6, 7, 7, 7, 6, 6, 7, 6, 7, 7, 6, 6, 7, 7, 7, 6, 7, 6, 7, 7, 6, 7, 7, 7, 6, 6, 7, 6, 6, 6, 6, 7, 6, 6, 6, 6, 7, 6, 6, 7, 6, 6, 6, 7, 6, 6, 6, 6, 6, 7, 6, 6, 7, 7, 6, 6, 7, 6, 7, 6, 6, 7, 6, 7, 6, 6, 6, 6, 6, 6, 7, 7, 7, 6, 6, 7, 6, 7, 6, 7, 6, 7, 6, 7, 6, 6, 6, 6, 6, 7, 7, 6, 6, 7, 7, 7, 6, 6, 6, 7, 7, 6, 7, 6, 7, 6, 6, 6, 7, 7, 6, 7, 7, 6, 6, 6, 7, 7, 6, 6, 6, 7, 6, 7, 6, 6, 7, 6, 7, 6, 6, 6, 6, 6, 6, 7, 7, 6, 7, 6, 6, 7, 6, 6, 6, 7, 6, 6, 6, 7, 6, 6, 7, 6, 6, 6, 6, 6, 6, 7, 6, 7, 6, 7, 7, 6, 6, 6, 7, 7, 6, 7, 6, 6, 7, 6, 6, 7, 6, 6, 7, 6, 8, 6, 7, 7, 7, 7, 6, 6, 6, 6, 6, 6, 6, 7, 6, 7, 6, 6, 6, 7, 6, 6, 6, 6, 7, 6, 6, 7, 7, 6, 7, 6, 6, 6, 6, 7, 6, 7, 6, 7, 6, 7, 6, 6, 6, 6, 7, 6, 7, 6, 7, 6, 7, 6, 7, 7, 7, 6, 6, 7, 6, 6, 6, 6, 6, 7, 7, 7, 6, 6, 6, 6, 7, 7, 7, 6, 7, 7, 6, 7, 6, 7, 7, 7, 7, 6, 7, 6, 6, 6, 6, 6, 7, 6, 6, 6, 6, 6, 6, 6, 7, 7, 7, 7, 7, 6, 6, 6, 7, 7, 6, 7, 6, 7, 6, 6, 7, 7, 6, 6, 6, 6, 7, 7, 7, 7, 6, 7, 7, 7, 6, 7, 6, 6, 7, 6, 7, 6, 6, 7, 6, 7, 7, 7, 7, 6, 6, 6, 6, 6, 6, 6, 7, 7, 6, 6, 7, 6, 7, 6, 7, 6, 6, 7, 7, 6, 7, 6, 8, 7, 6, 7, 6, 6, 6, 6, 7, 6, 7, 7, 6, 6, 6, 6, 6, 6, 6, 7, 7, 7, 6, 7, 7, 7, 7, 6, 7, 7, 7, 7, 7, 6, 7, 7, 7, 6, 7, 7, 6, 7, 7, 6, 7, 6, 6, 6, 6, 7, 6, 6, 6, 6, 6, 6, 6, 7, 6, 6, 6, 7, 6, 7, 7, 6, 6, 6, 6, 7, 6, 7, 6, 7, 7, 7, 6, 6, 7, 7, 7, 7, 6, 6, 7, 6, 6, 7, 6, 6, 7, 7, 7, 6, 7, 6, 7, 6, 6, 6, 6, 6, 7, 6, 6, 6, 6, 6, 6, 6, 7, 7, 6, 7, 7, 6, 7, 7, 6, 6, 6, 7, 7, 6, 7, 6, 6, 7, 7, 7, 7, 6, 6, 7, 6, 7, 7, 6, 7, 7, 7, 6, 7, 7, 6, 6, 7, 6, 7, 6, 6, 6, 6, 6, 7, 7, 6, 7, 7, 6, 6, 7, 7, 6, 7, 6, 6, 6, 6, 7, 7, 6, 6, 6, 6, 7, 6, 7, 6, 7, 6, 7, 6, 6, 6, 7, 6, 6, 7, 6, 7, 6, 7, 7, 7, 6, 7, 7, 7, 6, 6, 7, 6, 7, 6, 6, 7, 6, 7, 7, 6, 6, 6, 6, 7, 7, 6, 7, 7, 7, 6, 7, 6, 6, 6, 6, 7, 6, 7, 6, 7, 7, 7, 6, 6, 7, 6, 7, 6, 6, 6, 7, 6, 6, 6, 6, 7, 6, 6, 7, 7, 6, 7, 7, 7, 6, 7, 6, 7, 6, 6, 7, 7, 6, 6, 7, 7, 6, 7, 7, 7, 6, 6, 6, 6, 6, 6, 7, 7, 7, 6, 7, 6, 6, 6, 6, 6, 7, 7, 7, 6, 6, 6, 7, 7, 6, 6, 6, 7, 6, 6, 6, 6, 7, 7, 6, 7, 7, 7, 7, 6, 6, 6, 7, 7, 6, 6, 6, 6, 7, 7, 6, 6, 6, 7, 6, 6, 6, 6, 6, 6, 6, 7, 7, 7, 6, 6, 7, 7, 7, 6, 6, 6, 7, 6, 6, 6, 7, 6, 7, 7, 6, 7, 6, 6, 6, 6, 6, 6, 6, 7, 6, 6, 6, 6, 6, 6, 6, 7, 6, 6, 6, 6, 7, 7, 6, 6, 6, 7, 6, 6]

################################################################
################################################################
################### process_jail_list: ######################

[6, 7, 6, 7, 6, 6, 6, 6, 6, 6, 6, 6, 6, 6, 6, 6, 6, 6, 6, 6, 5, 6, 6, 6, 6, 5, 6, 6, 6, 5, 5, 6, 6, 6, 6, 6, 6, 7, 6, 6, 6, 6, 7, 6, 6, 6, 6, 6, 6, 6, 6, 6, 7, 6, 6, 6, 6, 6, 6, 5, 6, 6, 6, 6, 6, 6, 6, 6, 5, 6, 6, 6, 5, 6, 5, 6, 6, 6, 6, 5, 5, 6, 6, 5, 5, 6, 6, 5, 6, 5, 6, 6, 6, 6, 6, 6, 5, 6, 6, 6, 6, 5, 6, 6, 6, 6, 6, 6, 6, 6, 6, 6, 6, 6, 6, 6, 6, 6, 6, 6, 6, 5, 6, 6, 6, 5, 5, 6, 6, 6, 6, 6, 6, 6, 6, 6, 6, 6, 6, 6, 6, 6, 6, 6, 6, 6, 6, 6, 6, 6, 6, 6, 6, 6, 6, 6, 6, 6, 6, 5, 6, 5, 6, 6, 5, 6, 6, 6, 5, 6, 6, 5, 5, 6, 6, 6, 6, 6, 6, 5, 6, 6, 6, 6, 6, 5, 6, 6, 6, 6, 6, 6, 6, 5, 6, 5, 5, 6, 6, 5, 6, 6, 6, 6, 6, 6, 6, 6, 6, 6, 6, 6, 6, 6, 6, 6, 6, 6, 6, 6, 6, 7, 6, 6, 6, 7, 6, 6, 6, 6, 6, 6, 5, 6, 6, 5, 6, 6, 6, 5, 6, 6, 6, 6, 5, 6, 6, 6, 6, 6, 5, 6, 6, 6, 6, 6, 6, 5, 7, 6, 6, 6, 6, 6, 6, 5, 6, 6, 6, 6, 6, 6, 5, 6, 6, 7, 6, 6, 6, 6, 6, 5, 6, 5, 5, 6, 6, 6, 6, 6, 6, 6, 6, 6, 6, 6, 6, 6, 6, 6, 6, 6, 7, 6, 6, 6, 6, 6, 5, 5, 5, 6, 6, 6, 6, 6, 5, 6, 6, 6, 5, 6, 6, 6, 6, 6, 5, 6, 6, 6, 6, 6, 6, 6, 6, 6, 6, 6, 6, 6, 6, 6, 5, 6, 6, 6, 6, 5, 6, 6, 6, 5, 6, 5, 5, 6, 5, 6, 6, 6, 6, 6, 6, 6, 6, 7, 6, 5, 5, 6, 5, 6, 5, 6, 6, 6, 5, 6, 6, 6, 6, 6, 6, 5, 6, 6, 6, 6, 5, 7, 6, 6, 6, 5, 6, 5, 5, 6, 5, 6, 6, 6, 6, 6, 5, 6, 6, 6, 6, 6, 6, 6, 6, 6, 6, 6, 6, 6, 6, 6, 6, 6, 6, 6, 6, 6, 6, 6, 7, 5, 6, 6, 6, 6, 5, 6, 5, 6, 6, 6, 6, 5, 5, 6, 6, 6, 6, 6, 6, 5, 6, 6, 6, 6, 6, 6, 6, 6, 6, 5, 6, 6, 6, 6, 6, 5, 6, 6, 6, 7, 6, 6, 6, 6, 6, 6, 6, 6, 6, 6, 6, 6, 6, 6, 5, 6, 6, 6, 6, 5, 6, 6, 6, 5, 5, 5, 6, 6, 6, 6, 6, 5, 6, 6, 6, 6, 6, 5, 5, 6, 6, 6, 6, 6, 5, 5, 6, 6, 6, 6, 6, 5, 6, 5, 6, 6, 5, 6, 6, 6, 6, 6, 6, 5, 6, 6, 6, 6, 5, 6, 6, 6, 6, 6, 6, 6, 6, 6, 5, 6, 7, 6, 6, 6, 6, 5, 6, 5, 6, 6, 6, 6, 6, 5, 6, 5, 6, 5, 6, 5, 6, 6, 5, 6, 6, 5, 6, 6, 6, 6, 6, 6, 6, 6, 6, 6, 6, 6, 6, 6, 6, 6, 6, 5, 6, 6, 6, 6, 6, 6, 5, 5, 5, 6, 6, 5, 6, 7, 6, 6, 6, 5, 6, 6, 5, 6, 6, 6, 6, 6, 7, 6, 6, 6, 6, 6, 6, 6, 6, 6, 6, 6, 6, 5, 6, 6, 6, 5, 6, 6, 6, 6, 6, 6, 5, 6, 6, 6, 6, 6, 6, 6, 5, 6, 6, 6, 6, 7, 6, 6, 6, 6, 6, 6, 6, 6, 6, 6, 6, 6, 6, 6, 6, 5, 6, 6, 6, 6, 6, 5, 6, 6, 6, 6, 6, 6, 6, 6, 5, 5, 6, 6, 6, 6, 6, 6, 6, 6, 7, 6, 5, 6, 6, 6, 6, 6, 6, 6, 6, 6, 6, 6, 5, 6, 5, 6, 6, 6, 6, 6, 6, 6, 6, 6, 5, 6, 6, 6, 6, 5, 5, 6, 6, 5, 6, 6, 6, 6, 6, 6, 6, 6, 5, 6, 5, 5, 6, 6, 6, 6, 6, 5, 5, 5, 6, 6, 5, 6, 6, 6, 6, 6, 6, 6, 5, 5, 5, 6, 6, 6]

################################################################
