Numero total de amostras 770

Tempo total de processamento: 0:11:04

############## TEMPOS DE PROCESSAMENTO DO EXERCICIO NO JAIL  ####################
Soma 4545 segundos
Media 5.902597402597403 segundos
Desvio padr達o 0.3051395363053272 segundos
Minimo 5 segundos
Maximo 7 segundos

95% 5.0 segundos
99% 5.0 segundos

############## TEMPOS DE PROCESSAMENTO DO EXERCICIO NO JAIL COM DOWNLOAD  ################
Soma 5017 segundos
Media 6.515584415584415 segundos
Desvio padr達o 0.5226219947222999 segundos
Minimo 6 segundos
Maximo 8 segundos

95% 6.0 segundos
99% 6.0 segundos

################### TEMPOS DE DOWNLOAD DO EXERCICIO NO JAIL #######################
Soma 472 segundos
Media 0.612987012987013 segundos
Desvio padr達o 0.5130379721524504 segundos
Minimo 0 segundos
Maximo 2 segundos

95% 0.0 segundos
99% 0.0 segundos

############################ TEMPOS DE ESPERA NA FILA ############################
Soma 528
Media 0.6857142857142857 segundos
Desvio padr達o 0.6968788088408936 segundos
Minimo 0 segundos
Maximo 5 segundos

95% 0.0 segundos
99% 0.0 segundos

################### queue_wait_time_list: ######################

[1, 2, 0, 3, 1, 2, 0, 4, 3, 1, 3, 2, 3, 2, 5, 1, 3, 2, 1, 4, 0, 0, 1, 1, 1, 3, 2, 1, 2, 2, 1, 1, 1, 1, 1, 1, 2, 1, 1, 3, 2, 1, 2, 1, 2, 1, 1, 2, 0, 0, 1, 1, 0, 1, 0, 1, 2, 0, 1, 1, 0, 1, 1, 1, 0, 1, 0, 0, 0, 0, 0, 0, 1, 1, 1, 0, 0, 1, 0, 1, 0, 1, 0, 0, 1, 1, 0, 0, 0, 1, 1, 0, 0, 1, 0, 0, 0, 1, 0, 0, 0, 2, 0, 1, 1, 1, 0, 0, 1, 0, 0, 1, 1, 1, 0, 0, 0, 0, 0, 0, 1, 0, 1, 0, 1, 1, 0, 1, 0, 1, 0, 1, 0, 1, 1, 0, 1, 1, 0, 0, 1, 1, 0, 0, 0, 1, 1, 0, 1, 1, 0, 0, 1, 2, 0, 0, 1, 1, 1, 2, 2, 1, 1, 1, 1, 0, 1, 0, 0, 1, 0, 0, 1, 0, 1, 1, 0, 1, 1, 1, 0, 1, 0, 0, 1, 1, 1, 1, 0, 1, 0, 1, 0, 0, 1, 1, 0, 1, 0, 0, 0, 1, 0, 0, 2, 0, 0, 0, 0, 1, 2, 1, 1, 1, 1, 1, 2, 1, 0, 0, 0, 1, 2, 1, 0, 0, 1, 1, 0, 1, 0, 0, 2, 1, 2, 1, 1, 0, 1, 0, 1, 1, 0, 1, 1, 0, 0, 0, 0, 0, 1, 0, 1, 0, 0, 1, 0, 1, 0, 0, 1, 0, 1, 0, 1, 1, 1, 0, 1, 1, 1, 0, 1, 0, 0, 0, 0, 1, 0, 0, 0, 0, 0, 0, 1, 1, 0, 0, 1, 1, 1, 0, 1, 0, 0, 0, 2, 1, 1, 0, 1, 1, 0, 1, 0, 2, 0, 0, 0, 0, 1, 0, 0, 2, 0, 0, 1, 1, 0, 1, 0, 0, 1, 1, 1, 1, 0, 0, 0, 0, 1, 0, 0, 1, 0, 2, 0, 1, 1, 0, 1, 1, 1, 1, 0, 1, 0, 1, 1, 0, 0, 1, 1, 1, 0, 0, 1, 0, 1, 0, 1, 1, 0, 1, 0, 0, 0, 1, 0, 1, 1, 0, 1, 1, 0, 0, 1, 1, 0, 1, 0, 0, 0, 1, 1, 1, 0, 0, 0, 0, 1, 0, 2, 0, 0, 0, 0, 0, 1, 0, 0, 1, 1, 1, 0, 1, 1, 1, 1, 0, 0, 1, 0, 1, 0, 1, 0, 1, 2, 1, 0, 1, 1, 0, 1, 1, 2, 0, 0, 0, 1, 0, 1, 1, 2, 2, 1, 2, 1, 0, 1, 1, 0, 1, 0, 1, 1, 1, 0, 0, 0, 1, 0, 1, 2, 1, 0, 0, 0, 1, 1, 0, 0, 0, 0, 1, 1, 1, 1, 1, 1, 0, 0, 2, 0, 1, 1, 1, 0, 1, 0, 0, 1, 1, 0, 1, 0, 0, 0, 0, 1, 1, 0, 1, 0, 0, 0, 0, 0, 0, 0, 0, 0, 2, 1, 2, 0, 0, 1, 0, 1, 1, 1, 0, 1, 1, 1, 1, 1, 2, 0, 1, 2, 1, 0, 1, 0, 0, 0, 1, 0, 1, 2, 0, 1, 1, 1, 1, 0, 1, 1, 1, 1, 1, 1, 0, 0, 1, 2, 0, 1, 2, 0, 1, 1, 2, 0, 1, 2, 1, 1, 0, 1, 1, 2, 0, 1, 2, 0, 1, 1, 0, 1, 2, 0, 0, 1, 1, 1, 0, 1, 1, 1, 2, 1, 0, 1, 1, 1, 1, 1, 1, 1, 1, 1, 1, 1, 1, 0, 0, 2, 1, 1, 1, 2, 1, 1, 0, 0, 1, 0, 0, 1, 1, 0, 1, 0, 1, 0, 1, 1, 1, 1, 2, 0, 1, 0, 1, 1, 0, 1, 0, 0, 1, 0, 1, 1, 1, 1, 0, 2, 1, 1, 0, 0, 0, 0, 1, 1, 1, 0, 0, 0, 0, 0, 0, 0, 0, 1, 1, 0, 0, 1, 1, 1, 0, 0, 1, 0, 1, 0, 0, 0, 1, 0, 1, 1, 1, 0, 1, 0, 1, 0, 1, 0, 0, 0, 0, 1, 1, 1, 2, 0, 0, 1, 0, 0, 2, 1, 1, 2, 2, 1, 1, 1, 0, 1, 1, 0, 1, 0, 1, 1, 1, 0, 0, 0, 0, 1, 0, 0, 2, 1, 0, 1, 1, 1, 1, 1, 0, 1, 1, 1, 0, 1, 1, 0, 0, 1, 2, 0, 1, 1, 1, 1, 1, 1, 0, 1, 0, 2, 1, 1, 0, 1, 1, 1, 1, 1, 0, 0, 1, 1, 0, 0, 1, 0, 0, 2, 1]

################################################################
################### jail_ex_download_list: ######################

[1, 1, 1, 2, 0, 0, 1, 1, 0, 1, 2, 2, 2, 2, 0, 2, 2, 1, 1, 0, 2, 2, 0, 1, 0, 1, 0, 1, 1, 1, 0, 0, 1, 2, 1, 1, 1, 1, 0, 0, 1, 1, 0, 1, 0, 1, 1, 1, 1, 1, 1, 0, 1, 0, 1, 0, 0, 1, 1, 0, 1, 1, 0, 1, 1, 0, 1, 0, 1, 1, 1, 0, 1, 0, 1, 1, 1, 1, 1, 0, 0, 0, 1, 1, 1, 0, 1, 1, 1, 1, 0, 1, 1, 0, 1, 0, 1, 1, 0, 1, 1, 0, 1, 0, 0, 0, 0, 1, 1, 0, 1, 0, 1, 0, 1, 1, 0, 1, 1, 1, 1, 1, 1, 1, 0, 0, 1, 0, 1, 0, 0, 0, 1, 0, 1, 1, 1, 0, 1, 1, 0, 0, 1, 1, 0, 1, 0, 1, 1, 1, 1, 1, 0, 0, 1, 1, 1, 1, 1, 0, 0, 0, 1, 0, 0, 0, 1, 1, 1, 0, 1, 0, 1, 0, 1, 1, 1, 1, 0, 0, 1, 0, 1, 1, 0, 0, 1, 1, 1, 1, 1, 1, 1, 1, 0, 1, 1, 0, 1, 1, 0, 0, 1, 0, 0, 0, 0, 1, 1, 1, 0, 1, 1, 0, 1, 1, 1, 1, 1, 1, 1, 1, 1, 1, 1, 1, 0, 0, 0, 1, 1, 1, 0, 0, 0, 1, 0, 1, 0, 1, 1, 0, 1, 1, 0, 1, 0, 1, 1, 1, 1, 1, 0, 0, 0, 0, 0, 1, 0, 1, 0, 0, 0, 1, 0, 1, 1, 0, 0, 0, 0, 1, 0, 1, 1, 1, 1, 0, 1, 1, 1, 1, 1, 0, 1, 0, 0, 1, 0, 1, 1, 0, 0, 0, 1, 1, 0, 0, 1, 1, 1, 0, 1, 1, 1, 0, 1, 1, 1, 1, 0, 0, 0, 1, 1, 0, 0, 1, 1, 0, 1, 1, 1, 0, 1, 0, 0, 1, 1, 1, 1, 0, 1, 0, 1, 0, 0, 0, 0, 0, 1, 1, 0, 0, 1, 1, 1, 0, 1, 1, 1, 0, 0, 0, 1, 1, 1, 1, 0, 0, 0, 0, 1, 1, 1, 1, 1, 0, 1, 0, 0, 1, 0, 0, 1, 1, 1, 0, 0, 1, 1, 1, 1, 0, 0, 0, 1, 1, 1, 1, 1, 1, 0, 1, 1, 0, 1, 0, 0, 1, 0, 0, 0, 0, 1, 1, 0, 1, 0, 1, 0, 1, 1, 1, 1, 0, 1, 0, 0, 1, 1, 0, 1, 1, 0, 1, 1, 1, 1, 1, 1, 0, 1, 0, 0, 0, 0, 1, 0, 0, 0, 1, 1, 1, 1, 0, 0, 0, 0, 0, 1, 0, 1, 0, 0, 0, 1, 1, 1, 0, 0, 1, 1, 1, 1, 1, 1, 1, 1, 1, 0, 0, 1, 0, 0, 0, 1, 0, 1, 0, 1, 1, 1, 1, 1, 0, 1, 1, 1, 1, 1, 0, 1, 0, 1, 1, 1, 1, 1, 0, 1, 0, 0, 0, 0, 0, 1, 1, 0, 1, 1, 1, 1, 1, 0, 1, 1, 0, 1, 0, 1, 0, 0, 0, 0, 1, 1, 1, 1, 0, 1, 0, 0, 0, 1, 0, 0, 1, 1, 1, 0, 0, 1, 1, 1, 1, 1, 1, 0, 1, 0, 0, 1, 1, 0, 0, 1, 1, 1, 1, 1, 1, 0, 1, 1, 1, 1, 0, 0, 1, 1, 1, 1, 0, 1, 1, 1, 1, 0, 0, 1, 0, 1, 0, 1, 1, 0, 0, 0, 0, 1, 1, 1, 0, 1, 1, 1, 0, 1, 1, 1, 0, 1, 0, 0, 1, 1, 1, 1, 1, 1, 1, 0, 0, 1, 0, 1, 0, 1, 0, 0, 1, 0, 0, 1, 1, 1, 0, 1, 1, 0, 1, 1, 0, 1, 0, 1, 1, 0, 0, 0, 0, 0, 1, 1, 1, 1, 1, 0, 0, 0, 1, 1, 1, 1, 0, 1, 1, 0, 0, 1, 1, 0, 1, 1, 1, 1, 0, 1, 1, 1, 0, 1, 1, 1, 0, 0, 1, 1, 0, 1, 1, 1, 1, 1, 0, 1, 1, 0, 0, 0, 0, 0, 1, 0, 1, 1, 0, 1, 0, 1, 0, 0, 0, 1, 1, 1, 1, 1, 1, 1, 1, 0, 1, 1, 1, 1, 1, 0, 1, 1, 0, 1, 1, 0, 1, 1, 1, 0, 1, 0, 0, 0, 0, 1, 1, 0, 1, 1, 1, 1, 1, 1, 0, 1, 1, 0, 1, 1, 0, 0, 0, 0, 1, 0, 0, 0, 1, 0, 0, 0, 1, 0, 1, 1, 0, 1, 1, 0, 1]

################################################################
################################################################
################### process_jail_download_list: ######################

[7, 7, 7, 8, 6, 6, 7, 7, 6, 7, 7, 8, 8, 8, 6, 8, 8, 7, 7, 6, 7, 8, 6, 7, 6, 7, 6, 7, 7, 7, 6, 6, 7, 8, 7, 7, 7, 7, 6, 6, 7, 7, 6, 7, 6, 7, 6, 7, 7, 6, 7, 6, 7, 6, 7, 6, 6, 7, 7, 6, 7, 7, 6, 6, 7, 6, 7, 6, 6, 7, 7, 6, 6, 6, 6, 7, 7, 7, 7, 6, 6, 6, 7, 6, 6, 6, 7, 7, 6, 6, 6, 7, 7, 6, 7, 6, 7, 7, 6, 7, 7, 6, 7, 6, 6, 6, 6, 7, 7, 6, 7, 6, 7, 6, 7, 6, 6, 7, 7, 7, 7, 6, 7, 7, 6, 6, 7, 6, 7, 6, 6, 6, 7, 6, 7, 6, 6, 6, 7, 7, 6, 6, 7, 7, 6, 6, 6, 7, 7, 7, 7, 7, 6, 6, 7, 7, 6, 7, 7, 6, 6, 6, 7, 6, 6, 6, 7, 7, 7, 6, 6, 6, 6, 6, 7, 7, 7, 7, 6, 6, 7, 6, 7, 7, 6, 6, 7, 7, 7, 6, 7, 6, 6, 6, 6, 6, 7, 6, 7, 7, 6, 6, 6, 6, 6, 6, 6, 7, 7, 6, 6, 7, 7, 6, 7, 7, 7, 7, 7, 7, 7, 7, 7, 7, 7, 7, 6, 6, 6, 7, 7, 7, 6, 6, 6, 6, 6, 7, 6, 7, 6, 6, 7, 7, 6, 7, 6, 7, 7, 6, 6, 7, 6, 6, 6, 6, 6, 7, 6, 7, 6, 6, 6, 7, 6, 7, 7, 6, 6, 6, 6, 7, 6, 7, 7, 7, 7, 6, 7, 7, 7, 7, 7, 6, 7, 6, 6, 7, 6, 7, 6, 6, 6, 6, 7, 7, 6, 6, 7, 7, 7, 6, 7, 6, 7, 6, 7, 7, 7, 7, 6, 6, 6, 7, 6, 6, 6, 7, 7, 6, 7, 7, 7, 6, 7, 6, 6, 7, 7, 7, 7, 6, 7, 6, 7, 6, 6, 6, 6, 6, 6, 6, 6, 6, 6, 7, 7, 6, 7, 7, 7, 6, 6, 6, 7, 7, 7, 7, 6, 6, 6, 6, 7, 6, 7, 7, 7, 6, 7, 6, 6, 7, 6, 6, 7, 7, 7, 6, 6, 7, 7, 7, 7, 6, 6, 6, 7, 7, 6, 7, 7, 7, 6, 6, 6, 6, 7, 6, 6, 7, 6, 6, 6, 6, 7, 7, 6, 6, 6, 7, 6, 7, 7, 7, 7, 6, 7, 6, 6, 7, 7, 6, 7, 7, 6, 6, 6, 7, 7, 7, 6, 6, 7, 6, 6, 6, 6, 7, 6, 6, 6, 7, 7, 7, 7, 6, 6, 6, 6, 6, 6, 6, 6, 6, 6, 6, 7, 7, 7, 6, 6, 6, 7, 7, 7, 6, 7, 7, 7, 7, 6, 6, 7, 6, 6, 6, 7, 6, 7, 6, 7, 7, 7, 7, 7, 6, 7, 7, 7, 7, 6, 6, 6, 6, 7, 7, 7, 7, 7, 6, 7, 6, 6, 6, 6, 6, 7, 7, 6, 7, 7, 6, 7, 7, 6, 6, 6, 6, 7, 6, 7, 6, 6, 6, 6, 7, 7, 7, 7, 6, 6, 6, 6, 6, 7, 6, 6, 7, 7, 6, 6, 6, 7, 7, 7, 7, 7, 7, 6, 7, 6, 6, 7, 6, 6, 6, 6, 7, 7, 7, 6, 7, 6, 7, 7, 7, 6, 7, 6, 7, 7, 7, 7, 6, 7, 7, 6, 7, 6, 6, 7, 6, 7, 6, 7, 7, 6, 6, 6, 6, 7, 7, 7, 6, 8, 7, 7, 6, 7, 7, 7, 6, 7, 6, 6, 7, 7, 7, 7, 7, 7, 7, 6, 6, 7, 6, 7, 6, 6, 6, 6, 7, 6, 6, 7, 6, 7, 6, 7, 7, 6, 7, 6, 6, 7, 6, 7, 7, 6, 6, 6, 6, 6, 7, 6, 7, 7, 7, 6, 6, 6, 7, 7, 7, 7, 6, 7, 7, 6, 6, 7, 7, 6, 7, 7, 6, 7, 6, 6, 6, 6, 6, 7, 7, 7, 6, 6, 6, 7, 6, 7, 7, 7, 7, 7, 6, 7, 7, 6, 6, 6, 6, 6, 7, 6, 7, 6, 6, 7, 6, 7, 6, 6, 6, 7, 7, 6, 6, 7, 6, 7, 7, 6, 7, 7, 7, 7, 7, 6, 7, 7, 6, 7, 7, 6, 7, 6, 7, 6, 7, 6, 6, 6, 6, 6, 7, 6, 7, 7, 7, 7, 7, 7, 6, 7, 7, 6, 7, 7, 6, 6, 6, 6, 7, 6, 6, 6, 7, 6, 6, 6, 7, 6, 7, 7, 6, 7, 6, 6, 7]

################################################################
################################################################
################### process_jail_list: ######################

[6, 6, 6, 6, 6, 6, 6, 6, 6, 6, 5, 6, 6, 6, 6, 6, 6, 6, 6, 6, 5, 6, 6, 6, 6, 6, 6, 6, 6, 6, 6, 6, 6, 6, 6, 6, 6, 6, 6, 6, 6, 6, 6, 6, 6, 6, 5, 6, 6, 5, 6, 6, 6, 6, 6, 6, 6, 6, 6, 6, 6, 6, 6, 5, 6, 6, 6, 6, 5, 6, 6, 6, 5, 6, 5, 6, 6, 6, 6, 6, 6, 6, 6, 5, 5, 6, 6, 6, 5, 5, 6, 6, 6, 6, 6, 6, 6, 6, 6, 6, 6, 6, 6, 6, 6, 6, 6, 6, 6, 6, 6, 6, 6, 6, 6, 5, 6, 6, 6, 6, 6, 5, 6, 6, 6, 6, 6, 6, 6, 6, 6, 6, 6, 6, 6, 5, 5, 6, 6, 6, 6, 6, 6, 6, 6, 5, 6, 6, 6, 6, 6, 6, 6, 6, 6, 6, 5, 6, 6, 6, 6, 6, 6, 6, 6, 6, 6, 6, 6, 6, 5, 6, 5, 6, 6, 6, 6, 6, 6, 6, 6, 6, 6, 6, 6, 6, 6, 6, 6, 5, 6, 5, 5, 5, 6, 5, 6, 6, 6, 6, 6, 6, 5, 6, 6, 6, 6, 6, 6, 5, 6, 6, 6, 6, 6, 6, 6, 6, 6, 6, 6, 6, 6, 6, 6, 6, 6, 6, 6, 6, 6, 6, 6, 6, 6, 5, 6, 6, 6, 6, 5, 6, 6, 6, 6, 6, 6, 6, 6, 5, 5, 6, 6, 6, 6, 6, 6, 6, 6, 6, 6, 6, 6, 6, 6, 6, 6, 6, 6, 6, 6, 6, 6, 6, 6, 6, 6, 6, 6, 6, 6, 6, 6, 6, 6, 6, 6, 6, 6, 6, 5, 6, 6, 6, 6, 6, 6, 6, 6, 6, 6, 6, 6, 5, 6, 6, 6, 6, 6, 6, 6, 6, 6, 6, 5, 6, 6, 6, 6, 6, 6, 6, 6, 6, 6, 6, 6, 6, 6, 6, 6, 6, 6, 6, 6, 6, 6, 6, 6, 6, 5, 5, 6, 6, 5, 6, 6, 6, 6, 6, 6, 6, 6, 6, 6, 6, 6, 6, 6, 6, 6, 6, 6, 5, 6, 6, 6, 6, 6, 6, 6, 6, 6, 6, 6, 6, 6, 6, 6, 6, 6, 6, 6, 6, 6, 6, 6, 6, 5, 6, 6, 6, 6, 5, 5, 6, 6, 6, 6, 6, 6, 6, 6, 6, 6, 6, 6, 5, 6, 6, 6, 6, 6, 6, 6, 6, 6, 6, 6, 6, 6, 6, 6, 6, 6, 5, 5, 6, 6, 6, 5, 6, 6, 6, 6, 6, 6, 6, 6, 6, 6, 6, 6, 6, 6, 6, 6, 6, 6, 6, 5, 6, 5, 6, 6, 6, 6, 6, 6, 6, 6, 5, 6, 6, 6, 5, 6, 6, 6, 6, 6, 6, 6, 6, 6, 6, 6, 6, 6, 6, 6, 6, 6, 6, 6, 6, 6, 6, 6, 6, 5, 6, 5, 6, 6, 6, 6, 6, 6, 6, 6, 6, 6, 6, 6, 6, 6, 6, 6, 6, 6, 5, 6, 6, 6, 5, 5, 6, 6, 6, 6, 6, 6, 6, 6, 6, 6, 6, 6, 6, 5, 6, 6, 6, 6, 6, 6, 6, 6, 5, 6, 6, 6, 6, 6, 6, 6, 6, 6, 6, 6, 6, 6, 5, 6, 6, 5, 6, 6, 6, 5, 6, 6, 6, 6, 6, 5, 7, 6, 6, 6, 6, 6, 6, 6, 6, 5, 6, 6, 6, 6, 6, 6, 6, 6, 6, 6, 6, 6, 6, 6, 6, 6, 6, 7, 6, 6, 6, 6, 6, 6, 6, 6, 6, 6, 6, 6, 6, 6, 6, 6, 6, 6, 6, 6, 6, 6, 6, 5, 6, 6, 6, 6, 6, 6, 5, 6, 6, 6, 6, 6, 6, 5, 6, 6, 6, 6, 6, 6, 6, 6, 6, 6, 6, 5, 6, 6, 6, 6, 6, 6, 6, 6, 6, 6, 6, 6, 6, 6, 6, 6, 6, 6, 6, 6, 5, 6, 6, 5, 5, 5, 6, 6, 6, 6, 6, 6, 5, 6, 6, 6, 6, 6, 6, 6, 6, 6, 6, 6, 6, 6, 6, 6, 6, 6, 6, 5, 6, 6, 6, 6, 6, 6, 6, 6, 6, 5, 5, 6, 5, 6, 6, 6, 6, 6, 6, 6, 6, 6, 6, 6, 6, 6, 6, 6, 6, 5, 6, 6, 6, 6, 6, 6, 6, 5, 6, 6, 6, 6, 6, 6, 6, 6, 6, 6, 6, 6, 6, 6, 6, 6, 6, 6, 6, 6, 6, 6, 6, 6, 6, 6, 6, 6, 6, 6, 6, 6, 5, 6, 6]

################################################################
