Numero total de amostras 770

Tempo total de processamento: 0:10:53

############## TEMPOS DE PROCESSAMENTO DO EXERCICIO NO JAIL  ####################
Soma 4562 segundos
Media 5.9246753246753245 segundos
Desvio padr達o 0.4437607417118315 segundos
Minimo 5 segundos
Maximo 7 segundos

95% 5.0 segundos
99% 5.0 segundos

############## TEMPOS DE PROCESSAMENTO DO EXERCICIO NO JAIL COM DOWNLOAD  ################
Soma 5076 segundos
Media 6.592207792207792 segundos
Desvio padr達o 0.6856158921929926 segundos
Minimo 6 segundos
Maximo 11 segundos

95% 6.0 segundos
99% 6.0 segundos

################### TEMPOS DE DOWNLOAD DO EXERCICIO NO JAIL #######################
Soma 514 segundos
Media 0.6675324675324675 segundos
Desvio padr達o 0.5974929350104632 segundos
Minimo 0 segundos
Maximo 4 segundos

95% 0.0 segundos
99% 0.0 segundos

############################ TEMPOS DE ESPERA NA FILA ############################
Soma 2931
Media 3.8064935064935064 segundos
Desvio padr達o 3.693829099835157 segundos
Minimo 0 segundos
Maximo 13 segundos

95% 0.0 segundos
99% 0.0 segundos

################### queue_wait_time_list: ######################

[10, 7, 8, 13, 13, 8, 9, 11, 12, 6, 7, 10, 5, 12, 7, 3, 4, 12, 12, 12, 12, 11, 11, 12, 10, 13, 12, 8, 13, 10, 9, 9, 8, 13, 11, 12, 10, 13, 10, 11, 12, 13, 11, 10, 10, 10, 12, 13, 12, 12, 11, 11, 9, 11, 10, 13, 12, 9, 13, 12, 11, 12, 11, 10, 12, 9, 10, 12, 12, 10, 11, 10, 9, 10, 10, 11, 11, 10, 10, 11, 9, 11, 13, 12, 11, 10, 9, 9, 11, 12, 11, 10, 9, 9, 12, 9, 11, 11, 11, 10, 9, 9, 9, 10, 12, 10, 9, 9, 10, 9, 11, 9, 10, 10, 10, 9, 9, 11, 10, 9, 12, 9, 11, 10, 10, 8, 10, 11, 11, 8, 11, 9, 9, 9, 9, 8, 10, 9, 9, 9, 8, 9, 9, 9, 9, 9, 8, 9, 9, 8, 9, 9, 8, 9, 7, 9, 8, 8, 7, 8, 8, 8, 7, 8, 8, 8, 9, 7, 8, 9, 8, 8, 9, 9, 9, 8, 8, 7, 8, 8, 6, 7, 7, 8, 6, 7, 7, 7, 7, 7, 7, 8, 8, 6, 7, 6, 7, 6, 7, 6, 7, 6, 5, 7, 5, 6, 3, 6, 7, 4, 5, 5, 6, 5, 5, 5, 5, 4, 5, 5, 6, 6, 3, 4, 5, 6, 5, 5, 5, 4, 4, 5, 5, 4, 4, 4, 3, 4, 3, 5, 4, 4, 4, 3, 3, 5, 4, 4, 3, 3, 3, 5, 3, 4, 4, 3, 4, 4, 4, 4, 2, 3, 4, 3, 2, 2, 3, 4, 3, 3, 3, 3, 4, 3, 2, 3, 2, 3, 2, 2, 3, 3, 3, 3, 3, 2, 4, 3, 3, 3, 3, 2, 3, 3, 2, 2, 3, 3, 2, 1, 3, 3, 2, 2, 1, 1, 2, 1, 3, 2, 1, 2, 3, 3, 2, 1, 2, 2, 2, 2, 2, 1, 3, 1, 2, 1, 1, 2, 2, 2, 1, 3, 0, 1, 0, 1, 1, 1, 2, 1, 2, 2, 0, 1, 1, 2, 3, 2, 2, 2, 1, 3, 3, 2, 2, 2, 2, 1, 1, 3, 1, 0, 0, 0, 2, 2, 3, 2, 1, 2, 2, 1, 2, 2, 3, 2, 1, 2, 2, 2, 1, 2, 1, 0, 1, 0, 2, 2, 2, 1, 2, 1, 2, 2, 1, 3, 2, 1, 1, 2, 2, 2, 2, 1, 3, 1, 1, 2, 1, 3, 4, 1, 1, 2, 3, 2, 2, 2, 2, 2, 2, 1, 2, 1, 0, 1, 2, 2, 2, 1, 1, 1, 0, 0, 2, 1, 1, 0, 1, 1, 0, 0, 1, 2, 1, 2, 1, 2, 1, 2, 2, 2, 3, 1, 1, 2, 1, 1, 1, 1, 0, 1, 1, 1, 1, 2, 1, 0, 0, 0, 1, 0, 2, 0, 1, 0, 2, 0, 1, 1, 1, 1, 1, 1, 1, 2, 0, 2, 1, 2, 1, 3, 2, 0, 1, 1, 1, 0, 2, 1, 3, 1, 2, 1, 2, 2, 3, 2, 3, 2, 2, 2, 3, 1, 2, 2, 4, 2, 1, 2, 3, 3, 2, 3, 3, 2, 2, 2, 3, 2, 3, 2, 2, 2, 2, 2, 3, 1, 2, 2, 0, 2, 2, 1, 2, 1, 1, 2, 2, 2, 2, 2, 3, 1, 3, 2, 1, 1, 1, 2, 1, 1, 1, 1, 0, 0, 0, 1, 0, 1, 0, 3, 3, 3, 0, 2, 3, 3, 2, 2, 0, 3, 4, 3, 3, 2, 2, 1, 0, 3, 3, 2, 2, 2, 3, 0, 1, 2, 1, 1, 1, 0, 1, 1, 1, 0, 0, 1, 1, 0, 1, 2, 0, 2, 2, 2, 1, 2, 2, 1, 1, 1, 2, 1, 2, 1, 0, 1, 0, 1, 2, 1, 1, 1, 1, 1, 1, 0, 1, 1, 0, 0, 1, 1, 1, 1, 1, 1, 1, 1, 1, 1, 1, 2, 1, 0, 1, 1, 1, 1, 1, 1, 1, 1, 1, 0, 1, 0, 1, 1, 1, 0, 0, 1, 1, 1, 2, 1, 1, 1, 1, 1, 2, 1, 1, 1, 0, 2, 1, 2, 0, 1, 1, 1, 0, 1, 1, 1, 0, 2, 2, 1, 1, 1, 1, 0, 1, 0, 1, 2, 1, 1, 0, 2, 2, 0, 1, 0, 1, 1, 1, 1, 1, 1, 1, 2, 1, 1, 2, 1, 1, 0, 0, 0, 2, 1, 0, 1, 1, 1, 2, 1, 2, 1, 1, 2, 1, 2, 0, 1, 1, 0, 2, 2, 2, 2, 2, 0, 1, 2, 0, 2, 1, 2, 2, 1, 0, 1, 0, 0]

################################################################
################### jail_ex_download_list: ######################

[1, 2, 1, 0, 1, 4, 4, 1, 0, 4, 4, 1, 4, 1, 4, 4, 4, 1, 1, 1, 0, 1, 1, 1, 1, 1, 1, 1, 0, 2, 1, 2, 1, 1, 1, 1, 1, 0, 1, 1, 1, 0, 1, 1, 0, 1, 1, 0, 1, 0, 1, 1, 1, 0, 1, 0, 0, 1, 0, 0, 1, 0, 1, 1, 0, 1, 1, 0, 1, 1, 1, 1, 1, 0, 1, 1, 1, 1, 0, 1, 1, 0, 0, 0, 1, 1, 1, 0, 1, 1, 0, 1, 1, 1, 1, 1, 1, 1, 1, 1, 1, 0, 1, 1, 0, 0, 1, 0, 1, 1, 0, 0, 1, 0, 1, 1, 1, 0, 1, 1, 0, 1, 1, 0, 1, 1, 1, 1, 0, 0, 0, 1, 1, 1, 1, 0, 1, 0, 0, 0, 1, 0, 0, 0, 0, 0, 1, 1, 1, 1, 1, 0, 1, 1, 0, 1, 1, 0, 1, 1, 0, 1, 1, 0, 1, 1, 0, 1, 1, 1, 0, 1, 0, 0, 0, 1, 0, 0, 1, 1, 0, 1, 1, 0, 1, 1, 1, 0, 1, 0, 0, 1, 0, 0, 0, 0, 1, 1, 1, 1, 0, 1, 1, 0, 1, 1, 0, 0, 0, 1, 0, 1, 0, 1, 1, 1, 0, 0, 1, 0, 1, 1, 1, 1, 0, 0, 1, 1, 0, 1, 1, 0, 0, 1, 1, 1, 1, 0, 1, 0, 1, 0, 0, 1, 0, 1, 0, 1, 1, 1, 0, 0, 0, 1, 1, 1, 0, 1, 1, 1, 1, 1, 0, 0, 1, 1, 1, 0, 0, 1, 1, 1, 0, 0, 1, 0, 1, 1, 1, 1, 1, 1, 0, 1, 1, 1, 1, 1, 0, 0, 0, 1, 1, 1, 1, 1, 1, 1, 1, 0, 1, 1, 1, 1, 0, 1, 1, 1, 1, 0, 1, 1, 0, 0, 0, 1, 1, 0, 1, 1, 0, 1, 0, 1, 0, 0, 1, 0, 1, 1, 0, 1, 1, 0, 1, 0, 1, 1, 1, 0, 1, 0, 1, 1, 0, 0, 1, 0, 1, 1, 1, 0, 1, 1, 0, 1, 1, 1, 1, 1, 1, 1, 1, 1, 1, 1, 0, 1, 1, 0, 1, 0, 0, 1, 0, 0, 1, 1, 1, 1, 1, 1, 1, 1, 1, 1, 1, 0, 1, 1, 1, 0, 0, 0, 1, 0, 0, 1, 0, 0, 0, 1, 0, 1, 0, 1, 0, 0, 1, 0, 0, 1, 1, 1, 1, 0, 0, 1, 1, 1, 0, 0, 0, 1, 1, 1, 1, 1, 1, 1, 1, 1, 1, 1, 0, 1, 1, 1, 1, 0, 1, 1, 0, 1, 0, 1, 1, 0, 0, 0, 0, 0, 0, 1, 1, 0, 0, 1, 1, 1, 1, 1, 0, 0, 0, 1, 0, 1, 1, 1, 1, 1, 1, 1, 0, 1, 1, 0, 0, 1, 0, 0, 1, 0, 1, 1, 1, 0, 1, 1, 1, 1, 1, 1, 1, 1, 0, 1, 1, 0, 1, 0, 1, 0, 1, 1, 1, 1, 1, 0, 1, 1, 0, 1, 1, 1, 0, 0, 1, 1, 0, 1, 1, 0, 0, 1, 1, 1, 0, 0, 1, 1, 1, 1, 1, 0, 0, 1, 0, 0, 0, 0, 1, 1, 1, 1, 1, 1, 0, 0, 1, 1, 1, 1, 0, 0, 0, 1, 0, 0, 1, 0, 0, 0, 1, 2, 1, 1, 1, 1, 1, 1, 0, 1, 1, 1, 0, 0, 1, 1, 1, 0, 0, 1, 0, 1, 0, 1, 1, 1, 0, 1, 1, 1, 0, 1, 1, 0, 0, 1, 1, 1, 0, 1, 0, 1, 1, 1, 0, 1, 1, 0, 1, 1, 1, 0, 1, 0, 0, 0, 1, 1, 0, 0, 1, 1, 1, 0, 1, 0, 0, 0, 0, 1, 0, 1, 0, 1, 0, 0, 1, 1, 0, 1, 0, 1, 1, 0, 0, 1, 1, 1, 0, 1, 1, 1, 0, 1, 1, 1, 0, 1, 1, 0, 1, 1, 1, 1, 0, 0, 1, 1, 1, 0, 0, 0, 1, 1, 1, 0, 0, 1, 0, 0, 0, 0, 1, 0, 1, 0, 1, 0, 1, 0, 1, 1, 1, 0, 1, 0, 0, 1, 1, 0, 0, 1, 0, 1, 1, 0, 0, 0, 1, 1, 1, 1, 0, 1, 1, 0, 1, 1, 1, 1, 1, 0, 0, 0, 0, 1, 1, 1, 1, 1, 0, 1, 1, 1, 1, 0, 0, 1, 0, 1, 1, 1, 1, 1, 1, 1, 1, 1, 0, 0, 1, 0, 0, 1, 1, 1, 1, 1, 0, 0, 0, 1, 1, 0, 1, 0]

################################################################
################################################################
################### process_jail_download_list: ######################

[6, 8, 8, 6, 7, 10, 10, 6, 6, 10, 11, 7, 11, 7, 11, 11, 11, 7, 8, 8, 7, 7, 7, 7, 7, 7, 7, 7, 6, 7, 8, 9, 8, 8, 8, 8, 8, 7, 7, 7, 7, 6, 7, 7, 6, 7, 7, 6, 7, 6, 7, 7, 7, 6, 7, 6, 6, 7, 6, 6, 6, 6, 7, 7, 6, 7, 7, 7, 7, 7, 7, 7, 7, 6, 7, 6, 7, 7, 6, 7, 7, 6, 6, 6, 7, 7, 7, 6, 7, 6, 6, 7, 7, 7, 8, 7, 7, 7, 7, 7, 8, 7, 7, 7, 6, 6, 7, 6, 6, 6, 6, 6, 7, 6, 6, 7, 7, 6, 6, 7, 6, 7, 7, 6, 7, 7, 7, 6, 6, 7, 6, 7, 6, 7, 7, 7, 6, 6, 6, 6, 6, 6, 6, 7, 7, 6, 7, 7, 6, 7, 7, 7, 7, 7, 6, 7, 7, 6, 7, 7, 7, 7, 7, 6, 6, 7, 6, 6, 7, 7, 6, 6, 6, 6, 6, 7, 6, 6, 6, 7, 6, 7, 7, 6, 7, 7, 7, 6, 7, 6, 6, 6, 6, 6, 6, 6, 7, 7, 7, 7, 6, 6, 6, 6, 6, 6, 6, 6, 6, 7, 6, 7, 6, 6, 7, 6, 6, 6, 7, 6, 6, 6, 7, 7, 6, 6, 7, 6, 6, 7, 7, 6, 6, 7, 7, 7, 7, 6, 7, 6, 7, 6, 6, 7, 6, 7, 6, 7, 7, 7, 6, 6, 6, 6, 7, 7, 6, 7, 6, 6, 7, 7, 7, 7, 7, 7, 7, 6, 7, 7, 7, 7, 6, 6, 7, 6, 7, 7, 7, 7, 7, 6, 6, 6, 7, 7, 7, 7, 6, 6, 7, 7, 7, 6, 6, 7, 6, 6, 7, 6, 7, 7, 7, 7, 6, 7, 7, 7, 7, 6, 7, 7, 6, 6, 7, 7, 6, 6, 7, 7, 6, 7, 6, 7, 6, 7, 7, 6, 7, 7, 7, 7, 7, 6, 7, 6, 8, 7, 7, 6, 7, 6, 7, 8, 6, 6, 6, 6, 7, 7, 7, 6, 7, 7, 6, 6, 7, 7, 7, 7, 7, 7, 7, 6, 7, 7, 6, 7, 7, 6, 6, 6, 6, 7, 6, 6, 7, 7, 6, 7, 7, 7, 7, 6, 6, 7, 7, 6, 7, 7, 8, 7, 7, 7, 7, 6, 6, 7, 6, 6, 6, 7, 6, 6, 6, 7, 6, 7, 7, 6, 6, 7, 6, 7, 7, 6, 6, 7, 7, 7, 7, 7, 7, 7, 7, 6, 6, 6, 7, 7, 7, 7, 7, 7, 7, 7, 7, 7, 6, 6, 7, 7, 6, 6, 6, 7, 7, 6, 6, 6, 6, 6, 6, 7, 6, 6, 6, 7, 6, 6, 7, 7, 6, 6, 6, 7, 6, 6, 7, 7, 7, 7, 7, 7, 6, 7, 6, 6, 6, 6, 6, 6, 7, 6, 7, 7, 7, 6, 6, 7, 7, 7, 7, 7, 6, 7, 6, 7, 6, 6, 6, 6, 6, 6, 7, 7, 6, 7, 6, 6, 6, 7, 6, 7, 6, 7, 6, 6, 7, 7, 6, 6, 6, 6, 6, 7, 7, 7, 6, 6, 6, 7, 6, 7, 7, 6, 6, 7, 6, 6, 6, 6, 7, 7, 7, 7, 7, 7, 6, 6, 7, 6, 7, 6, 6, 6, 6, 7, 6, 6, 7, 6, 6, 6, 7, 8, 6, 6, 6, 6, 7, 7, 6, 6, 7, 7, 6, 6, 8, 6, 7, 6, 6, 7, 6, 7, 6, 7, 7, 6, 6, 7, 6, 6, 6, 7, 6, 6, 6, 7, 6, 7, 6, 7, 6, 7, 7, 7, 6, 7, 7, 6, 7, 7, 7, 6, 7, 6, 6, 6, 6, 6, 6, 6, 7, 6, 7, 6, 7, 6, 6, 6, 6, 6, 6, 6, 6, 6, 6, 6, 7, 6, 6, 7, 6, 7, 7, 6, 6, 6, 7, 7, 6, 6, 7, 7, 6, 7, 7, 6, 6, 7, 6, 6, 7, 7, 7, 7, 6, 6, 7, 6, 7, 6, 6, 6, 6, 7, 7, 6, 6, 6, 6, 6, 6, 6, 7, 6, 7, 6, 7, 6, 7, 6, 7, 7, 7, 6, 7, 6, 6, 6, 7, 6, 6, 7, 6, 7, 6, 6, 6, 6, 7, 7, 7, 7, 7, 7, 6, 6, 7, 7, 7, 7, 7, 6, 6, 6, 6, 7, 6, 7, 7, 7, 6, 7, 7, 6, 7, 6, 6, 7, 6, 7, 7, 7, 7, 7, 7, 7, 6, 7, 6, 6, 7, 6, 6, 7, 7, 7, 7, 7, 7, 7, 6, 6, 6, 6, 7, 6]

################################################################
################################################################
################### process_jail_list: ######################

[5, 6, 7, 6, 6, 6, 6, 5, 6, 6, 7, 6, 7, 6, 7, 7, 7, 6, 7, 7, 7, 6, 6, 6, 6, 6, 6, 6, 6, 5, 7, 7, 7, 7, 7, 7, 7, 7, 6, 6, 6, 6, 6, 6, 6, 6, 6, 6, 6, 6, 6, 6, 6, 6, 6, 6, 6, 6, 6, 6, 5, 6, 6, 6, 6, 6, 6, 7, 6, 6, 6, 6, 6, 6, 6, 5, 6, 6, 6, 6, 6, 6, 6, 6, 6, 6, 6, 6, 6, 5, 6, 6, 6, 6, 7, 6, 6, 6, 6, 6, 7, 7, 6, 6, 6, 6, 6, 6, 5, 5, 6, 6, 6, 6, 5, 6, 6, 6, 5, 6, 6, 6, 6, 6, 6, 6, 6, 5, 6, 7, 6, 6, 5, 6, 6, 7, 5, 6, 6, 6, 5, 6, 6, 7, 7, 6, 6, 6, 5, 6, 6, 7, 6, 6, 6, 6, 6, 6, 6, 6, 7, 6, 6, 6, 5, 6, 6, 5, 6, 6, 6, 5, 6, 6, 6, 6, 6, 6, 5, 6, 6, 6, 6, 6, 6, 6, 6, 6, 6, 6, 6, 5, 6, 6, 6, 6, 6, 6, 6, 6, 6, 5, 5, 6, 5, 5, 6, 6, 6, 6, 6, 6, 6, 5, 6, 5, 6, 6, 6, 6, 5, 5, 6, 6, 6, 6, 6, 5, 6, 6, 6, 6, 6, 6, 6, 6, 6, 6, 6, 6, 6, 6, 6, 6, 6, 6, 6, 6, 6, 6, 6, 6, 6, 5, 6, 6, 6, 6, 5, 5, 6, 6, 7, 7, 6, 6, 6, 6, 7, 6, 6, 6, 6, 6, 6, 6, 6, 6, 6, 6, 6, 5, 6, 5, 6, 6, 6, 6, 6, 6, 7, 6, 6, 5, 5, 6, 5, 5, 6, 6, 6, 6, 6, 6, 6, 6, 6, 6, 6, 6, 6, 6, 6, 6, 7, 6, 5, 6, 6, 6, 6, 6, 6, 6, 6, 7, 6, 6, 6, 6, 7, 6, 6, 6, 6, 6, 7, 6, 6, 6, 6, 6, 6, 7, 6, 6, 5, 6, 6, 6, 6, 6, 6, 6, 6, 5, 6, 6, 6, 6, 6, 6, 6, 5, 6, 6, 6, 6, 6, 6, 5, 6, 6, 6, 6, 6, 6, 6, 5, 6, 6, 6, 6, 5, 5, 6, 6, 6, 6, 6, 7, 7, 7, 7, 6, 6, 6, 6, 6, 6, 6, 6, 6, 5, 6, 6, 6, 7, 6, 6, 6, 6, 5, 6, 6, 6, 6, 6, 6, 6, 7, 7, 7, 6, 6, 5, 5, 5, 6, 6, 6, 6, 6, 6, 7, 6, 6, 6, 5, 6, 6, 6, 6, 5, 6, 6, 6, 6, 6, 6, 6, 6, 6, 6, 5, 6, 6, 6, 5, 5, 6, 6, 6, 6, 6, 6, 6, 5, 6, 6, 6, 6, 6, 6, 6, 6, 5, 6, 6, 5, 6, 6, 6, 6, 6, 6, 6, 6, 5, 6, 6, 6, 6, 6, 5, 6, 6, 6, 5, 6, 5, 6, 5, 6, 6, 6, 5, 6, 5, 6, 5, 6, 6, 6, 5, 6, 6, 6, 6, 6, 6, 5, 5, 6, 6, 6, 6, 6, 6, 6, 5, 6, 5, 6, 6, 6, 6, 6, 6, 6, 6, 6, 6, 6, 6, 6, 6, 6, 6, 6, 6, 5, 6, 5, 6, 6, 6, 6, 6, 6, 6, 6, 6, 6, 6, 6, 5, 5, 5, 5, 6, 6, 6, 5, 6, 6, 6, 6, 7, 5, 6, 6, 6, 6, 6, 6, 6, 6, 6, 5, 6, 6, 5, 5, 6, 6, 5, 6, 6, 6, 5, 6, 6, 6, 6, 6, 6, 6, 6, 6, 6, 6, 6, 6, 6, 6, 6, 6, 6, 6, 5, 5, 6, 6, 6, 5, 6, 6, 6, 6, 6, 6, 6, 5, 6, 5, 6, 5, 6, 6, 6, 5, 6, 6, 6, 6, 6, 6, 6, 5, 6, 6, 6, 5, 6, 6, 6, 6, 6, 5, 6, 6, 5, 6, 6, 6, 6, 6, 6, 6, 6, 5, 6, 6, 6, 6, 5, 6, 6, 6, 6, 5, 6, 6, 6, 6, 6, 6, 6, 6, 6, 6, 6, 6, 6, 6, 6, 6, 6, 6, 6, 5, 6, 6, 6, 6, 6, 6, 5, 6, 6, 6, 6, 6, 6, 6, 7, 6, 5, 6, 6, 6, 6, 6, 6, 6, 6, 6, 6, 6, 5, 6, 6, 6, 6, 6, 6, 5, 6, 6, 6, 6, 6, 6, 6, 6, 6, 6, 6, 6, 5, 6, 6, 6, 6, 6, 6, 6, 6, 6, 6, 6, 7, 7, 6, 5, 5, 6, 6, 6]

################################################################
