Numero total de amostras 770

Tempo total de processamento: 0:19:18

############## TEMPOS DE PROCESSAMENTO DO EXERCICIO NO JAIL  ####################
Soma 5087 segundos
Media 6.606493506493506 segundos
Desvio padr達o 0.5268967375451821 segundos
Minimo 5 segundos
Maximo 8 segundos

95% 6.0 segundos
99% 6.0 segundos

############## TEMPOS DE PROCESSAMENTO DO EXERCICIO NO JAIL COM DOWNLOAD  ################
Soma 6896 segundos
Media 8.955844155844156 segundos
Desvio padr達o 1.0766100605445994 segundos
Minimo 6 segundos
Maximo 16 segundos

95% 7.0 segundos
99% 7.0 segundos

################### TEMPOS DE DOWNLOAD DO EXERCICIO NO JAIL #######################
Soma 1809 segundos
Media 2.3493506493506495 segundos
Desvio padr達o 0.9756946744880048 segundos
Minimo 0 segundos
Maximo 9 segundos

95% 1.0 segundos
99% 1.0 segundos

############################ TEMPOS DE ESPERA NA FILA ############################
Soma 203723
Media 264.5753246753247 segundos
Desvio padr達o 141.8109594576427 segundos
Minimo 0 segundos
Maximo 495 segundos

95% 9.527499999999996 segundos
99% 11.065499999999997 segundos

################### queue_wait_time_list: ######################

[17, 5, 24, 6, 1, 0, 7, 445, 13, 45, 13, 23, 8, 7, 27, 17, 16, 6, 22, 17, 17, 21, 15, 16, 30, 20, 20, 37, 35, 28, 25, 25, 35, 28, 31, 29, 40, 32, 32, 38, 35, 44, 42, 38, 46, 39, 43, 45, 488, 22, 29, 32, 31, 33, 39, 42, 43, 56, 59, 57, 48, 59, 58, 51, 50, 50, 52, 53, 60, 53, 63, 56, 61, 60, 66, 68, 59, 66, 65, 68, 63, 67, 72, 68, 70, 70, 73, 75, 75, 73, 144, 76, 76, 147, 80, 76, 92, 89, 46, 48, 49, 52, 55, 63, 82, 86, 82, 454, 86, 97, 89, 84, 87, 80, 93, 80, 87, 84, 96, 85, 89, 96, 86, 94, 88, 288, 92, 97, 98, 91, 99, 94, 301, 102, 305, 316, 313, 325, 404, 407, 438, 461, 471, 54, 271, 276, 101, 100, 102, 102, 103, 280, 296, 315, 321, 400, 416, 456, 432, 433, 463, 440, 471, 477, 56, 63, 316, 324, 104, 104, 408, 105, 106, 107, 106, 449, 431, 434, 456, 440, 463, 470, 479, 487, 57, 64, 67, 71, 71, 73, 77, 111, 107, 114, 110, 107, 123, 112, 121, 110, 115, 114, 117, 121, 119, 116, 126, 120, 128, 124, 127, 127, 132, 123, 134, 131, 142, 137, 129, 138, 133, 135, 135, 142, 145, 136, 146, 143, 139, 145, 142, 146, 318, 321, 325, 409, 418, 450, 431, 432, 433, 455, 443, 463, 470, 478, 486, 77, 148, 327, 418, 428, 449, 433, 456, 442, 461, 469, 477, 486, 77, 79, 149, 155, 158, 156, 171, 166, 151, 153, 158, 161, 163, 159, 163, 165, 160, 166, 162, 170, 172, 165, 176, 173, 199, 173, 178, 190, 192, 176, 181, 194, 182, 184, 188, 182, 185, 190, 196, 201, 190, 196, 198, 194, 203, 200, 201, 108, 112, 112, 117, 118, 119, 121, 221, 206, 219, 209, 213, 204, 210, 217, 207, 212, 219, 210, 214, 230, 214, 218, 226, 216, 242, 224, 230, 223, 226, 228, 224, 238, 233, 227, 230, 229, 232, 239, 231, 233, 236, 233, 237, 240, 236, 242, 245, 244, 246, 246, 330, 335, 341, 353, 419, 431, 449, 433, 456, 441, 463, 471, 478, 486, 128, 133, 141, 269, 280, 335, 247, 246, 341, 450, 248, 249, 251, 250, 251, 252, 436, 456, 463, 473, 481, 487, 132, 134, 139, 255, 264, 255, 261, 260, 257, 256, 266, 441, 262, 254, 266, 253, 268, 261, 268, 255, 258, 253, 257, 270, 480, 448, 264, 260, 258, 285, 262, 265, 458, 339, 492, 435, 467, 138, 142, 147, 149, 152, 152, 157, 279, 275, 272, 274, 270, 279, 269, 278, 273, 281, 276, 282, 280, 277, 287, 286, 284, 296, 290, 282, 285, 294, 283, 287, 296, 301, 291, 300, 290, 295, 298, 293, 305, 306, 306, 299, 300, 302, 302, 164, 168, 311, 310, 312, 311, 311, 312, 353, 305, 452, 435, 307, 443, 306, 459, 309, 308, 467, 308, 308, 473, 483, 492, 168, 172, 179, 180, 180, 182, 189, 315, 323, 319, 312, 317, 315, 318, 318, 319, 326, 331, 322, 323, 318, 327, 325, 333, 322, 330, 328, 326, 324, 327, 338, 326, 336, 337, 329, 337, 330, 331, 335, 339, 334, 340, 340, 336, 338, 339, 292, 304, 343, 353, 366, 369, 375, 394, 453, 436, 458, 442, 466, 473, 491, 192, 274, 278, 446, 460, 466, 474, 341, 482, 343, 343, 490, 345, 344, 345, 345, 347, 356, 362, 365, 371, 437, 194, 197, 204, 445, 351, 350, 351, 352, 352, 352, 357, 367, 346, 377, 389, 348, 453, 347, 401, 348, 460, 349, 466, 349, 349, 437, 473, 482, 490, 200, 205, 206, 208, 212, 215, 220, 220, 355, 366, 357, 355, 358, 363, 360, 359, 356, 359, 361, 371, 360, 368, 359, 361, 364, 365, 363, 371, 367, 365, 368, 370, 373, 370, 376, 374, 372, 378, 370, 380, 378, 373, 374, 381, 377, 377, 380, 222, 362, 374, 445, 452, 459, 380, 466, 473, 380, 381, 382, 383, 383, 384, 481, 439, 489, 225, 299, 364, 444, 453, 460, 470, 384, 383, 475, 386, 387, 387, 386, 387, 388, 392, 393, 484, 438, 227, 228, 232, 234, 239, 241, 390, 391, 393, 401, 397, 391, 390, 398, 394, 400, 401, 392, 397, 396, 413, 398, 397, 408, 399, 404, 399, 407, 402, 416, 404, 404, 403, 405, 408, 417, 415, 418, 415, 412, 419, 416, 419, 416, 421, 421, 422, 283, 296, 393, 446, 495, 425, 453, 425, 425, 461, 422, 428, 427, 422, 429, 429, 422, 429, 422, 478, 426, 438, 425, 484, 425]

################################################################
################### jail_ex_download_list: ######################

[3, 8, 3, 9, 3, 3, 9, 2, 3, 3, 2, 3, 4, 4, 2, 4, 4, 8, 3, 1, 3, 2, 4, 4, 2, 3, 3, 3, 2, 2, 3, 3, 3, 2, 3, 3, 3, 3, 3, 3, 3, 4, 2, 4, 3, 3, 3, 3, 3, 3, 3, 2, 3, 2, 3, 3, 2, 2, 2, 2, 3, 2, 2, 2, 2, 3, 3, 2, 2, 2, 3, 3, 3, 3, 2, 1, 2, 2, 3, 2, 2, 2, 3, 3, 2, 3, 2, 2, 2, 2, 3, 2, 2, 2, 2, 3, 3, 3, 3, 2, 2, 2, 2, 2, 3, 3, 3, 1, 3, 3, 4, 2, 2, 4, 3, 4, 3, 2, 3, 2, 4, 4, 2, 3, 3, 3, 3, 3, 3, 3, 2, 3, 3, 2, 2, 1, 2, 2, 1, 3, 2, 1, 1, 2, 2, 2, 3, 3, 2, 3, 2, 2, 2, 2, 1, 2, 0, 0, 2, 1, 3, 2, 2, 2, 3, 2, 2, 2, 2, 2, 3, 2, 3, 3, 4, 1, 1, 1, 1, 2, 3, 2, 3, 3, 2, 2, 2, 2, 2, 2, 2, 3, 4, 3, 2, 4, 4, 3, 3, 2, 2, 2, 3, 4, 3, 2, 3, 3, 4, 3, 3, 3, 2, 3, 2, 2, 2, 3, 3, 2, 3, 3, 2, 2, 2, 3, 2, 2, 2, 2, 2, 3, 2, 1, 1, 5, 1, 2, 1, 1, 1, 2, 2, 3, 2, 3, 3, 3, 3, 2, 1, 2, 2, 1, 2, 2, 3, 2, 3, 3, 3, 3, 4, 4, 3, 3, 3, 4, 4, 4, 4, 3, 3, 3, 4, 4, 3, 4, 3, 4, 5, 4, 4, 5, 3, 5, 3, 3, 3, 4, 5, 3, 6, 5, 3, 5, 4, 4, 3, 3, 3, 3, 3, 3, 3, 3, 3, 3, 3, 3, 2, 2, 3, 4, 3, 3, 2, 3, 2, 2, 3, 2, 3, 2, 3, 2, 2, 3, 2, 2, 2, 2, 3, 2, 2, 2, 2, 2, 2, 3, 3, 2, 3, 2, 2, 3, 2, 4, 3, 2, 3, 3, 2, 2, 2, 2, 2, 2, 2, 2, 2, 1, 1, 1, 3, 1, 2, 2, 2, 1, 3, 3, 3, 2, 2, 2, 2, 2, 3, 3, 2, 2, 2, 2, 2, 2, 2, 2, 1, 2, 1, 1, 2, 2, 2, 3, 2, 2, 2, 2, 2, 2, 2, 2, 2, 3, 2, 2, 2, 2, 2, 2, 2, 2, 2, 2, 2, 2, 2, 2, 3, 2, 2, 2, 3, 2, 1, 2, 3, 1, 1, 2, 3, 4, 5, 4, 5, 3, 2, 2, 2, 2, 3, 2, 3, 2, 2, 2, 2, 2, 3, 3, 3, 3, 3, 2, 3, 2, 3, 2, 2, 3, 3, 3, 3, 2, 3, 2, 2, 2, 1, 2, 2, 2, 2, 3, 2, 3, 4, 2, 2, 2, 2, 2, 2, 1, 2, 0, 1, 2, 2, 2, 1, 2, 2, 2, 2, 2, 2, 4, 3, 4, 4, 3, 4, 3, 5, 3, 2, 1, 1, 2, 1, 2, 1, 2, 1, 2, 2, 1, 1, 1, 2, 1, 1, 1, 2, 2, 1, 1, 2, 2, 2, 2, 2, 2, 2, 2, 2, 2, 2, 2, 2, 2, 2, 1, 2, 2, 1, 2, 2, 2, 2, 2, 2, 1, 1, 2, 2, 3, 2, 3, 3, 2, 2, 2, 2, 2, 3, 2, 4, 1, 2, 4, 1, 1, 2, 2, 1, 1, 2, 2, 2, 2, 3, 3, 3, 3, 1, 1, 1, 1, 2, 2, 1, 2, 2, 2, 2, 2, 1, 1, 2, 1, 2, 1, 2, 1, 1, 2, 3, 3, 4, 3, 3, 3, 3, 2, 2, 2, 3, 1, 2, 2, 2, 2, 2, 2, 2, 1, 2, 2, 2, 2, 2, 2, 2, 2, 2, 1, 2, 2, 2, 2, 2, 2, 1, 2, 2, 2, 2, 2, 2, 2, 2, 2, 2, 2, 2, 2, 2, 2, 2, 3, 2, 2, 2, 2, 3, 2, 2, 2, 2, 2, 2, 3, 2, 4, 2, 2, 2, 3, 2, 1, 1, 2, 2, 2, 2, 2, 2, 2, 2, 2, 2, 2, 1, 2, 2, 3, 2, 3, 3, 3, 2, 2, 2, 2, 2, 1, 2, 1, 2, 2, 2, 2, 1, 1, 2, 1, 1, 5, 2, 2, 2, 6, 2, 1, 2, 2, 2, 2, 7, 1, 1, 2, 1, 2, 1, 2, 2, 2, 2, 0, 2, 2, 3, 2, 2, 1, 2, 2, 2, 2, 1, 2, 2, 2, 1, 2, 1, 2, 2, 2, 2, 1, 2, 2, 1, 2]

################################################################
################################################################
################### process_jail_download_list: ######################

[9, 15, 10, 16, 9, 9, 16, 9, 10, 9, 9, 10, 10, 11, 9, 11, 11, 14, 10, 8, 10, 8, 10, 11, 9, 9, 10, 10, 9, 9, 9, 9, 9, 9, 9, 10, 10, 9, 10, 9, 9, 10, 9, 10, 9, 10, 9, 10, 9, 10, 9, 9, 9, 9, 10, 9, 9, 8, 9, 8, 9, 9, 8, 9, 9, 9, 9, 8, 8, 9, 9, 9, 9, 9, 8, 8, 9, 8, 9, 9, 9, 9, 9, 9, 9, 9, 9, 8, 8, 9, 9, 9, 8, 10, 9, 9, 9, 9, 10, 9, 9, 9, 8, 8, 9, 9, 9, 7, 9, 10, 10, 9, 9, 10, 9, 10, 9, 8, 10, 8, 10, 10, 9, 9, 9, 10, 10, 10, 9, 10, 9, 10, 10, 8, 8, 8, 9, 9, 8, 11, 8, 8, 7, 9, 9, 9, 9, 10, 9, 10, 8, 9, 9, 9, 8, 8, 7, 7, 8, 8, 9, 8, 8, 8, 9, 9, 9, 8, 8, 8, 11, 8, 9, 9, 10, 8, 7, 8, 8, 8, 9, 8, 9, 10, 8, 9, 8, 9, 9, 8, 8, 9, 10, 10, 9, 10, 10, 10, 10, 9, 9, 10, 9, 11, 9, 9, 10, 10, 10, 10, 10, 10, 8, 10, 9, 9, 8, 10, 9, 9, 9, 10, 9, 9, 9, 10, 9, 9, 8, 8, 8, 10, 9, 8, 8, 12, 8, 8, 7, 8, 8, 8, 9, 9, 9, 9, 10, 9, 10, 9, 7, 9, 9, 7, 9, 9, 10, 9, 10, 9, 9, 10, 11, 11, 10, 10, 10, 11, 11, 11, 10, 10, 10, 10, 11, 11, 10, 10, 10, 11, 11, 10, 10, 11, 10, 12, 10, 10, 10, 11, 12, 10, 12, 11, 10, 12, 11, 11, 10, 10, 9, 10, 10, 10, 10, 10, 10, 9, 9, 10, 9, 8, 10, 11, 10, 10, 9, 10, 10, 9, 10, 9, 10, 9, 10, 9, 10, 9, 10, 9, 9, 9, 10, 9, 9, 9, 8, 8, 9, 9, 10, 8, 10, 9, 9, 11, 8, 10, 10, 9, 10, 11, 9, 9, 9, 9, 9, 9, 9, 8, 9, 8, 8, 7, 9, 8, 9, 9, 9, 7, 9, 9, 10, 8, 9, 9, 9, 8, 10, 10, 8, 9, 9, 9, 9, 9, 9, 9, 8, 8, 7, 7, 9, 8, 8, 10, 9, 9, 10, 9, 9, 9, 9, 9, 9, 8, 9, 9, 9, 9, 9, 9, 9, 9, 9, 9, 9, 9, 9, 9, 10, 9, 9, 9, 10, 10, 7, 8, 9, 8, 8, 9, 9, 10, 11, 11, 11, 10, 9, 9, 9, 9, 10, 9, 10, 8, 9, 9, 9, 9, 9, 9, 9, 10, 10, 8, 10, 9, 10, 9, 9, 10, 10, 10, 9, 9, 10, 9, 9, 9, 8, 9, 8, 8, 9, 9, 9, 10, 10, 8, 8, 8, 8, 9, 9, 8, 8, 7, 8, 8, 8, 8, 7, 9, 9, 9, 8, 8, 9, 10, 9, 10, 11, 10, 11, 9, 12, 10, 8, 8, 8, 9, 8, 8, 8, 9, 8, 8, 8, 8, 8, 8, 8, 8, 8, 8, 8, 9, 7, 7, 8, 8, 9, 8, 8, 8, 8, 8, 9, 9, 8, 8, 8, 9, 8, 7, 8, 9, 8, 8, 8, 8, 8, 8, 9, 8, 7, 8, 8, 10, 9, 9, 10, 9, 9, 8, 9, 9, 10, 8, 10, 8, 8, 10, 8, 8, 9, 9, 8, 8, 8, 8, 8, 8, 10, 10, 10, 10, 8, 8, 8, 8, 9, 9, 8, 8, 8, 9, 9, 8, 8, 8, 8, 8, 8, 8, 9, 8, 8, 8, 10, 9, 10, 11, 10, 10, 10, 9, 9, 9, 10, 8, 8, 8, 8, 8, 8, 8, 8, 8, 8, 8, 8, 8, 8, 8, 8, 8, 8, 7, 8, 8, 8, 8, 8, 9, 8, 9, 8, 8, 8, 8, 8, 8, 8, 8, 8, 8, 8, 8, 9, 8, 9, 10, 8, 9, 8, 9, 9, 8, 8, 9, 9, 9, 9, 10, 9, 10, 9, 8, 8, 10, 8, 7, 7, 9, 9, 8, 9, 9, 8, 8, 9, 9, 8, 9, 8, 9, 9, 9, 8, 10, 11, 11, 9, 8, 9, 8, 8, 8, 8, 8, 8, 8, 8, 9, 8, 7, 8, 8, 8, 12, 8, 9, 9, 13, 8, 8, 9, 9, 9, 9, 13, 7, 8, 9, 8, 8, 8, 8, 8, 8, 9, 6, 9, 9, 10, 9, 9, 7, 9, 8, 9, 8, 7, 8, 8, 9, 8, 8, 8, 8, 9, 9, 8, 8, 8, 8, 7, 9]

################################################################
################################################################
################### process_jail_list: ######################

[6, 7, 7, 7, 6, 6, 7, 7, 7, 6, 7, 7, 6, 7, 7, 7, 7, 6, 7, 7, 7, 6, 6, 7, 7, 6, 7, 7, 7, 7, 6, 6, 6, 7, 6, 7, 7, 6, 7, 6, 6, 6, 7, 6, 6, 7, 6, 7, 6, 7, 6, 7, 6, 7, 7, 6, 7, 6, 7, 6, 6, 7, 6, 7, 7, 6, 6, 6, 6, 7, 6, 6, 6, 6, 6, 7, 7, 6, 6, 7, 7, 7, 6, 6, 7, 6, 7, 6, 6, 7, 6, 7, 6, 8, 7, 6, 6, 6, 7, 7, 7, 7, 6, 6, 6, 6, 6, 6, 6, 7, 6, 7, 7, 6, 6, 6, 6, 6, 7, 6, 6, 6, 7, 6, 6, 7, 7, 7, 6, 7, 7, 7, 7, 6, 6, 7, 7, 7, 7, 8, 6, 7, 6, 7, 7, 7, 6, 7, 7, 7, 6, 7, 7, 7, 7, 6, 7, 7, 6, 7, 6, 6, 6, 6, 6, 7, 7, 6, 6, 6, 8, 6, 6, 6, 6, 7, 6, 7, 7, 6, 6, 6, 6, 7, 6, 7, 6, 7, 7, 6, 6, 6, 6, 7, 7, 6, 6, 7, 7, 7, 7, 8, 6, 7, 6, 7, 7, 7, 6, 7, 7, 7, 6, 7, 7, 7, 6, 7, 6, 7, 6, 7, 7, 7, 7, 7, 7, 7, 6, 6, 6, 7, 7, 7, 7, 7, 7, 6, 6, 7, 7, 6, 7, 6, 7, 6, 7, 6, 7, 7, 6, 7, 7, 6, 7, 7, 7, 7, 7, 6, 6, 7, 7, 7, 7, 7, 7, 7, 7, 7, 6, 7, 7, 7, 7, 7, 7, 6, 7, 7, 6, 6, 6, 6, 7, 7, 7, 7, 7, 7, 7, 7, 6, 6, 7, 7, 7, 7, 7, 7, 6, 7, 7, 7, 7, 7, 7, 6, 6, 7, 7, 6, 7, 7, 7, 7, 7, 7, 8, 7, 7, 7, 7, 7, 7, 7, 8, 6, 8, 7, 7, 7, 7, 7, 7, 7, 6, 6, 7, 6, 7, 6, 7, 7, 7, 8, 6, 6, 7, 7, 7, 8, 7, 7, 7, 7, 7, 7, 7, 6, 7, 7, 7, 6, 6, 7, 7, 7, 7, 6, 6, 6, 7, 6, 7, 7, 7, 6, 7, 7, 6, 7, 7, 7, 7, 7, 7, 7, 7, 6, 6, 6, 7, 6, 6, 7, 7, 7, 8, 7, 7, 7, 7, 7, 7, 5, 7, 7, 7, 7, 7, 7, 7, 7, 7, 7, 7, 7, 7, 7, 7, 7, 7, 7, 7, 8, 6, 6, 6, 7, 7, 7, 6, 6, 6, 7, 6, 7, 7, 7, 7, 7, 7, 7, 7, 6, 7, 7, 7, 7, 6, 6, 6, 7, 7, 6, 7, 7, 7, 7, 7, 7, 7, 7, 6, 7, 7, 7, 7, 7, 7, 7, 6, 6, 7, 6, 7, 7, 6, 6, 6, 6, 6, 7, 7, 7, 6, 7, 7, 6, 6, 6, 6, 7, 7, 7, 6, 6, 7, 6, 6, 6, 7, 7, 7, 6, 7, 7, 6, 7, 7, 7, 7, 6, 7, 7, 7, 6, 6, 7, 7, 7, 6, 7, 7, 7, 6, 7, 6, 6, 6, 6, 7, 6, 6, 6, 6, 6, 7, 7, 6, 6, 6, 7, 6, 6, 6, 7, 7, 6, 6, 6, 6, 6, 7, 7, 6, 6, 6, 7, 7, 6, 7, 7, 7, 6, 7, 7, 7, 6, 6, 7, 6, 6, 7, 7, 7, 7, 7, 7, 6, 6, 6, 6, 7, 7, 7, 7, 7, 7, 7, 7, 7, 7, 7, 6, 6, 7, 7, 6, 7, 7, 6, 7, 6, 7, 7, 7, 7, 6, 7, 6, 6, 8, 7, 7, 7, 7, 7, 7, 7, 7, 6, 6, 6, 6, 6, 6, 6, 7, 6, 6, 6, 6, 6, 6, 6, 6, 6, 6, 6, 6, 6, 6, 6, 7, 7, 7, 6, 6, 6, 6, 6, 6, 6, 6, 6, 6, 6, 6, 7, 6, 7, 7, 6, 7, 6, 7, 6, 6, 6, 7, 7, 7, 7, 7, 7, 6, 7, 6, 6, 7, 6, 6, 6, 7, 7, 6, 7, 7, 6, 6, 7, 7, 6, 7, 7, 7, 7, 6, 6, 7, 8, 8, 7, 6, 7, 6, 6, 7, 6, 7, 6, 6, 6, 7, 7, 6, 6, 7, 7, 7, 6, 7, 7, 7, 6, 7, 7, 7, 7, 7, 6, 6, 7, 7, 7, 6, 7, 6, 6, 6, 7, 6, 7, 7, 7, 7, 7, 6, 7, 6, 7, 6, 6, 6, 6, 7, 7, 6, 7, 6, 7, 7, 6, 7, 6, 6, 6, 7]

################################################################
