Numero total de amostras 770

Tempo total de processamento: 0:10:57

############## TEMPOS DE PROCESSAMENTO DO EXERCICIO NO JAIL  ####################
Soma 4875 segundos
Media 6.3311688311688314 segundos
Desvio padrão 0.570431538685586 segundos
Minimo 5 segundos
Maximo 8 segundos

95% 5.0 segundos
99% 5.0 segundos

############## TEMPOS DE PROCESSAMENTO DO EXERCICIO NO JAIL COM DOWNLOAD  ################
Soma 5437 segundos
Media 7.061038961038961 segundos
Desvio padrão 0.781383362710647 segundos
Minimo 6 segundos
Maximo 12 segundos

95% 6.0 segundos
99% 6.0 segundos

################### TEMPOS DE DOWNLOAD DO EXERCICIO NO JAIL #######################
Soma 562 segundos
Media 0.7298701298701299 segundos
Desvio padrão 0.5941412956844908 segundos
Minimo 0 segundos
Maximo 4 segundos

95% 0.0 segundos
99% 0.0 segundos

############################ TEMPOS DE ESPERA NA FILA ############################
Soma 1612
Media 2.0935064935064935 segundos
Desvio padrão 2.088704169359723 segundos
Minimo 0 segundos
Maximo 10 segundos

95% 0.0 segundos
99% 0.0 segundos

################### queue_wait_time_list: ######################

[10, 1, 6, 4, 10, 9, 4, 7, 9, 6, 4, 5, 8, 2, 6, 6, 2, 3, 6, 0, 7, 9, 8, 7, 7, 5, 7, 7, 5, 9, 5, 9, 7, 5, 6, 8, 8, 8, 7, 7, 6, 9, 7, 8, 6, 9, 8, 9, 7, 6, 6, 7, 7, 7, 7, 8, 7, 7, 5, 6, 7, 6, 4, 7, 4, 7, 4, 7, 8, 7, 8, 8, 7, 8, 6, 7, 5, 7, 7, 8, 8, 7, 6, 6, 7, 7, 8, 6, 6, 7, 5, 6, 6, 7, 6, 7, 3, 3, 4, 5, 5, 5, 5, 4, 3, 2, 7, 3, 6, 7, 6, 5, 5, 4, 4, 4, 5, 6, 5, 1, 5, 2, 4, 4, 3, 4, 2, 5, 5, 4, 2, 3, 3, 3, 4, 3, 3, 4, 2, 1, 3, 3, 0, 0, 1, 1, 1, 2, 0, 2, 1, 1, 1, 1, 3, 4, 3, 3, 0, 1, 2, 1, 2, 2, 2, 0, 1, 2, 1, 1, 1, 1, 2, 2, 1, 1, 2, 0, 1, 1, 2, 0, 1, 0, 0, 2, 2, 1, 2, 2, 1, 2, 1, 2, 1, 0, 1, 1, 1, 1, 2, 0, 1, 0, 0, 1, 1, 2, 2, 2, 1, 1, 2, 1, 2, 2, 1, 2, 1, 2, 1, 2, 2, 2, 1, 2, 1, 2, 1, 1, 1, 1, 2, 1, 2, 0, 2, 2, 1, 1, 2, 1, 2, 1, 0, 1, 0, 0, 1, 2, 0, 1, 0, 1, 1, 1, 2, 1, 2, 1, 1, 1, 0, 2, 1, 1, 1, 1, 2, 0, 1, 0, 0, 1, 2, 1, 0, 0, 1, 2, 1, 1, 0, 1, 0, 2, 0, 2, 1, 0, 1, 1, 1, 0, 1, 2, 0, 0, 2, 1, 2, 2, 0, 2, 1, 1, 0, 0, 2, 1, 2, 1, 1, 0, 1, 1, 1, 0, 0, 0, 2, 1, 2, 2, 0, 1, 1, 1, 0, 1, 1, 3, 1, 0, 1, 2, 1, 2, 0, 1, 0, 0, 2, 1, 2, 2, 2, 1, 2, 1, 0, 0, 2, 1, 2, 1, 1, 1, 1, 2, 2, 0, 1, 1, 2, 2, 1, 1, 2, 1, 2, 2, 1, 0, 2, 3, 2, 1, 2, 0, 0, 1, 0, 1, 2, 1, 2, 0, 0, 1, 1, 1, 1, 1, 1, 2, 1, 1, 1, 0, 2, 1, 1, 2, 1, 1, 0, 0, 1, 2, 1, 0, 0, 2, 2, 1, 3, 2, 1, 1, 0, 2, 2, 3, 1, 3, 2, 2, 3, 1, 1, 2, 4, 2, 2, 0, 2, 1, 2, 2, 2, 1, 1, 2, 2, 0, 0, 1, 1, 3, 1, 1, 0, 0, 4, 1, 1, 3, 1, 0, 2, 0, 0, 3, 3, 0, 1, 0, 2, 3, 1, 2, 1, 1, 1, 0, 0, 0, 2, 3, 2, 3, 1, 2, 3, 1, 2, 2, 2, 1, 1, 2, 2, 1, 1, 1, 2, 0, 1, 3, 3, 2, 3, 3, 1, 1, 0, 1, 1, 2, 3, 1, 3, 1, 2, 0, 1, 2, 1, 1, 1, 2, 1, 1, 2, 1, 1, 3, 2, 1, 4, 2, 1, 3, 2, 0, 1, 1, 0, 2, 4, 2, 1, 1, 2, 1, 3, 3, 3, 2, 2, 0, 2, 1, 2, 1, 3, 2, 2, 1, 2, 2, 1, 3, 3, 1, 1, 2, 1, 2, 1, 2, 1, 0, 0, 2, 2, 3, 3, 2, 2, 1, 2, 2, 1, 1, 1, 1, 0, 3, 2, 1, 1, 4, 0, 3, 1, 3, 1, 2, 2, 0, 2, 3, 3, 3, 2, 2, 2, 3, 2, 0, 1, 4, 0, 3, 1, 2, 1, 2, 1, 3, 4, 1, 1, 0, 2, 1, 1, 1, 1, 2, 3, 2, 2, 2, 1, 2, 2, 0, 1, 1, 2, 1, 2, 1, 1, 1, 0, 1, 1, 2, 1, 2, 1, 1, 0, 2, 0, 1, 0, 0, 0, 0, 1, 0, 0, 1, 2, 2, 1, 1, 1, 0, 1, 0, 1, 0, 2, 2, 1, 0, 1, 0, 0, 0, 1, 1, 1, 0, 1, 1, 1, 0, 1, 1, 1, 1, 2, 2, 1, 1, 1, 2, 2, 1, 2, 1, 0, 1, 1, 2, 0, 0, 0, 1, 1, 2, 1, 2, 2, 1, 1, 1, 0, 1, 1, 0, 1, 2, 1, 1, 1, 0, 3, 2, 0, 3, 0, 2, 1, 1, 2, 1, 2, 1, 1, 1, 1, 2, 1, 1, 1, 1, 0, 0, 0, 1, 1, 2, 2, 1, 0, 1, 2, 0, 1, 2, 1, 1]

################################################################
################### jail_ex_download_list: ######################

[0, 4, 2, 2, 1, 0, 1, 1, 1, 3, 4, 4, 1, 4, 1, 1, 4, 4, 1, 4, 1, 2, 2, 1, 1, 1, 1, 2, 2, 0, 1, 0, 1, 1, 1, 0, 1, 1, 2, 1, 1, 0, 2, 0, 1, 0, 2, 1, 1, 1, 1, 1, 1, 0, 1, 1, 1, 1, 2, 1, 1, 1, 1, 1, 1, 0, 1, 0, 1, 0, 0, 1, 1, 1, 1, 1, 1, 1, 1, 1, 0, 1, 1, 1, 1, 1, 0, 1, 1, 1, 1, 0, 1, 1, 0, 1, 1, 0, 1, 1, 0, 1, 0, 1, 1, 1, 0, 1, 0, 1, 1, 1, 1, 1, 1, 1, 0, 1, 1, 1, 1, 1, 1, 1, 1, 1, 1, 0, 0, 0, 1, 0, 0, 0, 1, 1, 1, 1, 1, 1, 0, 1, 1, 1, 1, 1, 1, 1, 1, 1, 1, 1, 1, 1, 0, 0, 1, 0, 1, 1, 1, 1, 1, 1, 1, 0, 1, 1, 1, 1, 0, 1, 0, 1, 1, 1, 1, 1, 0, 1, 0, 1, 1, 1, 0, 0, 1, 1, 0, 0, 0, 1, 1, 1, 0, 0, 1, 0, 0, 0, 0, 1, 1, 1, 1, 1, 1, 0, 1, 1, 1, 1, 1, 1, 0, 1, 1, 1, 0, 0, 1, 1, 1, 0, 1, 0, 1, 1, 1, 0, 0, 1, 0, 1, 0, 1, 1, 0, 0, 0, 0, 0, 0, 1, 1, 1, 1, 1, 0, 0, 1, 1, 1, 1, 1, 1, 0, 1, 1, 0, 1, 0, 1, 0, 0, 0, 1, 0, 0, 1, 0, 1, 1, 0, 1, 1, 1, 1, 1, 0, 0, 0, 1, 0, 0, 1, 0, 0, 0, 1, 1, 0, 1, 1, 0, 1, 1, 1, 1, 1, 0, 0, 1, 0, 1, 1, 1, 1, 0, 0, 0, 1, 1, 1, 0, 0, 0, 1, 1, 1, 1, 1, 0, 0, 1, 1, 1, 0, 0, 0, 1, 1, 1, 1, 0, 1, 0, 1, 1, 0, 1, 1, 1, 1, 0, 1, 1, 1, 1, 0, 1, 1, 0, 0, 0, 1, 1, 1, 1, 1, 1, 1, 1, 0, 1, 1, 1, 1, 0, 1, 1, 0, 1, 1, 0, 0, 1, 1, 1, 1, 1, 0, 1, 0, 1, 1, 0, 1, 1, 1, 1, 0, 0, 0, 1, 0, 1, 0, 1, 1, 0, 0, 1, 1, 0, 0, 0, 0, 1, 0, 0, 1, 1, 1, 0, 1, 0, 1, 0, 1, 1, 0, 1, 1, 1, 0, 0, 1, 2, 1, 1, 1, 0, 1, 1, 1, 1, 0, 0, 1, 1, 1, 1, 0, 1, 1, 1, 1, 0, 1, 1, 1, 1, 1, 1, 0, 1, 1, 1, 1, 1, 1, 1, 1, 1, 1, 0, 1, 1, 0, 1, 0, 1, 1, 1, 1, 1, 1, 1, 0, 1, 1, 0, 0, 0, 1, 0, 0, 0, 1, 1, 1, 0, 1, 1, 0, 0, 0, 1, 0, 0, 1, 1, 1, 1, 1, 0, 1, 1, 0, 0, 1, 0, 1, 1, 1, 0, 0, 0, 0, 1, 1, 1, 1, 0, 1, 1, 1, 1, 1, 1, 1, 1, 0, 1, 1, 1, 0, 1, 1, 1, 0, 1, 1, 0, 0, 1, 1, 1, 1, 0, 1, 1, 1, 0, 0, 1, 0, 1, 1, 1, 1, 1, 1, 0, 1, 0, 0, 1, 1, 1, 0, 1, 1, 1, 1, 0, 0, 0, 1, 1, 1, 0, 1, 1, 1, 1, 1, 1, 2, 1, 1, 0, 1, 1, 0, 1, 1, 1, 1, 0, 1, 1, 1, 0, 1, 0, 1, 1, 0, 1, 1, 1, 0, 1, 2, 2, 2, 1, 1, 1, 1, 0, 0, 0, 1, 0, 1, 1, 1, 1, 0, 0, 0, 0, 0, 0, 0, 0, 1, 1, 1, 1, 0, 1, 1, 1, 1, 1, 1, 0, 1, 1, 1, 1, 0, 1, 1, 1, 1, 1, 1, 0, 1, 1, 1, 1, 1, 1, 0, 1, 1, 0, 1, 1, 1, 1, 1, 0, 0, 0, 1, 1, 1, 0, 1, 0, 1, 0, 1, 1, 1, 1, 1, 1, 0, 0, 1, 0, 0, 0, 1, 0, 0, 1, 0, 0, 1, 1, 0, 0, 0, 1, 1, 0, 1, 0, 0, 0, 0, 1, 1, 0, 0, 1, 1, 1, 1, 1, 1, 1, 1, 1, 1, 1, 1, 0, 0, 1, 0, 0, 1, 0, 1, 0, 1, 1, 1, 1, 1, 1, 0, 1, 1, 1, 1, 1, 0, 0, 1, 0, 1, 1, 0, 1, 1, 0, 1, 1, 1]

################################################################
################################################################
################### process_jail_download_list: ######################

[7, 12, 8, 8, 8, 7, 8, 8, 8, 11, 11, 11, 8, 11, 8, 7, 12, 12, 7, 12, 8, 8, 8, 8, 8, 8, 8, 8, 8, 7, 9, 7, 8, 9, 7, 6, 8, 8, 8, 7, 7, 7, 10, 7, 8, 7, 8, 7, 8, 8, 8, 7, 8, 6, 7, 7, 8, 8, 9, 8, 7, 7, 9, 8, 9, 7, 8, 7, 7, 7, 6, 7, 8, 8, 8, 8, 8, 8, 7, 7, 7, 7, 8, 7, 8, 7, 6, 8, 8, 7, 7, 6, 7, 7, 7, 8, 7, 6, 7, 7, 7, 7, 6, 7, 7, 7, 6, 7, 7, 7, 7, 7, 7, 7, 7, 7, 6, 7, 7, 7, 7, 7, 8, 8, 8, 7, 7, 7, 7, 7, 7, 7, 6, 7, 7, 7, 7, 7, 8, 8, 6, 8, 8, 7, 8, 8, 6, 8, 8, 7, 7, 8, 6, 8, 6, 7, 7, 7, 8, 6, 8, 7, 7, 7, 8, 7, 8, 7, 7, 7, 6, 7, 7, 7, 7, 7, 8, 7, 6, 7, 6, 7, 7, 6, 6, 6, 7, 7, 7, 7, 7, 7, 8, 8, 7, 7, 8, 6, 6, 7, 7, 7, 7, 7, 8, 7, 7, 7, 7, 7, 7, 8, 7, 7, 7, 7, 8, 7, 7, 7, 8, 7, 7, 6, 7, 7, 7, 7, 7, 6, 7, 7, 6, 7, 6, 7, 7, 6, 6, 7, 7, 6, 6, 7, 8, 8, 7, 6, 6, 6, 8, 7, 7, 7, 7, 7, 6, 7, 7, 7, 7, 6, 7, 6, 6, 6, 7, 6, 6, 7, 6, 7, 7, 7, 7, 6, 7, 7, 7, 7, 7, 7, 6, 6, 6, 7, 6, 6, 7, 7, 7, 7, 7, 7, 6, 6, 7, 7, 7, 7, 6, 6, 7, 7, 7, 7, 8, 7, 6, 6, 7, 7, 7, 7, 6, 6, 7, 6, 7, 7, 7, 7, 7, 6, 7, 7, 7, 7, 7, 7, 7, 7, 7, 7, 7, 7, 6, 7, 8, 7, 7, 7, 8, 7, 7, 6, 8, 7, 8, 6, 7, 7, 7, 6, 7, 7, 8, 7, 8, 7, 8, 7, 7, 7, 7, 7, 7, 7, 7, 7, 7, 7, 7, 8, 7, 7, 7, 7, 7, 7, 7, 6, 7, 6, 7, 7, 6, 7, 7, 7, 7, 6, 6, 6, 7, 6, 7, 7, 7, 7, 6, 7, 6, 8, 7, 6, 7, 6, 7, 7, 6, 7, 7, 7, 6, 7, 6, 8, 6, 8, 7, 7, 8, 7, 7, 7, 7, 7, 8, 8, 7, 8, 7, 7, 7, 8, 7, 8, 8, 9, 8, 7, 7, 7, 8, 7, 8, 8, 7, 8, 7, 8, 8, 7, 7, 7, 9, 8, 7, 8, 7, 7, 7, 7, 8, 7, 6, 7, 8, 6, 7, 7, 8, 8, 8, 8, 7, 7, 7, 6, 7, 7, 7, 7, 7, 7, 7, 7, 7, 7, 7, 6, 6, 8, 7, 7, 7, 7, 7, 6, 7, 7, 8, 7, 7, 7, 7, 7, 7, 7, 6, 8, 7, 7, 7, 7, 7, 7, 7, 7, 7, 7, 6, 6, 7, 7, 7, 7, 7, 7, 7, 7, 7, 7, 8, 8, 7, 7, 7, 7, 7, 6, 7, 7, 7, 7, 7, 7, 7, 7, 7, 7, 7, 7, 7, 7, 7, 7, 8, 7, 8, 6, 8, 6, 6, 7, 7, 7, 7, 7, 7, 7, 7, 7, 7, 7, 7, 6, 6, 7, 7, 7, 6, 7, 6, 8, 7, 8, 7, 8, 7, 7, 6, 7, 6, 7, 7, 7, 7, 7, 6, 7, 7, 7, 7, 7, 7, 7, 7, 7, 7, 8, 7, 7, 7, 8, 8, 9, 8, 7, 8, 7, 6, 6, 6, 8, 6, 7, 7, 7, 7, 6, 6, 7, 6, 7, 7, 7, 7, 7, 7, 6, 7, 6, 7, 7, 7, 7, 7, 7, 7, 7, 7, 7, 7, 6, 7, 8, 8, 7, 7, 7, 7, 7, 7, 8, 7, 6, 6, 7, 8, 7, 7, 7, 7, 7, 7, 7, 6, 6, 6, 6, 8, 7, 6, 7, 6, 7, 6, 7, 7, 8, 6, 7, 7, 7, 7, 7, 7, 6, 6, 7, 7, 6, 7, 7, 6, 7, 7, 7, 6, 6, 7, 7, 7, 7, 7, 7, 6, 7, 7, 7, 7, 6, 8, 7, 7, 7, 7, 7, 8, 7, 6, 7, 7, 7, 6, 6, 7, 6, 6, 7, 6, 6, 6, 7, 7, 7, 7, 7, 7, 6, 7, 7, 7, 7, 7, 6, 6, 7, 7, 7, 7, 7, 7, 7, 6, 7, 7, 6]

################################################################
################################################################
################### process_jail_list: ######################

[7, 8, 6, 6, 7, 7, 7, 7, 7, 8, 7, 7, 7, 7, 7, 6, 8, 8, 6, 8, 7, 6, 6, 7, 7, 7, 7, 6, 6, 7, 8, 7, 7, 8, 6, 6, 7, 7, 6, 6, 6, 7, 8, 7, 7, 7, 6, 6, 7, 7, 7, 6, 7, 6, 6, 6, 7, 7, 7, 7, 6, 6, 8, 7, 8, 7, 7, 7, 6, 7, 6, 6, 7, 7, 7, 7, 7, 7, 6, 6, 7, 6, 7, 6, 7, 6, 6, 7, 7, 6, 6, 6, 6, 6, 7, 7, 6, 6, 6, 6, 7, 6, 6, 6, 6, 6, 6, 6, 7, 6, 6, 6, 6, 6, 6, 6, 6, 6, 6, 6, 6, 6, 7, 7, 7, 6, 6, 7, 7, 7, 6, 7, 6, 7, 6, 6, 6, 6, 7, 7, 6, 7, 7, 6, 7, 7, 5, 7, 7, 6, 6, 7, 5, 7, 6, 7, 6, 7, 7, 5, 7, 6, 6, 6, 7, 7, 7, 6, 6, 6, 6, 6, 7, 6, 6, 6, 7, 6, 6, 6, 6, 6, 6, 5, 6, 6, 6, 6, 7, 7, 7, 6, 7, 7, 7, 7, 7, 6, 6, 7, 7, 6, 6, 6, 7, 6, 6, 7, 6, 6, 6, 7, 6, 6, 7, 6, 7, 6, 7, 7, 7, 6, 6, 6, 6, 7, 6, 6, 6, 6, 7, 6, 6, 6, 6, 6, 6, 6, 6, 7, 7, 6, 6, 6, 7, 7, 6, 5, 6, 6, 7, 6, 6, 6, 6, 6, 6, 6, 6, 7, 6, 6, 6, 6, 6, 6, 6, 6, 6, 6, 6, 6, 6, 7, 6, 5, 6, 6, 6, 7, 7, 7, 5, 6, 6, 6, 6, 6, 7, 6, 6, 7, 6, 6, 6, 5, 6, 6, 6, 6, 6, 6, 6, 7, 6, 6, 7, 6, 6, 6, 7, 6, 6, 6, 6, 6, 7, 5, 6, 6, 6, 6, 7, 6, 6, 6, 6, 7, 7, 7, 6, 6, 6, 6, 7, 6, 6, 6, 7, 7, 6, 6, 7, 6, 7, 5, 7, 6, 7, 6, 6, 6, 7, 6, 7, 6, 7, 6, 7, 6, 7, 6, 6, 7, 6, 6, 6, 6, 7, 6, 6, 7, 6, 7, 7, 7, 6, 6, 6, 6, 6, 6, 6, 6, 6, 6, 6, 6, 6, 6, 6, 6, 6, 6, 6, 6, 6, 7, 6, 6, 6, 7, 5, 7, 7, 6, 7, 6, 6, 7, 6, 6, 6, 6, 6, 6, 6, 7, 6, 7, 6, 7, 7, 6, 6, 7, 7, 6, 6, 7, 6, 7, 7, 6, 6, 7, 6, 8, 8, 8, 7, 6, 6, 7, 7, 6, 7, 7, 7, 7, 6, 7, 7, 6, 6, 7, 8, 7, 6, 7, 6, 6, 6, 6, 7, 6, 6, 6, 7, 6, 6, 7, 7, 7, 7, 7, 6, 6, 6, 6, 6, 6, 7, 7, 7, 6, 7, 7, 7, 6, 6, 5, 6, 7, 6, 7, 7, 7, 6, 6, 7, 6, 7, 6, 6, 6, 7, 6, 6, 7, 6, 7, 7, 6, 6, 6, 7, 7, 7, 7, 6, 6, 5, 5, 7, 6, 6, 6, 6, 6, 6, 6, 6, 7, 7, 7, 6, 7, 6, 6, 6, 6, 6, 6, 7, 7, 6, 6, 6, 6, 7, 6, 6, 6, 7, 7, 6, 7, 7, 6, 7, 5, 7, 5, 6, 6, 7, 7, 6, 6, 6, 7, 6, 6, 6, 6, 7, 6, 6, 6, 6, 6, 6, 6, 5, 7, 6, 7, 6, 6, 6, 6, 6, 6, 5, 7, 6, 6, 6, 6, 6, 6, 6, 6, 7, 6, 7, 6, 6, 7, 6, 7, 6, 7, 6, 6, 6, 7, 7, 6, 7, 6, 6, 6, 6, 7, 6, 6, 6, 6, 6, 6, 6, 7, 6, 7, 7, 7, 7, 6, 6, 5, 6, 6, 6, 6, 6, 6, 6, 6, 7, 6, 6, 6, 6, 6, 6, 7, 7, 6, 6, 6, 7, 6, 6, 7, 6, 5, 5, 7, 7, 6, 7, 6, 6, 6, 6, 6, 6, 6, 6, 5, 7, 6, 6, 6, 6, 6, 6, 6, 6, 7, 5, 6, 6, 7, 7, 6, 7, 6, 6, 6, 7, 6, 6, 7, 6, 6, 6, 7, 6, 6, 6, 6, 7, 6, 7, 7, 6, 7, 6, 6, 7, 6, 7, 6, 6, 6, 6, 6, 7, 6, 5, 6, 6, 6, 6, 6, 6, 6, 6, 6, 6, 5, 6, 6, 6, 6, 6, 6, 6, 6, 6, 6, 6, 6, 6, 6, 6, 6, 7, 6, 6, 7, 6, 6, 6, 6, 6, 5]

################################################################
Numero total de amostras 770

Tempo total de processamento: 0:10:59

############## TEMPOS DE PROCESSAMENTO DO EXERCICIO NO JAIL  ####################
Soma 4535 segundos
Media 5.8896103896103895 segundos
Desvio padrão 0.4437398370767933 segundos
Minimo 5 segundos
Maximo 7 segundos

95% 5.0 segundos
99% 5.0 segundos

############## TEMPOS DE PROCESSAMENTO DO EXERCICIO NO JAIL COM DOWNLOAD  ################
Soma 5031 segundos
Media 6.533766233766234 segundos
Desvio padrão 0.6132964770239361 segundos
Minimo 6 segundos
Maximo 10 segundos

95% 6.0 segundos
99% 6.0 segundos

################### TEMPOS DE DOWNLOAD DO EXERCICIO NO JAIL #######################
Soma 496 segundos
Media 0.6441558441558441 segundos
Desvio padrão 0.5375493952521719 segundos
Minimo 0 segundos
Maximo 3 segundos

95% 0.0 segundos
99% 0.0 segundos

############################ TEMPOS DE ESPERA NA FILA ############################
Soma 999
Media 1.2974025974025973 segundos
Desvio padrão 1.3507548660083373 segundos
Minimo 0 segundos
Maximo 8 segundos

95% 0.0 segundos
99% 0.0 segundos

################### queue_wait_time_list: ######################

[8, 8, 7, 8, 6, 6, 7, 3, 2, 6, 2, 0, 1, 3, 5, 3, 5, 8, 5, 5, 8, 7, 7, 5, 6, 5, 3, 4, 5, 5, 5, 5, 7, 6, 4, 3, 6, 5, 5, 2, 4, 5, 6, 5, 5, 5, 4, 5, 5, 3, 2, 4, 1, 3, 2, 1, 1, 5, 1, 3, 0, 2, 1, 5, 3, 4, 0, 2, 4, 4, 3, 1, 4, 2, 0, 2, 2, 2, 1, 2, 1, 1, 1, 2, 1, 2, 0, 1, 1, 1, 1, 1, 2, 0, 0, 0, 0, 1, 1, 1, 2, 1, 0, 1, 0, 1, 1, 1, 2, 1, 2, 2, 2, 1, 1, 0, 2, 0, 0, 1, 1, 1, 1, 0, 0, 0, 1, 0, 1, 0, 0, 1, 0, 1, 1, 0, 1, 0, 1, 0, 1, 1, 1, 1, 0, 3, 0, 0, 1, 1, 2, 2, 1, 1, 3, 1, 1, 0, 1, 1, 2, 1, 1, 1, 1, 1, 2, 1, 2, 1, 2, 1, 0, 1, 2, 0, 2, 1, 1, 0, 2, 1, 1, 0, 0, 0, 2, 0, 1, 1, 1, 1, 2, 2, 0, 1, 1, 1, 1, 1, 2, 2, 1, 1, 0, 1, 2, 1, 0, 1, 1, 2, 0, 2, 0, 1, 2, 1, 1, 0, 1, 2, 2, 0, 1, 1, 1, 1, 0, 1, 0, 0, 0, 1, 0, 0, 1, 1, 0, 1, 1, 3, 2, 0, 2, 1, 2, 1, 2, 1, 0, 2, 1, 2, 2, 3, 3, 1, 1, 1, 4, 1, 1, 1, 0, 1, 3, 2, 3, 1, 0, 3, 1, 2, 0, 1, 1, 0, 2, 2, 2, 1, 1, 1, 0, 1, 1, 0, 2, 1, 1, 0, 2, 1, 1, 2, 1, 1, 0, 1, 2, 0, 1, 0, 2, 0, 1, 0, 2, 1, 2, 0, 0, 1, 1, 1, 0, 1, 2, 2, 2, 0, 0, 0, 1, 1, 0, 1, 2, 2, 1, 1, 1, 1, 0, 0, 0, 2, 0, 1, 1, 1, 1, 0, 0, 0, 0, 0, 1, 0, 2, 1, 1, 2, 2, 1, 1, 0, 2, 0, 1, 1, 0, 1, 2, 1, 0, 0, 2, 1, 2, 2, 1, 2, 0, 1, 1, 1, 2, 2, 1, 3, 0, 0, 2, 1, 2, 1, 2, 3, 2, 1, 1, 1, 0, 0, 0, 0, 1, 0, 1, 1, 0, 0, 1, 1, 2, 2, 2, 0, 1, 1, 2, 0, 1, 1, 1, 1, 2, 1, 2, 1, 1, 1, 1, 0, 0, 1, 2, 1, 1, 1, 1, 1, 2, 1, 1, 1, 1, 1, 1, 0, 2, 2, 1, 1, 1, 1, 1, 1, 0, 0, 1, 1, 0, 1, 1, 1, 1, 0, 1, 2, 1, 1, 1, 1, 0, 2, 1, 1, 1, 1, 0, 1, 1, 1, 1, 0, 1, 1, 1, 0, 1, 1, 0, 1, 0, 2, 1, 1, 1, 2, 1, 0, 0, 1, 1, 1, 1, 1, 0, 0, 1, 1, 0, 1, 0, 1, 0, 1, 1, 1, 1, 1, 1, 1, 0, 0, 1, 1, 1, 1, 1, 1, 0, 0, 1, 0, 1, 2, 1, 1, 1, 1, 1, 1, 1, 1, 0, 2, 1, 1, 0, 0, 1, 0, 1, 1, 1, 1, 1, 0, 1, 1, 2, 0, 1, 0, 1, 1, 1, 1, 1, 0, 1, 1, 0, 0, 0, 0, 0, 1, 0, 2, 2, 1, 1, 1, 0, 1, 1, 1, 0, 0, 1, 0, 1, 0, 1, 1, 1, 1, 1, 0, 1, 1, 0, 0, 1, 1, 1, 0, 0, 1, 0, 1, 0, 2, 2, 0, 2, 0, 0, 0, 0, 1, 1, 1, 2, 2, 1, 0, 1, 1, 1, 1, 2, 1, 0, 0, 2, 0, 0, 2, 1, 1, 1, 1, 1, 0, 0, 1, 3, 0, 2, 1, 2, 1, 0, 0, 0, 1, 2, 1, 2, 1, 2, 1, 1, 2, 1, 1, 0, 2, 2, 2, 0, 0, 1, 1, 2, 0, 1, 1, 0, 0, 0, 1, 0, 1, 0, 1, 1, 2, 0, 2, 1, 1, 2, 2, 1, 1, 0, 1, 0, 0, 1, 2, 1, 1, 0, 2, 1, 0, 2, 2, 1, 1, 0, 1, 1, 0, 2, 2, 1, 1, 1, 2, 0, 3, 0, 1, 1, 2, 2, 0, 1, 1, 1, 2, 2, 0, 1, 2, 2, 2, 2, 2, 0, 2, 3, 0, 1, 2, 2, 2, 1, 3, 2, 2, 3, 1, 3, 3, 3, 3, 1, 2, 0, 2, 3, 1, 0, 3, 2, 2, 1, 1, 0, 0]

################################################################
################### jail_ex_download_list: ######################

[1, 0, 1, 1, 1, 1, 2, 3, 3, 1, 3, 3, 3, 1, 2, 2, 2, 1, 1, 1, 1, 1, 1, 0, 2, 0, 2, 2, 1, 1, 1, 1, 0, 1, 2, 1, 1, 1, 0, 1, 1, 1, 1, 1, 1, 1, 0, 0, 1, 0, 1, 0, 1, 1, 1, 0, 0, 0, 1, 1, 1, 1, 1, 0, 1, 1, 1, 0, 1, 0, 0, 0, 0, 1, 1, 0, 1, 1, 1, 0, 1, 0, 0, 0, 0, 1, 1, 0, 1, 0, 0, 0, 0, 1, 1, 0, 1, 0, 1, 1, 0, 0, 1, 0, 1, 0, 0, 0, 1, 1, 0, 1, 0, 0, 1, 1, 1, 1, 1, 0, 1, 0, 1, 1, 1, 1, 0, 1, 0, 1, 1, 0, 0, 0, 0, 1, 1, 1, 1, 1, 0, 0, 1, 1, 1, 0, 1, 1, 1, 1, 1, 0, 0, 0, 1, 0, 1, 1, 1, 0, 0, 1, 1, 0, 0, 0, 1, 1, 1, 1, 0, 0, 1, 1, 1, 1, 0, 1, 1, 1, 1, 0, 0, 1, 1, 1, 0, 1, 1, 0, 1, 1, 1, 1, 1, 1, 1, 1, 0, 1, 0, 0, 1, 0, 1, 0, 0, 0, 1, 1, 1, 1, 1, 0, 0, 1, 0, 1, 0, 1, 0, 1, 1, 1, 0, 1, 1, 1, 1, 0, 1, 1, 1, 1, 1, 1, 0, 1, 1, 1, 1, 0, 1, 1, 1, 0, 0, 1, 0, 1, 1, 0, 0, 0, 1, 0, 1, 1, 0, 1, 0, 0, 0, 1, 1, 1, 1, 1, 1, 1, 1, 1, 1, 1, 1, 1, 0, 1, 1, 0, 1, 1, 1, 0, 1, 1, 0, 0, 1, 0, 0, 1, 0, 0, 0, 0, 1, 1, 0, 0, 1, 1, 1, 1, 1, 1, 0, 1, 0, 1, 0, 1, 1, 1, 0, 0, 1, 0, 0, 0, 0, 1, 1, 1, 0, 1, 1, 0, 1, 1, 0, 0, 0, 0, 0, 1, 1, 0, 0, 1, 1, 1, 1, 1, 0, 1, 1, 0, 0, 0, 0, 1, 0, 0, 0, 0, 1, 1, 0, 1, 1, 1, 1, 0, 0, 1, 1, 1, 0, 0, 1, 1, 1, 0, 1, 1, 0, 0, 0, 0, 1, 0, 1, 1, 0, 0, 0, 1, 1, 0, 1, 0, 0, 1, 1, 1, 1, 1, 0, 1, 1, 1, 1, 0, 1, 0, 0, 1, 0, 1, 0, 0, 1, 1, 1, 1, 0, 1, 1, 1, 0, 1, 0, 1, 1, 1, 1, 0, 0, 1, 1, 0, 0, 1, 0, 0, 0, 1, 0, 0, 1, 1, 0, 0, 1, 1, 0, 0, 0, 0, 1, 1, 1, 0, 1, 0, 1, 1, 1, 1, 1, 0, 1, 1, 0, 0, 1, 0, 1, 1, 1, 1, 1, 1, 0, 1, 1, 1, 0, 1, 0, 1, 0, 0, 1, 0, 1, 0, 1, 1, 0, 0, 1, 1, 1, 0, 0, 0, 0, 0, 1, 1, 0, 1, 1, 1, 1, 0, 1, 0, 1, 1, 0, 0, 0, 0, 1, 1, 0, 0, 1, 1, 0, 0, 1, 1, 1, 1, 1, 0, 0, 0, 0, 1, 1, 0, 1, 1, 1, 0, 1, 1, 0, 1, 1, 1, 1, 0, 0, 0, 0, 1, 0, 1, 0, 1, 0, 1, 1, 1, 1, 0, 0, 0, 0, 1, 1, 1, 1, 1, 0, 0, 1, 1, 1, 0, 1, 0, 1, 1, 0, 0, 1, 1, 0, 1, 1, 0, 0, 1, 0, 1, 0, 1, 0, 1, 1, 1, 1, 1, 1, 1, 1, 1, 1, 0, 1, 0, 0, 1, 1, 1, 1, 1, 1, 0, 1, 1, 1, 1, 0, 1, 1, 0, 0, 0, 1, 1, 1, 1, 0, 1, 1, 0, 1, 0, 1, 1, 1, 1, 1, 0, 0, 1, 0, 1, 0, 1, 0, 1, 0, 1, 0, 0, 0, 1, 0, 1, 1, 1, 0, 1, 1, 1, 1, 0, 1, 1, 1, 1, 0, 1, 1, 1, 1, 1, 1, 0, 1, 0, 1, 0, 1, 0, 1, 0, 1, 0, 1, 0, 0, 1, 1, 0, 0, 1, 1, 1, 0, 1, 1, 0, 0, 1, 0, 1, 1, 1, 1, 1, 1, 1, 0, 1, 1, 1, 0, 1, 1, 1, 1, 0, 1, 1, 1, 1, 1, 0, 1, 1, 1, 1, 1, 0, 1, 0, 0, 1, 1, 0, 0, 1, 1, 1, 1, 1, 1, 0, 1, 1, 0, 0, 1, 1, 1, 0, 1, 1, 1, 0, 0, 1, 1, 0, 1, 1, 1, 1, 1, 0]

################################################################
################################################################
################### process_jail_download_list: ######################

[7, 6, 7, 7, 8, 7, 7, 10, 10, 7, 10, 10, 10, 7, 8, 8, 8, 7, 7, 7, 7, 7, 8, 6, 8, 6, 9, 9, 7, 8, 8, 7, 7, 7, 8, 7, 7, 7, 7, 7, 7, 6, 6, 7, 7, 8, 7, 7, 7, 6, 7, 6, 7, 7, 7, 6, 6, 7, 7, 6, 7, 7, 7, 6, 6, 7, 7, 6, 6, 6, 6, 6, 6, 6, 7, 6, 7, 6, 7, 6, 7, 6, 6, 6, 6, 6, 7, 6, 6, 6, 6, 6, 6, 7, 7, 6, 7, 6, 6, 7, 7, 6, 7, 6, 6, 6, 6, 6, 6, 7, 6, 7, 6, 6, 6, 6, 7, 7, 7, 6, 7, 6, 7, 6, 7, 7, 7, 7, 6, 7, 7, 6, 7, 7, 6, 7, 6, 7, 7, 7, 6, 7, 7, 6, 7, 6, 7, 6, 6, 7, 7, 6, 6, 6, 7, 6, 6, 7, 7, 6, 6, 7, 7, 6, 6, 6, 6, 7, 7, 7, 6, 6, 7, 6, 7, 7, 6, 6, 6, 7, 7, 6, 6, 6, 6, 7, 6, 7, 7, 6, 6, 7, 7, 7, 7, 7, 7, 7, 6, 7, 6, 6, 6, 6, 7, 6, 6, 6, 6, 7, 7, 7, 7, 6, 6, 7, 6, 7, 6, 7, 7, 7, 6, 7, 7, 6, 7, 6, 7, 6, 7, 7, 7, 7, 6, 7, 6, 7, 7, 7, 7, 6, 7, 7, 6, 6, 6, 6, 6, 7, 7, 6, 6, 6, 7, 6, 7, 6, 6, 7, 6, 6, 6, 7, 7, 6, 7, 7, 7, 7, 7, 7, 7, 7, 7, 8, 7, 6, 7, 6, 6, 7, 7, 6, 7, 7, 6, 6, 7, 6, 6, 7, 6, 6, 6, 6, 7, 7, 6, 6, 7, 7, 7, 7, 7, 7, 7, 7, 6, 7, 6, 6, 7, 7, 6, 6, 7, 6, 6, 6, 6, 7, 6, 6, 6, 6, 7, 6, 7, 6, 7, 6, 6, 6, 6, 6, 7, 6, 6, 7, 6, 7, 7, 7, 6, 7, 7, 6, 6, 6, 6, 6, 6, 6, 6, 6, 7, 7, 6, 6, 7, 7, 6, 7, 7, 6, 7, 7, 6, 6, 7, 7, 7, 6, 7, 6, 6, 6, 6, 6, 7, 6, 7, 7, 6, 6, 6, 7, 7, 6, 6, 6, 6, 7, 6, 7, 7, 6, 6, 6, 7, 6, 7, 6, 6, 6, 6, 7, 6, 6, 6, 6, 7, 7, 6, 6, 6, 6, 7, 7, 6, 8, 7, 7, 7, 7, 7, 6, 6, 6, 6, 6, 6, 7, 6, 6, 6, 7, 6, 6, 6, 6, 6, 6, 7, 7, 6, 6, 6, 6, 6, 7, 6, 6, 6, 6, 7, 6, 6, 6, 7, 6, 7, 6, 6, 6, 7, 7, 7, 7, 7, 7, 7, 6, 6, 6, 7, 6, 6, 6, 6, 7, 6, 6, 7, 6, 7, 6, 6, 7, 6, 6, 7, 7, 7, 6, 6, 6, 6, 6, 7, 6, 6, 7, 6, 6, 7, 6, 7, 6, 6, 6, 6, 6, 6, 6, 7, 7, 6, 6, 7, 6, 6, 6, 7, 7, 6, 7, 6, 6, 6, 6, 6, 7, 7, 7, 6, 7, 7, 6, 7, 7, 6, 7, 6, 7, 7, 6, 6, 6, 6, 7, 6, 6, 6, 7, 6, 6, 7, 7, 7, 6, 6, 6, 6, 6, 7, 7, 7, 6, 6, 6, 6, 7, 7, 6, 6, 6, 6, 7, 6, 6, 6, 6, 6, 7, 7, 6, 6, 7, 6, 7, 6, 7, 6, 7, 7, 6, 6, 7, 7, 7, 7, 6, 6, 7, 7, 7, 6, 7, 7, 7, 7, 7, 7, 6, 7, 6, 7, 7, 6, 7, 7, 6, 6, 6, 7, 7, 6, 7, 6, 7, 7, 6, 6, 6, 7, 7, 7, 7, 7, 6, 6, 7, 6, 7, 6, 7, 6, 7, 6, 7, 6, 6, 6, 7, 6, 7, 7, 7, 6, 7, 7, 6, 7, 6, 7, 6, 7, 7, 6, 7, 7, 7, 7, 7, 6, 6, 7, 6, 6, 6, 7, 6, 7, 6, 7, 6, 6, 6, 6, 7, 7, 6, 6, 7, 6, 6, 6, 7, 7, 6, 6, 7, 6, 7, 7, 7, 7, 6, 7, 7, 6, 7, 7, 7, 6, 6, 7, 6, 6, 7, 7, 6, 6, 7, 7, 6, 7, 7, 6, 7, 7, 6, 7, 6, 6, 7, 6, 6, 6, 7, 6, 7, 7, 7, 7, 6, 8, 7, 6, 6, 7, 7, 7, 6, 7, 7, 7, 6, 6, 7, 7, 6, 7, 6, 7, 6, 6, 6]

################################################################
################################################################
################### process_jail_list: ######################

[6, 6, 6, 6, 7, 6, 5, 7, 7, 6, 7, 7, 7, 6, 6, 6, 6, 6, 6, 6, 6, 6, 7, 6, 6, 6, 7, 7, 6, 7, 7, 6, 7, 6, 6, 6, 6, 6, 7, 6, 6, 5, 5, 6, 6, 7, 7, 7, 6, 6, 6, 6, 6, 6, 6, 6, 6, 7, 6, 5, 6, 6, 6, 6, 5, 6, 6, 6, 5, 6, 6, 6, 6, 5, 6, 6, 6, 5, 6, 6, 6, 6, 6, 6, 6, 5, 6, 6, 5, 6, 6, 6, 6, 6, 6, 6, 6, 6, 5, 6, 7, 6, 6, 6, 5, 6, 6, 6, 5, 6, 6, 6, 6, 6, 5, 5, 6, 6, 6, 6, 6, 6, 6, 5, 6, 6, 7, 6, 6, 6, 6, 6, 7, 7, 6, 6, 5, 6, 6, 6, 6, 7, 6, 5, 6, 6, 6, 5, 5, 6, 6, 6, 6, 6, 6, 6, 5, 6, 6, 6, 6, 6, 6, 6, 6, 6, 5, 6, 6, 6, 6, 6, 6, 5, 6, 6, 6, 5, 5, 6, 6, 6, 6, 5, 5, 6, 6, 6, 6, 6, 5, 6, 6, 6, 6, 6, 6, 6, 6, 6, 6, 6, 5, 6, 6, 6, 6, 6, 5, 6, 6, 6, 6, 6, 6, 6, 6, 6, 6, 6, 7, 6, 5, 6, 7, 5, 6, 5, 6, 6, 6, 6, 6, 6, 5, 6, 6, 6, 6, 6, 6, 6, 6, 6, 5, 6, 6, 5, 6, 6, 6, 6, 6, 6, 6, 6, 6, 5, 6, 6, 6, 6, 6, 6, 6, 5, 6, 6, 6, 6, 6, 6, 6, 6, 6, 7, 7, 5, 6, 6, 5, 6, 6, 6, 6, 6, 6, 6, 6, 6, 6, 6, 6, 6, 6, 6, 6, 6, 6, 6, 6, 6, 6, 6, 6, 6, 7, 6, 6, 6, 6, 5, 6, 6, 6, 6, 6, 6, 6, 6, 6, 6, 5, 5, 6, 5, 6, 6, 6, 5, 7, 6, 6, 6, 6, 5, 6, 6, 6, 6, 5, 6, 6, 6, 6, 6, 6, 6, 6, 6, 6, 5, 6, 6, 6, 6, 6, 6, 6, 5, 6, 6, 5, 7, 7, 5, 6, 6, 6, 6, 6, 6, 6, 6, 6, 5, 6, 6, 6, 6, 6, 6, 6, 6, 6, 6, 6, 6, 6, 6, 5, 6, 6, 6, 5, 6, 6, 5, 6, 5, 6, 5, 6, 6, 5, 6, 6, 6, 6, 5, 6, 6, 6, 6, 5, 5, 6, 5, 6, 6, 6, 7, 7, 6, 6, 6, 6, 6, 6, 5, 5, 6, 6, 6, 6, 6, 6, 6, 6, 6, 5, 5, 6, 6, 6, 6, 6, 6, 6, 6, 5, 6, 5, 6, 5, 6, 6, 5, 5, 5, 6, 6, 6, 5, 6, 6, 6, 7, 6, 6, 6, 6, 6, 5, 6, 5, 6, 5, 6, 5, 6, 6, 6, 6, 6, 6, 6, 6, 5, 6, 6, 6, 6, 6, 6, 6, 6, 6, 6, 6, 6, 5, 6, 6, 5, 5, 6, 6, 6, 6, 5, 5, 6, 6, 6, 6, 6, 6, 6, 6, 6, 5, 6, 6, 6, 6, 5, 6, 5, 6, 6, 6, 6, 6, 6, 7, 5, 6, 6, 6, 6, 6, 6, 6, 5, 6, 6, 6, 6, 6, 6, 6, 6, 5, 6, 6, 6, 5, 6, 6, 6, 6, 6, 6, 6, 5, 6, 6, 6, 5, 6, 6, 5, 6, 6, 6, 5, 6, 5, 6, 6, 6, 5, 5, 6, 6, 6, 6, 6, 6, 6, 6, 6, 6, 6, 6, 6, 5, 5, 6, 6, 6, 6, 5, 5, 7, 6, 7, 6, 6, 6, 6, 6, 6, 6, 6, 6, 5, 6, 6, 6, 6, 6, 6, 6, 6, 6, 6, 5, 6, 6, 6, 6, 6, 5, 6, 6, 6, 6, 6, 6, 6, 6, 6, 6, 6, 6, 6, 6, 6, 6, 6, 6, 6, 6, 6, 6, 6, 6, 6, 6, 6, 6, 5, 6, 6, 6, 5, 6, 6, 6, 6, 6, 6, 6, 6, 5, 6, 6, 6, 5, 6, 6, 6, 6, 6, 6, 6, 5, 6, 6, 6, 6, 6, 6, 6, 5, 5, 6, 6, 6, 6, 6, 6, 6, 6, 6, 6, 6, 5, 6, 6, 6, 6, 6, 6, 6, 5, 6, 5, 5, 7, 6, 5, 5, 6, 6, 6, 6, 6, 5, 6, 6, 6, 6, 6, 6, 6, 5, 6, 6, 6, 5, 6, 6, 6, 6, 6, 7, 6, 6, 6, 6, 6, 6, 6, 6, 6, 6, 6, 6, 6, 6, 6, 6, 5, 6, 5, 5, 6]

################################################################
