Numero total de amostras 770

Tempo total de processamento: 0:22:57

############## TEMPOS DE PROCESSAMENTO DO EXERCICIO NO JAIL  ####################
Soma 4745 segundos
Media 6.162337662337662 segundos
Desvio padr達o 0.40884346257857257 segundos
Minimo 5 segundos
Maximo 7 segundos

95% 5.0 segundos
99% 5.0 segundos

############## TEMPOS DE PROCESSAMENTO DO EXERCICIO NO JAIL COM DOWNLOAD  ################
Soma 5515 segundos
Media 7.162337662337662 segundos
Desvio padr達o 0.7548181102031397 segundos
Minimo 6 segundos
Maximo 14 segundos

95% 6.0 segundos
99% 6.0 segundos

################### TEMPOS DE DOWNLOAD DO EXERCICIO NO JAIL #######################
Soma 770 segundos
Media 1.0 segundos
Desvio padr達o 0.6446583712203042 segundos
Minimo 0 segundos
Maximo 7 segundos

95% 0.0 segundos
99% 0.0 segundos

############################ TEMPOS DE ESPERA NA FILA ############################
Soma 297559
Media 386.44025974025976 segundos
Desvio padr達o 203.82888084093383 segundos
Minimo 6 segundos
Maximo 724 segundos

95% 18.610999999999997 segundos
99% 19.2262 segundos

################### queue_wait_time_list: ######################

[18, 22, 17, 27, 23, 17, 497, 7, 8, 6, 7, 25, 27, 17, 41, 22, 20, 31, 21, 37, 27, 32, 51, 32, 37, 45, 42, 37, 48, 47, 41, 53, 57, 58, 49, 53, 62, 60, 65, 63, 69, 71, 66, 63, 67, 71, 75, 75, 501, 29, 34, 38, 41, 47, 53, 78, 81, 78, 79, 87, 83, 83, 91, 88, 90, 94, 92, 98, 96, 97, 103, 98, 100, 101, 104, 105, 106, 107, 109, 110, 114, 118, 114, 116, 117, 118, 121, 121, 129, 125, 126, 127, 133, 130, 132, 133, 57, 505, 61, 65, 72, 74, 76, 78, 81, 137, 139, 143, 140, 140, 148, 144, 146, 149, 148, 154, 152, 153, 159, 156, 156, 157, 160, 162, 162, 163, 165, 166, 169, 173, 170, 171, 171, 174, 176, 176, 180, 184, 181, 182, 188, 184, 187, 188, 505, 531, 538, 541, 545, 689, 189, 723, 191, 191, 193, 194, 195, 196, 85, 88, 92, 97, 105, 109, 111, 197, 199, 201, 204, 203, 203, 205, 206, 208, 208, 211, 215, 212, 214, 220, 223, 219, 228, 216, 220, 223, 224, 232, 228, 229, 230, 232, 235, 236, 237, 243, 240, 247, 239, 245, 245, 246, 248, 251, 252, 512, 253, 515, 549, 553, 690, 700, 703, 707, 112, 515, 518, 521, 557, 693, 695, 253, 254, 258, 258, 258, 259, 261, 119, 122, 124, 127, 131, 135, 136, 138, 263, 269, 266, 267, 270, 267, 271, 273, 274, 277, 281, 277, 278, 286, 282, 285, 288, 293, 297, 290, 287, 290, 295, 296, 296, 299, 301, 301, 303, 309, 305, 314, 304, 308, 310, 312, 312, 316, 318, 141, 529, 145, 149, 153, 160, 165, 168, 320, 321, 324, 327, 324, 325, 326, 329, 330, 332, 333, 337, 336, 335, 342, 339, 341, 344, 343, 343, 346, 348, 352, 349, 351, 356, 354, 355, 359, 357, 363, 359, 367, 368, 364, 361, 364, 368, 371, 371, 167, 175, 177, 180, 183, 185, 374, 378, 375, 375, 381, 378, 379, 378, 381, 381, 384, 385, 388, 388, 388, 392, 390, 392, 394, 394, 398, 394, 397, 401, 398, 401, 401, 401, 404, 405, 405, 407, 408, 411, 415, 411, 411, 413, 415, 417, 418, 196, 200, 199, 206, 210, 210, 214, 217, 421, 421, 424, 424, 424, 424, 427, 428, 428, 431, 434, 431, 434, 438, 434, 437, 441, 438, 444, 441, 441, 447, 444, 445, 447, 447, 451, 451, 451, 454, 454, 457, 460, 458, 458, 457, 460, 464, 464, 531, 534, 703, 709, 713, 717, 723, 464, 465, 467, 467, 468, 467, 471, 471, 222, 498, 501, 498, 225, 501, 497, 501, 233, 505, 507, 237, 241, 242, 504, 471, 475, 475, 475, 477, 477, 477, 481, 481, 485, 481, 484, 488, 485, 488, 488, 488, 491, 492, 492, 494, 495, 503, 510, 508, 509, 510, 511, 514, 515, 518, 517, 248, 250, 272, 262, 263, 265, 525, 518, 521, 522, 521, 526, 525, 526, 529, 529, 529, 532, 535, 531, 535, 538, 535, 538, 541, 538, 546, 542, 542, 549, 545, 544, 549, 549, 553, 553, 553, 556, 556, 560, 562, 560, 560, 560, 564, 566, 567, 557, 564, 567, 578, 582, 585, 275, 564, 567, 571, 571, 592, 595, 599, 275, 280, 283, 288, 292, 300, 571, 303, 307, 574, 578, 574, 574, 581, 578, 580, 584, 582, 587, 585, 585, 590, 589, 588, 589, 591, 592, 593, 595, 596, 597, 599, 600, 601, 601, 602, 601, 603, 603, 607, 608, 608, 610, 613, 609, 612, 613, 570, 599, 602, 607, 609, 615, 617, 618, 618, 620, 620, 621, 622, 624, 307, 314, 316, 318, 322, 323, 329, 573, 626, 629, 632, 629, 629, 631, 633, 634, 636, 638, 642, 639, 639, 644, 643, 643, 646, 645, 650, 648, 649, 653, 651, 652, 652, 654, 656, 656, 657, 660, 660, 663, 666, 664, 665, 666, 666, 668, 669, 332, 339, 577, 605, 610, 332, 336, 685, 626, 655, 658, 663, 680, 676, 669, 687, 689, 676, 684, 677, 668, 683, 670, 678, 671, 682, 671, 673, 680, 680, 683, 680, 685, 685, 345, 346, 351, 354, 358, 363, 368, 371, 371, 375, 381, 388, 384, 384, 391, 394, 397, 689, 693, 697, 693, 693, 699, 697, 697, 699, 698, 702, 702, 705, 709, 706, 706, 712, 708, 710, 714, 712, 717, 715, 716, 720, 720, 720, 720, 722, 724, 403, 407, 408, 411, 415, 417, 418, 420, 430, 437, 625, 636, 643, 646, 650, 421, 627, 661, 667, 427, 430, 434, 441, 443, 447, 451, 454, 455, 460, 462, 471, 475, 477, 481, 484, 491, 494, 495, 633, 636, 639]

################################################################
################### jail_ex_download_list: ######################

[2, 1, 3, 2, 1, 2, 1, 5, 6, 6, 7, 2, 2, 1, 1, 3, 1, 2, 3, 2, 1, 2, 2, 2, 3, 1, 2, 3, 3, 2, 3, 2, 2, 1, 2, 2, 1, 1, 1, 1, 1, 1, 2, 1, 1, 2, 1, 1, 1, 1, 1, 2, 3, 2, 1, 2, 1, 1, 1, 1, 1, 2, 2, 1, 1, 1, 1, 1, 1, 1, 1, 1, 1, 1, 1, 2, 1, 1, 1, 1, 1, 1, 1, 1, 2, 2, 1, 2, 0, 1, 1, 2, 1, 1, 1, 1, 1, 0, 2, 2, 1, 2, 1, 1, 1, 1, 2, 1, 1, 1, 1, 2, 1, 2, 1, 2, 1, 1, 1, 1, 1, 1, 1, 1, 1, 1, 1, 1, 1, 1, 1, 1, 1, 1, 1, 1, 1, 1, 1, 1, 1, 1, 2, 2, 1, 1, 1, 0, 1, 1, 1, 1, 1, 2, 1, 1, 1, 1, 1, 1, 1, 1, 1, 1, 1, 1, 1, 1, 1, 1, 1, 1, 1, 1, 1, 1, 1, 1, 1, 1, 1, 1, 1, 1, 1, 2, 1, 1, 1, 1, 1, 1, 1, 1, 1, 1, 1, 1, 1, 1, 1, 1, 1, 1, 2, 0, 2, 1, 1, 1, 1, 0, 1, 1, 1, 1, 1, 1, 1, 0, 1, 2, 2, 1, 2, 2, 1, 1, 2, 1, 1, 2, 1, 1, 1, 1, 2, 1, 1, 1, 1, 1, 1, 1, 1, 1, 1, 1, 2, 1, 1, 1, 2, 2, 1, 2, 1, 2, 1, 1, 1, 1, 1, 1, 1, 2, 1, 2, 1, 1, 1, 1, 2, 2, 1, 1, 0, 1, 1, 2, 2, 1, 1, 1, 1, 1, 1, 1, 1, 1, 1, 1, 1, 1, 2, 1, 1, 1, 1, 1, 1, 1, 1, 1, 1, 1, 1, 1, 1, 1, 2, 1, 1, 2, 1, 1, 1, 1, 1, 1, 1, 1, 1, 1, 1, 1, 1, 1, 1, 0, 0, 0, 1, 1, 0, 0, 0, 1, 1, 1, 1, 1, 0, 0, 0, 1, 0, 1, 1, 1, 1, 1, 1, 1, 0, 0, 1, 1, 0, 0, 1, 0, 1, 0, 1, 1, 1, 1, 1, 0, 1, 1, 2, 1, 1, 1, 2, 2, 1, 1, 1, 0, 0, 1, 0, 1, 1, 0, 1, 0, 1, 1, 1, 1, 0, 1, 0, 0, 1, 1, 1, 0, 1, 1, 1, 1, 1, 0, 0, 1, 1, 0, 0, 1, 1, 1, 1, 1, 1, 1, 1, 0, 0, 1, 1, 0, 1, 1, 1, 1, 1, 1, 1, 1, 1, 1, 2, 1, 1, 1, 2, 0, 0, 1, 1, 2, 1, 1, 0, 0, 0, 1, 1, 1, 1, 1, 1, 1, 1, 1, 1, 0, 0, 1, 0, 0, 0, 1, 0, 1, 1, 0, 0, 1, 1, 1, 1, 1, 1, 2, 1, 1, 1, 2, 1, 1, 1, 1, 1, 1, 1, 1, 1, 0, 1, 1, 0, 1, 1, 1, 1, 1, 1, 0, 1, 0, 1, 1, 1, 0, 1, 0, 1, 0, 1, 1, 1, 1, 0, 1, 1, 1, 1, 1, 1, 0, 1, 1, 1, 1, 1, 1, 1, 1, 1, 0, 1, 1, 2, 1, 1, 1, 1, 1, 1, 1, 1, 1, 2, 1, 1, 1, 1, 1, 1, 1, 1, 1, 0, 0, 1, 0, 1, 1, 1, 2, 1, 1, 0, 1, 1, 1, 0, 1, 1, 0, 1, 0, 1, 1, 1, 1, 0, 0, 1, 1, 0, 1, 0, 1, 1, 0, 1, 1, 0, 1, 1, 1, 1, 1, 0, 1, 1, 1, 1, 1, 1, 1, 1, 1, 0, 1, 1, 1, 1, 1, 1, 1, 0, 0, 1, 1, 1, 0, 1, 1, 1, 0, 1, 1, 1, 0, 1, 1, 1, 1, 1, 1, 0, 0, 0, 0, 1, 0, 1, 0, 1, 1, 1, 1, 1, 1, 1, 1, 2, 1, 1, 1, 1, 0, 1, 1, 1, 0, 1, 1, 0, 1, 1, 0, 0, 1, 1, 1, 1, 1, 0, 1, 1, 1, 1, 1, 1, 1, 1, 1, 2, 1, 1, 0, 1, 1, 1, 1, 1, 1, 1, 1, 1, 1, 1, 0, 1, 1, 1, 0, 1, 1, 1, 1, 1, 1, 1, 1, 1, 1, 1, 1, 1, 1, 0, 1, 1, 1, 0, 0, 1, 1, 1, 1, 1, 0, 0, 1, 1, 0, 1, 1, 0, 1, 0, 1, 1, 0, 1, 1, 1, 1, 1, 1, 1, 0, 1, 1, 1, 1, 1, 1, 0, 1, 0, 1, 1, 1, 0, 1, 1, 1, 1, 1]

################################################################
################################################################
################### process_jail_download_list: ######################

[8, 7, 9, 8, 7, 8, 7, 12, 13, 13, 14, 8, 8, 7, 8, 9, 8, 8, 10, 8, 8, 8, 8, 8, 10, 7, 8, 9, 9, 8, 9, 8, 8, 8, 8, 9, 8, 7, 8, 7, 7, 7, 8, 8, 8, 8, 7, 7, 7, 7, 8, 8, 9, 9, 7, 8, 8, 8, 7, 7, 8, 8, 8, 7, 7, 7, 8, 8, 7, 7, 7, 8, 8, 7, 7, 8, 8, 8, 8, 7, 7, 7, 7, 7, 8, 8, 7, 8, 7, 8, 7, 8, 8, 7, 8, 8, 7, 6, 8, 8, 7, 8, 8, 8, 7, 7, 8, 8, 7, 7, 7, 8, 7, 8, 8, 8, 8, 7, 7, 7, 7, 8, 7, 7, 7, 7, 7, 8, 7, 7, 7, 7, 8, 7, 7, 8, 8, 7, 7, 7, 7, 7, 8, 8, 7, 7, 7, 6, 8, 7, 8, 7, 7, 8, 7, 7, 7, 7, 8, 7, 8, 8, 8, 7, 7, 7, 7, 7, 7, 7, 7, 7, 7, 7, 7, 7, 8, 8, 7, 7, 8, 8, 8, 7, 8, 8, 8, 7, 8, 7, 8, 8, 8, 8, 8, 8, 8, 7, 7, 7, 7, 7, 7, 7, 9, 6, 8, 7, 7, 7, 7, 6, 7, 7, 7, 7, 7, 7, 7, 6, 7, 8, 8, 7, 8, 8, 7, 7, 8, 8, 7, 8, 7, 7, 7, 7, 8, 7, 8, 7, 7, 8, 8, 8, 7, 7, 8, 8, 8, 8, 8, 7, 8, 8, 7, 8, 7, 9, 8, 7, 8, 7, 7, 8, 7, 8, 7, 8, 7, 7, 8, 7, 8, 8, 7, 8, 6, 8, 7, 8, 8, 7, 7, 7, 7, 7, 8, 8, 7, 7, 7, 7, 7, 7, 8, 7, 7, 7, 7, 7, 7, 7, 7, 8, 8, 7, 8, 7, 7, 7, 8, 7, 7, 8, 8, 7, 7, 7, 7, 7, 7, 7, 7, 8, 8, 8, 7, 7, 7, 7, 6, 7, 7, 7, 6, 6, 6, 7, 7, 7, 7, 7, 6, 6, 6, 7, 6, 7, 7, 7, 7, 7, 7, 7, 6, 6, 7, 7, 7, 7, 7, 6, 7, 6, 7, 7, 7, 7, 7, 6, 7, 7, 8, 7, 7, 7, 8, 8, 7, 7, 7, 7, 6, 7, 6, 7, 7, 6, 7, 6, 7, 7, 7, 7, 7, 7, 6, 6, 7, 7, 7, 6, 7, 7, 7, 7, 7, 6, 7, 7, 7, 6, 6, 8, 7, 7, 7, 7, 7, 7, 7, 7, 6, 7, 7, 6, 7, 7, 7, 7, 7, 7, 7, 7, 7, 7, 8, 7, 7, 7, 8, 7, 6, 8, 7, 8, 7, 7, 6, 6, 6, 7, 7, 7, 7, 7, 7, 7, 7, 7, 7, 7, 7, 7, 6, 7, 6, 7, 6, 7, 7, 6, 7, 7, 7, 7, 7, 7, 7, 8, 7, 7, 7, 8, 8, 7, 7, 7, 7, 7, 7, 7, 7, 6, 7, 6, 6, 7, 7, 7, 7, 7, 7, 7, 7, 7, 7, 6, 7, 7, 8, 7, 7, 7, 7, 7, 7, 7, 6, 7, 7, 7, 7, 7, 8, 7, 7, 7, 7, 7, 7, 7, 7, 7, 7, 6, 7, 6, 8, 7, 8, 8, 8, 8, 7, 7, 7, 7, 9, 7, 7, 7, 7, 7, 7, 7, 7, 7, 7, 7, 7, 6, 6, 7, 7, 8, 7, 7, 7, 7, 7, 7, 6, 7, 7, 7, 7, 6, 7, 7, 7, 7, 6, 7, 7, 7, 6, 7, 6, 7, 7, 6, 7, 7, 6, 7, 7, 7, 7, 7, 6, 7, 7, 8, 8, 7, 7, 7, 7, 7, 6, 7, 7, 7, 7, 7, 7, 7, 7, 6, 7, 7, 7, 6, 7, 7, 7, 6, 7, 7, 7, 6, 6, 7, 7, 7, 7, 7, 7, 7, 7, 6, 7, 6, 7, 6, 7, 7, 7, 7, 7, 7, 7, 7, 8, 7, 7, 7, 8, 6, 7, 7, 7, 6, 7, 7, 6, 7, 7, 6, 7, 6, 7, 7, 7, 7, 7, 7, 7, 6, 7, 7, 7, 8, 7, 7, 8, 8, 7, 7, 7, 6, 7, 7, 7, 7, 7, 7, 7, 7, 7, 6, 7, 7, 7, 6, 7, 7, 7, 6, 7, 7, 7, 6, 7, 7, 7, 7, 7, 7, 6, 7, 7, 7, 6, 6, 7, 7, 7, 7, 7, 6, 6, 7, 7, 6, 7, 7, 7, 7, 6, 7, 7, 6, 7, 7, 7, 7, 7, 7, 7, 6, 7, 7, 7, 7, 6, 7, 7, 7, 6, 7, 7, 7, 6, 7, 7, 6, 7, 7]

################################################################
################################################################
################### process_jail_list: ######################

[6, 6, 6, 6, 6, 6, 6, 7, 7, 7, 7, 6, 6, 6, 7, 6, 7, 6, 7, 6, 7, 6, 6, 6, 7, 6, 6, 6, 6, 6, 6, 6, 6, 7, 6, 7, 7, 6, 7, 6, 6, 6, 6, 7, 7, 6, 6, 6, 6, 6, 7, 6, 6, 7, 6, 6, 7, 7, 6, 6, 7, 6, 6, 6, 6, 6, 7, 7, 6, 6, 6, 7, 7, 6, 6, 6, 7, 7, 7, 6, 6, 6, 6, 6, 6, 6, 6, 6, 7, 7, 6, 6, 7, 6, 7, 7, 6, 6, 6, 6, 6, 6, 7, 7, 6, 6, 6, 7, 6, 6, 6, 6, 6, 6, 7, 6, 7, 6, 6, 6, 6, 7, 6, 6, 6, 6, 6, 7, 6, 6, 6, 6, 7, 6, 6, 7, 7, 6, 6, 6, 6, 6, 6, 6, 6, 6, 6, 6, 7, 6, 7, 6, 6, 6, 6, 6, 6, 6, 7, 6, 7, 7, 7, 6, 6, 6, 6, 6, 6, 6, 6, 6, 6, 6, 6, 6, 7, 7, 6, 6, 7, 7, 7, 6, 7, 6, 7, 6, 7, 6, 7, 7, 7, 7, 7, 7, 7, 6, 6, 6, 6, 6, 6, 6, 7, 6, 6, 6, 6, 6, 6, 6, 6, 6, 6, 6, 6, 6, 6, 6, 6, 6, 6, 6, 6, 6, 6, 6, 6, 7, 6, 6, 6, 6, 6, 6, 6, 6, 7, 6, 6, 7, 7, 7, 6, 6, 7, 7, 6, 7, 7, 6, 6, 6, 6, 6, 6, 7, 7, 6, 7, 6, 6, 7, 6, 6, 6, 6, 6, 6, 7, 6, 6, 6, 6, 7, 6, 7, 6, 6, 6, 6, 6, 6, 6, 6, 7, 7, 6, 6, 6, 6, 6, 6, 6, 6, 6, 6, 6, 6, 6, 6, 6, 7, 7, 6, 7, 6, 6, 6, 6, 6, 6, 6, 7, 6, 6, 6, 6, 6, 6, 6, 6, 7, 7, 7, 6, 6, 6, 7, 6, 7, 6, 6, 6, 6, 6, 6, 6, 6, 6, 6, 6, 6, 6, 6, 6, 6, 6, 6, 6, 6, 6, 6, 6, 6, 6, 6, 7, 7, 6, 6, 6, 6, 6, 6, 6, 6, 6, 6, 6, 6, 6, 6, 6, 6, 6, 6, 6, 6, 6, 7, 6, 6, 6, 6, 6, 6, 6, 6, 6, 6, 6, 6, 7, 6, 6, 6, 6, 6, 6, 6, 6, 6, 6, 6, 6, 6, 7, 6, 6, 6, 6, 7, 6, 6, 6, 6, 6, 6, 6, 7, 6, 6, 6, 6, 6, 6, 6, 6, 6, 6, 6, 6, 6, 6, 6, 6, 6, 6, 6, 7, 6, 7, 6, 6, 6, 6, 6, 6, 6, 6, 6, 6, 6, 6, 6, 6, 6, 6, 6, 7, 7, 6, 6, 7, 6, 6, 6, 6, 6, 6, 7, 6, 6, 6, 6, 6, 6, 6, 6, 6, 6, 6, 7, 6, 6, 6, 6, 6, 6, 6, 6, 6, 6, 5, 6, 6, 6, 6, 6, 6, 6, 7, 6, 7, 6, 5, 6, 7, 7, 7, 6, 7, 6, 6, 6, 6, 6, 6, 6, 6, 6, 6, 7, 7, 6, 6, 6, 6, 6, 6, 6, 6, 6, 6, 6, 5, 6, 6, 7, 7, 7, 7, 6, 6, 6, 6, 7, 6, 6, 6, 6, 6, 6, 6, 6, 6, 7, 7, 6, 6, 5, 6, 6, 6, 6, 6, 7, 6, 6, 6, 6, 6, 6, 7, 6, 6, 6, 6, 6, 6, 6, 7, 6, 6, 6, 6, 6, 6, 6, 6, 6, 6, 6, 6, 6, 6, 6, 6, 6, 6, 6, 7, 7, 6, 6, 6, 6, 6, 6, 6, 6, 6, 6, 6, 6, 6, 7, 6, 6, 6, 6, 6, 6, 6, 6, 6, 6, 6, 6, 6, 5, 6, 6, 6, 6, 6, 7, 7, 7, 6, 6, 6, 6, 6, 6, 6, 6, 6, 6, 6, 6, 6, 6, 6, 6, 6, 7, 6, 6, 6, 6, 6, 6, 6, 6, 6, 6, 6, 7, 5, 6, 6, 6, 6, 7, 6, 6, 5, 6, 6, 6, 7, 6, 6, 6, 7, 6, 7, 6, 5, 6, 6, 6, 6, 6, 6, 6, 6, 6, 6, 6, 6, 6, 6, 6, 6, 6, 5, 6, 6, 6, 5, 6, 6, 6, 6, 6, 6, 6, 6, 6, 6, 6, 6, 6, 6, 6, 6, 6, 6, 6, 6, 6, 6, 6, 6, 7, 6, 6, 6, 6, 6, 6, 6, 6, 6, 6, 6, 6, 6, 6, 6, 6, 6, 5, 6, 7, 6, 6, 6, 6, 6, 6, 6, 6, 5, 6, 6]

################################################################
