Numero total de amostras 770

Tempo total de processamento: 1:17:22

############## TEMPOS DE PROCESSAMENTO DO EXERCICIO NO JAIL  ####################
Soma 4240 segundos
Media 5.5064935064935066 segundos
Desvio padr達o 0.49995783259532883 segundos
Minimo 5 segundos
Maximo 6 segundos

95% 5.0 segundos
99% 5.0 segundos

############## TEMPOS DE PROCESSAMENTO DO EXERCICIO NO JAIL COM DOWNLOAD  ################
Soma 4640 segundos
Media 6.025974025974026 segundos
Desvio padr達o 0.17462583183347133 segundos
Minimo 5 segundos
Maximo 7 segundos

95% 6.0 segundos
99% 6.0 segundos

################### TEMPOS DE DOWNLOAD DO EXERCICIO NO JAIL #######################
Soma 400 segundos
Media 0.5194805194805194 segundos
Desvio padr達o 0.49962036523821673 segundos
Minimo 0 segundos
Maximo 1 segundos

95% 0.0 segundos
99% 0.0 segundos

############################ TEMPOS DE ESPERA NA FILA ############################
Soma 1533439
Media 1991.4792207792207 segundos
Desvio padr達o 1150.0122134684768 segundos
Minimo 1 segundos
Maximo 3980 segundos

95% 38.833 segundos
99% 40.678599999999996 segundos

################### queue_wait_time_list: ######################

[30, 76, 1, 127, 35, 8, 48, 64, 13, 37, 101, 19, 54, 43, 24, 80, 70, 59, 91, 112, 148, 85, 97, 122, 107, 143, 116, 137, 132, 152, 158, 163, 173, 184, 168, 178, 189, 193, 198, 203, 209, 214, 220, 226, 231, 236, 3769, 3790, 3810, 246, 256, 261, 267, 278, 283, 288, 299, 304, 310, 319, 324, 335, 340, 346, 356, 360, 365, 376, 381, 387, 397, 401, 413, 418, 424, 434, 439, 444, 454, 459, 470, 475, 480, 490, 496, 501, 511, 516, 519, 531, 537, 547, 553, 558, 568, 574, 3831, 584, 594, 599, 604, 615, 620, 625, 636, 641, 646, 656, 661, 672, 674, 680, 691, 696, 701, 710, 716, 722, 732, 738, 747, 753, 759, 770, 775, 780, 791, 796, 805, 810, 816, 826, 831, 836, 847, 852, 857, 868, 873, 883, 888, 894, 905, 910, 920, 931, 934, 940, 951, 956, 961, 972, 977, 982, 990, 996, 1007, 1011, 1017, 1028, 1031, 1037, 1047, 1053, 1058, 1059, 1065, 1076, 1082, 1088, 1100, 1106, 1112, 1122, 1128, 1140, 1146, 1151, 1162, 1167, 1172, 1182, 1188, 1193, 1203, 1208, 1219, 1225, 1230, 1240, 1245, 1256, 1266, 1271, 1276, 1287, 1291, 1297, 1306, 1312, 1317, 1327, 1333, 1343, 1349, 1354, 1364, 1369, 1375, 1385, 1390, 1395, 1405, 1410, 1419, 1425, 1430, 1441, 1446, 1450, 1461, 1467, 1478, 1482, 1487, 1498, 1500, 1506, 1518, 1524, 1530, 1540, 1545, 1554, 1559, 1565, 1576, 1582, 3857, 273, 242, 252, 1592, 1600, 1606, 1612, 1622, 1628, 1632, 1642, 1648, 1653, 1659, 1664, 1676, 1682, 1689, 1700, 1699, 1705, 1717, 1723, 1729, 1740, 1745, 1757, 1761, 1767, 1778, 1783, 1788, 1797, 1803, 1808, 1814, 1820, 1832, 1837, 1843, 1847, 1853, 1859, 1872, 1878, 1890, 1896, 3872, 294, 315, 1912, 1917, 1928, 1933, 1938, 1944, 1950, 1956, 1968, 1973, 1984, 1989, 1991, 2003, 2007, 2013, 2024, 2030, 2036, 2043, 2049, 2061, 2066, 2072, 2082, 2083, 2089, 2100, 2106, 2112, 2107, 2105, 2117, 2123, 2129, 2141, 2147, 2153, 2164, 2170, 2182, 2188, 2194, 2207, 2213, 2270, 3888, 2218, 2322, 2275, 2224, 3909, 3930, 2230, 2281, 2327, 2236, 2287, 2242, 3950, 2333, 2247, 2293, 3966, 2253, 2298, 2259, 2338, 2265, 2304, 2342, 2311, 2348, 2316, 2353, 2358, 329, 350, 371, 2369, 2374, 2381, 2387, 2399, 2404, 2410, 2413, 2419, 2425, 2437, 2443, 2455, 2461, 2466, 2476, 2481, 2485, 2497, 2503, 2508, 2518, 2524, 2522, 2528, 2534, 2546, 2551, 2557, 2569, 2575, 2582, 2594, 2600, 2611, 2615, 2621, 2631, 2637, 2643, 2653, 2659, 2669, 2674, 2742, 2679, 2684, 2747, 2689, 2751, 2695, 2700, 2757, 2705, 2710, 2714, 2718, 2723, 2730, 2736, 392, 407, 429, 2767, 2778, 2782, 2787, 2798, 2803, 2808, 2819, 2824, 2829, 2839, 2845, 2855, 2860, 2865, 2875, 2881, 2886, 2896, 2901, 2906, 2917, 2922, 2931, 2937, 2942, 2953, 2959, 2964, 2972, 2977, 2989, 2995, 3000, 3010, 3015, 3020, 3031, 3036, 3041, 3051, 3057, 3067, 3072, 3130, 3077, 3175, 3082, 3135, 3087, 3181, 3140, 3092, 3098, 3145, 3186, 3103, 3150, 3108, 3191, 3113, 3155, 3118, 3160, 3123, 3196, 3165, 3171, 448, 465, 485, 3207, 3212, 3222, 3227, 3237, 3243, 3248, 3258, 3263, 3268, 3279, 3284, 3294, 3299, 3304, 3315, 3320, 3325, 3335, 3340, 3346, 3356, 3361, 3372, 3377, 3383, 3393, 3398, 3403, 3413, 3419, 3424, 3433, 3439, 3449, 3454, 3459, 3470, 3475, 3480, 3491, 3496, 3506, 3511, 3764, 3774, 3780, 3785, 3795, 3800, 505, 3805, 3815, 3821, 3826, 3836, 525, 3526, 3532, 3542, 3547, 3552, 3563, 3568, 3573, 3584, 3589, 3600, 3605, 3610, 3620, 3625, 3630, 3641, 3646, 3651, 3661, 3666, 3677, 3682, 3687, 3697, 3702, 3708, 3718, 3723, 3728, 3738, 3744, 3754, 3759, 3841, 3846, 3852, 542, 563, 925, 579, 589, 610, 630, 651, 666, 685, 706, 727, 745, 764, 785, 800, 821, 842, 863, 878, 900, 946, 915, 966, 985, 1002, 1023, 1042, 1057, 1071, 3862, 3867, 3877, 3882, 3893, 3898, 3903, 3914, 3919, 3925, 3935, 3940, 3945, 3955, 3961, 3971, 3975, 3980, 1094, 1118, 1134, 1157, 1177, 1198, 1213, 1235, 1793, 1251, 1261, 1281, 1301, 1322, 1337, 1359, 1380, 1400, 1413, 1436, 1455, 1473, 1493, 1512, 1534, 1548, 1571, 1803, 1587, 1594, 1616, 1638, 1659, 1670, 1695, 1711, 1735, 1751, 1772, 1826, 1842, 1865, 1884, 1901, 1907, 1922, 1942, 1962, 1979, 1997, 2019, 2041, 2055, 2077, 2094, 2114, 2111, 2135, 2158, 2176, 2200, 2363, 2379, 2393, 2408, 2431, 2449, 2471, 2492, 2514, 2521, 2540, 2563, 2588, 2605, 2626, 2648, 2664, 2911, 2762, 2772, 2792, 2813, 2834, 2850, 2870, 2891, 2927, 2948, 2969, 2983, 3004, 3026, 3045, 3062, 3201, 3217, 3231, 3253, 3274, 3289, 3310, 3330, 3351, 3367, 3387, 3408, 3429, 3444, 3464, 3485, 3501, 3516, 3521, 3537, 3557, 3578, 3594, 3615, 3635, 3656, 3672, 3692, 3713, 3733, 3749]

################################################################
################### jail_ex_download_list: ######################

[0, 1, 1, 1, 1, 0, 1, 1, 0, 1, 1, 0, 1, 1, 0, 1, 1, 1, 1, 1, 1, 1, 1, 1, 1, 1, 1, 1, 1, 1, 1, 1, 1, 1, 1, 1, 1, 1, 1, 1, 0, 0, 0, 0, 0, 0, 1, 1, 1, 0, 1, 1, 1, 1, 1, 1, 0, 0, 0, 0, 0, 0, 1, 1, 1, 1, 1, 1, 1, 1, 1, 1, 0, 0, 0, 1, 1, 1, 1, 1, 1, 1, 1, 1, 1, 1, 1, 1, 1, 1, 1, 0, 0, 0, 0, 0, 1, 0, 0, 0, 0, 0, 0, 0, 0, 0, 0, 1, 1, 1, 1, 1, 1, 1, 1, 1, 1, 1, 1, 1, 0, 0, 0, 0, 0, 0, 0, 0, 0, 0, 1, 1, 1, 1, 1, 1, 1, 1, 1, 1, 1, 1, 0, 0, 0, 0, 0, 0, 0, 0, 0, 0, 0, 0, 0, 0, 0, 0, 0, 0, 0, 0, 0, 0, 0, 1, 1, 1, 1, 1, 1, 1, 1, 0, 0, 0, 0, 0, 0, 0, 0, 0, 0, 0, 0, 1, 1, 1, 1, 1, 1, 1, 1, 1, 1, 1, 1, 1, 1, 1, 1, 1, 1, 1, 0, 0, 0, 0, 0, 0, 1, 1, 1, 1, 1, 1, 1, 1, 1, 1, 1, 1, 1, 0, 0, 0, 0, 0, 0, 0, 0, 0, 0, 0, 0, 0, 0, 0, 1, 1, 0, 1, 0, 0, 0, 0, 0, 1, 1, 1, 1, 1, 1, 1, 1, 1, 0, 0, 0, 0, 0, 0, 0, 0, 0, 0, 0, 0, 0, 0, 0, 1, 1, 1, 1, 1, 1, 1, 1, 1, 1, 1, 0, 0, 0, 0, 1, 0, 0, 0, 0, 0, 0, 0, 0, 0, 0, 0, 0, 0, 0, 0, 0, 1, 1, 1, 1, 1, 1, 1, 1, 1, 1, 1, 1, 1, 1, 1, 1, 0, 0, 0, 0, 0, 0, 1, 1, 1, 1, 1, 1, 1, 0, 0, 1, 1, 0, 0, 1, 0, 0, 0, 1, 1, 0, 1, 1, 1, 0, 0, 1, 1, 0, 1, 1, 1, 0, 1, 1, 0, 0, 0, 0, 0, 0, 0, 1, 1, 0, 0, 0, 0, 1, 1, 1, 1, 1, 1, 1, 1, 1, 1, 1, 1, 1, 1, 0, 0, 0, 0, 0, 0, 0, 0, 1, 1, 1, 1, 1, 0, 0, 0, 0, 0, 0, 0, 0, 0, 0, 0, 0, 1, 0, 1, 1, 0, 1, 0, 1, 1, 0, 1, 1, 1, 1, 1, 0, 0, 1, 0, 0, 0, 0, 0, 0, 0, 0, 0, 1, 1, 1, 1, 1, 1, 1, 1, 1, 1, 1, 1, 1, 1, 1, 1, 1, 1, 1, 1, 0, 0, 0, 0, 0, 0, 0, 0, 0, 0, 0, 0, 0, 0, 0, 0, 0, 0, 0, 0, 0, 0, 1, 0, 0, 1, 1, 0, 0, 1, 0, 1, 0, 1, 0, 1, 0, 1, 0, 0, 0, 1, 1, 1, 0, 0, 1, 1, 0, 0, 0, 1, 1, 1, 1, 1, 1, 1, 1, 1, 1, 1, 1, 1, 1, 1, 0, 0, 0, 0, 0, 0, 0, 0, 0, 0, 0, 0, 0, 1, 1, 1, 1, 1, 1, 1, 1, 1, 1, 1, 1, 1, 1, 1, 1, 1, 1, 1, 1, 1, 1, 1, 1, 1, 1, 1, 1, 1, 1, 0, 0, 0, 0, 0, 0, 0, 0, 0, 0, 0, 0, 0, 0, 0, 0, 0, 1, 1, 1, 1, 1, 1, 1, 1, 1, 1, 1, 1, 1, 0, 0, 0, 0, 0, 0, 1, 1, 1, 1, 1, 0, 0, 0, 0, 1, 1, 1, 1, 0, 0, 0, 0, 0, 0, 0, 0, 1, 1, 1, 1, 1, 1, 1, 1, 1, 0, 0, 0, 0, 0, 0, 0, 0, 0, 0, 0, 1, 0, 0, 0, 0, 0, 1, 1, 1, 1, 1, 1, 1, 1, 1, 0, 0, 1, 1, 1, 1, 1, 0, 0, 0, 0, 0, 1, 0, 0, 0, 1, 1, 1, 0, 0, 0, 0, 0, 1, 1, 1, 0, 0, 0, 0, 0, 0, 0, 0, 1, 1, 1, 1, 1, 0, 0, 0, 1, 1, 1, 0, 0, 0, 1, 1, 1, 1, 0, 0, 0, 1, 1, 0, 0, 0, 0, 1, 1, 0, 0, 0, 0, 1, 1, 1, 1, 1, 1, 0, 0, 0, 0, 0, 0, 0, 0, 0, 0, 1, 1, 1, 1, 1, 0, 0, 0, 0, 0, 1, 1, 1, 1, 1, 1, 1, 1, 0, 0, 0, 0, 0, 0, 1, 1, 1]

################################################################
################################################################
################### process_jail_download_list: ######################

[6, 6, 7, 6, 6, 6, 6, 6, 6, 6, 6, 6, 6, 6, 6, 6, 6, 6, 6, 6, 6, 6, 6, 6, 6, 6, 6, 6, 6, 6, 6, 6, 6, 6, 6, 6, 6, 6, 6, 7, 6, 6, 6, 6, 6, 6, 6, 6, 6, 6, 6, 6, 6, 6, 6, 7, 6, 6, 6, 6, 6, 6, 6, 6, 6, 6, 6, 6, 6, 6, 6, 6, 6, 6, 6, 6, 6, 6, 6, 6, 6, 6, 6, 6, 6, 6, 6, 6, 6, 6, 6, 6, 6, 6, 6, 6, 6, 6, 6, 6, 6, 6, 6, 6, 6, 6, 6, 6, 6, 6, 6, 6, 6, 6, 6, 6, 6, 6, 6, 7, 6, 6, 6, 6, 6, 6, 6, 6, 6, 6, 6, 6, 6, 6, 6, 6, 6, 6, 6, 6, 6, 7, 6, 6, 6, 6, 6, 6, 6, 6, 6, 6, 6, 6, 6, 6, 6, 6, 6, 6, 6, 6, 6, 6, 6, 6, 6, 6, 6, 6, 6, 6, 7, 6, 6, 6, 6, 6, 6, 6, 6, 6, 6, 6, 6, 6, 6, 6, 6, 6, 6, 6, 6, 6, 6, 6, 6, 6, 6, 6, 6, 6, 6, 7, 6, 6, 6, 6, 6, 6, 6, 6, 6, 6, 6, 6, 6, 6, 6, 6, 6, 6, 7, 6, 6, 6, 6, 6, 6, 6, 6, 6, 6, 6, 6, 6, 6, 6, 6, 6, 6, 6, 6, 6, 6, 6, 6, 6, 6, 6, 6, 6, 6, 6, 6, 7, 6, 6, 6, 6, 6, 6, 6, 6, 6, 6, 6, 6, 6, 6, 6, 6, 6, 6, 6, 6, 6, 6, 6, 6, 6, 6, 6, 6, 6, 6, 6, 6, 6, 6, 6, 6, 6, 6, 6, 6, 6, 6, 6, 6, 6, 6, 6, 6, 6, 6, 6, 6, 6, 6, 6, 6, 6, 6, 6, 6, 6, 6, 7, 6, 6, 6, 6, 6, 6, 6, 6, 6, 6, 6, 6, 6, 6, 6, 6, 6, 6, 6, 6, 6, 6, 6, 6, 6, 6, 6, 6, 6, 6, 6, 6, 6, 6, 6, 6, 6, 6, 6, 7, 6, 6, 6, 6, 6, 6, 6, 6, 6, 6, 6, 6, 6, 6, 6, 6, 6, 6, 6, 6, 6, 6, 6, 6, 6, 6, 7, 6, 6, 6, 6, 6, 6, 6, 6, 6, 6, 6, 6, 7, 6, 6, 6, 6, 6, 6, 6, 6, 6, 6, 6, 6, 6, 6, 6, 6, 6, 6, 6, 6, 6, 6, 6, 6, 6, 6, 7, 6, 6, 6, 6, 6, 6, 6, 6, 6, 6, 6, 6, 6, 6, 6, 6, 6, 6, 6, 6, 6, 6, 6, 6, 6, 6, 6, 6, 6, 6, 6, 7, 6, 6, 6, 6, 6, 6, 6, 6, 6, 6, 6, 6, 6, 6, 6, 6, 6, 6, 6, 6, 6, 6, 6, 6, 6, 6, 6, 6, 6, 6, 6, 6, 6, 6, 6, 6, 6, 7, 6, 6, 6, 6, 6, 6, 6, 6, 6, 6, 6, 6, 6, 6, 6, 6, 6, 6, 6, 6, 6, 6, 6, 6, 6, 6, 6, 7, 5, 6, 6, 6, 6, 6, 6, 6, 6, 6, 6, 6, 6, 6, 6, 6, 6, 6, 6, 6, 6, 6, 6, 6, 6, 6, 6, 6, 6, 6, 6, 6, 6, 6, 6, 6, 6, 6, 6, 6, 6, 6, 6, 6, 6, 6, 6, 6, 6, 6, 6, 6, 6, 6, 6, 6, 6, 6, 6, 6, 6, 6, 6, 6, 6, 6, 6, 6, 6, 6, 6, 6, 7, 6, 6, 6, 6, 6, 6, 6, 6, 6, 6, 6, 6, 6, 6, 6, 6, 6, 6, 6, 6, 6, 6, 6, 6, 6, 6, 6, 6, 6, 6, 6, 6, 6, 6, 6, 7, 6, 6, 6, 6, 6, 6, 6, 6, 6, 6, 6, 6, 6, 6, 6, 6, 6, 6, 6, 6, 6, 6, 6, 6, 6, 6, 6, 6, 6, 6, 6, 6, 6, 6, 6, 6, 6, 6, 6, 6, 6, 6, 6, 6, 6, 6, 6, 6, 6, 6, 6, 6, 7, 6, 6, 6, 6, 6, 6, 6, 6, 6, 6, 6, 6, 6, 6, 6, 6, 6, 6, 7, 6, 6, 6, 6, 6, 6, 6, 6, 6, 6, 6, 6, 6, 6, 6, 6, 6, 6, 6, 6, 6, 6, 6, 6, 6, 6, 6, 6, 6, 5, 6, 6, 6, 6, 6, 6, 6, 6, 6, 6, 6, 6, 6, 6, 6, 6, 6, 6, 6, 6, 6, 6, 6, 6, 6, 7, 6, 6, 6, 6, 6, 6, 6, 6, 6]

################################################################
################################################################
################### process_jail_list: ######################

[6, 5, 6, 5, 5, 6, 5, 5, 6, 5, 5, 6, 5, 5, 6, 5, 5, 5, 5, 5, 5, 5, 5, 5, 5, 5, 5, 5, 5, 5, 5, 5, 5, 5, 5, 5, 5, 5, 5, 6, 6, 6, 6, 6, 6, 6, 5, 5, 5, 6, 5, 5, 5, 5, 5, 6, 6, 6, 6, 6, 6, 6, 5, 5, 5, 5, 5, 5, 5, 5, 5, 5, 6, 6, 6, 5, 5, 5, 5, 5, 5, 5, 5, 5, 5, 5, 5, 5, 5, 5, 5, 6, 6, 6, 6, 6, 5, 6, 6, 6, 6, 6, 6, 6, 6, 6, 6, 5, 5, 5, 5, 5, 5, 5, 5, 5, 5, 5, 5, 6, 6, 6, 6, 6, 6, 6, 6, 6, 6, 6, 5, 5, 5, 5, 5, 5, 5, 5, 5, 5, 5, 6, 6, 6, 6, 6, 6, 6, 6, 6, 6, 6, 6, 6, 6, 6, 6, 6, 6, 6, 6, 6, 6, 6, 6, 5, 5, 5, 5, 5, 5, 5, 6, 6, 6, 6, 6, 6, 6, 6, 6, 6, 6, 6, 6, 5, 5, 5, 5, 5, 5, 5, 5, 5, 5, 5, 5, 5, 5, 5, 5, 5, 5, 6, 6, 6, 6, 6, 6, 6, 5, 5, 5, 5, 5, 5, 5, 5, 5, 5, 5, 5, 6, 6, 6, 6, 6, 6, 6, 6, 6, 6, 6, 6, 6, 6, 6, 6, 5, 5, 6, 5, 6, 6, 6, 6, 6, 5, 5, 5, 5, 5, 5, 5, 5, 6, 6, 6, 6, 6, 6, 6, 6, 6, 6, 6, 6, 6, 6, 6, 6, 5, 5, 5, 5, 5, 5, 5, 5, 5, 5, 5, 6, 6, 6, 6, 5, 6, 6, 6, 6, 6, 6, 6, 6, 6, 6, 6, 6, 6, 6, 6, 6, 5, 5, 5, 5, 5, 5, 5, 5, 5, 5, 5, 5, 5, 5, 5, 6, 6, 6, 6, 6, 6, 6, 5, 5, 5, 5, 5, 5, 5, 6, 6, 5, 5, 6, 6, 5, 6, 6, 6, 5, 5, 6, 5, 5, 5, 6, 6, 5, 5, 6, 5, 5, 5, 6, 5, 6, 6, 6, 6, 6, 6, 6, 6, 5, 5, 6, 6, 6, 6, 5, 5, 5, 5, 5, 5, 5, 5, 5, 5, 5, 5, 5, 6, 6, 6, 6, 6, 6, 6, 6, 6, 5, 5, 5, 5, 6, 6, 6, 6, 6, 6, 6, 6, 6, 6, 6, 6, 6, 5, 6, 5, 5, 6, 5, 6, 5, 5, 6, 5, 5, 5, 5, 6, 6, 6, 5, 6, 6, 6, 6, 6, 6, 6, 6, 6, 5, 5, 5, 5, 5, 5, 5, 5, 5, 5, 5, 5, 5, 5, 5, 5, 5, 5, 5, 6, 6, 6, 6, 6, 6, 6, 6, 6, 6, 6, 6, 6, 6, 6, 6, 6, 6, 6, 6, 6, 6, 6, 5, 6, 6, 5, 5, 6, 6, 5, 6, 5, 6, 5, 6, 5, 6, 6, 6, 6, 6, 5, 5, 5, 6, 6, 5, 5, 6, 6, 6, 5, 5, 5, 5, 5, 5, 5, 5, 5, 5, 5, 5, 5, 5, 6, 5, 6, 6, 6, 6, 6, 6, 6, 6, 6, 6, 6, 6, 5, 5, 5, 5, 5, 5, 5, 5, 5, 5, 5, 5, 5, 5, 5, 5, 5, 5, 5, 5, 5, 5, 5, 5, 5, 5, 5, 5, 5, 5, 6, 6, 6, 6, 6, 6, 6, 6, 6, 6, 6, 6, 6, 6, 6, 6, 6, 5, 5, 5, 5, 5, 5, 5, 5, 5, 5, 5, 5, 6, 6, 6, 6, 6, 6, 6, 5, 5, 5, 5, 5, 6, 6, 6, 6, 5, 5, 5, 5, 6, 6, 6, 6, 6, 6, 6, 6, 5, 5, 5, 5, 5, 5, 5, 5, 6, 6, 6, 6, 6, 6, 6, 6, 6, 6, 6, 6, 5, 6, 6, 6, 6, 6, 5, 5, 5, 5, 5, 5, 5, 5, 5, 6, 6, 5, 5, 5, 5, 5, 6, 6, 6, 6, 6, 5, 6, 6, 6, 5, 5, 5, 6, 6, 6, 6, 6, 5, 5, 6, 6, 6, 6, 6, 6, 6, 6, 6, 5, 5, 5, 5, 5, 6, 6, 6, 5, 5, 6, 6, 6, 6, 5, 5, 5, 5, 6, 6, 6, 5, 5, 6, 6, 6, 6, 5, 5, 6, 6, 6, 6, 5, 5, 5, 5, 5, 5, 6, 5, 6, 6, 6, 6, 6, 6, 6, 6, 5, 5, 5, 5, 5, 6, 6, 6, 6, 6, 5, 5, 5, 5, 5, 5, 5, 6, 6, 6, 6, 6, 6, 6, 5, 5, 5]

################################################################
