Numero total de amostras 770

Tempo total de processamento: 0:39:20

############## TEMPOS DE PROCESSAMENTO DO EXERCICIO NO JAIL  ####################
Soma 4311 segundos
Media 5.5987012987012985 segundos
Desvio padr達o 0.4901612526859676 segundos
Minimo 5 segundos
Maximo 6 segundos

95% 5.0 segundos
99% 5.0 segundos

############## TEMPOS DE PROCESSAMENTO DO EXERCICIO NO JAIL COM DOWNLOAD  ################
Soma 4716 segundos
Media 6.124675324675325 segundos
Desvio padr達o 0.33035040198617444 segundos
Minimo 6 segundos
Maximo 7 segundos

95% 6.0 segundos
99% 6.0 segundos

################### TEMPOS DE DOWNLOAD DO EXERCICIO NO JAIL #######################
Soma 405 segundos
Media 0.525974025974026 segundos
Desvio padr達o 0.49932489420686865 segundos
Minimo 0 segundos
Maximo 1 segundos

95% 0.0 segundos
99% 0.0 segundos

############################ TEMPOS DE ESPERA NA FILA ############################
Soma 658086
Media 854.6571428571428 segundos
Desvio padr達o 489.65043916946473 segundos
Minimo 5 segundos
Maximo 1701 segundos

95% 21.9165 segundos
99% 22.839299999999998 segundos

################### queue_wait_time_list: ######################

[20, 25, 30, 5, 21, 7, 37, 10, 11, 15, 17, 24, 34, 29, 33, 41, 46, 43, 50, 55, 52, 56, 61, 65, 70, 67, 74, 79, 77, 83, 88, 86, 91, 95, 99, 105, 101, 109, 113, 110, 117, 123, 118, 127, 126, 131, 134, 869, 39, 48, 60, 64, 140, 145, 144, 149, 154, 153, 157, 161, 167, 171, 168, 175, 179, 176, 184, 189, 185, 194, 193, 199, 203, 202, 207, 212, 210, 215, 220, 223, 227, 225, 232, 237, 234, 240, 246, 242, 247, 252, 256, 261, 259, 265, 268, 877, 919, 926, 269, 934, 943, 272, 978, 274, 277, 982, 1529, 1533, 1542, 1550, 1590, 1598, 73, 82, 92, 96, 106, 282, 285, 290, 294, 292, 296, 300, 305, 309, 308, 313, 317, 316, 322, 326, 325, 329, 334, 339, 343, 340, 347, 352, 348, 356, 361, 357, 365, 364, 371, 375, 373, 379, 384, 383, 387, 391, 395, 401, 397, 405, 406, 886, 892, 900, 909, 409, 948, 957, 410, 965, 414, 1642, 1647, 415, 1656, 1666, 418, 1701, 419, 422, 424, 114, 990, 1034, 1043, 1051, 427, 1096, 428, 1100, 1111, 432, 1673, 1681, 433, 1690, 435, 437, 440, 441, 444, 446, 448, 122, 130, 135, 139, 148, 454, 455, 459, 464, 463, 467, 471, 475, 480, 477, 485, 489, 486, 493, 498, 495, 499, 503, 507, 513, 511, 517, 522, 520, 526, 533, 529, 538, 534, 543, 547, 544, 551, 556, 553, 557, 561, 566, 570, 569, 575, 578, 1009, 579, 582, 1015, 1019, 1026, 1063, 1067, 1076, 1085, 158, 1119, 162, 172, 181, 188, 586, 591, 596, 600, 597, 605, 610, 606, 614, 612, 618, 622, 621, 626, 631, 631, 635, 639, 644, 648, 645, 653, 657, 654, 662, 666, 663, 667, 671, 676, 680, 680, 685, 689, 688, 694, 701, 697, 705, 702, 710, 711, 1125, 1133, 1164, 715, 1182, 715, 719, 1187, 1194, 1204, 1242, 197, 206, 217, 221, 229, 725, 728, 732, 736, 733, 737, 742, 746, 750, 748, 754, 758, 757, 762, 768, 767, 771, 776, 780, 784, 780, 789, 793, 790, 797, 803, 799, 807, 807, 812, 817, 815, 820, 825, 824, 828, 833, 837, 841, 838, 847, 846, 859, 861, 851, 851, 864, 854, 856, 865, 868, 1163, 1172, 1216, 1220, 1229, 1238, 238, 250, 254, 264, 872, 281, 873, 878, 882, 881, 886, 890, 895, 899, 896, 903, 908, 904, 912, 916, 913, 917, 921, 926, 930, 930, 935, 940, 939, 944, 951, 947, 956, 953, 960, 964, 961, 970, 974, 970, 975, 979, 984, 988, 987, 991, 994, 996, 1000, 1001, 1004, 1005, 1009, 1252, 1260, 1290, 1299, 1343, 1348, 1357, 1366, 278, 286, 298, 303, 312, 1013, 1018, 1022, 1026, 1023, 1030, 1036, 1031, 1040, 1039, 1045, 1047, 1047, 1053, 1058, 1057, 1061, 1066, 1070, 1074, 1071, 1079, 1083, 1080, 1088, 1093, 1089, 1094, 1097, 1103, 1107, 1105, 1112, 1116, 1115, 1120, 1128, 1123, 1132, 1129, 1136, 1138, 1141, 1142, 1144, 1147, 1150, 1151, 1155, 1156, 1159, 1160, 1272, 1277, 1284, 1294, 1312, 1316, 1326, 1334, 1374, 321, 331, 336, 344, 353, 1167, 1169, 1173, 1177, 1175, 1180, 1185, 1189, 1193, 1190, 1198, 1203, 1200, 1207, 1211, 1208, 1212, 1217, 1221, 1226, 1223, 1230, 1235, 1234, 1239, 1246, 1242, 1251, 1248, 1254, 1259, 1256, 1264, 1267, 1266, 1270, 1274, 1279, 1283, 1281, 1286, 1289, 360, 369, 378, 388, 392, 1295, 1298, 1303, 1308, 1304, 1308, 1314, 1318, 1323, 1321, 1327, 1331, 1330, 1335, 1340, 1339, 1343, 1347, 1352, 1357, 1352, 1361, 1365, 1362, 1370, 1375, 1371, 1379, 1378, 1384, 1388, 1387, 1392, 1397, 1396, 1399, 1404, 1409, 1413, 1410, 1418, 1419, 1382, 1391, 1449, 1453, 1461, 1501, 1422, 1423, 1426, 1427, 1431, 1432, 1435, 1436, 1440, 1441, 1444, 1446, 402, 1453, 1458, 1456, 1463, 1467, 1466, 1470, 1475, 1479, 1484, 1480, 1488, 1492, 1489, 1497, 1502, 1498, 1507, 1505, 1511, 1515, 1515, 1520, 1525, 1524, 1528, 1532, 1536, 1541, 1538, 1545, 1549, 1546, 1555, 1559, 1555, 1559, 1564, 1568, 1573, 1571, 1577, 1582, 1580, 1586, 1589, 451, 458, 468, 472, 481, 491, 502, 506, 516, 525, 530, 1594, 1599, 1603, 1607, 1603, 1608, 1612, 1617, 1621, 1620, 1625, 1630, 1628, 1634, 1637, 1637, 1641, 1645, 1650, 1655, 1652, 1659, 1664, 1661, 1669, 1674, 1670, 1679, 1678, 1683, 1687, 1686, 1693, 1697, 1696, 1700, 540, 548, 583, 1401, 588, 592, 1406, 1415, 1449, 1471, 1476, 1484, 1494, 559, 564, 574, 601, 609, 618, 625, 635, 641, 650, 658, 670, 675, 683, 693, 698, 706, 1510, 719, 723, 728, 741, 745, 752, 762, 773, 777, 786, 794, 803, 811, 819, 829, 834, 842, 1519, 1563, 1567, 1576, 1585, 1593, 1611, 1616, 1624, 1634]

################################################################
################### jail_ex_download_list: ######################

[0, 0, 1, 1, 0, 1, 1, 1, 1, 1, 0, 0, 1, 1, 1, 1, 0, 0, 0, 0, 0, 0, 1, 1, 0, 1, 0, 0, 0, 0, 1, 1, 1, 1, 1, 0, 0, 0, 0, 0, 0, 1, 1, 1, 0, 1, 1, 0, 0, 0, 0, 1, 1, 0, 0, 0, 1, 0, 1, 1, 0, 0, 0, 0, 1, 1, 1, 1, 1, 0, 0, 0, 1, 0, 1, 1, 1, 1, 0, 0, 0, 0, 0, 1, 1, 1, 1, 1, 1, 0, 0, 0, 1, 0, 0, 1, 1, 0, 1, 0, 0, 0, 0, 1, 1, 0, 0, 0, 1, 1, 1, 1, 0, 0, 1, 1, 0, 1, 1, 1, 1, 0, 0, 0, 0, 0, 0, 0, 1, 0, 1, 1, 1, 1, 0, 0, 0, 0, 0, 0, 0, 1, 1, 1, 1, 1, 0, 0, 0, 0, 1, 0, 1, 1, 1, 0, 1, 0, 0, 1, 0, 0, 0, 0, 0, 1, 1, 1, 1, 0, 0, 1, 1, 0, 1, 1, 1, 1, 0, 1, 1, 1, 1, 1, 0, 1, 0, 1, 0, 0, 0, 1, 0, 1, 0, 0, 1, 1, 1, 1, 1, 0, 1, 1, 1, 0, 0, 0, 0, 0, 0, 0, 1, 1, 1, 1, 0, 0, 0, 0, 1, 0, 1, 1, 1, 0, 1, 0, 0, 0, 1, 1, 1, 1, 1, 0, 0, 0, 0, 1, 0, 1, 1, 0, 0, 0, 0, 0, 1, 1, 1, 0, 0, 0, 0, 1, 1, 0, 1, 0, 1, 0, 1, 1, 1, 1, 0, 0, 0, 0, 0, 0, 0, 1, 1, 1, 1, 1, 1, 0, 0, 0, 0, 0, 0, 1, 1, 0, 1, 1, 1, 1, 1, 1, 1, 0, 0, 0, 0, 0, 1, 1, 1, 1, 1, 1, 1, 1, 1, 0, 0, 1, 0, 0, 1, 1, 1, 0, 1, 0, 0, 0, 0, 0, 0, 1, 0, 0, 0, 1, 1, 1, 1, 1, 0, 1, 0, 0, 0, 0, 1, 1, 0, 1, 1, 1, 1, 1, 1, 0, 0, 0, 0, 0, 0, 0, 1, 1, 1, 1, 1, 1, 0, 1, 0, 0, 0, 1, 1, 0, 0, 0, 1, 0, 1, 1, 1, 0, 0, 1, 1, 1, 0, 1, 1, 1, 1, 1, 1, 0, 0, 0, 0, 0, 1, 1, 0, 1, 1, 1, 1, 1, 1, 1, 0, 0, 0, 0, 0, 1, 1, 1, 0, 1, 1, 1, 0, 0, 1, 0, 0, 0, 0, 1, 1, 1, 1, 1, 1, 1, 1, 0, 1, 1, 1, 1, 1, 1, 1, 0, 1, 1, 1, 0, 0, 0, 0, 0, 1, 0, 1, 1, 1, 1, 1, 1, 1, 1, 1, 0, 0, 0, 0, 1, 1, 1, 1, 1, 1, 0, 1, 0, 1, 1, 0, 0, 1, 0, 0, 0, 0, 0, 0, 1, 1, 1, 1, 1, 0, 1, 0, 0, 0, 0, 0, 0, 1, 1, 0, 0, 0, 1, 1, 0, 1, 1, 1, 0, 0, 0, 1, 1, 1, 1, 1, 1, 1, 1, 0, 0, 0, 0, 0, 1, 0, 1, 1, 1, 1, 1, 0, 1, 0, 0, 0, 0, 0, 0, 1, 1, 1, 1, 1, 1, 1, 0, 0, 0, 0, 0, 0, 1, 0, 1, 1, 0, 1, 1, 1, 0, 1, 1, 1, 1, 0, 0, 0, 0, 0, 0, 0, 0, 1, 1, 1, 1, 0, 0, 1, 0, 0, 0, 0, 0, 0, 1, 1, 1, 1, 1, 1, 0, 0, 0, 0, 1, 1, 0, 1, 1, 1, 1, 1, 1, 1, 1, 1, 1, 1, 1, 1, 1, 1, 1, 0, 0, 0, 0, 0, 0, 0, 1, 1, 1, 1, 1, 0, 0, 0, 1, 0, 1, 0, 1, 1, 0, 1, 1, 1, 1, 0, 0, 0, 0, 0, 1, 1, 1, 0, 1, 1, 1, 0, 0, 1, 1, 0, 0, 0, 0, 0, 0, 1, 1, 1, 0, 0, 1, 1, 1, 0, 1, 1, 0, 1, 1, 1, 0, 0, 0, 1, 0, 0, 0, 0, 1, 1, 1, 1, 1, 1, 0, 0, 0, 0, 1, 1, 1, 1, 1, 0, 0, 0, 1, 1, 1, 1, 1, 0, 0, 0, 1, 0, 0, 1, 0, 1, 1, 0, 1, 0, 1, 1, 1, 0, 1, 1, 0, 0, 1, 1, 1, 1, 0, 0, 0, 1, 0, 0, 0, 0, 1, 1, 1, 0, 0, 1, 1, 1, 0, 0, 0, 0, 1, 0, 0, 1, 0, 1, 1, 0, 0, 0, 1, 1, 1, 0, 1, 1, 0]

################################################################
################################################################
################### process_jail_download_list: ######################

[6, 6, 6, 7, 6, 6, 6, 6, 7, 7, 6, 6, 7, 6, 6, 7, 6, 6, 6, 6, 6, 6, 6, 7, 6, 7, 6, 6, 6, 6, 6, 6, 6, 6, 7, 6, 6, 6, 6, 6, 6, 6, 6, 6, 6, 6, 6, 6, 6, 6, 6, 6, 7, 6, 6, 6, 6, 6, 6, 7, 6, 6, 6, 6, 6, 6, 6, 7, 6, 6, 6, 6, 6, 6, 6, 7, 6, 7, 6, 6, 6, 6, 6, 6, 6, 6, 6, 6, 7, 6, 6, 6, 7, 6, 6, 6, 7, 6, 6, 6, 6, 6, 6, 6, 6, 6, 6, 6, 6, 6, 6, 6, 6, 6, 6, 7, 6, 6, 6, 6, 6, 6, 6, 6, 6, 6, 6, 6, 6, 6, 6, 7, 6, 7, 6, 6, 6, 6, 6, 6, 6, 6, 6, 6, 7, 6, 6, 6, 6, 6, 6, 6, 6, 6, 7, 6, 7, 6, 6, 7, 6, 6, 6, 6, 6, 6, 6, 6, 6, 6, 6, 6, 6, 6, 6, 6, 7, 7, 6, 6, 6, 6, 6, 7, 6, 6, 6, 6, 6, 6, 6, 6, 6, 7, 6, 6, 6, 6, 6, 7, 7, 6, 6, 6, 6, 6, 6, 6, 6, 6, 6, 6, 6, 6, 7, 6, 6, 6, 6, 6, 6, 6, 6, 6, 7, 6, 7, 6, 6, 6, 6, 6, 6, 7, 7, 6, 6, 6, 6, 6, 6, 6, 7, 6, 6, 6, 6, 6, 7, 6, 6, 6, 6, 6, 6, 6, 6, 6, 6, 6, 7, 6, 6, 7, 6, 7, 6, 6, 6, 6, 6, 6, 6, 6, 6, 6, 6, 6, 6, 6, 6, 6, 6, 6, 6, 6, 6, 6, 6, 6, 6, 6, 6, 6, 7, 6, 6, 6, 6, 6, 6, 6, 6, 6, 7, 6, 6, 6, 6, 6, 6, 6, 6, 6, 6, 6, 6, 6, 6, 6, 6, 6, 6, 6, 6, 6, 6, 6, 6, 6, 6, 6, 6, 6, 6, 7, 6, 6, 6, 6, 6, 6, 6, 6, 6, 6, 7, 7, 6, 6, 6, 6, 6, 6, 6, 6, 6, 6, 6, 6, 7, 6, 6, 6, 6, 6, 6, 7, 6, 6, 6, 6, 6, 6, 6, 6, 6, 6, 6, 6, 6, 6, 6, 6, 6, 6, 6, 6, 7, 6, 6, 6, 6, 6, 6, 6, 6, 6, 6, 6, 6, 6, 6, 7, 6, 6, 6, 6, 6, 6, 6, 6, 6, 6, 7, 6, 6, 6, 7, 6, 6, 6, 6, 6, 6, 6, 6, 6, 6, 7, 6, 6, 6, 7, 6, 6, 6, 6, 7, 6, 6, 7, 7, 6, 6, 6, 6, 6, 6, 6, 6, 6, 6, 6, 6, 6, 6, 6, 7, 6, 6, 6, 6, 6, 6, 6, 6, 7, 7, 6, 6, 6, 6, 7, 6, 6, 7, 6, 6, 6, 6, 6, 6, 6, 6, 6, 7, 6, 6, 7, 6, 6, 6, 6, 6, 6, 6, 7, 6, 6, 6, 6, 7, 6, 6, 6, 6, 6, 6, 6, 6, 6, 6, 6, 7, 6, 6, 7, 6, 6, 6, 6, 6, 6, 6, 6, 6, 6, 6, 7, 6, 7, 6, 6, 6, 6, 6, 6, 6, 6, 6, 6, 6, 6, 6, 6, 6, 6, 6, 6, 6, 6, 6, 6, 7, 6, 6, 6, 6, 6, 6, 6, 6, 7, 6, 6, 6, 6, 6, 6, 6, 6, 6, 6, 6, 7, 6, 6, 6, 6, 6, 6, 6, 6, 6, 6, 6, 6, 6, 6, 7, 6, 6, 6, 6, 6, 6, 6, 6, 6, 6, 7, 6, 6, 6, 6, 6, 6, 6, 6, 6, 6, 7, 7, 6, 6, 6, 6, 6, 6, 6, 6, 6, 6, 6, 7, 6, 6, 6, 6, 6, 6, 6, 6, 6, 6, 6, 6, 6, 7, 6, 6, 6, 6, 6, 6, 6, 6, 6, 6, 7, 6, 6, 6, 6, 7, 6, 6, 6, 6, 6, 6, 6, 6, 6, 6, 6, 6, 6, 7, 6, 6, 6, 6, 6, 6, 6, 6, 6, 6, 7, 6, 6, 6, 6, 6, 6, 6, 7, 6, 7, 6, 6, 6, 6, 6, 6, 6, 7, 7, 6, 6, 6, 6, 6, 6, 7, 6, 6, 6, 6, 6, 6, 6, 6, 6, 6, 7, 6, 6, 6, 6, 6, 7, 6, 6, 7, 6, 6, 6, 6, 7, 7, 6, 6, 6, 7, 6, 6, 6, 6, 6, 7, 7, 6, 6, 6, 6, 7, 6, 6, 6, 6, 6, 6, 6, 6, 6, 6, 6, 6, 6, 6, 6, 6, 7, 6, 6, 6, 6]

################################################################
################################################################
################### process_jail_list: ######################

[6, 6, 5, 6, 6, 5, 5, 5, 6, 6, 6, 6, 6, 5, 5, 6, 6, 6, 6, 6, 6, 6, 5, 6, 6, 6, 6, 6, 6, 6, 5, 5, 5, 5, 6, 6, 6, 6, 6, 6, 6, 5, 5, 5, 6, 5, 5, 6, 6, 6, 6, 5, 6, 6, 6, 6, 5, 6, 5, 6, 6, 6, 6, 6, 5, 5, 5, 6, 5, 6, 6, 6, 5, 6, 5, 6, 5, 6, 6, 6, 6, 6, 6, 5, 5, 5, 5, 5, 6, 6, 6, 6, 6, 6, 6, 5, 6, 6, 5, 6, 6, 6, 6, 5, 5, 6, 6, 6, 5, 5, 5, 5, 6, 6, 5, 6, 6, 5, 5, 5, 5, 6, 6, 6, 6, 6, 6, 6, 5, 6, 5, 6, 5, 6, 6, 6, 6, 6, 6, 6, 6, 5, 5, 5, 6, 5, 6, 6, 6, 6, 5, 6, 5, 5, 6, 6, 6, 6, 6, 6, 6, 6, 6, 6, 6, 5, 5, 5, 5, 6, 6, 5, 5, 6, 5, 5, 6, 6, 6, 5, 5, 5, 5, 6, 6, 5, 6, 5, 6, 6, 6, 5, 6, 6, 6, 6, 5, 5, 5, 6, 6, 6, 5, 5, 5, 6, 6, 6, 6, 6, 6, 6, 5, 5, 6, 5, 6, 6, 6, 6, 5, 6, 5, 5, 6, 6, 6, 6, 6, 6, 5, 5, 5, 6, 6, 6, 6, 6, 6, 5, 6, 5, 6, 6, 6, 6, 6, 6, 6, 5, 5, 6, 6, 6, 6, 5, 5, 6, 5, 6, 6, 6, 5, 6, 5, 6, 6, 6, 6, 6, 6, 6, 6, 5, 5, 5, 5, 5, 5, 6, 6, 6, 6, 6, 6, 5, 5, 6, 5, 5, 5, 5, 5, 5, 6, 6, 6, 6, 6, 6, 5, 5, 5, 5, 6, 5, 5, 5, 5, 6, 6, 5, 6, 6, 5, 5, 5, 6, 5, 6, 6, 6, 6, 6, 6, 5, 6, 6, 6, 5, 5, 5, 5, 5, 6, 6, 6, 6, 6, 6, 5, 5, 6, 5, 5, 5, 6, 6, 5, 6, 6, 6, 6, 6, 6, 6, 5, 5, 5, 5, 6, 5, 6, 5, 6, 6, 6, 6, 5, 6, 6, 6, 5, 6, 5, 5, 5, 6, 6, 5, 5, 5, 6, 5, 5, 5, 5, 5, 6, 6, 6, 6, 6, 6, 5, 5, 6, 5, 5, 5, 5, 5, 5, 6, 6, 6, 6, 6, 6, 5, 5, 5, 6, 5, 6, 5, 6, 6, 6, 6, 6, 6, 6, 5, 5, 5, 5, 5, 5, 6, 5, 6, 5, 6, 5, 5, 5, 5, 6, 6, 5, 6, 6, 6, 6, 6, 6, 6, 5, 6, 5, 5, 5, 5, 5, 5, 5, 5, 6, 6, 6, 6, 6, 5, 5, 5, 5, 6, 6, 6, 5, 6, 5, 6, 6, 6, 6, 6, 6, 6, 6, 6, 6, 5, 5, 5, 6, 5, 6, 6, 6, 6, 6, 6, 6, 6, 5, 6, 6, 6, 6, 5, 6, 6, 5, 5, 5, 6, 6, 6, 5, 5, 5, 5, 6, 5, 5, 6, 6, 6, 6, 6, 6, 5, 6, 5, 5, 5, 5, 6, 6, 6, 6, 6, 6, 6, 6, 6, 5, 5, 5, 5, 5, 5, 5, 6, 6, 6, 6, 6, 6, 5, 6, 5, 6, 6, 5, 5, 5, 6, 5, 5, 5, 6, 6, 6, 6, 6, 6, 6, 6, 6, 5, 5, 5, 6, 6, 6, 5, 6, 6, 6, 6, 6, 6, 5, 5, 5, 5, 5, 6, 6, 6, 6, 6, 5, 5, 6, 5, 5, 5, 6, 5, 5, 5, 5, 5, 5, 5, 5, 5, 5, 6, 6, 6, 6, 6, 6, 6, 6, 6, 5, 5, 5, 5, 6, 6, 6, 6, 5, 6, 5, 6, 5, 5, 6, 5, 5, 5, 6, 6, 6, 6, 6, 6, 5, 5, 5, 6, 5, 6, 5, 6, 6, 5, 6, 6, 6, 6, 6, 6, 6, 5, 5, 5, 6, 6, 5, 5, 6, 6, 5, 5, 6, 5, 5, 5, 6, 6, 6, 6, 6, 6, 6, 6, 5, 5, 5, 6, 5, 6, 6, 6, 6, 6, 5, 5, 5, 6, 6, 6, 6, 6, 5, 5, 5, 6, 5, 6, 6, 6, 5, 6, 6, 5, 6, 5, 6, 6, 5, 6, 5, 5, 6, 6, 5, 6, 6, 6, 5, 5, 6, 6, 6, 6, 6, 6, 6, 6, 6, 6, 5, 6, 6, 6, 6, 5, 5, 6, 6, 6, 6, 6, 5, 6, 6, 5, 6, 5, 5, 6, 6, 6, 5, 5, 6, 6, 5, 5, 6]

################################################################
