Numero total de amostras 770

Tempo total de processamento: 0:18:20

############## TEMPOS DE PROCESSAMENTO DO EXERCICIO NO JAIL  ####################
Soma 5035 segundos
Media 6.538961038961039 segundos
Desvio padr達o 0.5163950577076573 segundos
Minimo 5 segundos
Maximo 8 segundos

95% 6.0 segundos
99% 6.0 segundos

############## TEMPOS DE PROCESSAMENTO DO EXERCICIO NO JAIL COM DOWNLOAD  ################
Soma 6569 segundos
Media 8.53116883116883 segundos
Desvio padr達o 0.9600811302649593 segundos
Minimo 6 segundos
Maximo 16 segundos

95% 7.0 segundos
99% 7.0 segundos

################### TEMPOS DE DOWNLOAD DO EXERCICIO NO JAIL #######################
Soma 1534 segundos
Media 1.9922077922077923 segundos
Desvio padr達o 0.8871033020515198 segundos
Minimo 0 segundos
Maximo 10 segundos

95% 1.0 segundos
99% 1.0 segundos

############################ TEMPOS DE ESPERA NA FILA ############################
Soma 178495
Media 231.8116883116883 segundos
Desvio padr達o 125.77396595772123 segundos
Minimo 0 segundos
Maximo 436 segundos

95% 9.221999999999998 segundos
99% 10.452399999999997 segundos

################### queue_wait_time_list: ######################

[7, 17, 6, 0, 1, 25, 5, 21, 283, 12, 8, 7, 12, 23, 17, 15, 17, 8, 18, 20, 15, 20, 22, 15, 26, 29, 20, 25, 20, 42, 25, 23, 31, 28, 35, 30, 29, 43, 36, 40, 31, 33, 36, 34, 36, 37, 37, 39, 286, 20, 26, 27, 29, 30, 34, 38, 43, 49, 40, 46, 46, 43, 43, 45, 48, 52, 47, 50, 53, 51, 52, 60, 54, 53, 55, 53, 67, 56, 57, 61, 58, 59, 60, 69, 58, 70, 63, 70, 63, 61, 65, 63, 66, 66, 69, 70, 42, 43, 51, 286, 77, 298, 300, 79, 78, 79, 79, 79, 353, 72, 359, 362, 72, 72, 74, 75, 74, 75, 75, 75, 46, 49, 50, 82, 55, 55, 96, 83, 88, 82, 99, 90, 92, 291, 85, 95, 80, 98, 85, 83, 90, 88, 83, 93, 100, 84, 94, 87, 91, 88, 101, 94, 90, 96, 92, 97, 93, 296, 354, 95, 99, 370, 97, 99, 379, 384, 388, 57, 58, 61, 62, 65, 68, 69, 115, 102, 107, 106, 117, 102, 116, 104, 112, 104, 107, 111, 107, 117, 108, 113, 119, 112, 129, 122, 113, 117, 124, 117, 134, 117, 136, 121, 126, 121, 129, 128, 125, 125, 134, 128, 131, 130, 134, 135, 293, 139, 138, 138, 144, 149, 137, 147, 148, 140, 143, 155, 141, 144, 148, 143, 170, 146, 153, 149, 151, 149, 151, 160, 164, 154, 157, 154, 158, 164, 156, 159, 168, 158, 169, 159, 163, 160, 165, 167, 169, 172, 172, 172, 172, 169, 173, 174, 294, 101, 103, 104, 105, 106, 110, 112, 116, 176, 176, 178, 179, 179, 181, 179, 182, 181, 181, 187, 186, 187, 184, 184, 181, 199, 187, 187, 194, 188, 189, 195, 198, 199, 193, 191, 191, 195, 200, 203, 194, 195, 199, 262, 205, 199, 204, 204, 119, 125, 295, 359, 393, 206, 205, 206, 207, 208, 208, 211, 120, 120, 132, 307, 314, 320, 365, 373, 376, 210, 212, 212, 212, 212, 213, 214, 215, 215, 216, 125, 223, 224, 224, 224, 226, 225, 311, 322, 394, 409, 216, 428, 219, 218, 219, 219, 221, 220, 221, 221, 129, 310, 134, 137, 139, 140, 141, 143, 144, 148, 233, 227, 227, 232, 227, 235, 253, 240, 231, 238, 232, 240, 233, 241, 236, 248, 246, 237, 245, 247, 240, 244, 243, 242, 252, 250, 245, 250, 259, 258, 252, 262, 253, 255, 255, 254, 259, 256, 313, 319, 396, 410, 415, 422, 432, 264, 263, 264, 263, 150, 317, 398, 412, 422, 265, 264, 266, 266, 268, 267, 152, 318, 408, 425, 269, 268, 270, 270, 272, 154, 325, 409, 416, 419, 428, 436, 271, 273, 272, 274, 274, 276, 275, 156, 282, 293, 282, 283, 287, 160, 161, 163, 165, 168, 171, 283, 173, 175, 175, 280, 278, 275, 289, 290, 283, 280, 289, 277, 294, 292, 281, 281, 287, 287, 286, 290, 289, 302, 297, 292, 297, 295, 302, 294, 300, 299, 299, 296, 301, 324, 299, 174, 177, 306, 307, 307, 308, 307, 308, 327, 333, 302, 302, 342, 304, 345, 303, 419, 431, 305, 436, 304, 305, 305, 306, 179, 181, 183, 186, 190, 189, 193, 197, 199, 310, 311, 318, 313, 313, 310, 310, 313, 314, 322, 316, 316, 319, 321, 316, 324, 317, 329, 316, 328, 319, 322, 325, 322, 328, 323, 325, 332, 324, 331, 332, 333, 327, 333, 331, 333, 331, 332, 329, 203, 334, 335, 336, 336, 337, 336, 337, 336, 339, 338, 343, 345, 200, 205, 341, 342, 344, 341, 339, 341, 339, 354, 343, 344, 369, 351, 359, 348, 345, 352, 346, 346, 347, 347, 350, 348, 348, 365, 356, 357, 351, 355, 356, 363, 354, 371, 361, 359, 358, 357, 364, 366, 361, 363, 365, 370, 369, 366, 366, 339, 368, 228, 230, 229, 233, 236, 237, 239, 240, 372, 385, 374, 377, 378, 381, 375, 396, 372, 374, 378, 382, 376, 387, 381, 389, 386, 381, 382, 392, 385, 389, 385, 388, 393, 391, 389, 391, 396, 389, 398, 391, 391, 395, 396, 398, 397, 394, 399, 245, 246, 340, 254, 256, 401, 406, 403, 407, 407, 403, 406, 398, 405, 406, 407, 400, 408, 401, 404, 401, 401, 401, 404, 404, 404, 254, 257, 260, 348, 412, 410, 412, 408, 416, 417, 420, 409, 413, 410, 416, 418, 411, 416, 412, 416, 419, 422, 419, 422, 431, 421, 425, 419, 425, 423, 423, 422, 425, 429, 436, 425, 425, 431, 435, 428, 428, 427, 430, 436, 435, 431, 277, 350, 362, 372, 376, 380, 391, 276, 278, 281, 280, 351, 371, 385]

################################################################
################### jail_ex_download_list: ######################

[9, 2, 9, 3, 3, 2, 10, 2, 2, 3, 2, 3, 4, 2, 3, 3, 3, 8, 2, 2, 4, 2, 1, 3, 3, 2, 2, 3, 2, 3, 4, 2, 3, 1, 2, 3, 1, 2, 3, 1, 3, 3, 3, 2, 2, 3, 2, 2, 1, 2, 3, 3, 1, 3, 2, 2, 3, 1, 2, 2, 2, 2, 3, 2, 2, 1, 2, 2, 1, 2, 1, 1, 0, 2, 2, 1, 1, 2, 2, 2, 2, 1, 1, 3, 2, 2, 2, 2, 2, 3, 2, 2, 2, 1, 2, 3, 1, 3, 1, 1, 2, 1, 1, 1, 2, 2, 2, 3, 2, 2, 2, 2, 1, 2, 1, 2, 2, 3, 2, 3, 1, 2, 2, 2, 1, 2, 2, 3, 2, 2, 2, 2, 2, 2, 4, 2, 3, 2, 3, 2, 2, 2, 3, 1, 2, 2, 3, 2, 2, 2, 2, 2, 2, 2, 1, 2, 2, 1, 3, 2, 2, 2, 2, 2, 1, 3, 2, 2, 2, 1, 3, 2, 2, 3, 2, 2, 2, 4, 2, 2, 1, 1, 2, 2, 4, 2, 3, 2, 3, 2, 3, 2, 2, 3, 2, 2, 2, 2, 3, 3, 2, 3, 2, 3, 3, 2, 2, 3, 3, 3, 2, 3, 2, 2, 2, 3, 2, 1, 1, 3, 2, 1, 3, 2, 3, 2, 2, 3, 1, 3, 1, 1, 1, 3, 2, 2, 2, 2, 2, 2, 3, 2, 2, 3, 2, 2, 2, 2, 2, 3, 4, 3, 3, 3, 1, 1, 2, 1, 2, 2, 2, 2, 2, 2, 2, 2, 1, 2, 2, 3, 1, 1, 1, 1, 2, 1, 3, 2, 3, 2, 2, 1, 2, 1, 2, 2, 2, 3, 2, 3, 2, 3, 3, 3, 1, 3, 3, 2, 2, 3, 3, 2, 4, 3, 3, 2, 2, 4, 2, 2, 2, 3, 1, 1, 1, 3, 3, 3, 2, 3, 3, 2, 2, 3, 2, 2, 2, 2, 3, 2, 3, 3, 2, 2, 3, 3, 3, 3, 2, 2, 3, 2, 2, 2, 2, 2, 2, 2, 2, 2, 1, 2, 2, 2, 2, 2, 3, 3, 2, 2, 2, 2, 3, 2, 3, 1, 2, 2, 3, 2, 3, 1, 2, 3, 2, 2, 2, 2, 2, 2, 2, 2, 2, 2, 3, 2, 2, 3, 2, 3, 4, 3, 2, 2, 2, 2, 2, 2, 3, 1, 2, 3, 2, 2, 2, 2, 2, 2, 3, 3, 1, 1, 1, 1, 2, 1, 3, 2, 2, 2, 2, 2, 1, 2, 3, 0, 2, 2, 2, 2, 2, 2, 2, 1, 1, 2, 2, 2, 2, 2, 2, 2, 2, 2, 1, 1, 2, 3, 2, 2, 2, 2, 2, 2, 3, 2, 2, 2, 2, 2, 2, 3, 2, 3, 2, 2, 1, 2, 1, 1, 2, 1, 2, 2, 1, 2, 2, 1, 2, 2, 2, 1, 1, 1, 1, 2, 2, 2, 1, 1, 1, 1, 1, 1, 1, 1, 1, 1, 1, 1, 1, 2, 1, 2, 1, 1, 1, 1, 2, 2, 2, 2, 2, 2, 2, 1, 1, 1, 1, 1, 3, 1, 3, 1, 2, 2, 1, 2, 3, 2, 1, 2, 3, 1, 2, 1, 2, 2, 1, 1, 2, 2, 2, 2, 2, 2, 1, 1, 1, 2, 1, 2, 1, 1, 1, 1, 2, 2, 2, 2, 2, 2, 2, 1, 2, 1, 1, 2, 1, 2, 1, 1, 1, 1, 1, 3, 1, 1, 2, 2, 2, 2, 2, 2, 1, 2, 1, 1, 3, 2, 1, 1, 0, 1, 2, 1, 2, 1, 1, 1, 2, 1, 2, 1, 1, 2, 1, 1, 2, 2, 1, 2, 2, 0, 2, 1, 2, 2, 1, 2, 3, 2, 1, 2, 2, 2, 3, 3, 2, 1, 2, 1, 2, 2, 2, 2, 3, 2, 2, 2, 2, 2, 2, 2, 2, 2, 1, 2, 3, 3, 3, 2, 1, 2, 2, 1, 1, 3, 1, 3, 2, 2, 3, 4, 2, 3, 2, 2, 2, 2, 1, 1, 1, 2, 1, 2, 2, 2, 2, 1, 1, 2, 2, 1, 2, 4, 2, 2, 2, 2, 1, 1, 1, 1, 1, 2, 2, 1, 2, 1, 1, 1, 1, 2, 2, 2, 2, 2, 1, 1, 2, 3, 2, 2, 3, 1, 2, 1, 1, 1, 1, 2, 2, 1, 2, 1, 2, 1, 2, 2, 1, 1, 2, 1, 3, 1, 2, 1, 1, 1, 1, 1, 1, 3, 2, 2, 2, 3, 3, 3, 2, 2, 3, 4, 3, 3, 1, 3, 2, 2, 2, 3, 2, 2, 1, 1, 2, 2, 1, 2]

################################################################
################################################################
################### process_jail_download_list: ######################

[15, 8, 16, 9, 9, 9, 16, 9, 8, 10, 9, 9, 10, 8, 9, 10, 9, 14, 8, 8, 10, 9, 8, 10, 9, 9, 8, 10, 9, 9, 10, 8, 10, 8, 9, 9, 7, 8, 9, 8, 10, 9, 9, 8, 8, 10, 10, 9, 8, 8, 9, 9, 7, 10, 8, 9, 10, 8, 8, 8, 8, 8, 9, 8, 8, 8, 9, 9, 8, 9, 8, 8, 7, 8, 8, 7, 7, 8, 9, 9, 9, 8, 8, 9, 9, 8, 9, 9, 9, 9, 9, 8, 9, 8, 9, 9, 8, 9, 8, 8, 8, 8, 8, 8, 9, 9, 9, 10, 8, 8, 8, 8, 8, 8, 8, 9, 9, 9, 9, 9, 8, 9, 9, 8, 8, 8, 8, 10, 8, 8, 8, 9, 8, 8, 10, 9, 9, 8, 10, 9, 9, 9, 10, 8, 9, 9, 9, 8, 8, 9, 9, 8, 9, 8, 8, 8, 8, 8, 9, 8, 8, 8, 9, 9, 7, 9, 8, 9, 8, 7, 9, 9, 9, 10, 8, 9, 9, 11, 9, 9, 8, 7, 9, 8, 10, 9, 10, 8, 9, 9, 10, 9, 9, 9, 9, 8, 9, 8, 9, 9, 9, 10, 9, 9, 10, 9, 9, 10, 9, 10, 9, 9, 9, 9, 8, 9, 8, 8, 8, 10, 8, 8, 9, 9, 10, 9, 8, 9, 7, 10, 8, 7, 8, 9, 8, 8, 9, 9, 9, 9, 9, 8, 9, 10, 9, 9, 8, 8, 9, 9, 10, 10, 9, 9, 8, 7, 9, 7, 8, 8, 8, 9, 8, 9, 9, 8, 8, 9, 9, 10, 7, 8, 8, 8, 8, 7, 9, 8, 10, 8, 9, 8, 8, 8, 8, 8, 9, 9, 9, 9, 8, 10, 10, 9, 7, 10, 10, 9, 8, 9, 10, 8, 10, 9, 9, 8, 8, 10, 8, 9, 8, 9, 8, 8, 8, 9, 9, 10, 9, 9, 9, 9, 9, 10, 9, 8, 8, 8, 10, 9, 10, 9, 9, 8, 9, 9, 10, 10, 9, 9, 10, 9, 9, 9, 8, 9, 9, 9, 8, 8, 8, 9, 9, 9, 8, 8, 10, 10, 9, 9, 9, 9, 9, 8, 9, 7, 9, 8, 9, 9, 10, 8, 9, 11, 9, 9, 10, 9, 8, 8, 9, 9, 9, 9, 10, 10, 9, 10, 9, 9, 11, 10, 9, 9, 9, 9, 8, 9, 10, 8, 9, 10, 8, 8, 9, 9, 9, 9, 10, 10, 8, 8, 7, 7, 8, 8, 9, 8, 8, 9, 9, 9, 8, 8, 9, 7, 9, 9, 9, 9, 9, 9, 9, 8, 7, 8, 9, 9, 9, 9, 9, 9, 8, 8, 7, 8, 8, 10, 9, 9, 9, 9, 9, 8, 8, 8, 9, 8, 9, 8, 9, 9, 9, 9, 9, 9, 7, 9, 7, 9, 9, 7, 8, 9, 8, 9, 9, 8, 9, 8, 8, 8, 8, 7, 8, 8, 8, 8, 8, 8, 8, 8, 8, 8, 8, 8, 8, 8, 8, 8, 8, 9, 8, 9, 8, 7, 8, 8, 8, 8, 8, 9, 8, 8, 8, 8, 8, 8, 8, 7, 10, 8, 10, 8, 8, 8, 7, 8, 9, 9, 8, 9, 10, 7, 8, 7, 8, 8, 8, 8, 8, 8, 8, 8, 8, 8, 8, 8, 8, 8, 8, 8, 8, 8, 8, 8, 8, 8, 9, 8, 9, 8, 9, 7, 9, 7, 7, 8, 8, 8, 8, 7, 8, 8, 8, 9, 7, 7, 8, 8, 8, 8, 8, 8, 7, 8, 8, 8, 10, 8, 8, 8, 7, 8, 8, 7, 8, 8, 8, 8, 9, 8, 9, 8, 8, 9, 7, 7, 9, 8, 8, 8, 8, 6, 8, 8, 8, 9, 8, 8, 9, 9, 8, 9, 9, 9, 10, 9, 9, 7, 9, 7, 8, 9, 8, 8, 9, 9, 8, 9, 9, 9, 9, 8, 10, 8, 8, 9, 10, 10, 9, 9, 8, 9, 8, 7, 7, 9, 7, 9, 8, 8, 9, 10, 9, 9, 8, 9, 8, 8, 7, 8, 7, 8, 7, 8, 8, 8, 9, 7, 7, 8, 9, 7, 9, 11, 8, 9, 9, 8, 7, 7, 7, 7, 8, 8, 8, 7, 8, 7, 7, 7, 7, 8, 9, 8, 8, 8, 7, 8, 8, 10, 9, 9, 9, 7, 8, 7, 7, 7, 7, 8, 9, 7, 8, 7, 9, 8, 8, 9, 8, 8, 9, 8, 9, 8, 8, 8, 7, 7, 7, 8, 8, 9, 9, 8, 8, 10, 10, 9, 8, 9, 10, 11, 10, 9, 8, 9, 9, 8, 9, 9, 9, 9, 8, 7, 8, 9, 7, 8]

################################################################
################################################################
################### process_jail_list: ######################

[6, 6, 7, 6, 6, 7, 6, 7, 6, 7, 7, 6, 6, 6, 6, 7, 6, 6, 6, 6, 6, 7, 7, 7, 6, 7, 6, 7, 7, 6, 6, 6, 7, 7, 7, 6, 6, 6, 6, 7, 7, 6, 6, 6, 6, 7, 8, 7, 7, 6, 6, 6, 6, 7, 6, 7, 7, 7, 6, 6, 6, 6, 6, 6, 6, 7, 7, 7, 7, 7, 7, 7, 7, 6, 6, 6, 6, 6, 7, 7, 7, 7, 7, 6, 7, 6, 7, 7, 7, 6, 7, 6, 7, 7, 7, 6, 7, 6, 7, 7, 6, 7, 7, 7, 7, 7, 7, 7, 6, 6, 6, 6, 7, 6, 7, 7, 7, 6, 7, 6, 7, 7, 7, 6, 7, 6, 6, 7, 6, 6, 6, 7, 6, 6, 6, 7, 6, 6, 7, 7, 7, 7, 7, 7, 7, 7, 6, 6, 6, 7, 7, 6, 7, 6, 7, 6, 6, 7, 6, 6, 6, 6, 7, 7, 6, 6, 6, 7, 6, 6, 6, 7, 7, 7, 6, 7, 7, 7, 7, 7, 7, 6, 7, 6, 6, 7, 7, 6, 6, 7, 7, 7, 7, 6, 7, 6, 7, 6, 6, 6, 7, 7, 7, 6, 7, 7, 7, 7, 6, 7, 7, 6, 7, 7, 6, 6, 6, 7, 7, 7, 6, 7, 6, 7, 7, 7, 6, 6, 6, 7, 7, 6, 7, 6, 6, 6, 7, 7, 7, 7, 6, 6, 7, 7, 7, 7, 6, 6, 7, 6, 6, 7, 6, 6, 7, 6, 7, 6, 6, 6, 6, 7, 6, 7, 7, 6, 7, 7, 7, 7, 6, 7, 7, 7, 6, 6, 6, 6, 7, 6, 7, 7, 6, 7, 6, 6, 7, 6, 7, 6, 6, 7, 7, 6, 6, 7, 7, 7, 6, 6, 7, 6, 6, 6, 6, 6, 6, 6, 6, 7, 6, 6, 7, 7, 7, 6, 6, 7, 7, 6, 6, 7, 7, 7, 7, 6, 6, 6, 7, 7, 7, 6, 7, 6, 6, 6, 7, 7, 7, 7, 7, 7, 7, 7, 6, 7, 7, 7, 6, 6, 7, 7, 7, 7, 6, 6, 7, 7, 7, 7, 7, 7, 6, 6, 6, 6, 7, 6, 6, 7, 7, 7, 7, 8, 7, 7, 8, 7, 6, 6, 7, 7, 7, 7, 7, 8, 7, 7, 7, 6, 7, 7, 7, 7, 7, 7, 6, 7, 7, 7, 7, 7, 6, 6, 7, 7, 7, 7, 7, 7, 7, 7, 6, 6, 6, 7, 6, 6, 6, 7, 7, 7, 7, 6, 6, 7, 7, 7, 7, 7, 7, 7, 7, 7, 6, 6, 7, 7, 7, 7, 7, 7, 6, 6, 6, 7, 6, 7, 7, 7, 7, 7, 7, 6, 5, 6, 7, 6, 7, 6, 7, 6, 7, 6, 7, 7, 6, 7, 6, 8, 7, 6, 6, 7, 7, 7, 7, 7, 7, 6, 6, 7, 7, 6, 7, 6, 6, 6, 7, 7, 7, 7, 7, 7, 7, 7, 7, 7, 7, 7, 7, 7, 7, 7, 7, 6, 7, 7, 6, 6, 6, 7, 6, 6, 6, 7, 7, 7, 7, 6, 7, 7, 7, 7, 6, 6, 6, 6, 6, 7, 7, 7, 7, 6, 6, 6, 6, 6, 7, 7, 6, 6, 6, 6, 6, 6, 7, 7, 7, 6, 7, 6, 7, 7, 7, 7, 6, 6, 7, 6, 7, 6, 7, 6, 7, 6, 6, 6, 7, 6, 7, 6, 7, 7, 7, 6, 6, 6, 6, 6, 6, 6, 6, 6, 6, 6, 7, 7, 7, 6, 7, 7, 7, 7, 6, 6, 6, 7, 7, 7, 7, 7, 7, 7, 7, 7, 6, 6, 7, 6, 7, 6, 6, 6, 6, 7, 6, 7, 7, 6, 6, 7, 7, 7, 7, 7, 7, 6, 7, 6, 7, 6, 6, 7, 6, 6, 6, 7, 6, 7, 7, 7, 7, 6, 8, 6, 7, 7, 7, 7, 6, 7, 7, 7, 6, 6, 6, 6, 6, 6, 6, 6, 6, 6, 7, 6, 6, 7, 6, 6, 6, 7, 6, 6, 6, 6, 6, 6, 7, 6, 6, 6, 7, 6, 7, 7, 6, 7, 7, 6, 6, 6, 6, 6, 7, 6, 6, 6, 6, 6, 6, 6, 6, 6, 7, 6, 6, 6, 6, 7, 6, 7, 7, 7, 6, 6, 6, 6, 6, 6, 6, 6, 7, 6, 6, 6, 7, 7, 6, 7, 7, 7, 7, 7, 6, 7, 6, 7, 6, 6, 6, 7, 7, 6, 7, 6, 6, 7, 7, 6, 6, 7, 7, 7, 7, 6, 7, 6, 7, 6, 7, 6, 7, 7, 7, 6, 6, 7, 6, 6]

################################################################
