Numero total de amostras 770

Tempo total de processamento: 0:11:05

############## TEMPOS DE PROCESSAMENTO DO EXERCICIO NO JAIL  ####################
Soma 4573 segundos
Media 5.938961038961039 segundos
Desvio padr達o 0.28405955300054353 segundos
Minimo 5 segundos
Maximo 7 segundos

95% 5.0 segundos
99% 5.0 segundos

############## TEMPOS DE PROCESSAMENTO DO EXERCICIO NO JAIL COM DOWNLOAD  ################
Soma 5066 segundos
Media 6.579220779220779 segundos
Desvio padr達o 0.5851712286510259 segundos
Minimo 6 segundos
Maximo 10 segundos

95% 6.0 segundos
99% 6.0 segundos

################### TEMPOS DE DOWNLOAD DO EXERCICIO NO JAIL #######################
Soma 493 segundos
Media 0.6402597402597403 segundos
Desvio padr達o 0.5575362640956647 segundos
Minimo 0 segundos
Maximo 4 segundos

95% 0.0 segundos
99% 0.0 segundos

############################ TEMPOS DE ESPERA NA FILA ############################
Soma 575
Media 0.7467532467532467 segundos
Desvio padr達o 0.7974121155149188 segundos
Minimo 0 segundos
Maximo 5 segundos

95% 0.0 segundos
99% 0.0 segundos

################### queue_wait_time_list: ######################

[3, 2, 3, 0, 0, 0, 5, 0, 0, 2, 5, 2, 1, 0, 1, 5, 4, 5, 2, 5, 1, 2, 2, 3, 2, 0, 5, 1, 1, 3, 4, 1, 0, 0, 4, 0, 1, 1, 3, 1, 3, 1, 0, 2, 0, 2, 0, 2, 1, 1, 0, 0, 3, 0, 0, 2, 2, 0, 1, 0, 1, 1, 1, 1, 0, 1, 1, 1, 3, 1, 1, 0, 1, 1, 1, 1, 0, 0, 1, 2, 2, 1, 1, 1, 1, 0, 0, 1, 2, 0, 1, 2, 0, 1, 1, 3, 2, 1, 0, 0, 1, 1, 1, 1, 1, 2, 1, 0, 0, 0, 0, 0, 1, 1, 0, 1, 1, 0, 0, 0, 1, 1, 0, 1, 0, 0, 1, 1, 0, 0, 1, 0, 0, 1, 0, 1, 0, 1, 2, 0, 0, 1, 1, 1, 0, 1, 1, 1, 1, 0, 1, 1, 0, 0, 0, 0, 1, 0, 0, 0, 1, 1, 1, 1, 1, 1, 0, 1, 0, 1, 0, 0, 1, 1, 1, 0, 0, 1, 0, 0, 1, 0, 0, 0, 0, 1, 1, 1, 1, 0, 1, 1, 1, 1, 1, 0, 0, 1, 1, 1, 1, 2, 0, 1, 0, 1, 1, 0, 1, 2, 1, 1, 1, 0, 1, 1, 0, 1, 0, 0, 0, 1, 1, 0, 0, 1, 1, 1, 1, 0, 1, 0, 0, 1, 0, 0, 0, 1, 2, 0, 0, 1, 1, 1, 0, 0, 0, 1, 1, 1, 1, 2, 1, 0, 0, 0, 1, 1, 0, 0, 1, 1, 2, 0, 2, 0, 0, 1, 0, 0, 0, 2, 1, 0, 1, 2, 1, 0, 1, 1, 0, 0, 2, 2, 0, 1, 1, 1, 1, 1, 0, 0, 0, 1, 0, 0, 1, 1, 0, 1, 0, 1, 1, 1, 1, 0, 1, 1, 1, 0, 0, 0, 1, 1, 1, 1, 1, 0, 1, 1, 0, 1, 1, 0, 1, 0, 1, 0, 0, 1, 1, 1, 1, 0, 0, 0, 0, 0, 1, 1, 0, 1, 1, 1, 1, 1, 1, 0, 1, 1, 0, 0, 1, 0, 0, 0, 0, 0, 0, 1, 0, 1, 0, 0, 0, 0, 0, 1, 0, 1, 1, 1, 1, 0, 0, 0, 0, 1, 1, 1, 1, 0, 1, 0, 0, 0, 1, 0, 0, 1, 0, 2, 0, 2, 0, 1, 1, 1, 1, 0, 0, 1, 1, 1, 0, 1, 1, 0, 0, 1, 1, 0, 0, 0, 1, 0, 0, 0, 1, 0, 1, 1, 1, 0, 1, 0, 0, 1, 1, 1, 0, 1, 0, 1, 1, 1, 0, 1, 2, 0, 1, 1, 0, 1, 0, 1, 0, 1, 1, 0, 1, 0, 1, 1, 2, 1, 2, 0, 2, 1, 1, 2, 2, 0, 1, 0, 0, 1, 0, 0, 2, 1, 0, 2, 0, 0, 2, 2, 1, 0, 1, 1, 0, 1, 1, 0, 0, 1, 1, 1, 0, 1, 1, 1, 2, 1, 1, 0, 2, 1, 2, 0, 1, 1, 0, 1, 1, 1, 0, 1, 2, 1, 1, 1, 0, 2, 2, 1, 2, 0, 0, 1, 2, 1, 0, 1, 1, 1, 0, 0, 2, 0, 1, 1, 1, 0, 0, 1, 0, 1, 1, 1, 1, 1, 0, 1, 0, 1, 0, 0, 0, 1, 0, 1, 0, 1, 1, 0, 1, 0, 1, 0, 1, 1, 1, 0, 1, 2, 1, 1, 1, 2, 0, 0, 1, 0, 2, 1, 1, 0, 0, 1, 0, 1, 0, 0, 2, 2, 2, 2, 1, 1, 1, 0, 0, 0, 1, 0, 1, 0, 0, 0, 0, 1, 1, 0, 0, 1, 2, 0, 0, 2, 0, 0, 1, 1, 1, 1, 1, 0, 0, 1, 0, 1, 1, 1, 0, 0, 0, 1, 0, 0, 1, 0, 0, 0, 0, 1, 1, 1, 1, 0, 1, 1, 1, 0, 0, 1, 0, 1, 0, 0, 1, 1, 0, 0, 2, 0, 2, 1, 0, 1, 0, 1, 1, 1, 0, 0, 1, 0, 1, 1, 0, 1, 2, 0, 0, 1, 0, 1, 1, 1, 1, 1, 1, 1, 0, 1, 1, 0, 0, 1, 0, 1, 1, 1, 0, 0, 0, 1, 0, 0, 0, 1, 0, 1, 1, 2, 1, 1, 1, 0, 0, 1, 1, 1, 2, 1, 0, 0, 1, 1, 1, 0, 1, 0, 1, 1, 1, 2, 0, 1, 1, 1, 1, 1, 0, 1, 0, 1, 0, 0, 1, 0, 2, 1, 0, 1, 1, 0, 0, 1, 1, 0, 0, 0, 1, 0, 1, 0, 2, 1, 0, 0, 0, 1, 1, 1, 0, 0]

################################################################
################### jail_ex_download_list: ######################

[1, 1, 1, 2, 1, 1, 1, 4, 1, 1, 1, 4, 1, 1, 1, 1, 3, 0, 0, 0, 1, 1, 1, 3, 1, 1, 3, 1, 1, 1, 3, 4, 1, 1, 1, 1, 0, 1, 1, 1, 0, 1, 1, 1, 1, 0, 1, 0, 1, 1, 0, 1, 0, 1, 1, 0, 0, 1, 1, 1, 0, 0, 0, 1, 1, 1, 0, 1, 0, 1, 0, 1, 0, 0, 0, 0, 0, 1, 1, 1, 0, 1, 1, 1, 1, 0, 1, 0, 1, 1, 0, 1, 1, 1, 0, 0, 0, 1, 1, 1, 0, 0, 0, 0, 0, 0, 0, 1, 1, 1, 1, 1, 0, 0, 1, 0, 1, 0, 1, 1, 0, 1, 1, 0, 1, 1, 0, 1, 1, 1, 0, 1, 1, 0, 1, 0, 1, 1, 0, 1, 1, 1, 1, 0, 1, 1, 0, 1, 0, 0, 0, 0, 1, 1, 1, 1, 0, 1, 1, 0, 1, 0, 1, 0, 0, 1, 1, 1, 1, 1, 0, 1, 0, 0, 1, 1, 1, 0, 1, 1, 1, 0, 0, 1, 1, 0, 0, 0, 0, 1, 1, 0, 0, 1, 0, 1, 0, 0, 1, 0, 1, 0, 1, 0, 0, 1, 1, 1, 0, 0, 1, 0, 0, 1, 0, 1, 1, 1, 1, 1, 1, 0, 1, 1, 1, 0, 0, 0, 1, 1, 1, 1, 1, 1, 1, 0, 1, 1, 0, 0, 1, 1, 1, 0, 0, 1, 0, 0, 1, 1, 1, 0, 1, 1, 0, 1, 0, 1, 1, 1, 1, 0, 1, 1, 0, 1, 1, 1, 1, 0, 0, 0, 0, 1, 1, 1, 1, 1, 0, 0, 1, 1, 1, 0, 1, 1, 1, 1, 0, 1, 1, 0, 1, 0, 1, 1, 1, 0, 1, 1, 1, 0, 0, 0, 0, 0, 1, 0, 0, 1, 1, 1, 1, 0, 0, 0, 0, 1, 1, 1, 1, 0, 1, 0, 0, 1, 0, 1, 1, 1, 0, 0, 0, 1, 1, 1, 1, 1, 1, 0, 0, 1, 1, 0, 0, 0, 1, 1, 1, 0, 1, 1, 1, 1, 1, 1, 0, 1, 1, 0, 0, 0, 1, 1, 0, 1, 1, 0, 1, 0, 1, 0, 0, 1, 1, 1, 1, 1, 0, 1, 0, 0, 0, 1, 1, 1, 0, 1, 1, 0, 0, 1, 0, 0, 0, 1, 0, 1, 0, 1, 1, 1, 1, 1, 1, 0, 0, 1, 1, 0, 0, 1, 1, 0, 0, 0, 1, 1, 1, 1, 0, 0, 1, 1, 1, 0, 1, 0, 1, 0, 1, 1, 1, 1, 0, 1, 1, 0, 0, 1, 0, 1, 1, 0, 1, 1, 1, 1, 0, 0, 0, 1, 1, 1, 0, 0, 1, 1, 0, 0, 0, 1, 1, 1, 1, 1, 1, 1, 1, 1, 0, 1, 1, 1, 1, 1, 0, 1, 1, 1, 0, 0, 1, 1, 0, 1, 1, 0, 1, 0, 1, 1, 0, 0, 0, 0, 1, 1, 0, 0, 0, 0, 1, 0, 1, 1, 1, 1, 1, 0, 0, 0, 1, 0, 1, 1, 0, 1, 0, 1, 1, 1, 0, 1, 1, 1, 1, 0, 1, 1, 1, 1, 1, 0, 1, 0, 1, 1, 1, 0, 0, 0, 1, 1, 1, 0, 1, 0, 1, 1, 1, 0, 1, 0, 1, 0, 0, 1, 1, 0, 0, 1, 1, 0, 1, 0, 0, 0, 1, 0, 0, 1, 0, 1, 1, 1, 1, 1, 0, 1, 0, 0, 0, 1, 1, 1, 1, 1, 1, 0, 1, 1, 0, 1, 1, 0, 1, 1, 0, 1, 0, 1, 1, 0, 1, 1, 1, 0, 1, 0, 1, 0, 1, 1, 1, 1, 1, 0, 1, 1, 1, 1, 1, 1, 0, 1, 0, 1, 1, 0, 1, 1, 1, 1, 0, 1, 1, 0, 0, 0, 0, 1, 0, 0, 1, 1, 1, 0, 1, 0, 1, 1, 1, 1, 1, 1, 0, 1, 0, 0, 1, 0, 1, 1, 1, 1, 1, 1, 0, 1, 0, 1, 1, 0, 0, 1, 0, 0, 0, 1, 1, 0, 0, 1, 1, 0, 1, 0, 1, 1, 1, 0, 1, 1, 0, 1, 0, 1, 1, 1, 1, 1, 1, 0, 1, 0, 0, 0, 1, 1, 1, 1, 1, 1, 0, 1, 0, 0, 1, 0, 1, 1, 1, 1, 1, 1, 0, 1, 1, 0, 1, 1, 0, 0, 1, 0, 0, 0, 1, 1, 1, 1, 1, 1, 0, 0, 1, 0, 1, 1, 1, 0, 1, 1, 1, 0, 0, 0, 1, 1, 0, 0, 0, 0, 1, 1, 0, 0, 1, 1]

################################################################
################################################################
################### process_jail_download_list: ######################

[7, 6, 6, 8, 7, 7, 7, 10, 7, 7, 7, 10, 7, 7, 6, 7, 9, 6, 7, 6, 7, 7, 7, 9, 7, 7, 10, 7, 8, 7, 10, 10, 7, 7, 6, 7, 6, 7, 7, 7, 6, 7, 7, 7, 7, 6, 7, 7, 7, 7, 6, 7, 6, 7, 7, 6, 6, 7, 7, 7, 6, 6, 6, 7, 7, 7, 6, 7, 6, 7, 6, 7, 6, 6, 6, 6, 6, 7, 7, 7, 6, 7, 7, 7, 7, 6, 7, 6, 7, 7, 6, 7, 7, 7, 6, 6, 6, 7, 6, 7, 6, 6, 6, 6, 6, 6, 6, 6, 7, 7, 6, 7, 6, 6, 7, 6, 7, 6, 7, 7, 6, 6, 7, 6, 7, 7, 6, 7, 7, 7, 6, 7, 7, 6, 7, 6, 7, 7, 6, 7, 7, 7, 7, 6, 7, 7, 6, 7, 6, 6, 6, 6, 7, 7, 7, 7, 6, 7, 7, 6, 7, 6, 7, 6, 6, 6, 7, 7, 7, 7, 6, 7, 6, 6, 6, 7, 7, 6, 7, 7, 7, 6, 6, 7, 7, 6, 6, 6, 6, 7, 7, 6, 6, 7, 6, 7, 6, 6, 7, 6, 7, 6, 7, 6, 6, 7, 6, 7, 6, 6, 7, 6, 6, 7, 6, 7, 7, 7, 7, 7, 6, 6, 6, 6, 7, 6, 6, 6, 7, 7, 7, 7, 7, 7, 7, 6, 7, 7, 6, 6, 7, 6, 7, 6, 6, 7, 6, 6, 7, 7, 6, 6, 7, 7, 6, 6, 6, 7, 7, 7, 7, 6, 6, 7, 6, 7, 7, 7, 7, 6, 6, 6, 6, 7, 7, 7, 7, 7, 6, 6, 7, 7, 7, 6, 7, 7, 6, 7, 6, 7, 7, 6, 7, 6, 6, 7, 7, 6, 7, 7, 6, 6, 6, 6, 6, 6, 7, 6, 6, 7, 7, 7, 7, 6, 6, 6, 6, 7, 7, 7, 7, 6, 7, 7, 6, 7, 6, 7, 7, 7, 6, 6, 6, 7, 7, 7, 6, 7, 7, 6, 6, 7, 6, 6, 6, 6, 7, 7, 7, 6, 7, 7, 7, 7, 7, 7, 6, 7, 6, 6, 6, 6, 7, 7, 6, 7, 7, 6, 7, 6, 7, 6, 6, 7, 7, 7, 7, 6, 6, 7, 6, 6, 6, 7, 7, 7, 6, 7, 7, 6, 6, 7, 6, 6, 6, 7, 6, 7, 6, 7, 7, 7, 6, 7, 7, 6, 6, 7, 7, 6, 6, 6, 7, 6, 6, 6, 7, 7, 6, 7, 6, 6, 7, 7, 6, 6, 7, 6, 7, 6, 7, 7, 6, 7, 6, 7, 7, 6, 6, 7, 6, 7, 7, 6, 7, 7, 7, 7, 6, 6, 6, 7, 7, 6, 6, 6, 7, 7, 6, 6, 6, 6, 7, 7, 7, 7, 7, 7, 7, 6, 6, 7, 7, 7, 7, 7, 6, 7, 7, 7, 6, 6, 7, 7, 6, 7, 7, 6, 7, 6, 6, 7, 6, 6, 6, 6, 7, 7, 6, 6, 6, 6, 6, 6, 7, 7, 7, 6, 7, 6, 7, 6, 7, 6, 7, 7, 6, 7, 6, 7, 7, 7, 6, 6, 7, 7, 7, 6, 7, 7, 7, 7, 7, 6, 7, 6, 7, 7, 7, 6, 6, 6, 7, 7, 7, 6, 7, 6, 7, 7, 7, 6, 7, 6, 6, 6, 6, 7, 7, 6, 6, 7, 6, 6, 7, 6, 6, 6, 7, 6, 6, 6, 6, 7, 7, 7, 6, 7, 6, 7, 6, 6, 6, 7, 7, 7, 7, 7, 7, 6, 7, 7, 6, 7, 7, 6, 7, 7, 6, 6, 6, 7, 7, 6, 7, 7, 7, 6, 7, 6, 7, 6, 7, 7, 7, 7, 7, 6, 7, 7, 7, 7, 6, 7, 6, 7, 6, 7, 7, 6, 6, 7, 7, 7, 6, 7, 7, 6, 6, 6, 6, 7, 6, 6, 6, 7, 7, 6, 7, 6, 6, 7, 7, 7, 7, 6, 6, 7, 6, 6, 7, 6, 7, 6, 7, 7, 6, 7, 6, 7, 6, 7, 7, 6, 6, 7, 6, 6, 7, 6, 7, 6, 6, 7, 7, 6, 7, 6, 7, 7, 7, 6, 7, 7, 6, 6, 6, 7, 7, 7, 7, 7, 7, 7, 7, 6, 6, 6, 7, 7, 7, 7, 7, 7, 6, 7, 6, 6, 7, 6, 7, 7, 6, 7, 7, 7, 6, 7, 7, 6, 7, 7, 6, 6, 6, 6, 6, 6, 7, 6, 7, 7, 7, 7, 6, 6, 6, 6, 7, 7, 7, 6, 7, 7, 6, 6, 6, 6, 7, 7, 6, 6, 6, 6, 7, 7, 6, 6, 7, 7]

################################################################
################################################################
################### process_jail_list: ######################

[6, 5, 5, 6, 6, 6, 6, 6, 6, 6, 6, 6, 6, 6, 5, 6, 6, 6, 7, 6, 6, 6, 6, 6, 6, 6, 7, 6, 7, 6, 7, 6, 6, 6, 5, 6, 6, 6, 6, 6, 6, 6, 6, 6, 6, 6, 6, 7, 6, 6, 6, 6, 6, 6, 6, 6, 6, 6, 6, 6, 6, 6, 6, 6, 6, 6, 6, 6, 6, 6, 6, 6, 6, 6, 6, 6, 6, 6, 6, 6, 6, 6, 6, 6, 6, 6, 6, 6, 6, 6, 6, 6, 6, 6, 6, 6, 6, 6, 5, 6, 6, 6, 6, 6, 6, 6, 6, 5, 6, 6, 5, 6, 6, 6, 6, 6, 6, 6, 6, 6, 6, 5, 6, 6, 6, 6, 6, 6, 6, 6, 6, 6, 6, 6, 6, 6, 6, 6, 6, 6, 6, 6, 6, 6, 6, 6, 6, 6, 6, 6, 6, 6, 6, 6, 6, 6, 6, 6, 6, 6, 6, 6, 6, 6, 6, 5, 6, 6, 6, 6, 6, 6, 6, 6, 5, 6, 6, 6, 6, 6, 6, 6, 6, 6, 6, 6, 6, 6, 6, 6, 6, 6, 6, 6, 6, 6, 6, 6, 6, 6, 6, 6, 6, 6, 6, 6, 5, 6, 6, 6, 6, 6, 6, 6, 6, 6, 6, 6, 6, 6, 5, 6, 5, 5, 6, 6, 6, 6, 6, 6, 6, 6, 6, 6, 6, 6, 6, 6, 6, 6, 6, 5, 6, 6, 6, 6, 6, 6, 6, 6, 5, 6, 6, 6, 6, 5, 6, 6, 6, 6, 6, 6, 5, 6, 6, 6, 6, 6, 6, 6, 6, 6, 6, 6, 6, 6, 6, 6, 6, 6, 6, 6, 6, 6, 6, 6, 5, 6, 6, 6, 6, 6, 6, 6, 5, 6, 6, 6, 6, 6, 5, 6, 6, 6, 6, 6, 6, 6, 6, 6, 6, 6, 6, 6, 6, 6, 6, 6, 6, 6, 6, 6, 6, 7, 6, 6, 6, 6, 6, 6, 6, 6, 6, 6, 6, 6, 5, 6, 6, 6, 6, 6, 5, 6, 6, 6, 6, 6, 6, 6, 6, 6, 6, 6, 6, 6, 6, 6, 5, 6, 6, 6, 6, 6, 6, 6, 6, 6, 6, 6, 6, 6, 6, 6, 6, 6, 6, 5, 6, 6, 6, 6, 6, 6, 6, 6, 6, 6, 6, 6, 6, 6, 6, 6, 6, 6, 6, 6, 6, 6, 6, 6, 5, 6, 6, 6, 6, 6, 6, 6, 6, 5, 6, 6, 6, 6, 6, 6, 5, 6, 6, 6, 6, 6, 5, 6, 6, 6, 6, 6, 6, 6, 5, 6, 6, 6, 6, 6, 6, 6, 6, 6, 6, 6, 6, 6, 6, 6, 6, 6, 6, 6, 6, 5, 6, 6, 6, 6, 6, 6, 6, 5, 6, 6, 6, 6, 6, 6, 6, 5, 6, 6, 6, 6, 6, 6, 6, 6, 6, 6, 6, 6, 6, 6, 6, 6, 6, 6, 6, 6, 5, 6, 6, 6, 6, 6, 6, 6, 6, 6, 6, 6, 5, 6, 6, 6, 6, 5, 6, 6, 7, 6, 6, 6, 6, 6, 6, 6, 6, 6, 6, 6, 6, 5, 6, 6, 6, 6, 6, 6, 6, 6, 6, 6, 6, 6, 6, 6, 6, 6, 6, 6, 6, 6, 6, 6, 6, 6, 6, 6, 6, 6, 6, 6, 5, 6, 6, 6, 6, 6, 6, 6, 5, 6, 6, 6, 6, 6, 6, 6, 6, 5, 6, 6, 6, 6, 5, 6, 6, 6, 6, 6, 6, 6, 6, 6, 6, 6, 6, 6, 6, 6, 6, 6, 6, 6, 6, 6, 6, 5, 6, 6, 6, 6, 6, 6, 6, 6, 6, 6, 6, 6, 6, 6, 6, 6, 6, 6, 6, 6, 6, 6, 5, 6, 6, 6, 6, 6, 6, 6, 5, 6, 6, 6, 6, 6, 6, 6, 6, 6, 6, 6, 6, 6, 5, 6, 6, 6, 6, 6, 5, 6, 6, 6, 6, 5, 6, 6, 6, 6, 6, 6, 6, 5, 6, 6, 5, 6, 6, 6, 6, 6, 6, 6, 6, 6, 6, 6, 7, 5, 6, 6, 6, 6, 6, 6, 6, 6, 6, 6, 6, 6, 6, 6, 6, 5, 6, 6, 6, 6, 6, 6, 6, 7, 6, 6, 6, 6, 6, 6, 6, 6, 6, 6, 6, 6, 6, 6, 6, 6, 6, 6, 5, 6, 6, 6, 6, 6, 6, 6, 6, 6, 6, 6, 5, 6, 6, 6, 6, 5, 6, 6, 6, 6, 6, 6, 5, 6, 6, 6, 6, 6, 6, 6, 5, 6, 6, 6, 6, 6, 6, 6, 6, 6, 6, 6, 6, 6, 6, 6]

################################################################
