Numero total de amostras 769

Tempo total de processamento: 0:16:54

############## TEMPOS DE PROCESSAMENTO DO EXERCICIO NO JAIL  ####################
Soma 4571 segundos
Media 5.94408322496749 segundos
Desvio padr達o 0.3927092033950975 segundos
Minimo 5 segundos
Maximo 7 segundos

95% 5.0 segundos
99% 5.0 segundos

############## TEMPOS DE PROCESSAMENTO DO EXERCICIO NO JAIL COM DOWNLOAD  ################
Soma 5045 segundos
Media 6.560468140442133 segundos
Desvio padr達o 0.5390332716731541 segundos
Minimo 6 segundos
Maximo 8 segundos

95% 6.0 segundos
99% 6.0 segundos

################### TEMPOS DE DOWNLOAD DO EXERCICIO NO JAIL #######################
Soma 474 segundos
Media 0.6163849154746424 segundos
Desvio padr達o 0.5020550097891482 segundos
Minimo 0 segundos
Maximo 2 segundos

95% 0.0 segundos
99% 0.0 segundos

############################ TEMPOS DE ESPERA NA FILA ############################
Soma 136839
Media 177.9440832249675 segundos
Desvio padr達o 100.51614906630284 segundos
Minimo 1 segundos
Maximo 352 segundos

95% 7.295999999999999 segundos
99% 7.603199999999999 segundos

################### queue_wait_time_list: ######################

[12, 20, 2, 10, 2, 1, 9, 15, 10, 7, 8, 14, 5, 6, 8, 5, 6, 11, 15, 12, 13, 15, 203, 19, 16, 17, 17, 16, 14, 22, 23, 17, 22, 16, 23, 19, 24, 27, 28, 22, 21, 28, 24, 26, 23, 29, 29, 19, 18, 129, 24, 26, 26, 26, 32, 36, 31, 28, 29, 29, 31, 29, 30, 34, 31, 30, 32, 42, 37, 40, 33, 42, 34, 39, 36, 44, 46, 42, 44, 40, 44, 44, 49, 46, 47, 49, 51, 51, 49, 51, 49, 51, 54, 53, 50, 29, 39, 53, 55, 280, 233, 185, 186, 244, 200, 286, 328, 203, 253, 210, 292, 256, 213, 335, 224, 263, 302, 229, 269, 310, 341, 274, 317, 347, 322, 31, 39, 47, 53, 329, 164, 53, 54, 55, 58, 56, 57, 57, 289, 185, 225, 265, 201, 309, 229, 204, 348, 268, 210, 233, 292, 213, 244, 274, 319, 256, 300, 281, 334, 323, 306, 342, 39, 42, 44, 47, 49, 54, 57, 56, 56, 61, 62, 61, 62, 55, 58, 54, 59, 55, 58, 59, 61, 64, 62, 63, 69, 66, 68, 69, 72, 69, 72, 71, 66, 70, 78, 71, 70, 73, 72, 79, 81, 79, 73, 82, 81, 82, 84, 54, 299, 253, 186, 203, 258, 306, 204, 349, 264, 212, 312, 214, 270, 226, 275, 229, 318, 234, 281, 244, 325, 288, 331, 295, 336, 341, 53, 57, 131, 86, 137, 89, 89, 84, 89, 85, 150, 84, 88, 84, 87, 88, 86, 86, 85, 91, 91, 91, 90, 90, 93, 205, 188, 213, 227, 213, 230, 238, 244, 252, 259, 263, 271, 277, 281, 288, 295, 307, 312, 318, 331, 337, 342, 58, 59, 93, 92, 93, 93, 95, 276, 189, 237, 202, 312, 247, 207, 284, 343, 215, 251, 216, 287, 258, 226, 319, 231, 266, 294, 348, 271, 324, 301, 331, 306, 337, 57, 62, 59, 63, 67, 70, 66, 71, 95, 96, 96, 98, 99, 94, 97, 99, 101, 101, 101, 104, 99, 101, 108, 106, 101, 103, 106, 108, 108, 103, 110, 106, 107, 113, 110, 112, 108, 112, 114, 115, 109, 114, 114, 115, 115, 115, 116, 74, 139, 148, 112, 112, 114, 114, 117, 118, 118, 121, 266, 234, 189, 319, 294, 202, 238, 272, 214, 246, 217, 343, 277, 228, 250, 301, 325, 257, 283, 305, 287, 330, 312, 350, 337, 77, 120, 227, 157, 171, 171, 177, 177, 182, 184, 188, 326, 190, 239, 295, 201, 246, 209, 331, 302, 214, 255, 217, 307, 277, 337, 281, 312, 291, 343, 321, 350, 79, 120, 120, 121, 123, 123, 227, 281, 124, 124, 124, 127, 126, 192, 257, 231, 201, 307, 210, 240, 267, 217, 291, 247, 218, 352, 271, 314, 256, 297, 332, 277, 320, 302, 338, 327, 342, 82, 128, 128, 133, 95, 94, 97, 99, 139, 128, 127, 131, 132, 131, 135, 131, 137, 133, 136, 133, 136, 136, 140, 138, 147, 142, 141, 141, 146, 144, 156, 140, 148, 145, 144, 146, 153, 146, 146, 149, 151, 152, 147, 154, 154, 151, 154, 99, 103, 105, 110, 153, 158, 157, 160, 155, 156, 161, 155, 161, 193, 159, 160, 246, 159, 160, 215, 159, 204, 162, 163, 172, 210, 242, 218, 227, 255, 260, 267, 279, 290, 272, 297, 283, 301, 309, 314, 321, 327, 334, 339, 345, 351, 104, 340, 251, 209, 287, 215, 163, 254, 163, 315, 163, 221, 165, 166, 166, 165, 261, 193, 227, 204, 289, 346, 230, 267, 320, 241, 297, 272, 303, 278, 327, 351, 309, 333, 106, 110, 111, 112, 114, 115, 113, 169, 168, 168, 167, 172, 169, 170, 167, 173, 172, 175, 169, 174, 174, 174, 177, 176, 178, 172, 179, 180, 178, 174, 182, 180, 182, 183, 182, 183, 179, 184, 186, 185, 181, 187, 185, 189, 188, 186, 134, 142, 144, 150, 210, 290, 321, 222, 262, 189, 230, 191, 191, 191, 189, 187, 296, 269, 194, 229, 327, 273, 241, 303, 352, 250, 279, 253, 306, 286, 333, 315, 340, 346, 127, 296, 189, 249, 299, 194, 199, 346, 257, 203, 308, 210, 262, 214, 268, 222, 314, 229, 275, 229, 320, 278, 241, 328, 285, 293, 333, 339, 127, 137, 144, 150, 168, 170, 184, 188, 257, 340, 215, 292, 261, 185, 186, 188, 186, 185, 224, 196, 320, 232, 201, 269, 299, 241, 325, 274, 248, 304, 345, 329, 279, 308, 335, 315, 129, 174, 176, 180, 186, 300, 185, 244, 341, 198, 303, 249, 200, 209, 257, 309, 215, 346, 263, 222, 348, 316, 228, 280, 232, 284, 321, 293, 328, 335]

################################################################
################### jail_ex_download_list: ######################

[1, 1, 2, 1, 1, 1, 1, 1, 1, 1, 2, 0, 1, 2, 2, 2, 2, 1, 1, 1, 1, 0, 1, 1, 1, 0, 1, 1, 1, 0, 0, 0, 1, 0, 1, 1, 1, 0, 1, 1, 1, 1, 1, 1, 1, 0, 0, 1, 1, 1, 1, 0, 1, 1, 0, 0, 1, 1, 1, 0, 0, 0, 1, 1, 0, 1, 0, 0, 1, 0, 0, 1, 1, 1, 1, 0, 1, 0, 1, 1, 1, 1, 0, 0, 1, 1, 1, 1, 0, 1, 0, 1, 0, 0, 1, 1, 1, 0, 1, 1, 1, 1, 0, 1, 0, 1, 1, 1, 0, 0, 1, 0, 1, 0, 1, 1, 1, 1, 1, 1, 1, 1, 0, 1, 1, 1, 1, 0, 1, 1, 1, 1, 1, 1, 1, 1, 0, 0, 0, 1, 0, 0, 0, 1, 1, 1, 1, 1, 0, 1, 1, 1, 0, 1, 1, 1, 1, 1, 1, 1, 0, 1, 0, 0, 0, 1, 0, 0, 0, 1, 1, 1, 0, 1, 0, 1, 0, 1, 0, 1, 1, 0, 1, 1, 1, 1, 0, 0, 0, 0, 1, 0, 1, 1, 0, 1, 1, 0, 1, 0, 1, 1, 1, 0, 1, 0, 1, 0, 0, 0, 1, 1, 1, 1, 1, 0, 0, 0, 1, 0, 1, 1, 0, 0, 1, 1, 1, 1, 0, 0, 1, 1, 0, 0, 1, 1, 0, 1, 1, 0, 0, 0, 0, 1, 0, 0, 0, 1, 0, 1, 0, 1, 1, 1, 1, 1, 1, 1, 1, 1, 0, 0, 0, 1, 1, 1, 1, 0, 0, 1, 0, 1, 0, 1, 1, 0, 0, 0, 1, 1, 1, 1, 1, 1, 0, 0, 1, 0, 0, 1, 1, 0, 0, 1, 1, 1, 1, 1, 1, 0, 1, 1, 0, 0, 1, 0, 1, 1, 0, 1, 1, 1, 0, 0, 0, 1, 1, 1, 0, 1, 0, 0, 1, 0, 1, 1, 1, 0, 0, 1, 0, 0, 1, 1, 1, 1, 1, 1, 1, 0, 0, 1, 1, 0, 1, 0, 1, 0, 1, 0, 0, 1, 0, 1, 0, 1, 1, 0, 1, 0, 1, 0, 0, 0, 1, 1, 1, 1, 1, 1, 1, 1, 1, 0, 0, 1, 0, 1, 0, 1, 0, 1, 1, 1, 0, 1, 1, 1, 1, 0, 0, 0, 1, 1, 1, 1, 1, 0, 1, 0, 0, 1, 0, 1, 1, 0, 0, 1, 0, 1, 0, 0, 0, 0, 1, 1, 0, 0, 0, 1, 0, 0, 1, 1, 0, 0, 1, 1, 1, 0, 0, 1, 0, 0, 0, 1, 1, 1, 0, 1, 1, 1, 1, 1, 1, 1, 1, 0, 1, 0, 0, 0, 0, 0, 0, 0, 0, 1, 0, 0, 1, 1, 1, 0, 0, 1, 0, 1, 1, 1, 1, 1, 1, 0, 1, 0, 1, 1, 0, 0, 1, 0, 1, 0, 1, 1, 1, 1, 1, 1, 0, 1, 1, 1, 0, 1, 1, 1, 1, 1, 0, 1, 1, 0, 1, 1, 0, 1, 1, 1, 1, 0, 1, 1, 1, 0, 1, 1, 0, 1, 1, 1, 1, 1, 1, 0, 0, 1, 1, 0, 1, 1, 1, 0, 0, 0, 0, 1, 1, 0, 0, 1, 0, 1, 1, 1, 0, 0, 1, 1, 1, 0, 1, 1, 0, 0, 0, 0, 0, 0, 0, 0, 0, 0, 1, 0, 0, 1, 1, 1, 1, 0, 1, 0, 0, 0, 1, 0, 1, 1, 1, 1, 0, 1, 0, 0, 1, 1, 0, 1, 0, 0, 0, 0, 1, 0, 1, 1, 1, 1, 1, 0, 0, 1, 1, 0, 0, 1, 1, 1, 0, 0, 0, 1, 1, 1, 1, 0, 1, 0, 1, 1, 1, 1, 0, 0, 0, 0, 0, 1, 1, 1, 0, 0, 1, 1, 1, 1, 1, 1, 1, 1, 0, 0, 1, 1, 0, 1, 1, 1, 1, 0, 0, 0, 0, 1, 1, 1, 0, 1, 0, 1, 0, 1, 1, 1, 1, 0, 1, 0, 1, 0, 1, 0, 1, 0, 1, 1, 1, 0, 1, 0, 1, 1, 1, 0, 1, 0, 1, 1, 1, 1, 0, 1, 0, 1, 1, 1, 1, 1, 0, 1, 0, 0, 1, 0, 1, 1, 1, 1, 1, 1, 0, 0, 1, 0, 1, 1, 1, 0, 0, 0, 1, 1, 0, 1, 0, 0, 1, 0, 1, 1, 1, 1, 1, 0, 0, 0, 1, 1, 1, 1, 0, 1, 0, 1, 1, 0, 0, 1, 1, 1, 1, 0, 1, 0, 1, 1, 0, 0, 1, 0, 1, 0, 1, 1, 1, 1, 1]

################################################################
################################################################
################### process_jail_download_list: ######################

[7, 7, 8, 7, 7, 8, 8, 7, 8, 7, 8, 6, 7, 8, 8, 8, 8, 6, 6, 7, 7, 6, 6, 7, 7, 6, 7, 6, 6, 6, 6, 6, 6, 6, 7, 7, 7, 6, 7, 6, 6, 6, 7, 7, 7, 6, 6, 7, 7, 7, 7, 6, 7, 7, 6, 7, 7, 7, 7, 6, 6, 6, 7, 7, 6, 7, 7, 6, 7, 6, 6, 7, 8, 7, 7, 7, 7, 6, 7, 7, 7, 7, 6, 7, 7, 7, 7, 7, 6, 7, 6, 7, 6, 6, 7, 7, 7, 6, 6, 7, 7, 7, 6, 7, 6, 6, 6, 7, 7, 6, 7, 7, 7, 6, 6, 7, 7, 7, 7, 7, 6, 7, 6, 7, 7, 7, 7, 6, 6, 7, 7, 7, 7, 7, 7, 7, 6, 6, 6, 7, 6, 7, 6, 7, 7, 7, 7, 7, 6, 7, 7, 7, 6, 7, 7, 7, 7, 7, 7, 7, 6, 6, 6, 6, 7, 7, 6, 6, 6, 7, 7, 7, 6, 6, 6, 7, 6, 7, 6, 7, 6, 6, 7, 7, 7, 7, 6, 6, 7, 6, 7, 6, 7, 7, 6, 6, 6, 6, 7, 6, 7, 7, 7, 6, 6, 6, 7, 6, 7, 6, 7, 7, 7, 7, 7, 6, 7, 7, 8, 6, 7, 7, 6, 6, 6, 7, 7, 7, 6, 7, 7, 7, 6, 6, 6, 6, 6, 7, 7, 6, 7, 6, 6, 6, 6, 6, 6, 6, 6, 7, 6, 6, 7, 7, 7, 7, 7, 6, 7, 7, 6, 6, 6, 7, 7, 7, 7, 6, 6, 7, 6, 8, 6, 7, 7, 6, 6, 6, 7, 7, 7, 7, 7, 7, 6, 6, 6, 6, 6, 7, 7, 6, 6, 7, 6, 8, 7, 7, 7, 6, 7, 7, 6, 7, 7, 6, 7, 7, 6, 7, 7, 7, 6, 6, 7, 7, 7, 6, 6, 7, 6, 6, 7, 6, 6, 7, 7, 6, 6, 7, 6, 6, 7, 7, 7, 7, 7, 7, 6, 6, 6, 7, 7, 6, 7, 6, 7, 6, 7, 6, 6, 6, 6, 7, 6, 7, 6, 6, 7, 6, 6, 6, 6, 6, 7, 7, 7, 7, 8, 8, 7, 7, 7, 6, 6, 7, 6, 7, 6, 7, 6, 7, 6, 8, 6, 7, 7, 7, 7, 6, 6, 6, 7, 7, 7, 7, 7, 6, 7, 6, 6, 7, 6, 7, 6, 6, 6, 7, 6, 7, 6, 6, 6, 6, 6, 8, 6, 6, 6, 7, 6, 6, 7, 6, 6, 6, 7, 7, 7, 6, 6, 7, 6, 6, 6, 7, 7, 7, 6, 7, 7, 7, 7, 7, 6, 7, 7, 6, 7, 7, 6, 6, 6, 6, 6, 7, 7, 7, 6, 6, 7, 7, 7, 6, 6, 7, 6, 7, 7, 7, 7, 7, 6, 6, 7, 6, 6, 7, 6, 6, 7, 6, 7, 6, 7, 7, 6, 7, 7, 7, 6, 7, 7, 6, 6, 7, 7, 7, 7, 7, 6, 6, 7, 6, 7, 7, 6, 7, 7, 7, 7, 6, 7, 7, 7, 6, 7, 7, 6, 7, 6, 7, 6, 7, 7, 6, 6, 7, 7, 6, 7, 7, 7, 7, 6, 6, 6, 7, 7, 6, 6, 7, 7, 7, 7, 6, 6, 6, 7, 6, 7, 6, 6, 6, 6, 6, 6, 6, 6, 6, 7, 6, 6, 6, 7, 6, 6, 7, 7, 7, 7, 6, 7, 7, 6, 6, 7, 6, 7, 7, 6, 7, 6, 6, 6, 6, 7, 7, 6, 7, 6, 6, 7, 6, 7, 6, 6, 7, 7, 7, 7, 6, 6, 6, 6, 6, 6, 7, 7, 6, 6, 6, 6, 7, 7, 6, 6, 6, 7, 6, 7, 7, 6, 7, 6, 6, 6, 6, 6, 6, 7, 6, 6, 6, 6, 7, 7, 7, 7, 7, 7, 7, 6, 6, 7, 7, 6, 6, 7, 7, 6, 6, 6, 6, 6, 7, 7, 7, 6, 7, 6, 6, 6, 7, 7, 7, 7, 6, 7, 6, 6, 6, 7, 6, 6, 6, 7, 6, 7, 6, 7, 6, 7, 6, 7, 6, 7, 6, 7, 7, 7, 7, 6, 7, 6, 6, 7, 7, 7, 7, 6, 7, 6, 6, 7, 6, 7, 6, 7, 7, 7, 7, 6, 6, 7, 6, 7, 7, 7, 6, 6, 6, 7, 7, 7, 7, 6, 6, 7, 6, 7, 7, 7, 7, 6, 6, 6, 6, 6, 7, 6, 6, 6, 6, 6, 7, 7, 6, 6, 7, 6, 7, 7, 7, 7, 6, 6, 7, 6, 7, 7, 6, 7, 7, 7, 6, 7, 7, 6]

################################################################
################################################################
################### process_jail_list: ######################

[6, 6, 6, 6, 6, 7, 7, 6, 7, 6, 6, 6, 6, 6, 6, 6, 6, 5, 5, 6, 6, 6, 5, 6, 6, 6, 6, 5, 5, 6, 6, 6, 5, 6, 6, 6, 6, 6, 6, 5, 5, 5, 6, 6, 6, 6, 6, 6, 6, 6, 6, 6, 6, 6, 6, 7, 6, 6, 6, 6, 6, 6, 6, 6, 6, 6, 7, 6, 6, 6, 6, 6, 7, 6, 6, 7, 6, 6, 6, 6, 6, 6, 6, 7, 6, 6, 6, 6, 6, 6, 6, 6, 6, 6, 6, 6, 6, 6, 5, 6, 6, 6, 6, 6, 6, 5, 5, 6, 7, 6, 6, 7, 6, 6, 5, 6, 6, 6, 6, 6, 5, 6, 6, 6, 6, 6, 6, 6, 5, 6, 6, 6, 6, 6, 6, 6, 6, 6, 6, 6, 6, 7, 6, 6, 6, 6, 6, 6, 6, 6, 6, 6, 6, 6, 6, 6, 6, 6, 6, 6, 6, 5, 6, 6, 7, 6, 6, 6, 6, 6, 6, 6, 6, 5, 6, 6, 6, 6, 6, 6, 5, 6, 6, 6, 6, 6, 6, 6, 7, 6, 6, 6, 6, 6, 6, 5, 5, 6, 6, 6, 6, 6, 6, 6, 5, 6, 6, 6, 7, 6, 6, 6, 6, 6, 6, 6, 7, 7, 7, 6, 6, 6, 6, 6, 5, 6, 6, 6, 6, 7, 6, 6, 6, 6, 5, 5, 6, 6, 6, 6, 7, 6, 6, 5, 6, 6, 6, 5, 6, 6, 6, 5, 6, 6, 6, 6, 6, 5, 6, 6, 6, 6, 6, 6, 6, 6, 6, 6, 6, 6, 6, 7, 6, 6, 6, 6, 6, 6, 6, 6, 6, 6, 6, 6, 6, 6, 5, 6, 6, 6, 6, 6, 6, 6, 5, 7, 6, 6, 6, 6, 6, 6, 6, 7, 6, 6, 6, 6, 6, 6, 6, 6, 6, 6, 7, 6, 6, 5, 6, 6, 6, 6, 6, 6, 5, 6, 6, 6, 6, 6, 6, 6, 6, 6, 6, 6, 6, 6, 5, 6, 6, 6, 6, 6, 6, 6, 6, 6, 6, 6, 6, 5, 6, 6, 6, 6, 5, 6, 6, 6, 5, 6, 6, 6, 6, 6, 6, 6, 7, 7, 6, 6, 6, 6, 6, 6, 6, 6, 6, 6, 6, 6, 5, 7, 6, 6, 6, 6, 6, 6, 6, 6, 6, 6, 6, 6, 6, 6, 6, 6, 6, 6, 6, 6, 5, 6, 6, 6, 6, 6, 6, 6, 6, 6, 5, 7, 6, 6, 6, 6, 6, 6, 6, 5, 6, 6, 6, 6, 6, 6, 6, 6, 6, 6, 6, 6, 6, 6, 6, 6, 6, 6, 6, 6, 5, 6, 6, 6, 6, 7, 6, 6, 6, 6, 6, 7, 7, 6, 6, 6, 6, 6, 6, 6, 6, 6, 6, 6, 6, 6, 6, 6, 5, 6, 6, 6, 5, 6, 6, 6, 6, 6, 6, 6, 6, 6, 5, 6, 6, 6, 6, 6, 6, 5, 6, 6, 6, 6, 6, 6, 6, 5, 6, 6, 6, 6, 6, 6, 6, 6, 6, 6, 6, 6, 6, 6, 6, 6, 6, 6, 5, 6, 5, 6, 6, 6, 6, 6, 6, 6, 6, 6, 6, 7, 6, 6, 6, 6, 6, 6, 6, 6, 7, 6, 6, 5, 6, 6, 6, 5, 6, 6, 5, 5, 6, 6, 6, 6, 6, 6, 7, 6, 6, 6, 6, 6, 6, 6, 6, 6, 6, 6, 6, 7, 6, 6, 6, 6, 6, 6, 5, 6, 6, 5, 6, 6, 6, 6, 6, 6, 6, 6, 7, 6, 6, 6, 5, 6, 6, 6, 6, 6, 6, 5, 5, 6, 6, 6, 6, 5, 6, 6, 6, 6, 6, 5, 5, 6, 6, 6, 6, 6, 5, 6, 6, 6, 6, 6, 6, 5, 6, 5, 6, 6, 5, 6, 6, 6, 6, 6, 6, 6, 6, 6, 6, 6, 6, 5, 6, 6, 5, 6, 6, 6, 6, 6, 6, 6, 6, 6, 6, 5, 6, 6, 6, 6, 6, 6, 6, 6, 5, 6, 6, 6, 5, 6, 6, 5, 6, 6, 6, 6, 6, 5, 6, 6, 6, 6, 6, 6, 6, 6, 6, 6, 6, 5, 6, 6, 6, 6, 6, 6, 6, 6, 6, 6, 6, 5, 6, 6, 6, 6, 6, 6, 6, 6, 6, 6, 6, 6, 6, 6, 6, 6, 7, 6, 6, 6, 6, 6, 6, 6, 6, 6, 5, 6, 6, 6, 5, 6, 5, 5, 6, 5, 6, 6, 6, 6, 6, 6, 5, 6, 6, 7, 6, 6, 5, 6, 6, 7, 6, 6, 6, 7, 6, 5, 6, 6, 5]

################################################################
