Numero total de amostras 770

Tempo total de processamento: 0:41:22

############## TEMPOS DE PROCESSAMENTO DO EXERCICIO NO JAIL  ####################
Soma 4521 segundos
Media 5.871428571428571 segundos
Desvio padr達o 0.33472498611028517 segundos
Minimo 5 segundos
Maximo 6 segundos

95% 5.0 segundos
99% 5.0 segundos

############## TEMPOS DE PROCESSAMENTO DO EXERCICIO NO JAIL COM DOWNLOAD  ################
Soma 4963 segundos
Media 6.445454545454545 segundos
Desvio padr達o 0.49701588846678707 segundos
Minimo 6 segundos
Maximo 7 segundos

95% 6.0 segundos
99% 6.0 segundos

################### TEMPOS DE DOWNLOAD DO EXERCICIO NO JAIL #######################
Soma 442 segundos
Media 0.574025974025974 segundos
Desvio padr達o 0.49710920104832945 segundos
Minimo 0 segundos
Maximo 2 segundos

95% 0.0 segundos
99% 0.0 segundos

############################ TEMPOS DE ESPERA NA FILA ############################
Soma 703364
Media 913.4597402597402 segundos
Desvio padr達o 525.8990388168664 segundos
Minimo 4 segundos
Maximo 1823 segundos

95% 20.221999999999998 segundos
99% 21.452399999999997 segundos

################### queue_wait_time_list: ######################

[18, 19, 33, 42, 4, 4, 1046, 1055, 10, 9, 14, 13, 23, 24, 29, 31, 28, 38, 47, 51, 43, 48, 56, 61, 67, 77, 62, 71, 80, 70, 86, 74, 94, 90, 104, 89, 100, 99, 109, 128, 113, 110, 114, 123, 124, 133, 132, 138, 1064, 1079, 37, 52, 57, 66, 142, 148, 152, 162, 158, 161, 181, 166, 171, 177, 185, 176, 190, 193, 186, 191, 199, 204, 213, 210, 204, 224, 208, 219, 228, 218, 238, 234, 243, 232, 247, 257, 253, 248, 262, 251, 266, 281, 266, 271, 277, 276, 1078, 315, 286, 314, 285, 291, 290, 319, 318, 295, 296, 324, 300, 299, 304, 305, 309, 309, 80, 85, 1092, 351, 322, 352, 1097, 1106, 1120, 329, 328, 357, 357, 1130, 333, 332, 1144, 338, 1150, 338, 1163, 1174, 342, 343, 1178, 1196, 1207, 348, 347, 1135, 1153, 95, 103, 118, 119, 369, 366, 376, 365, 380, 394, 383, 379, 388, 403, 399, 394, 409, 413, 404, 416, 407, 422, 436, 417, 422, 432, 426, 441, 450, 436, 445, 455, 460, 456, 463, 474, 469, 464, 477, 468, 482, 472, 497, 487, 493, 492, 129, 1187, 137, 143, 147, 151, 157, 501, 515, 511, 520, 510, 526, 515, 533, 529, 543, 530, 540, 549, 539, 548, 553, 557, 562, 567, 582, 562, 573, 572, 576, 591, 586, 581, 596, 624, 592, 600, 605, 601, 611, 614, 610, 621, 630, 620, 629, 634, 1217, 1226, 633, 1234, 1250, 1278, 639, 640, 1287, 644, 1303, 1311, 167, 1239, 1258, 170, 180, 194, 200, 654, 648, 663, 658, 662, 665, 681, 672, 677, 706, 676, 682, 686, 694, 687, 700, 696, 710, 714, 705, 719, 719, 715, 724, 742, 729, 732, 739, 733, 752, 747, 765, 748, 758, 762, 757, 772, 776, 766, 780, 771, 1268, 1297, 1301, 812, 786, 785, 813, 1317, 1321, 1331, 790, 788, 1341, 818, 818, 794, 794, 798, 799, 803, 804, 809, 808, 214, 1350, 1378, 224, 229, 238, 244, 838, 828, 832, 837, 847, 842, 857, 852, 846, 860, 851, 870, 866, 875, 866, 876, 880, 879, 885, 895, 890, 899, 899, 909, 904, 908, 914, 918, 918, 923, 928, 933, 941, 927, 938, 946, 937, 951, 956, 947, 961, 1364, 1368, 960, 1388, 1402, 1420, 1438, 966, 965, 970, 971, 975, 976, 979, 980, 257, 1390, 1410, 1430, 984, 984, 990, 989, 994, 993, 998, 998, 263, 1040, 1041, 1044, 1050, 1050, 1056, 270, 280, 1003, 1021, 1012, 1017, 1013, 1021, 1031, 1027, 1036, 1060, 1031, 1059, 1064, 1069, 1070, 1093, 1074, 1084, 1073, 1088, 1083, 1097, 1087, 1102, 1102, 1107, 1111, 1115, 1124, 1111, 1116, 1119, 1130, 1134, 1125, 1144, 1139, 1481, 1140, 1149, 1154, 1164, 1159, 1158, 1168, 1173, 1178, 1169, 1183, 1182, 1188, 1191, 1196, 1206, 1193, 1202, 1215, 1202, 1211, 1225, 1212, 1221, 1236, 1222, 1231, 1239, 1231, 1259, 1245, 1249, 1244, 1255, 1263, 1254, 1269, 1273, 1264, 1277, 1282, 1274, 1286, 1283, 1293, 1297, 1292, 375, 362, 361, 370, 1305, 1306, 1312, 1316, 1322, 1324, 1326, 1330, 1340, 1336, 1353, 1335, 1344, 1344, 1350, 1359, 1364, 1355, 1358, 1369, 1372, 1377, 1392, 1373, 1383, 1387, 1382, 1397, 1401, 1407, 1397, 1406, 1411, 1417, 1420, 1425, 1415, 1424, 1430, 1435, 1439, 1434, 1657, 1666, 1695, 1714, 1444, 1443, 1718, 1732, 1448, 1448, 1453, 1454, 1458, 1457, 1462, 1481, 1500, 1508, 1519, 1528, 1553, 1561, 1572, 1581, 1625, 1629, 1633, 1642, 384, 398, 1462, 1467, 1468, 1472, 1471, 1477, 1490, 1534, 1543, 1590, 1599, 1604, 1616, 1619, 1652, 1676, 1685, 1709, 1738, 389, 411, 426, 1475, 1484, 1491, 1495, 1485, 1494, 1500, 1504, 1505, 1518, 1509, 1515, 1528, 1513, 1523, 1533, 1524, 1538, 1536, 1542, 1552, 1547, 1557, 1547, 1556, 1567, 1562, 1582, 1571, 1566, 1575, 1586, 1576, 1591, 1609, 1587, 1596, 1601, 1596, 1604, 1610, 1615, 1620, 1747, 430, 440, 446, 449, 459, 1629, 1624, 1639, 1634, 1638, 1653, 1643, 1647, 1656, 1647, 1665, 1662, 1671, 1662, 1672, 1682, 1675, 1686, 1689, 1681, 1690, 1695, 1704, 1699, 1708, 1700, 1705, 1723, 1714, 1719, 1727, 1732, 1722, 1728, 1737, 1752, 1741, 1747, 1742, 1751, 1757, 1755, 1761, 1761, 1790, 1789, 1767, 1766, 1794, 1794, 1771, 1770, 1800, 1776, 1775, 1781, 1780, 1784, 1785, 478, 487, 496, 501, 506, 521, 525, 1799, 1803, 1804, 1809, 1808, 1812, 1813, 1817, 1817, 1823, 1822, 483, 506, 534, 544, 552, 559, 567, 576, 586, 595, 605, 615, 625, 643, 649, 653, 657, 667, 672, 691, 692, 700, 708, 723, 728, 738, 743, 751, 761, 775, 779, 885, 822, 823, 826, 832, 841, 854, 860, 871, 889, 894, 903, 913, 924, 933, 942, 952, 957, 1004, 1007, 1018, 1026, 1037, 1008]

################################################################
################### jail_ex_download_list: ######################

[0, 0, 1, 1, 1, 2, 0, 0, 1, 1, 1, 1, 1, 1, 0, 1, 0, 0, 0, 1, 1, 0, 0, 1, 0, 0, 1, 1, 1, 1, 0, 0, 1, 1, 1, 1, 1, 1, 0, 0, 1, 0, 1, 1, 1, 1, 1, 0, 1, 0, 1, 1, 0, 0, 1, 0, 1, 1, 0, 1, 1, 0, 1, 0, 0, 0, 1, 1, 0, 1, 0, 1, 1, 1, 1, 0, 1, 1, 1, 1, 1, 0, 0, 0, 1, 1, 0, 1, 0, 0, 1, 1, 1, 1, 1, 1, 0, 0, 0, 0, 0, 1, 1, 0, 0, 0, 0, 1, 1, 1, 0, 0, 1, 1, 1, 0, 0, 1, 1, 1, 1, 1, 1, 0, 0, 0, 0, 0, 1, 1, 1, 0, 0, 0, 0, 1, 1, 1, 0, 1, 1, 0, 0, 1, 1, 1, 1, 0, 0, 1, 1, 0, 1, 1, 0, 1, 1, 1, 0, 1, 0, 0, 1, 0, 0, 1, 1, 1, 0, 1, 0, 1, 1, 1, 1, 0, 0, 0, 0, 1, 1, 0, 1, 1, 0, 1, 1, 1, 1, 0, 0, 0, 0, 0, 1, 0, 1, 0, 1, 0, 1, 1, 1, 0, 0, 1, 0, 1, 0, 0, 0, 0, 0, 1, 0, 1, 1, 0, 1, 0, 0, 1, 0, 1, 0, 1, 1, 0, 0, 1, 0, 0, 1, 0, 0, 0, 0, 0, 1, 1, 1, 1, 1, 1, 1, 0, 0, 1, 1, 0, 1, 0, 1, 1, 1, 1, 1, 0, 1, 0, 1, 1, 1, 1, 1, 1, 1, 0, 1, 1, 1, 1, 1, 1, 1, 1, 0, 0, 1, 1, 0, 1, 1, 0, 1, 0, 1, 1, 0, 1, 0, 0, 1, 0, 0, 0, 1, 1, 0, 1, 1, 0, 1, 0, 0, 1, 1, 1, 0, 1, 1, 0, 0, 0, 0, 0, 0, 0, 1, 1, 0, 0, 1, 0, 0, 0, 1, 1, 0, 0, 0, 1, 0, 0, 1, 0, 1, 0, 1, 1, 1, 0, 0, 0, 0, 1, 1, 0, 0, 1, 1, 1, 1, 0, 1, 0, 1, 1, 0, 1, 0, 1, 1, 0, 0, 1, 1, 0, 0, 1, 0, 1, 1, 0, 1, 0, 1, 0, 0, 1, 1, 0, 0, 1, 1, 1, 1, 1, 0, 1, 1, 0, 0, 1, 1, 1, 1, 0, 1, 1, 0, 1, 1, 0, 1, 1, 0, 1, 0, 1, 0, 1, 1, 1, 0, 1, 1, 1, 1, 0, 0, 0, 1, 1, 1, 1, 1, 1, 1, 0, 0, 1, 0, 0, 1, 0, 0, 1, 0, 1, 1, 1, 0, 1, 0, 0, 1, 0, 1, 1, 1, 1, 0, 1, 1, 1, 0, 1, 1, 1, 1, 0, 1, 0, 0, 1, 0, 0, 1, 0, 0, 1, 0, 1, 0, 1, 0, 0, 0, 0, 1, 0, 0, 1, 0, 0, 1, 0, 0, 1, 0, 0, 0, 0, 1, 1, 1, 1, 1, 1, 1, 1, 0, 0, 1, 1, 1, 1, 1, 0, 1, 0, 1, 1, 1, 1, 0, 1, 1, 1, 0, 1, 0, 1, 0, 0, 0, 1, 0, 0, 1, 0, 1, 0, 1, 1, 1, 1, 1, 0, 0, 0, 0, 1, 1, 1, 1, 0, 0, 0, 0, 1, 1, 0, 1, 1, 1, 0, 0, 0, 1, 0, 0, 1, 1, 1, 1, 1, 0, 0, 1, 1, 0, 0, 0, 0, 1, 1, 1, 0, 1, 0, 1, 0, 1, 0, 1, 1, 1, 0, 1, 0, 1, 1, 1, 0, 1, 1, 1, 1, 0, 1, 0, 0, 0, 0, 1, 1, 0, 0, 1, 1, 1, 1, 1, 0, 1, 0, 1, 1, 0, 1, 1, 1, 0, 0, 1, 0, 1, 1, 0, 1, 0, 0, 1, 0, 1, 1, 0, 0, 0, 1, 0, 0, 0, 1, 1, 1, 1, 0, 0, 0, 0, 0, 1, 1, 1, 0, 1, 0, 0, 1, 1, 1, 0, 1, 0, 1, 1, 1, 1, 1, 0, 1, 1, 0, 1, 1, 0, 0, 1, 1, 0, 0, 0, 0, 1, 1, 1, 1, 0, 0, 0, 1, 1, 1, 1, 1, 1, 1, 1, 1, 1, 0, 0, 1, 1, 0, 0, 1, 1, 1, 1, 0, 0, 1, 1, 1, 1, 1, 0, 1, 1, 1, 1, 1, 1, 1, 1, 0, 1, 1, 1, 1, 0, 0, 1, 1, 1, 0, 0, 1, 1, 1, 1, 1, 0, 1, 1, 0, 1, 1, 0, 1, 1, 1, 0, 0, 0, 0, 0, 1, 1, 0, 0, 1, 1, 1, 0, 1]

################################################################
################################################################
################### process_jail_download_list: ######################

[6, 6, 7, 7, 7, 7, 6, 6, 6, 6, 7, 7, 7, 7, 6, 7, 6, 6, 6, 7, 7, 6, 6, 7, 6, 6, 7, 7, 7, 7, 6, 6, 7, 6, 7, 6, 6, 6, 6, 6, 7, 6, 7, 7, 7, 7, 7, 6, 7, 6, 6, 7, 6, 6, 7, 6, 7, 7, 6, 7, 6, 6, 7, 6, 6, 6, 6, 7, 6, 6, 6, 7, 7, 6, 7, 6, 6, 7, 7, 7, 7, 6, 6, 6, 7, 7, 6, 7, 6, 6, 6, 7, 6, 7, 6, 6, 6, 6, 6, 6, 6, 7, 7, 6, 6, 6, 6, 7, 7, 7, 6, 6, 7, 7, 7, 6, 6, 7, 7, 7, 7, 7, 7, 6, 6, 6, 6, 6, 7, 7, 7, 6, 6, 6, 6, 7, 7, 7, 6, 7, 7, 6, 6, 7, 6, 7, 7, 6, 6, 7, 6, 6, 6, 7, 6, 6, 7, 7, 6, 7, 6, 6, 7, 6, 6, 6, 6, 6, 6, 6, 6, 7, 7, 7, 6, 6, 6, 6, 6, 7, 6, 6, 7, 7, 6, 6, 6, 6, 7, 6, 6, 6, 6, 6, 7, 6, 7, 6, 7, 6, 7, 7, 7, 6, 6, 7, 6, 7, 6, 6, 6, 6, 6, 7, 6, 6, 7, 6, 6, 6, 6, 7, 6, 7, 6, 7, 7, 6, 6, 7, 6, 6, 7, 6, 6, 6, 6, 6, 7, 7, 7, 7, 6, 7, 7, 6, 6, 7, 7, 6, 6, 6, 7, 7, 7, 7, 7, 6, 6, 6, 6, 7, 6, 7, 6, 6, 7, 6, 7, 6, 7, 6, 7, 7, 6, 7, 6, 6, 6, 6, 6, 7, 7, 6, 7, 6, 7, 7, 6, 7, 6, 6, 6, 6, 6, 6, 7, 7, 6, 7, 7, 6, 7, 6, 6, 7, 7, 6, 6, 7, 7, 6, 6, 6, 6, 6, 6, 6, 7, 7, 6, 6, 7, 6, 6, 6, 7, 7, 6, 6, 6, 7, 6, 6, 7, 6, 7, 6, 7, 7, 7, 6, 6, 6, 6, 7, 7, 6, 6, 7, 7, 7, 7, 6, 7, 6, 7, 7, 6, 7, 6, 7, 7, 6, 6, 6, 7, 6, 6, 7, 6, 6, 7, 6, 7, 6, 7, 6, 6, 7, 7, 6, 6, 6, 6, 7, 7, 7, 6, 7, 7, 6, 6, 6, 6, 7, 7, 6, 7, 7, 6, 6, 6, 6, 7, 7, 6, 7, 6, 6, 6, 7, 7, 6, 6, 6, 7, 6, 7, 6, 6, 6, 7, 6, 7, 7, 6, 7, 7, 6, 6, 7, 6, 6, 7, 6, 6, 7, 6, 7, 7, 7, 6, 6, 6, 6, 6, 6, 7, 7, 7, 7, 6, 7, 7, 7, 6, 6, 7, 7, 6, 6, 7, 6, 6, 7, 6, 6, 6, 6, 6, 7, 6, 7, 6, 7, 6, 6, 6, 6, 7, 6, 6, 7, 6, 6, 7, 6, 6, 7, 6, 6, 6, 6, 7, 7, 7, 6, 7, 6, 7, 7, 6, 6, 7, 6, 7, 7, 7, 6, 7, 6, 6, 7, 6, 7, 6, 7, 7, 7, 6, 7, 6, 7, 6, 6, 6, 7, 6, 6, 7, 6, 7, 6, 6, 7, 6, 7, 7, 6, 6, 6, 6, 6, 7, 7, 7, 6, 6, 6, 6, 7, 6, 6, 7, 7, 7, 6, 6, 6, 7, 6, 6, 7, 6, 6, 7, 7, 6, 6, 7, 7, 6, 6, 6, 6, 7, 6, 7, 6, 7, 6, 7, 6, 7, 6, 7, 7, 7, 6, 7, 6, 7, 7, 7, 6, 6, 6, 7, 7, 6, 7, 6, 6, 6, 6, 7, 7, 6, 6, 7, 7, 7, 7, 7, 6, 7, 6, 7, 7, 6, 7, 7, 7, 6, 6, 6, 6, 7, 7, 6, 7, 6, 6, 7, 6, 7, 6, 6, 6, 6, 7, 6, 6, 6, 7, 7, 7, 7, 6, 6, 6, 6, 6, 7, 6, 7, 6, 7, 6, 6, 7, 7, 7, 6, 7, 6, 6, 6, 7, 7, 6, 6, 7, 7, 6, 7, 7, 6, 6, 7, 7, 6, 6, 6, 6, 7, 7, 7, 7, 6, 6, 6, 6, 6, 7, 7, 7, 7, 6, 7, 6, 7, 6, 6, 7, 7, 6, 6, 6, 6, 7, 7, 6, 6, 6, 6, 7, 7, 7, 6, 7, 7, 7, 7, 7, 7, 7, 7, 6, 6, 7, 7, 6, 6, 6, 7, 7, 7, 6, 6, 7, 7, 6, 6, 7, 6, 7, 7, 6, 7, 7, 6, 7, 7, 7, 6, 6, 6, 6, 6, 7, 7, 6, 6, 7, 6, 6, 6, 7]

################################################################
################################################################
################### process_jail_list: ######################

[6, 6, 6, 6, 6, 5, 6, 6, 5, 5, 6, 6, 6, 6, 6, 6, 6, 6, 6, 6, 6, 6, 6, 6, 6, 6, 6, 6, 6, 6, 6, 6, 6, 5, 6, 5, 5, 5, 6, 6, 6, 6, 6, 6, 6, 6, 6, 6, 6, 6, 5, 6, 6, 6, 6, 6, 6, 6, 6, 6, 5, 6, 6, 6, 6, 6, 5, 6, 6, 5, 6, 6, 6, 5, 6, 6, 5, 6, 6, 6, 6, 6, 6, 6, 6, 6, 6, 6, 6, 6, 5, 6, 5, 6, 5, 5, 6, 6, 6, 6, 6, 6, 6, 6, 6, 6, 6, 6, 6, 6, 6, 6, 6, 6, 6, 6, 6, 6, 6, 6, 6, 6, 6, 6, 6, 6, 6, 6, 6, 6, 6, 6, 6, 6, 6, 6, 6, 6, 6, 6, 6, 6, 6, 6, 5, 6, 6, 6, 6, 6, 5, 6, 5, 6, 6, 5, 6, 6, 6, 6, 6, 6, 6, 6, 6, 5, 5, 5, 6, 5, 6, 6, 6, 6, 5, 6, 6, 6, 6, 6, 5, 6, 6, 6, 6, 5, 5, 5, 6, 6, 6, 6, 6, 6, 6, 6, 6, 6, 6, 6, 6, 6, 6, 6, 6, 6, 6, 6, 6, 6, 6, 6, 6, 6, 6, 5, 6, 6, 5, 6, 6, 6, 6, 6, 6, 6, 6, 6, 6, 6, 6, 6, 6, 6, 6, 6, 6, 6, 6, 6, 6, 6, 5, 6, 6, 6, 6, 6, 6, 6, 5, 6, 6, 6, 6, 6, 6, 6, 5, 6, 5, 6, 5, 6, 5, 5, 6, 6, 6, 5, 6, 5, 6, 6, 5, 6, 6, 6, 5, 5, 6, 6, 6, 6, 6, 6, 6, 6, 6, 6, 6, 6, 5, 6, 6, 6, 6, 6, 6, 6, 6, 6, 6, 6, 6, 6, 6, 5, 6, 6, 6, 6, 6, 6, 6, 6, 6, 6, 6, 6, 6, 6, 6, 6, 6, 6, 6, 6, 6, 6, 6, 6, 6, 6, 6, 6, 6, 6, 6, 6, 6, 6, 6, 6, 6, 6, 6, 6, 6, 6, 6, 6, 6, 6, 6, 6, 6, 6, 6, 6, 6, 6, 6, 6, 6, 5, 6, 6, 6, 6, 6, 5, 6, 6, 6, 6, 6, 6, 6, 6, 6, 6, 6, 5, 5, 6, 6, 6, 6, 6, 6, 6, 6, 5, 5, 6, 6, 6, 6, 6, 6, 5, 5, 6, 6, 6, 6, 6, 6, 5, 6, 6, 6, 5, 6, 5, 6, 5, 6, 6, 6, 6, 6, 5, 6, 6, 5, 6, 6, 6, 6, 6, 6, 6, 6, 6, 6, 6, 6, 6, 6, 6, 6, 5, 6, 6, 5, 6, 6, 6, 6, 6, 6, 6, 6, 6, 6, 5, 6, 6, 5, 6, 6, 6, 6, 6, 6, 6, 5, 6, 6, 6, 6, 6, 6, 6, 6, 6, 6, 6, 6, 6, 6, 6, 6, 6, 6, 6, 6, 6, 6, 6, 6, 6, 6, 6, 6, 5, 6, 5, 6, 6, 6, 6, 6, 5, 6, 6, 6, 6, 6, 6, 5, 6, 5, 6, 6, 6, 6, 6, 6, 6, 6, 6, 6, 6, 6, 6, 6, 6, 6, 6, 6, 6, 5, 6, 5, 6, 6, 6, 6, 6, 6, 5, 6, 6, 6, 6, 6, 6, 6, 6, 5, 6, 6, 6, 6, 6, 6, 6, 6, 6, 6, 6, 5, 5, 6, 6, 6, 6, 6, 6, 6, 6, 6, 6, 6, 5, 6, 6, 6, 6, 6, 6, 6, 6, 6, 6, 6, 6, 6, 6, 6, 6, 6, 6, 5, 5, 6, 6, 6, 6, 6, 6, 6, 6, 6, 6, 6, 6, 6, 6, 6, 6, 6, 6, 6, 6, 6, 6, 6, 6, 6, 6, 6, 6, 5, 6, 6, 6, 6, 6, 6, 6, 6, 6, 6, 5, 6, 6, 6, 6, 6, 6, 6, 6, 6, 6, 6, 6, 6, 6, 6, 6, 6, 5, 6, 6, 6, 6, 6, 6, 6, 6, 6, 6, 6, 5, 5, 6, 6, 5, 6, 6, 6, 6, 6, 6, 6, 6, 6, 6, 6, 6, 6, 6, 6, 6, 6, 6, 6, 6, 6, 5, 5, 6, 6, 6, 6, 5, 6, 5, 6, 6, 6, 6, 6, 6, 6, 5, 5, 6, 6, 6, 6, 5, 5, 6, 6, 6, 6, 6, 6, 6, 6, 6, 6, 6, 6, 6, 5, 6, 6, 5, 6, 6, 6, 6, 6, 6, 6, 6, 6, 5, 5, 6, 6, 6, 6, 6, 6, 6, 6, 6, 6, 6, 6, 6, 6, 6, 6, 6, 6, 6, 6, 6, 5, 5, 6, 6]

################################################################
