Numero total de amostras 770

Tempo total de processamento: 0:19:14

############## TEMPOS DE PROCESSAMENTO DO EXERCICIO NO JAIL  ####################
Soma 4866 segundos
Media 6.3194805194805195 segundos
Desvio padr達o 0.4745576097221334 segundos
Minimo 5 segundos
Maximo 7 segundos

95% 6.0 segundos
99% 6.0 segundos

############## TEMPOS DE PROCESSAMENTO DO EXERCICIO NO JAIL COM DOWNLOAD  ################
Soma 5777 segundos
Media 7.502597402597402 segundos
Desvio padr達o 0.8771965418196007 segundos
Minimo 6 segundos
Maximo 15 segundos

95% 6.0 segundos
99% 6.0 segundos

################### TEMPOS DE DOWNLOAD DO EXERCICIO NO JAIL #######################
Soma 911 segundos
Media 1.183116883116883 segundos
Desvio padr達o 0.8195504940590074 segundos
Minimo 0 segundos
Maximo 9 segundos

95% 0.0 segundos
99% 0.0 segundos

############################ TEMPOS DE ESPERA NA FILA ############################
Soma 208873
Media 271.26363636363635 segundos
Desvio padr達o 140.9551438358666 segundos
Minimo 4 segundos
Maximo 501 segundos

95% 15.0 segundos
99% 15.0 segundos

################### queue_wait_time_list: ######################

[37, 15, 19, 15, 18, 6, 19, 6, 15, 5, 19, 4, 14, 4, 22, 18, 14, 16, 22, 26, 24, 28, 27, 33, 23, 28, 40, 33, 28, 39, 34, 32, 41, 39, 39, 44, 42, 44, 47, 45, 46, 47, 49, 52, 50, 51, 53, 25, 210, 29, 29, 33, 38, 41, 43, 52, 54, 56, 59, 55, 58, 60, 59, 59, 63, 61, 63, 69, 64, 65, 67, 87, 70, 69, 67, 74, 74, 74, 84, 71, 72, 77, 79, 78, 79, 80, 89, 84, 85, 85, 94, 89, 90, 94, 90, 47, 49, 50, 55, 54, 56, 61, 62, 95, 95, 96, 97, 99, 102, 100, 101, 104, 105, 107, 106, 102, 106, 111, 110, 118, 111, 112, 113, 115, 115, 115, 116, 121, 120, 121, 124, 122, 123, 126, 125, 125, 126, 129, 130, 129, 130, 131, 67, 132, 133, 243, 252, 270, 295, 305, 313, 345, 410, 370, 370, 423, 476, 378, 428, 384, 482, 390, 435, 397, 443, 404, 498, 455, 463, 470, 68, 132, 133, 135, 135, 137, 137, 347, 411, 370, 370, 416, 464, 378, 423, 384, 470, 390, 429, 397, 436, 404, 477, 443, 484, 449, 490, 456, 497, 70, 74, 76, 79, 81, 85, 91, 91, 138, 151, 140, 141, 143, 147, 152, 144, 145, 143, 148, 148, 155, 155, 151, 148, 157, 155, 156, 159, 158, 158, 158, 162, 170, 165, 163, 166, 165, 162, 172, 167, 171, 170, 173, 167, 176, 176, 177, 217, 222, 411, 238, 178, 178, 179, 180, 352, 471, 372, 417, 392, 423, 398, 477, 430, 484, 436, 492, 444, 449, 498, 458, 465, 93, 98, 180, 181, 271, 182, 182, 290, 183, 184, 300, 309, 185, 185, 185, 186, 186, 412, 405, 372, 478, 444, 378, 418, 384, 449, 392, 423, 486, 399, 430, 465, 436, 492, 472, 98, 187, 263, 189, 189, 189, 190, 190, 288, 412, 372, 472, 378, 418, 384, 423, 392, 478, 400, 430, 405, 486, 435, 493, 452, 459, 498, 465, 101, 214, 211, 104, 214, 217, 212, 105, 213, 108, 215, 218, 220, 112, 117, 118, 120, 192, 192, 194, 199, 197, 200, 198, 194, 201, 200, 201, 205, 203, 204, 204, 207, 209, 207, 209, 219, 210, 220, 223, 222, 226, 223, 224, 227, 226, 227, 123, 386, 466, 418, 394, 400, 426, 473, 228, 407, 228, 229, 230, 231, 231, 240, 250, 259, 430, 373, 479, 437, 379, 443, 487, 452, 493, 459, 498, 127, 213, 224, 227, 393, 458, 400, 412, 407, 466, 418, 232, 232, 233, 235, 235, 267, 292, 302, 311, 426, 381, 473, 386, 431, 480, 438, 445, 493, 501, 127, 129, 137, 139, 142, 145, 147, 236, 239, 240, 240, 240, 236, 244, 242, 243, 246, 245, 246, 250, 249, 251, 249, 250, 253, 251, 254, 256, 254, 255, 255, 257, 259, 260, 273, 265, 261, 262, 271, 266, 266, 263, 266, 271, 266, 271, 273, 150, 280, 281, 281, 281, 282, 316, 276, 322, 330, 276, 339, 276, 473, 276, 401, 413, 277, 373, 445, 407, 279, 420, 381, 452, 426, 386, 480, 394, 432, 458, 439, 486, 467, 495, 152, 245, 327, 336, 460, 375, 414, 381, 426, 282, 387, 468, 284, 394, 285, 433, 285, 285, 286, 287, 287, 401, 321, 474, 439, 408, 446, 480, 452, 487, 494, 156, 161, 162, 163, 166, 172, 173, 175, 290, 294, 296, 292, 292, 296, 291, 294, 299, 297, 297, 303, 301, 303, 298, 301, 306, 304, 305, 308, 307, 306, 308, 309, 312, 309, 311, 314, 312, 313, 315, 315, 317, 316, 317, 320, 319, 319, 321, 196, 191, 192, 196, 198, 323, 326, 323, 324, 324, 327, 326, 327, 331, 327, 328, 328, 334, 332, 332, 329, 336, 334, 336, 339, 337, 339, 339, 339, 350, 341, 341, 344, 342, 344, 344, 342, 347, 347, 347, 347, 351, 354, 350, 352, 354, 350, 201, 219, 353, 236, 237, 247, 257, 257, 300, 309, 314, 319, 322, 324, 332, 356, 475, 439, 388, 415, 356, 355, 356, 358, 359, 355, 359, 394, 356, 461, 420, 401, 375, 446, 426, 481, 467, 452, 489, 207, 330, 337, 462, 388, 415, 397, 469, 402, 420, 359, 408, 359, 361, 362, 362, 362, 427, 476, 375, 433, 381, 481, 440, 446, 489, 455, 495, 205, 288, 342, 350, 381, 415, 462, 389, 420, 397, 469, 362, 403, 427, 362, 364, 365, 365, 365, 370, 409, 376, 433, 482, 441, 490, 450, 456, 495, 208, 345, 397, 415, 469, 404, 421, 409, 365, 476, 429, 367, 367, 367, 367, 368, 376, 433, 483, 383, 441, 389, 490, 449, 456, 496, 462]

################################################################
################### jail_ex_download_list: ######################

[1, 3, 2, 3, 1, 6, 3, 7, 3, 8, 2, 8, 4, 9, 1, 1, 1, 1, 1, 1, 2, 2, 1, 4, 2, 3, 1, 2, 3, 1, 3, 2, 1, 2, 2, 2, 1, 1, 1, 1, 1, 1, 1, 2, 1, 1, 1, 2, 1, 2, 2, 3, 1, 1, 1, 1, 1, 1, 1, 1, 1, 1, 2, 1, 1, 2, 1, 1, 2, 1, 1, 1, 2, 2, 1, 3, 1, 1, 1, 1, 1, 2, 3, 1, 3, 3, 1, 2, 2, 2, 1, 2, 2, 2, 2, 1, 1, 1, 1, 1, 2, 1, 1, 1, 1, 1, 1, 2, 2, 1, 2, 2, 1, 2, 2, 1, 2, 1, 1, 2, 1, 1, 1, 1, 2, 3, 2, 2, 1, 1, 2, 1, 1, 1, 1, 2, 1, 1, 2, 1, 1, 1, 1, 1, 2, 1, 1, 1, 1, 1, 0, 1, 0, 1, 1, 0, 1, 0, 1, 1, 2, 1, 1, 1, 1, 1, 0, 1, 1, 1, 1, 3, 2, 2, 2, 1, 1, 1, 0, 0, 1, 0, 0, 1, 1, 1, 1, 1, 0, 1, 1, 1, 1, 2, 1, 2, 1, 1, 1, 1, 2, 2, 3, 3, 2, 1, 2, 2, 2, 2, 1, 1, 1, 1, 2, 2, 3, 2, 2, 1, 1, 2, 2, 1, 2, 2, 1, 1, 2, 1, 1, 1, 1, 1, 3, 2, 1, 1, 2, 1, 2, 2, 2, 1, 1, 1, 1, 1, 0, 1, 1, 1, 1, 1, 0, 0, 0, 1, 1, 1, 1, 1, 1, 1, 1, 1, 1, 1, 0, 1, 0, 2, 2, 2, 1, 2, 1, 1, 1, 1, 1, 1, 0, 1, 1, 1, 1, 1, 1, 1, 1, 0, 1, 1, 1, 2, 1, 1, 1, 1, 1, 1, 1, 1, 1, 0, 1, 1, 2, 1, 1, 2, 1, 1, 1, 1, 1, 1, 1, 1, 2, 1, 1, 0, 0, 1, 1, 1, 2, 1, 1, 0, 1, 1, 1, 1, 1, 1, 2, 2, 1, 2, 1, 1, 2, 1, 1, 1, 1, 1, 1, 1, 2, 1, 1, 1, 1, 1, 1, 2, 1, 1, 1, 1, 1, 1, 1, 1, 2, 1, 1, 1, 1, 1, 1, 1, 1, 1, 2, 1, 1, 1, 0, 1, 1, 0, 1, 0, 1, 1, 1, 2, 1, 2, 1, 2, 2, 1, 2, 1, 1, 1, 1, 1, 1, 1, 1, 1, 1, 1, 1, 2, 1, 1, 1, 2, 1, 1, 1, 1, 1, 1, 2, 1, 1, 1, 2, 1, 1, 0, 0, 0, 1, 1, 1, 1, 1, 1, 1, 0, 1, 1, 1, 2, 1, 1, 1, 1, 1, 2, 2, 1, 2, 1, 1, 1, 2, 1, 1, 1, 1, 1, 1, 2, 1, 2, 1, 1, 2, 1, 1, 2, 1, 2, 1, 1, 2, 3, 3, 1, 3, 2, 3, 1, 3, 2, 2, 1, 1, 1, 1, 1, 1, 1, 1, 1, 1, 1, 0, 2, 1, 2, 1, 0, 1, 1, 1, 0, 1, 1, 1, 1, 0, 1, 1, 1, 1, 2, 0, 2, 0, 1, 2, 2, 0, 0, 1, 0, 0, 1, 0, 1, 1, 1, 1, 1, 1, 1, 1, 2, 1, 1, 2, 1, 0, 1, 2, 0, 1, 1, 1, 1, 1, 1, 1, 1, 1, 2, 2, 2, 1, 1, 1, 1, 1, 2, 1, 1, 2, 1, 1, 1, 1, 1, 1, 2, 1, 1, 1, 1, 1, 0, 1, 1, 1, 1, 1, 1, 1, 1, 0, 1, 1, 1, 0, 1, 1, 0, 1, 0, 1, 1, 1, 1, 1, 1, 1, 1, 0, 1, 0, 1, 0, 0, 1, 1, 1, 0, 1, 1, 0, 0, 1, 0, 0, 1, 1, 0, 1, 0, 0, 1, 1, 1, 0, 1, 1, 1, 1, 1, 1, 1, 1, 2, 1, 1, 1, 1, 1, 2, 1, 1, 1, 1, 1, 2, 1, 1, 0, 0, 1, 1, 1, 1, 1, 1, 1, 1, 0, 1, 0, 1, 1, 1, 1, 1, 1, 1, 1, 1, 1, 1, 0, 1, 2, 1, 1, 1, 1, 1, 1, 1, 0, 1, 1, 1, 1, 1, 1, 0, 1, 1, 1, 1, 1, 1, 1, 1, 0, 1, 1, 1, 1, 0, 1, 1, 0, 1, 1, 1, 1, 0, 1, 0, 1, 1, 1, 1, 1, 0, 1, 1, 1, 1, 1, 1, 1, 2, 1, 1, 1, 1, 1, 1, 1, 1, 1, 1, 1, 1, 1, 1, 1, 0, 0, 0, 1, 1, 1, 1, 1, 2, 0, 1, 1, 1, 2, 2, 1, 1]

################################################################
################################################################
################### process_jail_download_list: ######################

[8, 9, 8, 9, 8, 12, 9, 13, 10, 14, 8, 15, 10, 15, 8, 8, 8, 7, 8, 7, 9, 8, 8, 10, 9, 9, 7, 8, 9, 7, 9, 9, 8, 8, 8, 8, 8, 8, 7, 8, 7, 8, 8, 8, 7, 8, 8, 8, 8, 9, 8, 10, 8, 7, 8, 8, 7, 7, 7, 8, 8, 7, 8, 8, 7, 8, 7, 7, 8, 8, 7, 8, 8, 9, 8, 9, 7, 8, 7, 7, 8, 8, 10, 7, 9, 9, 7, 9, 8, 9, 7, 9, 8, 8, 8, 8, 7, 8, 7, 8, 8, 8, 8, 8, 8, 8, 8, 8, 8, 8, 8, 8, 7, 9, 9, 8, 9, 8, 7, 8, 8, 8, 8, 8, 8, 9, 8, 8, 8, 7, 8, 7, 7, 8, 7, 8, 7, 7, 8, 8, 7, 8, 7, 7, 8, 7, 7, 7, 7, 7, 7, 7, 6, 7, 7, 7, 7, 7, 7, 7, 9, 8, 7, 7, 7, 7, 7, 7, 7, 7, 8, 9, 9, 8, 8, 8, 8, 8, 7, 7, 7, 6, 6, 7, 7, 7, 7, 7, 6, 7, 7, 8, 7, 8, 7, 8, 7, 7, 7, 8, 9, 8, 10, 9, 9, 8, 8, 9, 8, 8, 8, 8, 8, 8, 9, 8, 9, 8, 8, 7, 8, 8, 8, 8, 8, 8, 8, 8, 8, 7, 7, 8, 7, 8, 9, 9, 8, 8, 9, 8, 8, 8, 9, 8, 7, 7, 8, 7, 7, 7, 7, 8, 8, 7, 7, 6, 7, 7, 7, 7, 7, 7, 7, 7, 7, 8, 7, 8, 6, 7, 7, 8, 8, 8, 8, 9, 7, 7, 7, 8, 7, 8, 6, 7, 8, 8, 7, 8, 7, 7, 7, 6, 7, 7, 7, 8, 7, 7, 7, 7, 7, 7, 7, 7, 7, 6, 8, 7, 8, 7, 8, 8, 7, 8, 8, 7, 7, 7, 7, 7, 8, 7, 7, 7, 6, 7, 7, 7, 8, 7, 7, 7, 7, 7, 8, 8, 7, 7, 9, 8, 8, 9, 8, 8, 8, 8, 8, 7, 8, 7, 8, 8, 9, 8, 7, 7, 7, 8, 8, 8, 8, 8, 7, 8, 7, 7, 8, 8, 8, 7, 7, 7, 7, 8, 8, 7, 7, 7, 8, 7, 7, 7, 6, 7, 7, 7, 7, 6, 7, 7, 7, 8, 7, 8, 8, 8, 8, 8, 8, 7, 7, 7, 7, 7, 7, 7, 8, 7, 7, 7, 7, 8, 7, 7, 8, 8, 7, 7, 7, 7, 7, 7, 8, 7, 7, 8, 8, 8, 7, 7, 6, 7, 7, 7, 7, 7, 7, 8, 7, 6, 7, 7, 8, 8, 7, 8, 7, 8, 8, 8, 9, 8, 8, 7, 7, 7, 8, 8, 8, 7, 7, 7, 7, 8, 8, 8, 7, 7, 8, 7, 8, 8, 8, 9, 8, 7, 9, 9, 9, 8, 9, 8, 9, 7, 9, 9, 8, 8, 7, 7, 8, 8, 7, 7, 7, 7, 7, 8, 6, 9, 7, 9, 7, 6, 8, 7, 7, 7, 8, 7, 7, 7, 7, 7, 7, 7, 7, 7, 6, 8, 6, 7, 8, 8, 6, 7, 7, 7, 7, 7, 6, 8, 7, 7, 8, 7, 7, 7, 8, 8, 8, 7, 8, 7, 7, 7, 8, 7, 7, 7, 7, 8, 7, 8, 7, 7, 7, 8, 8, 9, 8, 8, 8, 7, 7, 8, 8, 7, 8, 8, 7, 8, 7, 7, 8, 8, 8, 7, 7, 7, 7, 6, 7, 6, 7, 7, 8, 7, 7, 7, 6, 8, 7, 8, 7, 7, 7, 7, 7, 6, 8, 7, 8, 7, 8, 7, 6, 7, 7, 7, 7, 7, 7, 7, 7, 7, 8, 7, 8, 8, 7, 7, 7, 7, 7, 7, 7, 7, 7, 7, 7, 8, 7, 7, 7, 7, 7, 7, 7, 7, 7, 7, 7, 8, 7, 7, 7, 7, 8, 8, 7, 7, 7, 7, 8, 8, 7, 7, 7, 7, 7, 8, 7, 7, 7, 7, 7, 7, 6, 7, 7, 7, 7, 7, 7, 7, 7, 7, 7, 7, 7, 7, 7, 7, 8, 7, 7, 8, 7, 7, 8, 7, 6, 7, 7, 7, 7, 7, 7, 6, 7, 7, 7, 7, 7, 7, 8, 7, 7, 7, 7, 7, 7, 7, 8, 8, 7, 7, 7, 7, 7, 7, 7, 6, 8, 7, 7, 7, 7, 7, 7, 7, 7, 7, 7, 7, 8, 8, 7, 7, 7, 7, 7, 8, 7, 7, 7, 7, 7, 7, 7, 7, 7, 6, 7, 7, 7, 7, 7, 7, 7, 8, 7, 7, 7, 7, 8, 8, 7, 7]

################################################################
################################################################
################### process_jail_list: ######################

[7, 6, 6, 6, 7, 6, 6, 6, 7, 6, 6, 7, 6, 6, 7, 7, 7, 6, 7, 6, 7, 6, 7, 6, 7, 6, 6, 6, 6, 6, 6, 7, 7, 6, 6, 6, 7, 7, 6, 7, 6, 7, 7, 6, 6, 7, 7, 6, 7, 7, 6, 7, 7, 6, 7, 7, 6, 6, 6, 7, 7, 6, 6, 7, 6, 6, 6, 6, 6, 7, 6, 7, 6, 7, 7, 6, 6, 7, 6, 6, 7, 6, 7, 6, 6, 6, 6, 7, 6, 7, 6, 7, 6, 6, 6, 7, 6, 7, 6, 7, 6, 7, 7, 7, 7, 7, 7, 6, 6, 7, 6, 6, 6, 7, 7, 7, 7, 7, 6, 6, 7, 7, 7, 7, 6, 6, 6, 6, 7, 6, 6, 6, 6, 7, 6, 6, 6, 6, 6, 7, 6, 7, 6, 6, 6, 6, 6, 6, 6, 6, 7, 6, 6, 6, 6, 7, 6, 7, 6, 6, 7, 7, 6, 6, 6, 6, 7, 6, 6, 6, 7, 6, 7, 6, 6, 7, 7, 7, 7, 7, 6, 6, 6, 6, 6, 6, 6, 6, 6, 6, 6, 7, 6, 6, 6, 6, 6, 6, 6, 7, 7, 6, 7, 6, 7, 7, 6, 7, 6, 6, 7, 7, 7, 7, 7, 6, 6, 6, 6, 6, 7, 6, 6, 7, 6, 6, 7, 7, 6, 6, 6, 7, 6, 7, 6, 7, 7, 7, 7, 7, 6, 6, 7, 7, 6, 6, 7, 6, 7, 6, 6, 7, 7, 6, 7, 6, 7, 6, 6, 6, 6, 6, 6, 6, 6, 7, 6, 7, 6, 6, 7, 6, 6, 6, 7, 7, 6, 6, 6, 7, 6, 7, 6, 6, 7, 7, 6, 7, 6, 6, 6, 6, 6, 6, 6, 6, 6, 6, 6, 6, 6, 6, 6, 6, 6, 6, 7, 6, 6, 6, 7, 6, 6, 7, 7, 6, 6, 6, 6, 6, 6, 6, 6, 7, 6, 6, 6, 6, 6, 6, 6, 7, 6, 6, 7, 7, 6, 6, 7, 6, 7, 7, 7, 7, 6, 7, 7, 6, 7, 6, 7, 7, 7, 7, 6, 6, 6, 7, 7, 6, 7, 7, 6, 7, 6, 6, 7, 7, 6, 6, 6, 6, 6, 7, 7, 6, 6, 6, 6, 6, 6, 6, 6, 6, 6, 7, 6, 6, 6, 6, 6, 6, 6, 6, 7, 6, 6, 7, 6, 6, 6, 6, 6, 6, 6, 6, 7, 6, 6, 6, 6, 6, 6, 6, 7, 6, 6, 6, 6, 6, 6, 6, 6, 6, 6, 7, 6, 7, 6, 7, 6, 7, 6, 6, 6, 6, 6, 7, 6, 6, 6, 6, 7, 6, 6, 7, 6, 7, 7, 6, 7, 7, 6, 6, 6, 6, 6, 7, 7, 6, 6, 6, 6, 6, 7, 6, 6, 6, 6, 6, 7, 6, 7, 7, 7, 6, 7, 6, 6, 7, 6, 6, 6, 6, 6, 7, 6, 7, 6, 6, 7, 7, 6, 6, 6, 6, 6, 7, 6, 7, 6, 7, 6, 6, 7, 6, 6, 7, 7, 6, 6, 6, 7, 6, 6, 6, 6, 5, 6, 6, 6, 6, 6, 6, 6, 7, 6, 7, 7, 6, 6, 7, 6, 6, 7, 6, 6, 6, 7, 6, 7, 6, 6, 6, 7, 6, 6, 7, 6, 6, 6, 7, 6, 7, 6, 6, 6, 6, 6, 7, 7, 7, 7, 6, 6, 6, 7, 6, 6, 7, 6, 7, 6, 6, 7, 6, 7, 6, 6, 6, 6, 6, 6, 5, 6, 6, 7, 6, 6, 6, 6, 7, 6, 7, 7, 6, 6, 7, 6, 6, 7, 6, 7, 6, 7, 6, 5, 6, 7, 6, 7, 6, 7, 7, 6, 6, 7, 7, 7, 7, 7, 7, 6, 7, 7, 6, 6, 7, 6, 7, 7, 7, 6, 6, 7, 6, 6, 6, 6, 6, 6, 6, 6, 6, 6, 6, 6, 6, 7, 6, 6, 6, 6, 6, 7, 6, 6, 6, 7, 7, 6, 7, 6, 6, 6, 6, 6, 6, 6, 6, 7, 6, 6, 6, 6, 6, 6, 6, 6, 6, 6, 6, 7, 6, 6, 6, 6, 7, 6, 6, 7, 6, 6, 6, 6, 6, 6, 6, 6, 6, 6, 6, 6, 6, 6, 6, 7, 6, 7, 6, 6, 6, 6, 7, 7, 7, 7, 6, 6, 6, 6, 7, 6, 6, 7, 6, 6, 6, 6, 7, 6, 6, 6, 6, 6, 6, 7, 6, 6, 6, 6, 6, 6, 7, 6, 6, 6, 6, 6, 6, 6, 6, 6, 6, 7, 7, 6, 6, 6, 6, 6, 6, 7, 6, 6, 6, 6, 6, 6, 6]

################################################################
