Numero total de amostras 712

Tempo total de processamento: 0:10:15

############## TEMPOS DE PROCESSAMENTO DO EXERCICIO NO JAIL  ####################
Soma 4193 segundos
Media 5.889044943820225 segundos
Desvio padr達o 0.34801715733606836 segundos
Minimo 5 segundos
Maximo 7 segundos

95% 5.0 segundos
99% 5.0 segundos

############## TEMPOS DE PROCESSAMENTO DO EXERCICIO NO JAIL COM DOWNLOAD  ################
Soma 4669 segundos
Media 6.557584269662922 segundos
Desvio padr達o 0.577721995057122 segundos
Minimo 6 segundos
Maximo 10 segundos

95% 6.0 segundos
99% 6.0 segundos

################### TEMPOS DE DOWNLOAD DO EXERCICIO NO JAIL #######################
Soma 476 segundos
Media 0.6685393258426966 segundos
Desvio padr達o 0.5270429497919389 segundos
Minimo 0 segundos
Maximo 3 segundos

95% 0.0 segundos
99% 0.0 segundos

############################ TEMPOS DE ESPERA NA FILA ############################
Soma 620
Media 0.8707865168539326 segundos
Desvio padr達o 0.87739428406267 segundos
Minimo 0 segundos
Maximo 7 segundos

95% 0.0 segundos
99% 0.0 segundos

################### queue_wait_time_list: ######################

[6, 1, 7, 0, 2, 0, 1, 1, 6, 4, 1, 4, 5, 3, 3, 1, 5, 1, 6, 0, 2, 1, 3, 0, 2, 1, 2, 3, 0, 2, 4, 0, 4, 3, 1, 2, 1, 3, 3, 2, 1, 1, 0, 1, 1, 1, 2, 2, 2, 1, 1, 0, 0, 1, 0, 1, 0, 1, 0, 0, 0, 0, 1, 1, 1, 2, 0, 2, 1, 0, 1, 0, 1, 2, 0, 0, 1, 0, 0, 1, 1, 1, 0, 1, 0, 0, 0, 1, 1, 1, 1, 0, 1, 1, 0, 1, 1, 0, 0, 1, 1, 1, 1, 1, 0, 2, 0, 1, 1, 0, 1, 1, 1, 2, 2, 1, 0, 1, 1, 1, 0, 0, 1, 2, 1, 1, 1, 0, 2, 1, 0, 0, 1, 1, 1, 0, 2, 1, 2, 0, 2, 0, 1, 1, 1, 0, 1, 0, 0, 1, 1, 2, 0, 1, 0, 0, 1, 1, 0, 1, 0, 1, 1, 1, 2, 1, 2, 1, 0, 1, 1, 0, 1, 1, 2, 0, 1, 0, 0, 2, 2, 0, 1, 0, 2, 1, 1, 0, 0, 0, 2, 1, 1, 0, 1, 0, 1, 1, 2, 2, 0, 0, 0, 1, 1, 1, 0, 2, 2, 1, 2, 1, 0, 0, 1, 2, 1, 1, 1, 0, 1, 0, 0, 0, 1, 0, 0, 1, 0, 0, 0, 2, 0, 1, 0, 0, 1, 1, 2, 2, 1, 1, 1, 0, 2, 0, 0, 2, 1, 1, 1, 1, 0, 0, 0, 0, 1, 1, 1, 1, 0, 2, 1, 1, 0, 0, 1, 1, 1, 1, 1, 1, 1, 1, 1, 1, 2, 1, 0, 1, 0, 2, 0, 1, 1, 0, 1, 0, 1, 1, 1, 0, 0, 0, 0, 2, 1, 1, 1, 2, 0, 1, 0, 1, 0, 0, 2, 1, 1, 2, 1, 2, 1, 2, 0, 1, 1, 1, 1, 0, 0, 0, 0, 0, 1, 0, 0, 1, 2, 1, 1, 0, 1, 2, 2, 2, 2, 2, 0, 0, 1, 2, 2, 1, 0, 1, 1, 1, 2, 2, 1, 1, 0, 1, 0, 1, 1, 0, 0, 0, 0, 0, 0, 1, 1, 0, 0, 2, 1, 1, 0, 1, 0, 0, 1, 1, 1, 0, 0, 1, 1, 1, 2, 0, 0, 1, 0, 2, 2, 1, 2, 0, 2, 0, 1, 0, 1, 0, 0, 1, 0, 1, 1, 2, 2, 0, 1, 0, 0, 0, 1, 0, 0, 1, 0, 1, 0, 0, 0, 1, 0, 2, 2, 1, 0, 2, 0, 0, 1, 0, 1, 1, 0, 1, 1, 1, 0, 0, 0, 2, 1, 1, 1, 1, 2, 0, 1, 1, 0, 1, 1, 1, 1, 1, 1, 0, 2, 0, 2, 2, 0, 1, 0, 1, 1, 1, 0, 1, 1, 1, 0, 1, 0, 1, 0, 0, 0, 1, 1, 2, 1, 0, 1, 0, 1, 1, 0, 1, 0, 0, 0, 0, 1, 0, 1, 0, 0, 1, 0, 1, 2, 1, 1, 2, 1, 0, 0, 1, 2, 0, 0, 1, 1, 0, 2, 2, 1, 1, 0, 2, 1, 1, 2, 0, 1, 1, 1, 0, 0, 0, 1, 1, 0, 0, 1, 2, 1, 1, 0, 1, 1, 1, 1, 1, 1, 1, 1, 0, 1, 0, 0, 0, 1, 0, 1, 0, 0, 1, 1, 1, 1, 1, 1, 1, 2, 0, 2, 2, 1, 1, 0, 1, 0, 2, 1, 2, 0, 1, 1, 0, 0, 1, 1, 1, 1, 1, 1, 1, 1, 0, 0, 2, 1, 1, 1, 0, 2, 1, 1, 2, 1, 1, 2, 1, 1, 1, 0, 1, 0, 1, 2, 1, 1, 0, 0, 0, 1, 1, 1, 1, 0, 1, 0, 1, 1, 0, 0, 2, 0, 1, 1, 0, 0, 1, 1, 0, 1, 1, 0, 1, 1, 0, 0, 1, 0, 1, 1, 0, 0, 0, 0, 1, 0, 1, 1, 0, 0, 2, 0, 0, 2, 1, 1, 0, 1, 1, 0, 1, 1, 1, 1, 1, 1, 1, 1, 1, 2, 1, 2, 0, 0, 0, 1, 0, 1, 2, 0, 1, 1, 2, 1, 1, 1, 0, 1, 0, 1, 0, 1, 0, 1, 1, 0, 1, 1, 2, 0, 2, 1, 1, 0, 1]

################################################################
################### jail_ex_download_list: ######################

[1, 1, 1, 1, 0, 1, 1, 1, 2, 3, 1, 2, 3, 1, 1, 0, 1, 3, 0, 1, 1, 1, 1, 1, 3, 1, 1, 3, 3, 1, 1, 1, 1, 1, 1, 1, 1, 0, 1, 0, 1, 1, 1, 1, 0, 1, 1, 0, 0, 1, 0, 1, 1, 1, 1, 0, 1, 0, 1, 1, 1, 0, 0, 0, 1, 1, 1, 0, 0, 1, 1, 0, 0, 0, 1, 1, 1, 0, 1, 1, 0, 0, 1, 0, 1, 1, 1, 1, 1, 1, 0, 1, 0, 0, 1, 1, 0, 1, 1, 0, 1, 1, 0, 1, 1, 0, 1, 0, 1, 1, 1, 1, 1, 0, 1, 0, 1, 0, 1, 1, 1, 1, 1, 0, 0, 1, 1, 1, 1, 1, 1, 1, 1, 1, 0, 1, 1, 1, 1, 1, 0, 1, 0, 0, 0, 1, 1, 1, 1, 0, 0, 0, 1, 0, 1, 1, 0, 0, 1, 0, 1, 1, 1, 1, 0, 1, 0, 1, 0, 0, 0, 1, 0, 0, 1, 1, 1, 1, 1, 0, 1, 1, 1, 1, 0, 1, 1, 1, 1, 1, 0, 1, 0, 1, 1, 1, 0, 0, 1, 1, 0, 0, 1, 1, 0, 0, 1, 0, 1, 1, 0, 1, 0, 1, 1, 1, 1, 1, 0, 0, 0, 0, 0, 1, 1, 1, 0, 1, 1, 0, 1, 0, 1, 0, 1, 1, 1, 0, 0, 1, 1, 1, 0, 1, 0, 1, 1, 1, 1, 1, 1, 1, 1, 1, 1, 1, 0, 0, 0, 1, 0, 1, 0, 1, 1, 1, 1, 0, 0, 1, 0, 1, 0, 1, 0, 1, 0, 1, 0, 1, 1, 0, 1, 1, 1, 1, 1, 1, 1, 0, 0, 1, 1, 1, 0, 1, 0, 1, 0, 1, 1, 1, 1, 1, 0, 1, 0, 1, 0, 1, 1, 0, 1, 0, 1, 1, 1, 1, 0, 1, 1, 0, 1, 1, 1, 1, 1, 1, 0, 1, 0, 1, 0, 1, 1, 1, 0, 0, 1, 0, 0, 0, 1, 1, 1, 0, 1, 1, 1, 0, 1, 1, 1, 0, 1, 1, 0, 0, 1, 0, 1, 1, 0, 1, 0, 1, 0, 1, 0, 1, 1, 1, 1, 1, 0, 0, 0, 1, 1, 0, 1, 0, 0, 1, 1, 0, 1, 1, 0, 0, 0, 1, 0, 1, 0, 0, 1, 1, 1, 1, 1, 1, 1, 1, 0, 1, 1, 1, 1, 0, 1, 1, 0, 1, 0, 1, 0, 1, 0, 0, 1, 1, 0, 0, 1, 1, 1, 1, 0, 1, 1, 0, 0, 0, 1, 1, 1, 1, 1, 1, 0, 1, 0, 0, 0, 1, 0, 0, 0, 0, 1, 0, 1, 1, 0, 1, 0, 0, 0, 0, 1, 1, 1, 1, 0, 1, 0, 0, 1, 1, 1, 1, 1, 1, 1, 0, 1, 1, 1, 1, 0, 1, 0, 1, 0, 1, 1, 0, 0, 1, 1, 0, 1, 0, 0, 1, 0, 0, 0, 1, 1, 0, 1, 1, 0, 1, 1, 1, 0, 0, 1, 1, 1, 1, 1, 0, 1, 1, 1, 1, 1, 0, 1, 1, 1, 0, 0, 1, 1, 1, 1, 0, 1, 1, 1, 1, 0, 1, 1, 0, 0, 1, 1, 0, 0, 0, 0, 1, 1, 0, 1, 1, 0, 1, 0, 1, 1, 0, 1, 0, 0, 1, 0, 0, 1, 1, 1, 1, 1, 1, 1, 0, 1, 0, 1, 1, 1, 1, 1, 1, 1, 0, 1, 1, 1, 1, 1, 0, 0, 1, 1, 0, 1, 1, 1, 1, 0, 0, 0, 1, 1, 1, 1, 0, 0, 1, 1, 1, 1, 1, 0, 1, 1, 1, 1, 1, 1, 0, 1, 0, 0, 0, 1, 0, 0, 1, 1, 0, 1, 1, 0, 1, 1, 1, 0, 0, 1, 1, 1, 1, 1, 1, 1, 0, 1, 1, 1, 1, 1, 1, 1, 1, 1, 0, 0, 0, 1, 0, 0, 0, 1, 0, 1, 1, 0, 1, 1, 1, 0, 1, 0, 1, 0, 1, 1, 0, 0, 1, 1, 1, 1, 0, 0, 1, 1, 0, 1, 1, 1, 0, 0, 1, 1, 1, 1, 1, 0, 1, 0, 1, 1, 1, 1, 0, 0, 0, 1, 0, 1, 1, 1, 1]

################################################################
################################################################
################### process_jail_download_list: ######################

[7, 7, 7, 7, 6, 7, 7, 7, 8, 9, 7, 9, 9, 7, 7, 6, 7, 9, 6, 7, 7, 6, 7, 7, 10, 7, 6, 10, 10, 7, 7, 7, 7, 7, 7, 7, 6, 6, 7, 6, 7, 7, 6, 6, 6, 7, 7, 6, 6, 7, 6, 7, 7, 7, 7, 6, 7, 6, 7, 7, 7, 6, 6, 6, 7, 6, 7, 6, 6, 7, 7, 6, 6, 6, 7, 6, 6, 6, 7, 6, 6, 6, 7, 6, 7, 7, 7, 6, 6, 6, 6, 7, 6, 6, 7, 7, 6, 6, 7, 6, 7, 7, 6, 6, 6, 6, 7, 6, 7, 7, 6, 7, 7, 6, 6, 6, 7, 6, 6, 7, 7, 7, 7, 6, 6, 7, 6, 7, 7, 7, 7, 7, 7, 7, 6, 7, 7, 7, 7, 7, 7, 7, 6, 6, 6, 6, 7, 7, 7, 6, 6, 6, 7, 6, 6, 7, 6, 6, 7, 7, 7, 7, 7, 7, 6, 7, 6, 7, 6, 6, 6, 7, 6, 6, 7, 7, 7, 7, 6, 6, 7, 7, 7, 7, 6, 6, 6, 7, 7, 7, 6, 7, 6, 7, 7, 7, 6, 6, 7, 6, 6, 6, 7, 7, 6, 6, 7, 6, 6, 7, 6, 7, 6, 7, 7, 7, 6, 7, 6, 6, 6, 6, 6, 7, 7, 7, 6, 7, 7, 6, 7, 6, 7, 6, 7, 7, 7, 6, 6, 7, 6, 7, 6, 6, 6, 7, 6, 7, 7, 7, 7, 6, 7, 7, 6, 7, 6, 6, 6, 6, 6, 7, 6, 7, 7, 7, 7, 6, 6, 7, 6, 7, 6, 6, 6, 7, 6, 7, 6, 7, 7, 6, 7, 7, 6, 7, 7, 7, 7, 6, 6, 7, 6, 7, 6, 6, 6, 7, 6, 7, 7, 7, 7, 7, 6, 7, 6, 7, 6, 7, 7, 6, 6, 6, 7, 7, 7, 6, 6, 7, 6, 6, 7, 7, 7, 7, 7, 6, 6, 7, 6, 7, 6, 7, 7, 7, 6, 6, 7, 6, 6, 6, 7, 6, 7, 6, 7, 7, 7, 6, 7, 7, 7, 6, 7, 7, 6, 6, 7, 6, 7, 7, 6, 6, 6, 7, 6, 6, 6, 7, 7, 7, 6, 7, 6, 6, 6, 7, 7, 6, 7, 6, 6, 7, 7, 6, 7, 7, 6, 6, 6, 6, 6, 7, 6, 6, 7, 7, 7, 7, 7, 6, 7, 6, 6, 7, 7, 7, 7, 6, 7, 7, 7, 7, 6, 7, 6, 7, 6, 6, 6, 7, 6, 6, 7, 7, 7, 7, 6, 7, 7, 6, 6, 6, 7, 7, 7, 7, 7, 7, 6, 6, 6, 6, 6, 7, 6, 6, 6, 6, 7, 6, 7, 7, 6, 7, 6, 6, 6, 6, 7, 6, 6, 7, 6, 7, 6, 6, 7, 7, 7, 7, 7, 7, 7, 6, 7, 6, 7, 6, 6, 7, 6, 7, 6, 7, 7, 6, 6, 7, 7, 6, 7, 6, 6, 7, 6, 6, 6, 6, 7, 6, 7, 6, 6, 7, 7, 7, 6, 6, 7, 7, 7, 6, 6, 6, 7, 7, 7, 7, 7, 6, 6, 7, 7, 6, 6, 6, 7, 7, 6, 6, 7, 7, 7, 7, 6, 7, 7, 6, 6, 7, 6, 6, 6, 6, 6, 7, 7, 6, 7, 7, 6, 7, 6, 7, 7, 6, 6, 6, 6, 7, 6, 6, 7, 6, 7, 6, 6, 7, 7, 6, 7, 6, 6, 6, 7, 7, 7, 7, 7, 7, 7, 7, 7, 7, 6, 6, 6, 7, 6, 6, 7, 7, 6, 7, 6, 6, 6, 7, 6, 7, 7, 6, 6, 6, 6, 7, 7, 7, 6, 7, 7, 7, 6, 7, 6, 6, 7, 6, 6, 6, 7, 6, 6, 6, 6, 6, 7, 7, 6, 7, 7, 7, 6, 6, 7, 6, 7, 7, 7, 7, 7, 6, 7, 7, 6, 7, 7, 7, 6, 6, 7, 6, 6, 6, 7, 6, 6, 6, 6, 6, 7, 7, 6, 7, 6, 6, 6, 7, 6, 7, 6, 7, 7, 6, 6, 7, 7, 7, 7, 6, 6, 7, 7, 6, 7, 7, 7, 6, 6, 7, 7, 7, 6, 7, 6, 7, 6, 7, 7, 7, 7, 6, 6, 6, 7, 6, 7, 7, 7, 6]

################################################################
################################################################
################### process_jail_list: ######################

[6, 6, 6, 6, 6, 6, 6, 6, 6, 6, 6, 7, 6, 6, 6, 6, 6, 6, 6, 6, 6, 5, 6, 6, 7, 6, 5, 7, 7, 6, 6, 6, 6, 6, 6, 6, 5, 6, 6, 6, 6, 6, 5, 5, 6, 6, 6, 6, 6, 6, 6, 6, 6, 6, 6, 6, 6, 6, 6, 6, 6, 6, 6, 6, 6, 5, 6, 6, 6, 6, 6, 6, 6, 6, 6, 5, 5, 6, 6, 5, 6, 6, 6, 6, 6, 6, 6, 5, 5, 5, 6, 6, 6, 6, 6, 6, 6, 5, 6, 6, 6, 6, 6, 5, 5, 6, 6, 6, 6, 6, 5, 6, 6, 6, 5, 6, 6, 6, 5, 6, 6, 6, 6, 6, 6, 6, 5, 6, 6, 6, 6, 6, 6, 6, 6, 6, 6, 6, 6, 6, 7, 6, 6, 6, 6, 5, 6, 6, 6, 6, 6, 6, 6, 6, 5, 6, 6, 6, 6, 7, 6, 6, 6, 6, 6, 6, 6, 6, 6, 6, 6, 6, 6, 6, 6, 6, 6, 6, 5, 6, 6, 6, 6, 6, 6, 5, 5, 6, 6, 6, 6, 6, 6, 6, 6, 6, 6, 6, 6, 5, 6, 6, 6, 6, 6, 6, 6, 6, 5, 6, 6, 6, 6, 6, 6, 6, 5, 6, 6, 6, 6, 6, 6, 6, 6, 6, 6, 6, 6, 6, 6, 6, 6, 6, 6, 6, 6, 6, 6, 6, 5, 6, 6, 5, 6, 6, 5, 6, 6, 6, 6, 5, 6, 6, 5, 6, 6, 6, 6, 5, 6, 6, 6, 6, 6, 6, 6, 6, 6, 6, 6, 6, 6, 5, 6, 6, 6, 6, 6, 6, 6, 6, 6, 6, 5, 6, 6, 6, 6, 6, 6, 6, 5, 6, 6, 5, 6, 6, 6, 6, 6, 6, 6, 6, 6, 6, 6, 6, 6, 6, 6, 6, 5, 6, 6, 6, 6, 5, 6, 6, 5, 6, 6, 6, 6, 6, 6, 5, 6, 6, 6, 6, 6, 6, 6, 6, 6, 6, 6, 6, 6, 6, 6, 5, 6, 6, 6, 6, 6, 6, 6, 6, 6, 6, 6, 6, 6, 6, 6, 6, 6, 6, 6, 5, 6, 6, 6, 5, 6, 6, 6, 6, 5, 6, 6, 6, 6, 6, 6, 6, 6, 6, 6, 6, 6, 6, 6, 6, 6, 6, 6, 5, 6, 6, 6, 6, 6, 6, 6, 6, 6, 5, 6, 5, 6, 6, 6, 6, 6, 6, 6, 6, 7, 6, 6, 6, 6, 6, 6, 6, 5, 6, 6, 6, 6, 6, 6, 6, 6, 6, 6, 6, 6, 6, 6, 6, 6, 6, 6, 6, 6, 5, 6, 6, 6, 6, 6, 6, 6, 6, 6, 6, 6, 6, 6, 6, 6, 6, 6, 6, 6, 5, 5, 6, 6, 6, 6, 6, 6, 6, 6, 6, 6, 6, 6, 6, 6, 5, 6, 5, 6, 6, 6, 6, 6, 6, 6, 6, 6, 6, 6, 6, 6, 6, 6, 6, 6, 6, 6, 5, 6, 6, 6, 5, 6, 6, 6, 6, 6, 6, 6, 6, 6, 5, 5, 6, 6, 6, 6, 6, 6, 6, 5, 6, 6, 6, 6, 5, 6, 6, 5, 6, 6, 6, 6, 6, 6, 6, 6, 6, 6, 6, 5, 6, 6, 6, 6, 6, 6, 6, 6, 6, 6, 6, 6, 6, 6, 6, 5, 6, 6, 6, 6, 6, 6, 5, 6, 5, 5, 6, 6, 6, 6, 6, 5, 5, 6, 6, 6, 6, 6, 7, 6, 6, 6, 6, 5, 6, 6, 6, 5, 6, 6, 6, 5, 6, 6, 6, 6, 6, 5, 6, 6, 6, 6, 5, 5, 6, 6, 6, 6, 6, 6, 6, 5, 6, 5, 6, 6, 6, 6, 6, 6, 6, 6, 5, 5, 6, 6, 6, 6, 6, 6, 6, 6, 6, 6, 5, 6, 6, 6, 6, 6, 6, 6, 6, 5, 6, 6, 6, 5, 5, 6, 6, 6, 6, 6, 6, 6, 6, 5, 6, 6, 6, 6, 6, 5, 5, 6, 6, 6, 6, 6, 6, 6, 6, 6, 6, 6, 6, 6, 6, 6, 6, 6, 6, 6, 6, 6, 6, 6, 6, 6, 6, 5, 6, 6, 6, 6, 6, 6, 6, 6, 6, 6, 6, 6, 6, 6, 6, 6, 5]

################################################################
