Numero total de amostras 770

Tempo total de processamento: 1:17:30

############## TEMPOS DE PROCESSAMENTO DO EXERCICIO NO JAIL  ####################
Soma 4228 segundos
Media 5.490909090909091 segundos
Desvio padr達o 0.4999173485406372 segundos
Minimo 5 segundos
Maximo 6 segundos

95% 5.0 segundos
99% 5.0 segundos

############## TEMPOS DE PROCESSAMENTO DO EXERCICIO NO JAIL COM DOWNLOAD  ################
Soma 4651 segundos
Media 6.04025974025974 segundos
Desvio padr達o 0.1965677836624265 segundos
Minimo 6 segundos
Maximo 7 segundos

95% 6.0 segundos
99% 6.0 segundos

################### TEMPOS DE DOWNLOAD DO EXERCICIO NO JAIL #######################
Soma 423 segundos
Media 0.5493506493506494 segundos
Desvio padr達o 0.4975585527439652 segundos
Minimo 0 segundos
Maximo 1 segundos

95% 0.0 segundos
99% 0.0 segundos

############################ TEMPOS DE ESPERA NA FILA ############################
Soma 1535699
Media 1994.4142857142858 segundos
Desvio padr達o 1152.0529709383445 segundos
Minimo 1 segundos
Maximo 3987 segundos

95% 38.833 segundos
99% 40.678599999999996 segundos

################### queue_wait_time_list: ######################

[27, 43, 1, 2614, 6, 12, 17, 22, 32, 37, 48, 59, 64, 69, 79, 85, 95, 100, 105, 116, 121, 127, 137, 142, 147, 158, 163, 173, 178, 183, 193, 199, 204, 214, 219, 224, 235, 240, 250, 256, 261, 272, 277, 282, 292, 297, 308, 313, 2635, 54, 74, 328, 333, 344, 348, 353, 364, 369, 375, 386, 391, 396, 406, 412, 422, 427, 432, 442, 448, 453, 463, 468, 478, 483, 489, 499, 504, 509, 520, 525, 530, 540, 545, 557, 562, 567, 577, 582, 587, 598, 603, 608, 618, 623, 634, 639, 2655, 90, 110, 654, 659, 670, 675, 681, 691, 696, 702, 712, 717, 722, 732, 738, 748, 753, 758, 768, 774, 779, 790, 795, 805, 811, 816, 826, 831, 836, 846, 852, 857, 867, 872, 882, 888, 893, 903, 908, 913, 924, 930, 935, 945, 950, 961, 1282, 132, 2676, 152, 168, 971, 981, 986, 991, 1002, 1007, 1012, 1022, 1028, 1033, 1043, 1048, 1058, 1065, 1070, 1080, 1085, 1090, 1101, 1106, 1111, 1121, 1126, 1137, 1142, 1147, 1157, 1163, 1168, 1179, 1184, 1194, 1199, 1204, 1215, 1220, 1225, 1235, 1240, 1246, 1256, 1261, 1271, 1276, 1348, 2696, 1287, 1354, 1292, 2717, 2733, 1297, 1360, 1302, 2831, 1307, 2842, 2862, 1312, 2883, 1318, 2904, 2920, 1323, 1328, 1333, 1338, 1343, 188, 2940, 209, 230, 1370, 1380, 1385, 1390, 1401, 1406, 1411, 1421, 1427, 1431, 1442, 1447, 1457, 1463, 1468, 1479, 1484, 1489, 1500, 1505, 1510, 1520, 1525, 1535, 1541, 1546, 1556, 1561, 1566, 1577, 1582, 1593, 1598, 1603, 1614, 1619, 1624, 1634, 1639, 1644, 1655, 1660, 1670, 1675, 2961, 245, 266, 1691, 1696, 1707, 1712, 1717, 1728, 1733, 1738, 1748, 1753, 1759, 1769, 1774, 1784, 1789, 1795, 1806, 1811, 1816, 1827, 1832, 1842, 1847, 1852, 1863, 1868, 1873, 1883, 1888, 1893, 1904, 1909, 1919, 1924, 1929, 1940, 1945, 1950, 1960, 1965, 1970, 1981, 1986, 1996, 2001, 2981, 2008, 2997, 3017, 2013, 3039, 3054, 2018, 3075, 3096, 2023, 3116, 2028, 3133, 2033, 2038, 2044, 2049, 2054, 287, 302, 318, 323, 2069, 2074, 2080, 2090, 2095, 2100, 2111, 2117, 2122, 2132, 2137, 2147, 2152, 2158, 2168, 2173, 2178, 2189, 2194, 2199, 2209, 2214, 2225, 2230, 2235, 2246, 2251, 2256, 2267, 2272, 2282, 2287, 2292, 2303, 2308, 2313, 2323, 2328, 2334, 2344, 2349, 2360, 2365, 3267, 2371, 3283, 2376, 3298, 3319, 2381, 3339, 3355, 2386, 3375, 3397, 2391, 3417, 2396, 3433, 2401, 2407, 2412, 2417, 2422, 339, 2619, 2624, 2630, 2640, 2645, 2650, 2661, 2666, 359, 2671, 2681, 380, 2432, 2437, 2448, 2454, 2464, 2469, 2474, 2485, 2490, 2495, 2505, 2510, 2521, 2526, 2531, 2541, 2546, 2552, 2562, 2567, 2573, 2583, 2589, 2598, 2604, 2609, 2686, 2691, 2702, 2707, 2712, 2722, 2727, 2738, 3682, 2806, 2743, 2748, 2811, 2753, 2816, 2758, 2763, 2821, 2769, 2826, 2775, 3453, 3474, 2780, 3494, 2785, 3510, 3531, 2790, 3552, 3568, 2795, 2800, 3583, 3588, 3604, 3624, 3645, 3661, 401, 417, 437, 2836, 2847, 2852, 2857, 2867, 2872, 2878, 2889, 2894, 2899, 2909, 2915, 2925, 2930, 2935, 2945, 2951, 2956, 2966, 2971, 2976, 2987, 2992, 3002, 3007, 3012, 3024, 3029, 3034, 3044, 3049, 3059, 3065, 3070, 3080, 3085, 3090, 3101, 3106, 3111, 3122, 3127, 3138, 3143, 3199, 3148, 3204, 3153, 3252, 3158, 3210, 3163, 3257, 3215, 3169, 3174, 3220, 3262, 3179, 3702, 3225, 3184, 3723, 3189, 3230, 3738, 3194, 3759, 3779, 3236, 3801, 3242, 3816, 3837, 3247, 3858, 3874, 3895, 3920, 3941, 458, 473, 494, 3272, 3278, 3288, 3293, 3303, 3308, 3313, 3324, 3329, 3334, 3344, 3350, 3360, 3365, 3370, 3380, 3386, 3392, 3402, 3407, 3412, 3423, 3428, 3438, 3443, 3448, 3459, 3464, 3469, 3479, 3484, 3489, 3500, 3505, 3515, 3520, 3525, 3536, 3542, 3547, 3557, 3562, 3573, 3578, 514, 535, 3593, 3598, 3609, 3614, 3619, 3629, 3634, 3640, 3651, 3656, 3666, 3671, 3677, 3687, 3692, 3697, 3707, 3712, 3718, 3728, 3733, 3743, 3749, 3754, 3764, 3769, 3774, 3786, 3791, 3796, 3806, 3811, 3822, 3827, 3832, 3842, 3847, 3852, 3863, 3868, 3879, 3884, 3889, 3900, 3905, 3910, 3915, 3956, 3977, 551, 572, 592, 613, 629, 644, 649, 665, 686, 707, 727, 743, 763, 785, 800, 821, 841, 862, 877, 898, 919, 940, 956, 1038, 966, 976, 997, 1017, 1053, 1075, 1095, 1116, 1131, 1152, 1174, 1189, 1209, 1230, 3925, 3931, 3936, 3946, 3951, 3961, 3967, 3972, 3982, 3987, 1251, 1266, 1991, 1365, 1375, 1396, 1416, 1437, 1452, 1474, 1494, 1515, 1530, 1551, 1571, 1588, 1609, 1629, 1650, 1665, 1680, 1686, 1701, 1723, 1743, 1764, 1779, 1800, 1821, 1837, 1857, 1878, 1899, 1914, 1935, 1955, 1976, 2163, 2059, 2064, 2085, 2105, 2127, 2142, 2183, 2204, 2219, 2240, 2261, 2277, 2298, 2318, 2339, 2355, 2427, 2443, 2459, 2479, 2500, 2516, 2536, 2557, 2578, 2594]

################################################################
################### jail_ex_download_list: ######################

[1, 0, 1, 0, 1, 1, 1, 1, 1, 1, 0, 0, 1, 1, 1, 1, 1, 1, 1, 0, 0, 0, 0, 0, 0, 1, 1, 1, 1, 1, 1, 1, 1, 1, 1, 1, 1, 1, 1, 0, 0, 0, 0, 0, 0, 0, 0, 1, 0, 0, 1, 1, 1, 1, 1, 1, 1, 1, 1, 0, 0, 0, 0, 0, 0, 1, 1, 1, 1, 1, 1, 1, 1, 1, 1, 1, 1, 1, 1, 1, 1, 1, 1, 0, 0, 0, 0, 0, 0, 0, 0, 0, 1, 1, 1, 1, 0, 1, 1, 1, 1, 1, 1, 0, 0, 0, 0, 0, 0, 0, 0, 1, 1, 1, 1, 1, 1, 1, 0, 0, 0, 0, 0, 0, 0, 0, 0, 0, 0, 0, 0, 1, 1, 1, 1, 1, 1, 1, 0, 0, 0, 0, 0, 1, 0, 0, 1, 1, 0, 0, 0, 0, 1, 1, 1, 1, 1, 1, 1, 1, 1, 0, 0, 0, 0, 0, 0, 0, 1, 1, 1, 1, 1, 1, 1, 0, 0, 0, 0, 0, 0, 0, 1, 1, 1, 1, 1, 1, 1, 1, 1, 1, 1, 0, 1, 1, 1, 1, 1, 1, 0, 1, 0, 1, 1, 1, 1, 1, 1, 0, 0, 1, 1, 1, 1, 1, 1, 1, 1, 1, 0, 0, 1, 1, 1, 1, 1, 1, 1, 1, 1, 1, 1, 1, 1, 0, 0, 0, 0, 0, 0, 0, 0, 0, 1, 1, 1, 1, 1, 1, 1, 0, 0, 0, 0, 0, 0, 0, 0, 0, 0, 0, 0, 0, 1, 1, 0, 1, 1, 0, 0, 0, 0, 0, 0, 0, 1, 1, 1, 1, 1, 1, 1, 0, 0, 0, 0, 0, 0, 0, 0, 0, 0, 1, 1, 1, 1, 1, 1, 1, 1, 1, 1, 1, 1, 1, 1, 1, 1, 1, 1, 1, 1, 0, 1, 1, 0, 0, 0, 0, 0, 1, 0, 1, 0, 0, 0, 0, 0, 0, 0, 0, 0, 1, 1, 0, 0, 0, 0, 1, 1, 0, 0, 0, 0, 0, 0, 0, 0, 0, 0, 1, 1, 1, 1, 1, 1, 1, 1, 1, 0, 0, 0, 0, 0, 0, 1, 1, 1, 1, 1, 1, 1, 1, 1, 1, 0, 0, 0, 0, 1, 0, 1, 1, 0, 1, 1, 0, 1, 0, 0, 0, 0, 0, 1, 1, 1, 1, 1, 1, 0, 0, 0, 0, 0, 0, 0, 0, 1, 0, 0, 1, 1, 1, 1, 0, 0, 0, 0, 0, 0, 0, 0, 1, 1, 1, 1, 1, 1, 1, 1, 1, 0, 0, 0, 0, 0, 0, 0, 0, 0, 1, 1, 1, 1, 1, 0, 0, 1, 1, 0, 1, 0, 1, 1, 0, 0, 0, 0, 1, 1, 0, 1, 0, 1, 1, 0, 0, 0, 0, 0, 0, 0, 0, 1, 0, 0, 0, 0, 1, 0, 1, 1, 1, 1, 1, 1, 0, 0, 0, 0, 0, 0, 1, 1, 1, 1, 1, 1, 1, 1, 1, 1, 1, 1, 1, 0, 0, 0, 0, 0, 0, 0, 0, 1, 1, 1, 1, 1, 1, 0, 0, 0, 0, 1, 0, 1, 0, 0, 0, 1, 0, 0, 1, 0, 1, 1, 0, 1, 0, 1, 1, 1, 1, 1, 1, 1, 1, 1, 0, 0, 0, 1, 1, 0, 1, 0, 0, 1, 1, 1, 1, 1, 1, 1, 1, 1, 1, 1, 1, 1, 1, 1, 1, 1, 1, 1, 1, 1, 1, 0, 0, 0, 0, 0, 0, 0, 0, 0, 1, 1, 1, 1, 1, 1, 1, 1, 1, 1, 1, 1, 0, 0, 0, 0, 0, 0, 1, 1, 0, 0, 0, 1, 1, 1, 1, 1, 0, 0, 0, 0, 0, 0, 0, 0, 0, 1, 1, 1, 1, 1, 1, 1, 1, 1, 1, 0, 0, 0, 1, 1, 1, 1, 1, 1, 1, 1, 1, 1, 0, 0, 0, 0, 0, 1, 1, 1, 1, 0, 0, 0, 0, 1, 1, 1, 1, 0, 0, 0, 1, 1, 0, 0, 0, 0, 0, 0, 1, 1, 0, 0, 1, 0, 0, 1, 1, 1, 0, 0, 1, 1, 1, 0, 0, 1, 1, 1, 1, 1, 1, 1, 1, 1, 1, 1, 1, 1, 1, 1, 0, 0, 1, 1, 1, 1, 0, 0, 0, 0, 1, 1, 0, 0, 0, 0, 0, 0, 1, 1, 0, 0, 1, 1, 1, 0, 0, 0, 1, 1, 1, 1, 1, 1, 0, 0, 0, 0, 1, 0, 0, 1, 1, 1, 1, 0, 0, 1, 1, 1, 0, 1, 1, 0, 0, 0, 1, 1, 1, 0, 0]

################################################################
################################################################
################### process_jail_download_list: ######################

[6, 6, 6, 6, 6, 6, 6, 6, 6, 7, 6, 6, 6, 6, 6, 6, 6, 6, 6, 6, 6, 6, 6, 6, 6, 6, 6, 6, 6, 6, 6, 6, 6, 6, 6, 6, 6, 6, 7, 6, 6, 6, 6, 6, 6, 6, 6, 6, 6, 6, 6, 6, 6, 6, 6, 6, 6, 6, 6, 6, 6, 6, 6, 6, 6, 6, 6, 6, 6, 6, 6, 6, 6, 6, 6, 6, 6, 6, 6, 6, 6, 6, 7, 6, 6, 6, 6, 6, 6, 6, 6, 6, 6, 6, 6, 6, 6, 6, 7, 6, 6, 6, 7, 6, 6, 6, 6, 6, 6, 6, 6, 6, 6, 6, 6, 6, 6, 7, 6, 6, 6, 6, 6, 6, 6, 6, 6, 6, 6, 6, 6, 6, 6, 6, 6, 6, 6, 7, 6, 6, 6, 6, 6, 6, 6, 6, 6, 6, 6, 6, 6, 6, 6, 6, 6, 6, 6, 6, 6, 6, 7, 6, 6, 6, 6, 6, 6, 6, 6, 6, 6, 6, 6, 6, 7, 6, 6, 6, 6, 6, 6, 6, 6, 6, 6, 6, 6, 6, 6, 6, 6, 6, 6, 6, 6, 7, 6, 6, 6, 6, 6, 6, 6, 6, 6, 6, 6, 7, 6, 6, 6, 6, 6, 6, 6, 6, 6, 6, 6, 6, 6, 6, 6, 6, 6, 6, 6, 6, 6, 6, 6, 6, 6, 6, 7, 6, 6, 6, 6, 6, 6, 6, 6, 6, 6, 6, 6, 6, 6, 6, 7, 6, 6, 6, 6, 6, 6, 6, 6, 6, 6, 6, 6, 6, 6, 6, 6, 6, 6, 6, 6, 6, 6, 6, 6, 6, 6, 6, 6, 6, 6, 6, 6, 6, 6, 6, 6, 6, 6, 6, 6, 6, 6, 6, 6, 6, 6, 6, 6, 6, 6, 6, 6, 6, 6, 6, 6, 6, 6, 6, 6, 7, 6, 6, 6, 7, 6, 6, 6, 6, 6, 6, 6, 7, 6, 6, 6, 6, 6, 6, 6, 6, 6, 6, 6, 6, 6, 6, 6, 6, 6, 6, 6, 6, 6, 6, 6, 6, 6, 6, 6, 6, 6, 6, 6, 6, 6, 6, 6, 6, 6, 6, 6, 6, 6, 6, 6, 6, 6, 6, 6, 6, 6, 6, 6, 7, 6, 6, 6, 6, 6, 6, 6, 6, 6, 6, 6, 6, 6, 6, 6, 6, 6, 6, 6, 6, 6, 6, 6, 6, 6, 6, 6, 6, 6, 6, 6, 6, 6, 6, 6, 7, 6, 6, 7, 6, 6, 6, 6, 6, 6, 6, 6, 6, 6, 6, 6, 6, 6, 6, 6, 7, 6, 6, 6, 6, 6, 6, 6, 6, 6, 6, 6, 6, 6, 6, 6, 6, 6, 6, 6, 6, 6, 6, 7, 6, 6, 6, 6, 6, 6, 6, 6, 6, 6, 6, 6, 6, 6, 6, 6, 6, 6, 6, 6, 6, 6, 6, 6, 6, 6, 6, 6, 6, 6, 6, 6, 6, 6, 6, 6, 6, 6, 6, 6, 6, 6, 6, 6, 6, 6, 6, 6, 6, 6, 6, 6, 6, 6, 6, 6, 6, 6, 6, 6, 6, 6, 6, 6, 6, 6, 6, 6, 6, 6, 6, 6, 6, 6, 6, 6, 6, 6, 6, 6, 6, 6, 6, 6, 6, 6, 6, 6, 6, 7, 6, 6, 6, 7, 6, 6, 6, 6, 6, 6, 6, 6, 6, 6, 6, 6, 6, 6, 6, 6, 6, 6, 6, 6, 6, 6, 6, 6, 6, 6, 6, 6, 6, 6, 7, 6, 6, 6, 6, 6, 6, 6, 6, 6, 6, 6, 6, 6, 6, 6, 6, 6, 6, 6, 6, 7, 6, 6, 6, 6, 6, 6, 6, 6, 6, 6, 6, 6, 6, 6, 6, 7, 6, 6, 6, 6, 6, 6, 6, 6, 6, 6, 6, 6, 6, 6, 6, 6, 6, 6, 6, 6, 6, 6, 6, 6, 6, 6, 6, 6, 6, 6, 6, 7, 6, 6, 6, 6, 6, 6, 6, 6, 6, 6, 6, 6, 6, 6, 6, 6, 6, 6, 6, 6, 6, 6, 6, 6, 6, 6, 6, 6, 6, 6, 6, 6, 6, 6, 6, 6, 6, 6, 6, 6, 6, 6, 6, 6, 6, 6, 6, 6, 6, 6, 6, 6, 6, 6, 6, 6, 6, 6, 6, 6, 6, 6, 6, 6, 6, 6, 6, 6, 6, 6, 6, 6, 6, 6, 6, 6, 6, 6, 6, 7, 6, 6, 6, 6, 7, 6, 6, 6, 6, 6, 6, 6, 6, 6, 6, 6, 6, 6, 7, 6, 6, 6, 6, 6, 7, 6, 6, 6, 6, 6, 6, 6, 6, 6, 6, 6, 6, 6, 6, 6, 6]

################################################################
################################################################
################### process_jail_list: ######################

[5, 6, 5, 6, 5, 5, 5, 5, 5, 6, 6, 6, 5, 5, 5, 5, 5, 5, 5, 6, 6, 6, 6, 6, 6, 5, 5, 5, 5, 5, 5, 5, 5, 5, 5, 5, 5, 5, 6, 6, 6, 6, 6, 6, 6, 6, 6, 5, 6, 6, 5, 5, 5, 5, 5, 5, 5, 5, 5, 6, 6, 6, 6, 6, 6, 5, 5, 5, 5, 5, 5, 5, 5, 5, 5, 5, 5, 5, 5, 5, 5, 5, 6, 6, 6, 6, 6, 6, 6, 6, 6, 6, 5, 5, 5, 5, 6, 5, 6, 5, 5, 5, 6, 6, 6, 6, 6, 6, 6, 6, 6, 5, 5, 5, 5, 5, 5, 6, 6, 6, 6, 6, 6, 6, 6, 6, 6, 6, 6, 6, 6, 5, 5, 5, 5, 5, 5, 6, 6, 6, 6, 6, 6, 5, 6, 6, 5, 5, 6, 6, 6, 6, 5, 5, 5, 5, 5, 5, 5, 5, 6, 6, 6, 6, 6, 6, 6, 6, 5, 5, 5, 5, 5, 5, 6, 6, 6, 6, 6, 6, 6, 6, 5, 5, 5, 5, 5, 5, 5, 5, 5, 5, 5, 6, 5, 6, 5, 5, 5, 5, 6, 5, 6, 5, 5, 5, 5, 6, 5, 6, 6, 5, 5, 5, 5, 5, 5, 5, 5, 5, 6, 6, 5, 5, 5, 5, 5, 5, 5, 5, 5, 5, 5, 5, 6, 6, 6, 6, 6, 6, 6, 6, 6, 6, 5, 5, 5, 5, 5, 5, 6, 6, 6, 6, 6, 6, 6, 6, 6, 6, 6, 6, 6, 6, 5, 5, 6, 5, 5, 6, 6, 6, 6, 6, 6, 6, 5, 5, 5, 5, 5, 5, 5, 6, 6, 6, 6, 6, 6, 6, 6, 6, 6, 5, 5, 5, 5, 5, 5, 5, 5, 5, 5, 5, 5, 5, 5, 5, 5, 5, 5, 6, 5, 6, 5, 6, 6, 6, 6, 6, 6, 5, 6, 6, 6, 6, 6, 6, 6, 6, 6, 6, 6, 5, 5, 6, 6, 6, 6, 5, 5, 6, 6, 6, 6, 6, 6, 6, 6, 6, 6, 5, 5, 5, 5, 5, 5, 5, 5, 5, 6, 6, 6, 6, 6, 6, 5, 5, 5, 5, 5, 5, 5, 5, 5, 6, 6, 6, 6, 6, 5, 6, 5, 5, 6, 5, 5, 6, 5, 6, 6, 6, 6, 6, 5, 5, 5, 5, 5, 5, 6, 6, 6, 6, 6, 6, 6, 6, 5, 6, 6, 6, 5, 5, 6, 6, 6, 6, 6, 6, 6, 6, 6, 5, 5, 5, 5, 5, 5, 5, 5, 6, 6, 6, 6, 6, 6, 6, 6, 6, 6, 5, 5, 5, 5, 5, 6, 6, 5, 5, 6, 5, 6, 5, 6, 6, 6, 6, 6, 5, 5, 6, 5, 6, 5, 5, 6, 6, 6, 6, 6, 6, 6, 6, 5, 6, 6, 6, 6, 5, 6, 5, 5, 5, 5, 5, 5, 6, 6, 6, 6, 6, 6, 5, 5, 5, 5, 5, 5, 5, 5, 5, 5, 5, 5, 5, 6, 6, 6, 6, 6, 6, 6, 6, 5, 5, 5, 5, 5, 5, 6, 6, 6, 6, 5, 6, 5, 6, 6, 6, 5, 6, 6, 5, 6, 5, 5, 6, 5, 6, 5, 5, 5, 5, 6, 5, 5, 5, 6, 6, 6, 6, 5, 5, 6, 5, 6, 6, 5, 5, 5, 5, 5, 5, 5, 5, 5, 5, 5, 5, 5, 5, 5, 5, 5, 5, 5, 5, 5, 6, 6, 6, 6, 6, 6, 6, 6, 6, 6, 5, 5, 5, 5, 5, 5, 5, 5, 5, 5, 5, 6, 6, 6, 6, 6, 6, 6, 5, 5, 6, 6, 6, 5, 5, 5, 5, 6, 6, 6, 6, 6, 6, 6, 6, 6, 6, 5, 5, 5, 5, 5, 5, 5, 5, 5, 5, 6, 6, 6, 5, 5, 5, 5, 5, 5, 5, 5, 5, 6, 6, 6, 6, 6, 6, 5, 5, 5, 5, 6, 6, 6, 6, 5, 5, 5, 5, 6, 6, 6, 5, 5, 6, 6, 6, 6, 6, 6, 5, 5, 6, 6, 5, 6, 6, 5, 5, 5, 6, 6, 5, 5, 5, 6, 6, 5, 5, 5, 5, 5, 5, 5, 5, 5, 5, 5, 5, 5, 5, 5, 6, 6, 5, 5, 5, 5, 6, 6, 6, 6, 5, 5, 6, 6, 6, 6, 6, 6, 5, 6, 6, 6, 5, 5, 6, 6, 6, 6, 5, 5, 5, 5, 5, 5, 6, 6, 6, 6, 6, 6, 6, 5, 5, 5, 6, 6, 6, 5, 5, 5, 6, 5, 5, 6, 6, 6, 5, 5, 5, 6, 6]

################################################################
