Numero total de amostras 770

Tempo total de processamento: 1:17:23

############## TEMPOS DE PROCESSAMENTO DO EXERCICIO NO JAIL  ####################
Soma 4262 segundos
Media 5.535064935064935 segundos
Desvio padr達o 0.49876893480738344 segundos
Minimo 5 segundos
Maximo 6 segundos

95% 5.0 segundos
99% 5.0 segundos

############## TEMPOS DE PROCESSAMENTO DO EXERCICIO NO JAIL COM DOWNLOAD  ################
Soma 4641 segundos
Media 6.027272727272727 segundos
Desvio padr達o 0.17066437301685816 segundos
Minimo 5 segundos
Maximo 7 segundos

95% 6.0 segundos
99% 6.0 segundos

################### TEMPOS DE DOWNLOAD DO EXERCICIO NO JAIL #######################
Soma 379 segundos
Media 0.4922077922077922 segundos
Desvio padr達o 0.4999392778105387 segundos
Minimo 0 segundos
Maximo 1 segundos

95% 0.0 segundos
99% 0.0 segundos

############################ TEMPOS DE ESPERA NA FILA ############################
Soma 1533055
Media 1990.9805194805194 segundos
Desvio padr達o 1150.0594206601156 segundos
Minimo 1 segundos
Maximo 3981 segundos

95% 40.527499999999996 segundos
99% 42.0655 segundos

################### queue_wait_time_list: ######################

[28, 44, 1, 2837, 7, 12, 17, 22, 34, 39, 49, 59, 64, 70, 80, 85, 95, 100, 106, 116, 121, 126, 136, 142, 147, 157, 162, 172, 177, 184, 194, 199, 204, 215, 220, 225, 235, 240, 251, 256, 261, 271, 276, 282, 292, 297, 307, 311, 2859, 54, 75, 328, 333, 343, 348, 353, 364, 369, 374, 385, 390, 396, 405, 410, 421, 427, 432, 442, 447, 452, 462, 468, 478, 483, 488, 498, 504, 509, 519, 524, 529, 540, 546, 556, 561, 566, 577, 582, 587, 597, 602, 607, 618, 623, 633, 638, 2879, 90, 111, 654, 659, 669, 674, 679, 690, 695, 700, 710, 715, 721, 731, 737, 747, 752, 758, 768, 773, 778, 788, 794, 804, 809, 814, 824, 830, 835, 845, 850, 855, 866, 871, 882, 887, 892, 903, 908, 913, 923, 928, 934, 944, 949, 959, 1280, 131, 152, 167, 969, 980, 985, 990, 1000, 1005, 1011, 1021, 1026, 1031, 1042, 1048, 1058, 1063, 1068, 1079, 1084, 1089, 1099, 1103, 1109, 1120, 1125, 1135, 1140, 1145, 1156, 1160, 1166, 1176, 1181, 1192, 1196, 1202, 1212, 1217, 1222, 1234, 1239, 1244, 1254, 1260, 1270, 1275, 1346, 2900, 1285, 2915, 1351, 1290, 1295, 1356, 1300, 1306, 1310, 1316, 1321, 1326, 1331, 1337, 1342, 189, 2936, 209, 230, 1367, 1378, 1383, 1388, 1398, 1403, 1410, 1420, 1425, 1430, 1441, 1445, 1456, 1461, 1465, 1476, 1482, 1487, 1497, 1501, 1506, 1516, 1522, 1533, 1538, 1543, 1554, 1560, 1565, 1575, 1580, 1591, 1596, 1600, 1611, 1616, 1622, 1631, 1636, 1642, 1652, 1657, 1668, 1673, 2957, 246, 266, 1687, 1693, 1704, 1709, 1714, 1724, 1729, 1735, 1745, 1750, 1755, 1766, 1770, 1781, 1786, 1791, 1801, 1808, 1813, 1823, 1828, 1838, 1843, 1849, 1858, 1864, 1868, 1879, 1885, 1889, 1896, 1902, 1914, 1919, 1925, 1935, 1941, 1947, 1957, 1961, 1967, 1976, 1981, 1992, 1996, 2978, 2002, 2993, 3014, 2007, 2013, 3112, 2019, 3127, 3142, 2025, 3163, 2028, 2034, 287, 3185, 302, 338, 317, 323, 2038, 2043, 2054, 2059, 2065, 2075, 2081, 2086, 2095, 2100, 2106, 2114, 2120, 2131, 2136, 2141, 2153, 2159, 2164, 2173, 2177, 2181, 2192, 2198, 2208, 2213, 2218, 2229, 2234, 2238, 2249, 2254, 2263, 2269, 2275, 2286, 2290, 2296, 2306, 2312, 2318, 2330, 3199, 358, 2340, 2351, 2356, 2366, 2371, 2376, 2387, 2392, 2396, 2406, 2412, 2423, 2428, 2433, 2443, 2448, 2454, 2464, 2470, 2475, 2485, 2490, 2501, 2506, 2511, 2521, 2527, 2532, 2542, 2547, 2552, 2562, 2568, 2578, 2583, 2588, 2599, 2604, 2609, 2619, 2624, 2635, 2640, 2645, 2655, 2661, 3221, 3241, 2666, 3261, 2672, 3277, 3298, 2677, 3318, 2682, 3339, 3354, 2687, 3375, 3397, 2692, 3412, 2697, 2702, 380, 2827, 2822, 2832, 2843, 2848, 2853, 2864, 400, 415, 2713, 2723, 2728, 2733, 2744, 2749, 2754, 2764, 2769, 2774, 2785, 2790, 2800, 2806, 2811, 2869, 2874, 2884, 2890, 2895, 2905, 2910, 2920, 2926, 2931, 2941, 2946, 2952, 2963, 2968, 2973, 2983, 2988, 2998, 3004, 3009, 3019, 3086, 3024, 3029, 3091, 3035, 3096, 3040, 3045, 3101, 3050, 3107, 3055, 3515, 3060, 3525, 3546, 3065, 3567, 3071, 3588, 3603, 3076, 3624, 3644, 3081, 3665, 3680, 437, 457, 473, 3117, 3122, 3132, 3137, 3148, 3153, 3158, 3168, 3174, 3179, 3190, 3195, 3205, 3210, 3216, 3226, 3231, 3236, 3246, 3252, 3257, 3267, 3272, 3282, 3288, 3293, 3303, 3308, 3313, 3323, 3329, 3334, 3344, 3349, 3359, 3365, 3369, 3381, 3386, 3391, 3402, 3406, 3417, 3422, 3489, 3427, 3433, 3494, 3438, 3499, 3443, 3447, 3505, 3453, 3510, 3458, 3701, 3722, 3463, 3738, 3759, 3469, 3779, 3474, 3800, 3815, 3479, 3914, 3934, 3484, 493, 514, 534, 3520, 3530, 3535, 3540, 3551, 3555, 3562, 3572, 3578, 3583, 3593, 3598, 3608, 3614, 3619, 3629, 3634, 3639, 3650, 3655, 3660, 3670, 3675, 3686, 3691, 3696, 3706, 3711, 3716, 3728, 3733, 3743, 3748, 3753, 3764, 3769, 3774, 3784, 3789, 3795, 3805, 3810, 3820, 3825, 3893, 3831, 3836, 3898, 3841, 3904, 3846, 3851, 3909, 3950, 3856, 3970, 3861, 3867, 3872, 3878, 3883, 3888, 551, 571, 592, 613, 628, 643, 649, 664, 685, 705, 726, 742, 763, 783, 799, 819, 840, 861, 877, 898, 918, 939, 954, 1037, 964, 975, 995, 1016, 1053, 1073, 1094, 1114, 1130, 1151, 1170, 1186, 1207, 1229, 3918, 3924, 3929, 3939, 3945, 3955, 3960, 3965, 3976, 3981, 1249, 1265, 1986, 1362, 1373, 1393, 1415, 1435, 1451, 1471, 1492, 1510, 1527, 1548, 1570, 1585, 1606, 1627, 1647, 1663, 2048, 1678, 1683, 1698, 1719, 1740, 1760, 1776, 1796, 1817, 1833, 1854, 1874, 1894, 1908, 1929, 1951, 1972, 2070, 2090, 2111, 2126, 2146, 2168, 2187, 2204, 2224, 2244, 2260, 2281, 2301, 2324, 2335, 2346, 2361, 2382, 2401, 2418, 2437, 2459, 2480, 2495, 2516, 2537, 2557, 2573, 2593, 2614, 2629, 2650, 2707, 2718, 2738, 2759, 2780, 2795, 2817]

################################################################
################### jail_ex_download_list: ######################

[0, 0, 1, 1, 1, 1, 1, 1, 0, 0, 0, 0, 0, 0, 0, 0, 0, 0, 0, 1, 1, 1, 1, 1, 1, 1, 1, 1, 1, 0, 0, 0, 0, 0, 0, 0, 0, 0, 0, 0, 0, 0, 0, 0, 0, 0, 0, 0, 1, 0, 0, 1, 1, 1, 1, 1, 1, 1, 1, 0, 0, 0, 0, 0, 0, 0, 0, 1, 0, 0, 1, 1, 1, 1, 1, 1, 1, 1, 1, 1, 1, 1, 0, 0, 0, 0, 0, 0, 0, 0, 0, 0, 0, 0, 1, 1, 1, 0, 0, 1, 1, 1, 1, 1, 1, 1, 1, 1, 1, 1, 1, 0, 0, 0, 0, 0, 0, 0, 0, 1, 1, 1, 1, 1, 1, 1, 1, 1, 1, 1, 1, 0, 0, 0, 0, 0, 0, 0, 0, 0, 0, 0, 0, 0, 1, 1, 1, 1, 1, 1, 1, 1, 1, 1, 1, 1, 1, 0, 0, 0, 0, 0, 0, 0, 0, 0, 0, 0, 0, 0, 0, 0, 1, 1, 1, 1, 1, 1, 1, 1, 1, 1, 1, 1, 0, 0, 0, 0, 0, 0, 0, 1, 1, 0, 1, 1, 0, 0, 1, 0, 0, 0, 1, 1, 1, 1, 1, 1, 0, 1, 0, 0, 1, 1, 1, 1, 1, 1, 0, 0, 0, 0, 0, 0, 0, 0, 1, 1, 1, 1, 1, 1, 1, 1, 1, 1, 1, 1, 1, 0, 0, 0, 0, 0, 0, 0, 0, 0, 0, 0, 0, 0, 0, 0, 0, 0, 0, 0, 0, 0, 1, 1, 1, 1, 1, 1, 1, 1, 1, 1, 1, 1, 1, 1, 1, 1, 0, 0, 0, 0, 0, 0, 0, 0, 0, 0, 0, 0, 0, 1, 0, 1, 1, 1, 1, 1, 1, 1, 1, 1, 1, 1, 1, 1, 0, 1, 0, 0, 1, 1, 1, 0, 1, 1, 0, 1, 0, 0, 0, 0, 0, 1, 0, 1, 0, 0, 0, 0, 0, 1, 1, 1, 1, 1, 1, 1, 1, 1, 1, 1, 0, 0, 0, 0, 0, 0, 0, 0, 0, 0, 1, 0, 1, 1, 1, 1, 1, 1, 1, 1, 0, 0, 0, 0, 0, 0, 0, 1, 0, 0, 0, 0, 0, 0, 0, 1, 0, 0, 0, 1, 1, 1, 1, 1, 1, 1, 0, 0, 0, 0, 0, 0, 0, 0, 0, 0, 0, 0, 0, 0, 0, 0, 0, 0, 0, 0, 1, 1, 1, 1, 1, 1, 1, 0, 0, 0, 0, 1, 0, 1, 1, 0, 1, 0, 1, 1, 0, 1, 0, 0, 0, 0, 0, 0, 1, 0, 1, 0, 0, 1, 1, 0, 0, 0, 0, 0, 0, 1, 1, 1, 1, 1, 1, 1, 1, 1, 0, 0, 1, 1, 1, 1, 1, 1, 1, 1, 1, 1, 1, 1, 0, 0, 0, 0, 0, 0, 0, 0, 0, 0, 1, 0, 1, 1, 1, 1, 1, 1, 1, 1, 1, 1, 1, 1, 1, 1, 1, 0, 1, 0, 0, 1, 0, 0, 1, 1, 1, 0, 1, 1, 1, 1, 1, 1, 1, 1, 1, 1, 0, 0, 0, 0, 0, 0, 0, 0, 0, 0, 0, 0, 1, 1, 1, 1, 1, 1, 1, 1, 1, 1, 1, 1, 1, 1, 1, 1, 1, 0, 0, 0, 0, 0, 0, 0, 0, 0, 0, 0, 0, 0, 0, 0, 1, 0, 1, 0, 1, 0, 0, 0, 0, 0, 0, 0, 1, 1, 0, 0, 1, 0, 1, 1, 1, 1, 1, 1, 1, 1, 1, 0, 0, 0, 0, 0, 0, 0, 0, 0, 0, 0, 0, 1, 1, 1, 1, 1, 1, 1, 1, 1, 1, 1, 0, 0, 0, 0, 0, 0, 0, 0, 0, 0, 0, 1, 1, 1, 1, 0, 1, 1, 0, 1, 0, 1, 1, 0, 1, 1, 1, 1, 1, 1, 0, 0, 0, 0, 0, 0, 0, 1, 1, 1, 1, 1, 1, 1, 0, 0, 0, 1, 1, 1, 1, 0, 0, 0, 0, 0, 0, 0, 1, 1, 1, 0, 0, 0, 0, 0, 1, 1, 1, 1, 0, 0, 1, 1, 1, 1, 1, 1, 1, 1, 1, 0, 0, 1, 1, 1, 1, 0, 0, 0, 1, 1, 1, 1, 1, 0, 0, 0, 0, 0, 0, 0, 0, 0, 1, 1, 1, 1, 1, 1, 0, 0, 0, 0, 0, 0, 1, 1, 1, 1, 1, 1, 1, 1, 0, 0, 0, 0, 1, 1, 1, 0, 0, 0, 0, 0, 0, 0, 1, 1, 1, 0, 0, 0, 0, 0, 0, 0, 1, 1, 1, 0, 0, 0, 1, 1, 1, 0]

################################################################
################################################################
################### process_jail_download_list: ######################

[6, 6, 6, 7, 6, 6, 6, 7, 6, 6, 6, 6, 6, 6, 6, 6, 6, 6, 6, 6, 6, 6, 6, 6, 6, 6, 6, 6, 7, 6, 6, 6, 6, 6, 6, 6, 6, 6, 6, 6, 6, 6, 6, 6, 6, 6, 6, 6, 6, 6, 6, 6, 6, 6, 6, 6, 6, 6, 7, 6, 6, 6, 6, 6, 6, 6, 6, 6, 6, 6, 6, 6, 6, 6, 6, 6, 6, 6, 6, 6, 6, 7, 6, 6, 6, 6, 6, 6, 6, 6, 6, 6, 6, 6, 6, 6, 6, 6, 6, 6, 6, 6, 6, 6, 6, 6, 6, 6, 6, 6, 7, 6, 6, 6, 6, 6, 6, 6, 6, 6, 6, 6, 6, 6, 6, 6, 6, 6, 6, 6, 7, 6, 6, 6, 6, 6, 6, 6, 6, 6, 6, 6, 6, 6, 6, 6, 6, 6, 6, 6, 6, 6, 6, 6, 6, 6, 7, 6, 6, 6, 6, 6, 6, 6, 6, 6, 6, 6, 6, 6, 6, 6, 6, 6, 6, 6, 6, 6, 6, 6, 6, 6, 6, 7, 6, 6, 6, 6, 6, 6, 6, 6, 6, 6, 6, 6, 6, 6, 6, 6, 6, 6, 6, 6, 6, 6, 6, 6, 6, 6, 6, 6, 6, 6, 6, 6, 6, 7, 6, 6, 6, 6, 6, 6, 6, 6, 6, 6, 6, 6, 6, 6, 6, 6, 6, 6, 6, 6, 7, 6, 6, 6, 6, 6, 6, 6, 6, 6, 6, 6, 6, 6, 6, 6, 6, 6, 6, 6, 6, 6, 6, 6, 6, 6, 6, 6, 6, 6, 6, 6, 6, 6, 6, 6, 6, 7, 6, 6, 6, 6, 6, 6, 6, 6, 6, 6, 6, 6, 6, 6, 6, 6, 6, 6, 6, 6, 6, 6, 6, 6, 6, 6, 6, 6, 6, 6, 6, 6, 6, 7, 6, 6, 6, 6, 6, 6, 6, 6, 6, 6, 6, 6, 6, 6, 6, 6, 6, 6, 6, 6, 6, 6, 6, 6, 6, 6, 6, 6, 6, 6, 6, 6, 6, 6, 6, 6, 6, 6, 6, 6, 6, 6, 6, 6, 6, 6, 6, 6, 6, 7, 6, 6, 6, 6, 6, 6, 6, 6, 6, 6, 6, 6, 6, 6, 6, 6, 6, 6, 6, 6, 6, 6, 6, 6, 6, 6, 6, 6, 6, 5, 6, 6, 6, 6, 6, 6, 6, 6, 6, 6, 6, 6, 6, 6, 6, 6, 6, 6, 6, 6, 6, 6, 6, 6, 6, 6, 6, 6, 6, 6, 6, 6, 6, 6, 6, 6, 6, 7, 6, 6, 6, 6, 6, 6, 6, 6, 6, 6, 6, 6, 6, 6, 6, 6, 6, 6, 6, 6, 6, 6, 6, 6, 6, 6, 6, 7, 6, 6, 6, 6, 6, 6, 6, 6, 6, 6, 6, 6, 6, 7, 6, 6, 6, 6, 6, 6, 6, 6, 6, 6, 6, 6, 6, 6, 6, 6, 6, 6, 6, 6, 6, 6, 6, 6, 6, 6, 6, 6, 6, 6, 6, 6, 6, 6, 6, 6, 6, 6, 6, 6, 6, 6, 6, 6, 6, 6, 6, 7, 6, 6, 6, 6, 6, 6, 6, 6, 6, 6, 6, 6, 6, 6, 6, 6, 6, 6, 6, 6, 6, 6, 6, 6, 6, 6, 6, 6, 6, 6, 6, 6, 6, 6, 6, 6, 6, 6, 6, 6, 6, 6, 6, 6, 6, 6, 6, 6, 6, 6, 6, 6, 6, 6, 6, 6, 6, 6, 6, 6, 6, 6, 6, 6, 6, 6, 6, 6, 6, 6, 7, 6, 6, 6, 6, 6, 6, 6, 6, 6, 6, 6, 6, 6, 6, 6, 6, 6, 6, 6, 6, 6, 6, 7, 6, 6, 6, 6, 6, 6, 6, 6, 6, 6, 6, 6, 6, 6, 6, 6, 6, 6, 6, 6, 6, 6, 6, 6, 6, 6, 6, 6, 6, 7, 6, 6, 6, 6, 6, 6, 6, 6, 6, 6, 6, 6, 6, 6, 6, 6, 6, 6, 6, 6, 6, 6, 6, 6, 6, 6, 6, 6, 6, 6, 6, 6, 6, 6, 6, 6, 6, 6, 6, 6, 6, 6, 6, 6, 6, 6, 6, 6, 6, 6, 6, 6, 6, 6, 6, 6, 6, 6, 6, 6, 6, 6, 6, 6, 6, 6, 6, 6, 6, 6, 6, 6, 6, 6, 6, 6, 6, 6, 6, 6, 6, 6, 6, 6, 6, 6, 6, 6, 6, 6, 6, 6, 6, 7, 6, 6, 6, 6, 6, 6, 6, 6, 6, 6, 6, 6, 6, 6, 6, 6, 6, 6, 6, 6, 6, 6, 6, 6, 6, 6, 6, 6, 6, 6, 6, 6, 6, 6]

################################################################
################################################################
################### process_jail_list: ######################

[6, 6, 5, 6, 5, 5, 5, 6, 6, 6, 6, 6, 6, 6, 6, 6, 6, 6, 6, 5, 5, 5, 5, 5, 5, 5, 5, 5, 6, 6, 6, 6, 6, 6, 6, 6, 6, 6, 6, 6, 6, 6, 6, 6, 6, 6, 6, 6, 5, 6, 6, 5, 5, 5, 5, 5, 5, 5, 6, 6, 6, 6, 6, 6, 6, 6, 6, 5, 6, 6, 5, 5, 5, 5, 5, 5, 5, 5, 5, 5, 5, 6, 6, 6, 6, 6, 6, 6, 6, 6, 6, 6, 6, 6, 5, 5, 5, 6, 6, 5, 5, 5, 5, 5, 5, 5, 5, 5, 5, 5, 6, 6, 6, 6, 6, 6, 6, 6, 6, 5, 5, 5, 5, 5, 5, 5, 5, 5, 5, 5, 6, 6, 6, 6, 6, 6, 6, 6, 6, 6, 6, 6, 6, 6, 5, 5, 5, 5, 5, 5, 5, 5, 5, 5, 5, 5, 6, 6, 6, 6, 6, 6, 6, 6, 6, 6, 6, 6, 6, 6, 6, 6, 5, 5, 5, 5, 5, 5, 5, 5, 5, 5, 5, 6, 6, 6, 6, 6, 6, 6, 6, 5, 5, 6, 5, 5, 6, 6, 5, 6, 6, 6, 5, 5, 5, 5, 5, 5, 6, 5, 6, 6, 5, 5, 5, 5, 5, 6, 6, 6, 6, 6, 6, 6, 6, 6, 5, 5, 5, 5, 5, 5, 5, 5, 5, 5, 5, 5, 6, 6, 6, 6, 6, 6, 6, 6, 6, 6, 6, 6, 6, 6, 6, 6, 6, 6, 6, 6, 6, 6, 5, 5, 5, 5, 5, 5, 5, 5, 5, 5, 5, 5, 5, 5, 5, 6, 6, 6, 6, 6, 6, 6, 6, 6, 6, 6, 6, 6, 6, 5, 6, 5, 5, 5, 5, 5, 5, 5, 5, 5, 5, 5, 5, 5, 6, 5, 6, 6, 5, 6, 5, 6, 5, 5, 6, 5, 6, 6, 6, 6, 6, 5, 6, 5, 6, 6, 6, 6, 6, 5, 5, 5, 5, 5, 5, 5, 5, 5, 5, 5, 6, 6, 6, 6, 6, 6, 6, 6, 6, 6, 5, 6, 5, 5, 5, 5, 5, 5, 5, 6, 6, 6, 6, 6, 6, 6, 6, 5, 6, 6, 6, 6, 6, 6, 6, 5, 6, 6, 6, 5, 5, 5, 5, 5, 5, 5, 6, 6, 6, 5, 6, 6, 6, 6, 6, 6, 6, 6, 6, 6, 6, 6, 6, 6, 6, 6, 5, 5, 5, 5, 5, 5, 5, 6, 6, 6, 6, 5, 6, 5, 5, 6, 5, 6, 5, 5, 6, 6, 6, 6, 6, 6, 6, 6, 5, 6, 5, 6, 6, 5, 5, 6, 6, 6, 6, 6, 6, 5, 5, 5, 5, 5, 5, 5, 5, 6, 6, 6, 5, 5, 5, 5, 5, 5, 5, 5, 5, 5, 5, 6, 6, 6, 6, 6, 6, 6, 6, 6, 6, 6, 5, 6, 5, 5, 5, 5, 5, 5, 5, 5, 5, 5, 5, 5, 5, 5, 5, 6, 5, 6, 6, 5, 6, 6, 5, 5, 5, 6, 5, 5, 5, 5, 5, 5, 5, 5, 5, 6, 6, 6, 6, 6, 6, 6, 6, 6, 6, 6, 6, 6, 5, 5, 5, 5, 5, 5, 5, 5, 5, 5, 5, 5, 5, 5, 5, 5, 5, 6, 6, 6, 6, 6, 6, 6, 6, 6, 6, 6, 6, 6, 6, 6, 5, 6, 5, 6, 5, 6, 6, 6, 6, 6, 6, 6, 5, 5, 6, 6, 5, 6, 5, 5, 5, 5, 5, 5, 5, 5, 6, 6, 6, 6, 6, 6, 6, 6, 6, 6, 6, 6, 6, 5, 5, 5, 5, 5, 5, 5, 5, 5, 5, 6, 6, 6, 6, 6, 6, 6, 6, 6, 6, 6, 6, 5, 5, 5, 5, 6, 5, 5, 6, 5, 6, 5, 5, 6, 5, 5, 5, 5, 5, 6, 6, 6, 6, 6, 6, 6, 6, 5, 5, 5, 5, 5, 5, 5, 6, 6, 6, 5, 5, 5, 5, 6, 6, 6, 6, 6, 6, 6, 5, 5, 5, 6, 6, 6, 6, 6, 5, 5, 5, 5, 6, 6, 5, 5, 5, 5, 5, 5, 5, 5, 5, 6, 6, 5, 5, 5, 5, 6, 6, 6, 5, 5, 5, 5, 5, 6, 6, 6, 6, 6, 6, 6, 6, 6, 5, 5, 5, 5, 5, 5, 6, 6, 6, 6, 6, 6, 5, 5, 5, 5, 5, 5, 5, 6, 6, 6, 6, 6, 5, 5, 5, 6, 6, 6, 6, 6, 6, 6, 5, 5, 5, 6, 6, 6, 6, 6, 6, 6, 5, 5, 5, 6, 6, 6, 5, 5, 5, 6]

################################################################
