Numero total de amostras 770

Tempo total de processamento: 0:29:54

############## TEMPOS DE PROCESSAMENTO DO EXERCICIO NO JAIL  ####################
Soma 4719 segundos
Media 6.128571428571429 segundos
Desvio padr達o 0.40814981424960267 segundos
Minimo 5 segundos
Maximo 7 segundos

95% 5.0 segundos
99% 5.0 segundos

############## TEMPOS DE PROCESSAMENTO DO EXERCICIO NO JAIL COM DOWNLOAD  ################
Soma 5387 segundos
Media 6.996103896103896 segundos
Desvio padr達o 0.6293557948238238 segundos
Minimo 6 segundos
Maximo 12 segundos

95% 6.0 segundos
99% 6.0 segundos

################### TEMPOS DE DOWNLOAD DO EXERCICIO NO JAIL #######################
Soma 668 segundos
Media 0.8675324675324675 segundos
Desvio padr達o 0.5203499218349624 segundos
Minimo 0 segundos
Maximo 5 segundos

95% 0.0 segundos
99% 0.0 segundos

############################ TEMPOS DE ESPERA NA FILA ############################
Soma 455827
Media 591.9831168831168 segundos
Desvio padr達o 323.75006148626903 segundos
Minimo 3 segundos
Maximo 1138 segundos

95% 17.305500000000002 segundos
99% 17.6131 segundos

################### queue_wait_time_list: ######################

[17, 34, 29, 17, 4, 5, 18, 3, 14, 13, 24, 13, 24, 23, 27, 29, 38, 35, 52, 38, 42, 44, 48, 49, 56, 54, 58, 63, 54, 68, 64, 65, 75, 70, 72, 80, 78, 78, 82, 88, 94, 88, 88, 98, 94, 97, 102, 32, 38, 44, 49, 58, 61, 104, 107, 108, 112, 117, 112, 115, 126, 121, 121, 130, 126, 127, 131, 135, 149, 134, 139, 141, 142, 144, 155, 150, 159, 164, 150, 166, 155, 160, 171, 168, 170, 174, 178, 184, 179, 179, 192, 185, 188, 193, 68, 74, 83, 92, 212, 226, 201, 206, 239, 202, 196, 219, 209, 197, 212, 223, 199, 204, 253, 243, 205, 210, 215, 221, 231, 225, 216, 228, 222, 234, 237, 789, 229, 232, 244, 235, 247, 240, 256, 801, 246, 249, 250, 257, 254, 822, 844, 1094, 84, 790, 98, 102, 108, 111, 262, 266, 270, 267, 268, 278, 273, 275, 283, 280, 281, 284, 290, 296, 291, 293, 303, 297, 300, 308, 304, 314, 309, 311, 321, 316, 318, 325, 323, 324, 327, 331, 338, 332, 334, 344, 338, 341, 351, 346, 348, 552, 117, 795, 815, 837, 1099, 1108, 352, 1120, 354, 1129, 356, 358, 358, 361, 364, 363, 365, 368, 368, 122, 807, 131, 134, 140, 144, 373, 378, 382, 378, 380, 389, 384, 387, 394, 391, 392, 395, 401, 405, 401, 404, 414, 408, 411, 418, 415, 425, 420, 420, 429, 423, 427, 435, 433, 434, 437, 441, 445, 442, 441, 450, 447, 449, 458, 453, 455, 553, 154, 166, 175, 815, 827, 836, 848, 457, 853, 1116, 459, 1137, 460, 462, 463, 465, 467, 159, 858, 176, 182, 189, 468, 474, 470, 480, 475, 477, 485, 483, 484, 491, 487, 488, 492, 496, 502, 497, 500, 507, 504, 505, 512, 508, 511, 513, 517, 523, 518, 521, 529, 524, 525, 533, 530, 538, 534, 535, 544, 539, 541, 547, 545, 546, 550, 864, 556, 558, 559, 563, 569, 564, 567, 574, 571, 572, 579, 576, 584, 580, 581, 590, 586, 586, 594, 591, 592, 595, 600, 604, 601, 602, 611, 607, 609, 615, 612, 613, 617, 621, 626, 622, 623, 632, 628, 630, 636, 633, 642, 638, 638, 642, 644, 259, 260, 264, 649, 655, 650, 650, 659, 655, 657, 663, 661, 663, 666, 669, 675, 671, 671, 680, 675, 678, 683, 682, 684, 686, 690, 697, 692, 692, 701, 697, 699, 706, 702, 711, 707, 709, 718, 713, 715, 722, 719, 720, 723, 727, 728, 730, 891, 908, 916, 929, 731, 732, 734, 735, 737, 739, 739, 741, 742, 744, 269, 276, 286, 747, 786, 756, 765, 747, 893, 745, 757, 773, 766, 749, 759, 780, 751, 897, 760, 751, 768, 773, 753, 919, 781, 756, 769, 761, 776, 764, 770, 778, 782, 772, 778, 785, 786, 288, 294, 301, 306, 313, 320, 790, 794, 797, 795, 803, 798, 799, 807, 803, 806, 812, 810, 810, 814, 818, 823, 819, 820, 828, 824, 827, 833, 831, 831, 835, 839, 844, 839, 842, 849, 845, 847, 854, 851, 861, 856, 856, 865, 861, 861, 866, 868, 868, 871, 873, 873, 874, 876, 877, 903, 924, 328, 878, 881, 881, 882, 885, 885, 886, 888, 889, 937, 949, 954, 987, 1000, 329, 336, 342, 348, 894, 898, 895, 904, 900, 903, 910, 906, 906, 915, 911, 913, 915, 920, 925, 921, 924, 932, 927, 928, 936, 933, 933, 937, 941, 945, 942, 945, 954, 949, 950, 957, 954, 962, 957, 958, 966, 962, 965, 971, 970, 970, 974, 940, 962, 975, 978, 979, 979, 983, 995, 945, 371, 966, 974, 983, 983, 987, 987, 995, 372, 376, 382, 387, 396, 400, 992, 992, 992, 996, 1003, 1000, 1000, 1008, 1003, 1004, 1012, 1009, 1017, 1012, 1015, 1024, 1020, 1021, 1028, 1024, 1024, 1029, 1033, 1037, 1033, 1036, 1045, 1041, 1041, 1049, 1045, 1046, 1050, 1053, 1058, 1053, 1058, 1066, 1062, 1062, 1066, 1007, 1012, 1032, 1053, 1066, 1070, 1070, 1070, 1074, 1075, 1074, 1077, 1079, 1078, 405, 411, 416, 423, 429, 438, 438, 443, 450, 455, 469, 466, 472, 479, 485, 493, 495, 1081, 1082, 1087, 1091, 1087, 1094, 1091, 1094, 1103, 1099, 1099, 1107, 1103, 1103, 1107, 1111, 1117, 1113, 1116, 1125, 1120, 1120, 1129, 1125, 1125, 1128, 1133, 1138, 1134, 1137, 500, 522, 543, 551, 1017, 555, 1036, 1058, 1082, 506, 514, 527, 531, 560, 1021, 1029, 1041, 1050, 1062, 516, 538, 562, 568, 573, 578, 583, 589, 596, 599, 603, 610, 618, 620, 625, 630, 635, 641, 1086, 647, 647, 653, 659, 666, 667, 674, 680, 688, 688, 695, 701, 704, 710, 716, 724, 727, 1090, 1111, 1132]

################################################################
################### jail_ex_download_list: ######################

[2, 1, 1, 2, 4, 4, 2, 5, 1, 2, 1, 2, 1, 1, 2, 2, 1, 1, 1, 2, 1, 1, 1, 2, 1, 1, 1, 1, 1, 1, 1, 2, 1, 1, 1, 1, 1, 1, 1, 1, 0, 1, 2, 2, 1, 1, 1, 1, 1, 1, 2, 1, 1, 1, 1, 0, 1, 2, 1, 1, 1, 1, 1, 1, 1, 1, 1, 1, 1, 1, 1, 1, 2, 1, 1, 1, 2, 0, 1, 2, 1, 2, 1, 2, 1, 1, 1, 1, 1, 2, 1, 1, 1, 2, 1, 1, 2, 1, 1, 1, 1, 1, 1, 1, 1, 1, 1, 2, 2, 1, 1, 0, 1, 0, 1, 1, 2, 1, 1, 1, 2, 1, 1, 0, 1, 0, 1, 1, 1, 1, 1, 1, 1, 1, 1, 1, 1, 1, 1, 0, 1, 1, 1, 1, 1, 1, 1, 1, 2, 1, 1, 1, 1, 1, 1, 1, 1, 1, 2, 1, 1, 1, 1, 1, 1, 1, 1, 2, 1, 2, 1, 1, 1, 1, 1, 1, 1, 1, 1, 1, 1, 1, 1, 1, 2, 1, 1, 2, 1, 1, 1, 1, 1, 1, 1, 1, 2, 1, 1, 0, 1, 1, 1, 1, 0, 0, 1, 1, 1, 1, 0, 1, 1, 1, 2, 1, 1, 1, 1, 1, 1, 1, 1, 1, 1, 1, 2, 1, 2, 1, 1, 1, 1, 1, 1, 1, 1, 1, 1, 1, 1, 1, 0, 1, 1, 1, 0, 1, 0, 1, 1, 0, 1, 0, 0, 0, 1, 2, 1, 1, 1, 1, 0, 1, 1, 0, 1, 1, 1, 1, 1, 1, 1, 1, 2, 0, 1, 1, 1, 1, 1, 1, 1, 1, 1, 1, 0, 0, 1, 1, 1, 1, 1, 1, 1, 1, 1, 0, 0, 1, 1, 0, 1, 1, 1, 1, 0, 1, 1, 1, 1, 1, 0, 1, 1, 0, 1, 1, 1, 1, 1, 0, 1, 0, 1, 1, 1, 1, 1, 0, 1, 0, 1, 1, 0, 1, 1, 1, 1, 1, 1, 0, 1, 1, 1, 0, 1, 1, 1, 1, 1, 0, 1, 1, 1, 1, 1, 1, 0, 1, 1, 1, 0, 1, 1, 0, 1, 1, 1, 1, 1, 1, 1, 1, 1, 1, 1, 1, 1, 1, 0, 1, 0, 1, 1, 1, 1, 1, 1, 1, 1, 1, 0, 0, 1, 1, 1, 1, 1, 1, 1, 0, 1, 1, 1, 1, 1, 1, 1, 0, 1, 0, 1, 1, 1, 1, 1, 1, 1, 1, 1, 0, 1, 1, 1, 1, 1, 1, 0, 1, 1, 1, 1, 1, 1, 1, 1, 1, 1, 1, 1, 1, 1, 1, 0, 1, 1, 1, 1, 1, 1, 1, 1, 0, 0, 1, 0, 1, 1, 1, 1, 1, 0, 0, 0, 1, 1, 1, 1, 1, 1, 1, 1, 1, 1, 0, 1, 0, 1, 1, 0, 1, 1, 1, 0, 0, 1, 1, 1, 0, 1, 1, 1, 1, 0, 1, 0, 1, 1, 1, 1, 1, 0, 1, 1, 1, 1, 1, 1, 1, 1, 0, 1, 1, 1, 1, 1, 0, 0, 1, 1, 1, 0, 0, 0, 1, 0, 1, 1, 1, 1, 1, 1, 1, 0, 1, 1, 1, 1, 1, 1, 1, 1, 1, 0, 0, 1, 1, 1, 0, 1, 1, 1, 1, 1, 0, 1, 0, 0, 1, 0, 1, 1, 0, 1, 0, 1, 0, 1, 1, 0, 1, 0, 0, 1, 1, 0, 1, 1, 0, 1, 1, 1, 1, 0, 0, 1, 1, 1, 0, 1, 1, 1, 1, 1, 1, 1, 1, 1, 1, 1, 0, 1, 1, 1, 1, 1, 1, 1, 0, 0, 0, 1, 0, 1, 1, 1, 1, 1, 0, 1, 0, 1, 1, 1, 1, 1, 0, 1, 1, 1, 1, 0, 1, 0, 1, 0, 1, 1, 1, 1, 1, 0, 1, 1, 1, 1, 1, 0, 0, 1, 1, 1, 1, 1, 1, 1, 1, 1, 0, 1, 1, 1, 0, 1, 1, 1, 1, 0, 1, 1, 1, 1, 1, 1, 1, 1, 1, 1, 0, 1, 1, 1, 1, 1, 0, 1, 1, 0, 1, 0, 1, 1, 0, 1, 1, 0, 1, 0, 0, 1, 0, 1, 1, 0, 1, 1, 1, 0, 0, 0, 1, 0, 0, 0, 1, 1, 0, 1, 1, 1, 1, 1, 0, 1, 1, 0, 1, 1, 0, 1, 0, 0, 0, 1, 1, 0, 0, 0, 1, 0, 1, 0, 1, 0, 1, 1, 0, 0, 0, 0, 0, 0, 0, 1, 1, 1, 0, 1, 1, 0, 1, 1, 0, 1, 0, 0, 1, 1, 1]

################################################################
################################################################
################### process_jail_download_list: ######################

[8, 7, 8, 9, 11, 11, 9, 12, 7, 8, 7, 8, 7, 7, 7, 8, 8, 7, 7, 8, 8, 7, 7, 8, 7, 7, 7, 8, 7, 8, 7, 8, 7, 7, 8, 7, 7, 7, 8, 7, 7, 8, 8, 8, 7, 8, 7, 8, 7, 7, 8, 8, 7, 7, 7, 7, 7, 8, 7, 8, 7, 7, 7, 7, 8, 7, 7, 7, 8, 7, 7, 7, 8, 8, 7, 7, 8, 6, 8, 8, 7, 8, 8, 8, 7, 8, 7, 7, 8, 8, 7, 8, 7, 8, 7, 7, 8, 7, 7, 8, 7, 8, 7, 7, 8, 7, 7, 8, 8, 8, 8, 7, 7, 7, 7, 8, 8, 7, 7, 7, 8, 7, 7, 7, 8, 7, 8, 7, 8, 7, 8, 8, 7, 7, 7, 7, 8, 7, 8, 7, 6, 7, 7, 7, 7, 8, 7, 7, 8, 7, 8, 7, 7, 8, 7, 7, 7, 7, 8, 8, 7, 7, 8, 7, 7, 8, 7, 8, 8, 8, 7, 8, 7, 7, 8, 7, 7, 7, 7, 7, 7, 8, 7, 7, 8, 7, 7, 8, 7, 7, 7, 7, 7, 7, 7, 7, 8, 7, 7, 7, 8, 8, 8, 7, 7, 7, 8, 7, 8, 7, 6, 7, 8, 8, 8, 7, 7, 7, 7, 7, 8, 7, 7, 8, 7, 7, 8, 7, 8, 7, 7, 7, 8, 7, 8, 8, 7, 7, 7, 8, 7, 7, 6, 7, 7, 7, 6, 7, 6, 7, 7, 6, 7, 6, 7, 6, 7, 8, 7, 8, 7, 7, 6, 7, 7, 6, 7, 7, 7, 7, 7, 6, 6, 6, 8, 6, 7, 8, 8, 7, 7, 7, 7, 7, 7, 7, 6, 6, 7, 7, 7, 7, 7, 7, 7, 7, 7, 6, 6, 7, 7, 6, 7, 7, 7, 7, 6, 7, 7, 7, 7, 7, 7, 7, 7, 6, 7, 7, 7, 7, 7, 6, 7, 6, 7, 7, 7, 7, 7, 7, 7, 6, 7, 7, 6, 7, 7, 7, 7, 7, 7, 7, 7, 7, 7, 6, 8, 6, 7, 7, 7, 6, 7, 7, 7, 7, 7, 7, 6, 7, 7, 7, 6, 7, 7, 7, 7, 7, 7, 7, 7, 8, 8, 7, 7, 7, 7, 7, 7, 7, 6, 7, 6, 6, 7, 7, 7, 7, 6, 7, 7, 7, 6, 6, 7, 7, 7, 7, 7, 7, 7, 6, 7, 7, 7, 7, 7, 7, 7, 7, 7, 6, 7, 7, 7, 7, 7, 7, 7, 7, 7, 6, 7, 7, 7, 7, 6, 7, 6, 7, 6, 8, 7, 7, 7, 7, 7, 7, 7, 7, 7, 7, 7, 7, 7, 7, 7, 7, 8, 7, 7, 7, 7, 6, 7, 7, 6, 7, 7, 7, 7, 6, 6, 6, 6, 7, 7, 7, 8, 8, 8, 7, 7, 7, 7, 6, 7, 6, 7, 7, 6, 7, 7, 7, 6, 6, 7, 7, 7, 6, 7, 7, 7, 7, 6, 7, 6, 7, 7, 7, 7, 7, 6, 7, 7, 7, 7, 7, 6, 7, 7, 6, 7, 7, 7, 7, 7, 6, 6, 7, 7, 7, 6, 6, 7, 7, 6, 7, 7, 7, 6, 7, 7, 7, 7, 7, 7, 7, 7, 7, 7, 8, 8, 8, 7, 7, 7, 7, 7, 6, 7, 7, 7, 7, 7, 6, 7, 7, 6, 7, 6, 7, 7, 7, 7, 7, 7, 6, 7, 7, 6, 7, 6, 7, 7, 7, 6, 7, 7, 6, 7, 7, 7, 7, 6, 6, 7, 7, 7, 6, 7, 7, 7, 7, 7, 7, 7, 7, 7, 7, 7, 7, 7, 7, 8, 7, 7, 8, 7, 7, 6, 6, 7, 6, 7, 6, 6, 7, 7, 7, 7, 6, 7, 7, 7, 6, 7, 6, 7, 7, 7, 7, 6, 7, 6, 7, 6, 7, 7, 7, 7, 7, 6, 7, 7, 7, 7, 7, 6, 6, 7, 7, 6, 7, 7, 7, 7, 7, 7, 6, 7, 6, 7, 6, 7, 8, 8, 7, 7, 7, 7, 7, 7, 7, 7, 7, 7, 7, 7, 6, 7, 7, 7, 7, 7, 6, 7, 7, 6, 7, 7, 7, 7, 6, 7, 7, 6, 7, 6, 7, 7, 7, 7, 7, 6, 6, 7, 8, 6, 6, 7, 7, 7, 6, 6, 7, 7, 6, 7, 7, 7, 7, 7, 6, 7, 7, 6, 7, 7, 6, 6, 6, 6, 7, 7, 7, 6, 6, 6, 7, 6, 7, 6, 7, 6, 7, 7, 6, 6, 6, 6, 6, 6, 7, 7, 7, 7, 7, 7, 7, 7, 6, 7, 7, 7, 6, 6, 7, 7, 7]

################################################################
################################################################
################### process_jail_list: ######################

[6, 6, 7, 7, 7, 7, 7, 7, 6, 6, 6, 6, 6, 6, 5, 6, 7, 6, 6, 6, 7, 6, 6, 6, 6, 6, 6, 7, 6, 7, 6, 6, 6, 6, 7, 6, 6, 6, 7, 6, 7, 7, 6, 6, 6, 7, 6, 7, 6, 6, 6, 7, 6, 6, 6, 7, 6, 6, 6, 7, 6, 6, 6, 6, 7, 6, 6, 6, 7, 6, 6, 6, 6, 7, 6, 6, 6, 6, 7, 6, 6, 6, 7, 6, 6, 7, 6, 6, 7, 6, 6, 7, 6, 6, 6, 6, 6, 6, 6, 7, 6, 7, 6, 6, 7, 6, 6, 6, 6, 7, 7, 7, 6, 7, 6, 7, 6, 6, 6, 6, 6, 6, 6, 7, 7, 7, 7, 6, 7, 6, 7, 7, 6, 6, 6, 6, 7, 6, 7, 7, 5, 6, 6, 6, 6, 7, 6, 6, 6, 6, 7, 6, 6, 7, 6, 6, 6, 6, 6, 7, 6, 6, 7, 6, 6, 7, 6, 6, 7, 6, 6, 7, 6, 6, 7, 6, 6, 6, 6, 6, 6, 7, 6, 6, 6, 6, 6, 6, 6, 6, 6, 6, 6, 6, 6, 6, 6, 6, 6, 7, 7, 7, 7, 6, 7, 7, 7, 6, 7, 6, 6, 6, 7, 7, 6, 6, 6, 6, 6, 6, 7, 6, 6, 7, 6, 6, 6, 6, 6, 6, 6, 6, 7, 6, 7, 7, 6, 6, 6, 7, 6, 6, 6, 6, 6, 6, 6, 6, 6, 6, 6, 6, 6, 6, 7, 6, 6, 6, 6, 7, 6, 6, 6, 6, 6, 6, 6, 6, 6, 6, 6, 5, 5, 5, 6, 6, 6, 7, 7, 6, 6, 6, 6, 6, 6, 6, 6, 6, 6, 6, 6, 6, 6, 6, 6, 6, 6, 6, 6, 6, 6, 6, 6, 6, 6, 6, 6, 6, 6, 6, 6, 6, 7, 6, 6, 6, 6, 6, 6, 6, 6, 6, 6, 6, 6, 6, 6, 6, 6, 7, 6, 6, 6, 6, 6, 6, 6, 6, 6, 6, 6, 7, 6, 6, 6, 6, 7, 5, 6, 6, 6, 6, 6, 6, 6, 6, 6, 6, 6, 6, 6, 6, 6, 6, 6, 7, 6, 6, 6, 6, 6, 7, 7, 6, 6, 6, 6, 6, 6, 6, 6, 6, 6, 5, 6, 6, 6, 6, 5, 6, 6, 6, 6, 6, 6, 6, 6, 6, 6, 6, 6, 6, 6, 6, 6, 6, 6, 6, 6, 7, 6, 6, 6, 6, 6, 6, 6, 6, 6, 6, 6, 6, 6, 6, 6, 6, 5, 6, 6, 6, 5, 7, 6, 6, 6, 6, 6, 6, 6, 6, 6, 6, 6, 6, 7, 6, 6, 6, 7, 6, 6, 6, 6, 6, 7, 6, 6, 6, 6, 6, 6, 5, 6, 6, 6, 6, 6, 6, 7, 7, 7, 6, 6, 6, 6, 6, 6, 6, 6, 6, 6, 6, 6, 6, 6, 6, 6, 6, 6, 6, 6, 6, 6, 6, 6, 6, 6, 6, 6, 6, 6, 6, 6, 6, 6, 6, 6, 6, 5, 6, 6, 6, 6, 6, 6, 6, 6, 6, 6, 6, 6, 6, 6, 6, 7, 6, 6, 6, 6, 6, 5, 6, 6, 6, 7, 6, 6, 6, 6, 6, 6, 7, 7, 7, 7, 7, 6, 6, 6, 6, 6, 6, 6, 6, 6, 6, 6, 7, 6, 6, 6, 6, 6, 7, 6, 7, 6, 6, 6, 6, 6, 6, 6, 7, 6, 6, 6, 6, 6, 6, 6, 6, 6, 6, 6, 6, 6, 6, 6, 6, 6, 6, 6, 6, 6, 6, 6, 6, 6, 6, 6, 7, 6, 6, 7, 6, 6, 7, 6, 7, 6, 6, 6, 6, 6, 5, 5, 6, 6, 7, 6, 6, 6, 6, 6, 5, 6, 6, 6, 6, 6, 6, 6, 6, 6, 6, 6, 6, 6, 6, 6, 6, 6, 6, 6, 6, 6, 6, 6, 6, 6, 6, 5, 6, 6, 6, 6, 6, 6, 6, 6, 5, 6, 6, 6, 7, 7, 6, 7, 6, 6, 6, 6, 6, 6, 6, 6, 6, 6, 6, 6, 6, 6, 6, 6, 6, 6, 6, 6, 6, 7, 6, 6, 6, 6, 6, 6, 6, 6, 7, 6, 7, 6, 6, 6, 5, 6, 7, 6, 6, 7, 6, 7, 6, 6, 6, 6, 6, 6, 6, 6, 6, 6, 6, 6, 6, 6, 6, 6, 6, 5, 6, 6, 7, 6, 6, 6, 6, 6, 6, 6, 6, 6, 6, 6, 6, 6, 6, 6, 6, 6, 6, 6, 7, 6, 6, 6, 7, 6, 6, 7, 5, 6, 7, 6, 6, 6, 6, 6, 6]

################################################################
