Numero total de amostras 770

Tempo total de processamento: 0:10:55

############## TEMPOS DE PROCESSAMENTO DO EXERCICIO NO JAIL  ####################
Soma 4819 segundos
Media 6.258441558441558 segundos
Desvio padr達o 0.5388421086117489 segundos
Minimo 5 segundos
Maximo 8 segundos

95% 5.0 segundos
99% 5.0 segundos

############## TEMPOS DE PROCESSAMENTO DO EXERCICIO NO JAIL COM DOWNLOAD  ################
Soma 5383 segundos
Media 6.990909090909091 segundos
Desvio padr達o 0.8225209614321555 segundos
Minimo 6 segundos
Maximo 13 segundos

95% 6.0 segundos
99% 6.0 segundos

################### TEMPOS DE DOWNLOAD DO EXERCICIO NO JAIL #######################
Soma 564 segundos
Media 0.7324675324675325 segundos
Desvio padr達o 0.6455525285580389 segundos
Minimo 0 segundos
Maximo 5 segundos

95% 0.0 segundos
99% 0.0 segundos

############################ TEMPOS DE ESPERA NA FILA ############################
Soma 1040
Media 1.3506493506493507 segundos
Desvio padr達o 1.568076278344702 segundos
Minimo 0 segundos
Maximo 10 segundos

95% 0.0 segundos
99% 0.0 segundos

################### queue_wait_time_list: ######################

[9, 7, 4, 4, 9, 2, 3, 2, 9, 5, 9, 6, 6, 6, 8, 7, 7, 9, 7, 6, 7, 5, 6, 9, 9, 5, 10, 10, 8, 6, 7, 5, 8, 4, 9, 3, 8, 7, 6, 6, 4, 6, 6, 4, 4, 4, 0, 5, 5, 1, 3, 3, 1, 3, 3, 1, 0, 1, 1, 1, 3, 3, 2, 3, 4, 3, 3, 4, 1, 1, 4, 2, 1, 2, 1, 2, 1, 2, 0, 2, 1, 1, 1, 1, 0, 2, 1, 0, 0, 1, 1, 1, 1, 2, 2, 1, 2, 0, 0, 1, 3, 2, 1, 0, 1, 0, 1, 1, 1, 1, 2, 1, 0, 1, 1, 1, 1, 1, 0, 0, 1, 1, 3, 2, 2, 3, 1, 2, 1, 0, 1, 1, 2, 1, 0, 2, 1, 1, 1, 0, 1, 1, 1, 0, 1, 0, 1, 2, 2, 0, 1, 1, 1, 0, 2, 1, 0, 1, 1, 2, 1, 2, 1, 0, 1, 0, 1, 0, 1, 0, 1, 1, 1, 1, 0, 0, 1, 2, 1, 1, 0, 1, 1, 1, 0, 1, 1, 1, 0, 2, 1, 2, 2, 1, 0, 1, 1, 2, 0, 1, 1, 1, 1, 1, 1, 1, 1, 1, 1, 0, 2, 2, 0, 1, 1, 1, 2, 2, 2, 0, 1, 0, 0, 2, 1, 1, 0, 0, 1, 1, 2, 2, 1, 2, 1, 1, 1, 0, 1, 1, 0, 1, 0, 0, 2, 1, 1, 1, 0, 0, 1, 2, 0, 1, 1, 2, 2, 1, 1, 0, 1, 1, 0, 1, 1, 1, 1, 1, 0, 1, 1, 2, 1, 2, 0, 1, 1, 1, 1, 1, 1, 0, 1, 1, 1, 2, 2, 1, 1, 2, 0, 2, 1, 2, 1, 0, 1, 1, 1, 0, 1, 1, 0, 1, 1, 1, 1, 1, 1, 1, 0, 1, 0, 1, 1, 1, 0, 1, 0, 1, 1, 0, 0, 0, 2, 1, 1, 1, 1, 0, 1, 1, 1, 2, 1, 1, 0, 1, 1, 1, 0, 1, 1, 1, 2, 0, 0, 1, 1, 1, 0, 1, 1, 0, 1, 0, 1, 0, 1, 0, 1, 1, 1, 2, 1, 1, 0, 0, 0, 1, 1, 0, 0, 0, 1, 1, 1, 1, 1, 2, 1, 1, 0, 1, 1, 0, 0, 1, 1, 1, 1, 2, 1, 0, 0, 0, 1, 1, 0, 1, 1, 1, 1, 1, 0, 1, 2, 1, 1, 0, 1, 1, 1, 1, 0, 1, 0, 0, 1, 2, 1, 1, 1, 1, 0, 0, 1, 1, 1, 1, 0, 1, 2, 1, 2, 2, 1, 0, 2, 1, 1, 1, 2, 1, 1, 0, 1, 2, 1, 0, 1, 1, 1, 2, 0, 2, 2, 2, 1, 1, 0, 0, 1, 1, 2, 1, 2, 2, 1, 1, 1, 1, 1, 1, 2, 2, 2, 4, 4, 0, 3, 2, 3, 1, 1, 0, 1, 0, 3, 1, 1, 2, 2, 3, 1, 0, 2, 1, 1, 0, 1, 3, 1, 1, 1, 0, 2, 1, 1, 2, 3, 2, 2, 1, 1, 2, 1, 1, 2, 1, 2, 2, 1, 1, 2, 1, 2, 0, 1, 1, 2, 0, 2, 0, 2, 2, 1, 1, 0, 1, 2, 1, 2, 1, 2, 1, 1, 0, 2, 0, 1, 1, 1, 1, 2, 3, 1, 2, 1, 1, 1, 1, 1, 2, 1, 2, 1, 0, 1, 0, 0, 1, 0, 1, 1, 0, 1, 0, 2, 1, 1, 1, 1, 1, 1, 0, 2, 1, 0, 1, 0, 1, 0, 1, 1, 0, 1, 0, 0, 1, 0, 2, 1, 0, 0, 0, 0, 0, 0, 1, 1, 1, 1, 0, 1, 1, 1, 2, 3, 3, 3, 0, 2, 2, 2, 1, 1, 1, 0, 0, 0, 2, 0, 0, 0, 1, 3, 1, 0, 1, 1, 2, 1, 0, 1, 1, 3, 1, 0, 0, 1, 0, 2, 3, 3, 2, 1, 2, 1, 2, 1, 0, 0, 0, 0, 1, 0, 1, 1, 0, 0, 1, 1, 1, 1, 1, 0, 1, 2, 1, 1, 1, 1, 1, 1, 1, 1, 1, 1, 0, 1, 1, 1, 0, 1, 1, 0, 0, 1, 1, 0, 1, 0, 1, 0, 1, 1, 1, 1, 0, 0, 0, 2, 1, 0, 2, 0, 0, 1, 0, 1, 1, 2, 2, 1, 1, 1, 0, 2, 1, 1, 1, 1, 2, 1, 2, 1, 1, 1, 0, 1, 1, 1, 1, 0, 2, 1, 1, 0, 1, 0, 1, 1, 0, 0, 2, 1, 1, 2, 1, 1, 2, 1, 0, 1, 1, 1, 2, 2, 1]

################################################################
################### jail_ex_download_list: ######################

[0, 0, 4, 5, 0, 4, 4, 4, 0, 1, 1, 1, 1, 1, 4, 0, 4, 1, 5, 2, 2, 5, 5, 0, 1, 1, 1, 1, 1, 0, 1, 2, 2, 1, 1, 1, 0, 1, 1, 0, 1, 0, 1, 1, 1, 1, 1, 1, 1, 0, 1, 1, 1, 0, 0, 0, 1, 1, 0, 1, 1, 1, 1, 0, 0, 1, 1, 1, 1, 0, 1, 1, 1, 1, 1, 0, 1, 0, 1, 0, 1, 0, 1, 0, 1, 0, 1, 1, 1, 0, 1, 0, 1, 0, 1, 1, 1, 1, 1, 1, 0, 0, 0, 1, 1, 1, 1, 1, 0, 1, 1, 1, 1, 1, 0, 1, 1, 0, 1, 0, 1, 1, 0, 2, 1, 1, 1, 0, 1, 1, 1, 0, 1, 1, 2, 2, 2, 1, 0, 1, 1, 1, 1, 1, 1, 1, 0, 0, 1, 1, 0, 1, 1, 1, 0, 0, 1, 0, 1, 0, 1, 0, 1, 1, 0, 1, 0, 1, 1, 1, 0, 0, 0, 0, 1, 1, 0, 0, 0, 0, 1, 1, 0, 1, 1, 0, 0, 1, 1, 1, 0, 1, 0, 0, 1, 1, 1, 1, 1, 1, 0, 0, 1, 1, 1, 1, 1, 1, 0, 1, 0, 0, 1, 1, 1, 1, 1, 1, 0, 1, 1, 1, 1, 0, 0, 1, 1, 1, 1, 0, 1, 0, 1, 0, 0, 1, 0, 1, 1, 0, 1, 0, 1, 1, 1, 1, 0, 1, 1, 0, 1, 0, 1, 1, 0, 0, 1, 0, 1, 1, 0, 1, 1, 1, 0, 0, 0, 0, 1, 1, 1, 0, 1, 1, 1, 1, 1, 0, 0, 1, 1, 1, 0, 1, 1, 1, 0, 2, 1, 0, 1, 1, 1, 0, 0, 1, 0, 1, 1, 0, 0, 1, 1, 1, 0, 0, 1, 1, 1, 1, 1, 1, 1, 1, 1, 1, 1, 1, 1, 1, 0, 1, 1, 1, 0, 0, 0, 1, 0, 1, 1, 0, 0, 1, 1, 1, 0, 0, 1, 1, 1, 0, 0, 1, 0, 1, 1, 0, 0, 1, 1, 1, 1, 1, 1, 1, 1, 0, 0, 1, 0, 1, 1, 0, 1, 1, 1, 1, 0, 1, 1, 1, 0, 1, 1, 0, 1, 1, 0, 0, 1, 0, 1, 1, 1, 1, 1, 1, 0, 0, 0, 0, 1, 1, 1, 1, 1, 0, 1, 0, 1, 0, 1, 0, 1, 1, 1, 0, 1, 1, 1, 1, 1, 1, 1, 1, 1, 1, 1, 1, 0, 1, 1, 0, 1, 1, 0, 0, 0, 1, 1, 0, 1, 1, 1, 0, 1, 1, 0, 1, 1, 1, 1, 1, 1, 1, 0, 0, 0, 1, 0, 1, 1, 1, 1, 1, 1, 0, 1, 0, 1, 1, 1, 0, 1, 1, 0, 0, 1, 1, 1, 0, 1, 0, 1, 0, 1, 0, 0, 1, 1, 1, 0, 1, 1, 1, 0, 1, 1, 1, 1, 1, 0, 0, 1, 1, 1, 1, 1, 1, 1, 1, 1, 1, 0, 1, 1, 1, 1, 1, 0, 1, 0, 1, 1, 1, 1, 1, 1, 1, 0, 1, 1, 1, 1, 1, 1, 1, 1, 0, 1, 1, 0, 1, 0, 0, 1, 0, 1, 0, 0, 0, 0, 0, 0, 1, 0, 0, 0, 1, 0, 0, 1, 1, 0, 0, 0, 0, 1, 0, 1, 0, 0, 1, 1, 1, 1, 1, 0, 1, 1, 1, 1, 1, 0, 1, 1, 1, 1, 1, 1, 0, 1, 1, 1, 1, 0, 1, 1, 0, 1, 0, 1, 1, 0, 1, 0, 0, 1, 1, 1, 1, 1, 1, 1, 1, 0, 1, 1, 1, 0, 0, 0, 1, 0, 1, 1, 1, 0, 1, 0, 1, 1, 1, 1, 1, 1, 1, 1, 1, 1, 1, 1, 1, 1, 1, 1, 0, 1, 0, 1, 1, 0, 1, 0, 1, 1, 1, 1, 1, 1, 1, 1, 0, 1, 0, 1, 1, 1, 1, 1, 1, 1, 1, 1, 1, 0, 1, 0, 1, 1, 0, 1, 0, 1, 0, 1, 1, 0, 1, 1, 1, 1, 1, 0, 1, 0, 0, 0, 1, 1, 0, 0, 1, 1, 1, 1, 1, 1, 0, 0, 0, 1, 0, 1, 1, 0, 1, 1, 1, 0, 1, 1, 0, 1, 0, 1, 0, 0, 1, 1, 0, 1, 1, 1, 1, 1, 1, 1, 0, 1, 1, 0, 0, 1, 0, 0, 1, 1, 1, 1, 0, 1, 0, 1, 0, 0, 0, 0, 0, 1, 0, 0, 1, 1, 1, 1, 1, 0, 1, 1, 1, 1, 1, 1, 0, 1, 0, 1, 1]

################################################################
################################################################
################### process_jail_download_list: ######################

[7, 7, 12, 13, 7, 12, 12, 12, 7, 7, 7, 7, 7, 7, 10, 6, 11, 8, 12, 9, 9, 13, 13, 6, 7, 7, 8, 7, 8, 7, 7, 8, 8, 7, 7, 8, 6, 7, 7, 6, 8, 7, 7, 7, 7, 7, 7, 7, 7, 7, 8, 7, 7, 6, 6, 7, 9, 7, 8, 7, 8, 8, 7, 7, 7, 7, 6, 7, 8, 7, 7, 8, 7, 8, 7, 7, 8, 7, 8, 6, 8, 7, 7, 6, 7, 7, 6, 7, 7, 7, 7, 7, 7, 7, 7, 7, 7, 8, 7, 7, 7, 7, 7, 7, 8, 7, 7, 7, 7, 7, 7, 8, 8, 8, 7, 7, 7, 6, 7, 7, 7, 7, 7, 8, 7, 7, 8, 7, 7, 8, 7, 6, 8, 7, 8, 9, 9, 7, 7, 7, 7, 7, 7, 7, 7, 7, 7, 7, 7, 7, 6, 7, 8, 8, 6, 7, 7, 6, 7, 7, 7, 7, 7, 7, 7, 7, 7, 7, 7, 7, 6, 6, 6, 6, 6, 7, 6, 6, 7, 6, 7, 7, 6, 7, 7, 6, 6, 6, 6, 7, 6, 7, 7, 7, 7, 7, 7, 7, 7, 7, 6, 6, 7, 6, 7, 7, 7, 7, 6, 7, 6, 6, 7, 7, 7, 6, 7, 7, 6, 7, 7, 7, 7, 6, 6, 7, 7, 7, 7, 6, 7, 7, 7, 6, 7, 7, 6, 7, 7, 6, 7, 7, 8, 7, 7, 7, 6, 7, 8, 6, 7, 6, 7, 7, 7, 6, 6, 7, 7, 7, 6, 7, 7, 7, 6, 6, 6, 7, 7, 7, 7, 6, 7, 7, 7, 7, 7, 7, 7, 6, 7, 7, 6, 7, 7, 7, 7, 8, 7, 6, 7, 7, 7, 7, 7, 7, 7, 8, 7, 7, 6, 7, 7, 7, 7, 6, 8, 7, 7, 8, 7, 8, 8, 7, 7, 7, 7, 7, 7, 7, 7, 8, 7, 7, 7, 7, 7, 7, 7, 7, 7, 7, 6, 7, 7, 7, 6, 7, 7, 6, 7, 7, 6, 7, 6, 7, 6, 6, 6, 8, 7, 7, 7, 7, 8, 8, 7, 7, 6, 7, 6, 7, 6, 7, 7, 7, 8, 7, 6, 7, 7, 7, 6, 7, 7, 6, 8, 7, 7, 6, 7, 7, 7, 7, 7, 7, 6, 7, 7, 6, 6, 6, 7, 8, 7, 8, 8, 7, 7, 6, 7, 6, 7, 7, 8, 7, 6, 7, 7, 8, 7, 7, 7, 8, 7, 7, 7, 7, 7, 7, 7, 7, 6, 6, 7, 7, 6, 7, 7, 7, 7, 6, 7, 7, 8, 7, 7, 7, 6, 7, 6, 7, 6, 8, 7, 8, 6, 7, 7, 7, 6, 7, 7, 7, 7, 7, 8, 7, 7, 7, 7, 7, 7, 7, 7, 7, 6, 6, 7, 7, 7, 6, 7, 6, 7, 6, 7, 6, 7, 8, 7, 8, 7, 8, 8, 8, 7, 7, 8, 7, 8, 7, 7, 7, 7, 7, 7, 7, 7, 8, 7, 7, 7, 7, 7, 7, 7, 7, 7, 7, 6, 7, 6, 8, 7, 7, 8, 8, 8, 7, 7, 7, 7, 7, 7, 7, 7, 7, 7, 7, 7, 7, 7, 7, 7, 6, 7, 6, 7, 6, 7, 7, 7, 7, 6, 7, 7, 7, 6, 7, 7, 7, 8, 7, 7, 6, 6, 6, 7, 7, 7, 7, 7, 7, 7, 7, 7, 7, 7, 8, 7, 7, 7, 7, 6, 7, 7, 8, 7, 7, 6, 6, 7, 8, 8, 8, 6, 6, 8, 7, 7, 7, 7, 7, 6, 7, 6, 6, 7, 7, 7, 8, 7, 7, 7, 7, 7, 7, 7, 6, 7, 7, 7, 7, 7, 7, 7, 7, 7, 7, 7, 7, 7, 7, 7, 7, 8, 7, 8, 8, 8, 7, 8, 7, 6, 8, 8, 7, 8, 6, 7, 7, 6, 6, 6, 8, 7, 7, 7, 7, 7, 8, 7, 6, 7, 7, 7, 7, 7, 7, 8, 7, 7, 7, 7, 6, 6, 6, 6, 7, 8, 6, 7, 6, 7, 7, 7, 7, 6, 7, 7, 7, 7, 6, 6, 7, 6, 6, 6, 7, 7, 6, 6, 7, 7, 7, 7, 7, 6, 6, 7, 7, 7, 6, 7, 7, 6, 7, 7, 7, 6, 7, 7, 7, 7, 7, 7, 7, 7, 7, 8, 6, 7, 6, 7, 6, 7, 7, 7, 6, 7, 7, 6, 6, 7, 6, 6, 7, 7, 7, 7, 7, 7, 6, 8, 6, 6, 6, 6, 7, 7, 7, 7, 7, 7, 7, 8, 7, 7, 7, 7, 7, 7, 7, 7, 6, 7, 6, 6, 7]

################################################################
################################################################
################### process_jail_list: ######################

[7, 7, 8, 8, 7, 8, 8, 8, 7, 6, 6, 6, 6, 6, 6, 6, 7, 7, 7, 7, 7, 8, 8, 6, 6, 6, 7, 6, 7, 7, 6, 6, 6, 6, 6, 7, 6, 6, 6, 6, 7, 7, 6, 6, 6, 6, 6, 6, 6, 7, 7, 6, 6, 6, 6, 7, 8, 6, 8, 6, 7, 7, 6, 7, 7, 6, 5, 6, 7, 7, 6, 7, 6, 7, 6, 7, 7, 7, 7, 6, 7, 7, 6, 6, 6, 7, 5, 6, 6, 7, 6, 7, 6, 7, 6, 6, 6, 7, 6, 6, 7, 7, 7, 6, 7, 6, 6, 6, 7, 6, 6, 7, 7, 7, 7, 6, 6, 6, 6, 7, 6, 6, 7, 6, 6, 6, 7, 7, 6, 7, 6, 6, 7, 6, 6, 7, 7, 6, 7, 6, 6, 6, 6, 6, 6, 6, 7, 7, 6, 6, 6, 6, 7, 7, 6, 7, 6, 6, 6, 7, 6, 7, 6, 6, 7, 6, 7, 6, 6, 6, 6, 6, 6, 6, 5, 6, 6, 6, 7, 6, 6, 6, 6, 6, 6, 6, 6, 5, 5, 6, 6, 6, 7, 7, 6, 6, 6, 6, 6, 6, 6, 6, 6, 5, 6, 6, 6, 6, 6, 6, 6, 6, 6, 6, 6, 5, 6, 6, 6, 6, 6, 6, 6, 6, 6, 6, 6, 6, 6, 6, 6, 7, 6, 6, 7, 6, 6, 6, 6, 6, 6, 7, 7, 6, 6, 6, 6, 6, 7, 6, 6, 6, 6, 6, 7, 6, 5, 7, 6, 6, 6, 6, 6, 6, 6, 6, 6, 7, 6, 6, 6, 6, 6, 6, 6, 6, 6, 7, 7, 5, 6, 6, 6, 6, 6, 6, 7, 6, 6, 6, 6, 6, 6, 7, 7, 6, 7, 7, 6, 7, 6, 6, 6, 6, 7, 6, 7, 6, 6, 7, 6, 7, 7, 6, 6, 6, 6, 6, 6, 6, 7, 7, 6, 6, 7, 7, 7, 6, 7, 6, 6, 7, 6, 6, 6, 6, 6, 7, 6, 5, 6, 7, 6, 6, 6, 6, 5, 6, 6, 7, 6, 6, 6, 6, 7, 7, 6, 7, 6, 6, 6, 6, 5, 7, 6, 6, 7, 6, 6, 6, 6, 6, 6, 6, 6, 6, 7, 6, 7, 6, 6, 7, 6, 6, 6, 6, 5, 6, 7, 6, 6, 6, 6, 7, 6, 7, 7, 7, 6, 6, 6, 6, 6, 7, 7, 6, 5, 7, 6, 7, 6, 6, 6, 7, 6, 6, 6, 6, 6, 6, 7, 6, 5, 6, 6, 6, 6, 7, 7, 6, 6, 6, 6, 6, 7, 7, 6, 6, 6, 6, 5, 6, 5, 7, 6, 7, 6, 7, 7, 6, 6, 6, 6, 6, 6, 6, 7, 7, 6, 7, 6, 6, 6, 7, 6, 6, 6, 6, 6, 6, 6, 6, 6, 6, 6, 6, 6, 6, 7, 7, 6, 7, 7, 7, 7, 7, 7, 6, 7, 6, 7, 6, 7, 7, 6, 6, 6, 6, 6, 7, 6, 6, 6, 6, 7, 6, 6, 6, 6, 6, 6, 6, 6, 7, 6, 6, 7, 7, 7, 6, 7, 6, 6, 6, 6, 6, 6, 6, 6, 7, 6, 6, 7, 6, 7, 6, 6, 6, 6, 6, 7, 7, 7, 7, 6, 6, 7, 7, 6, 6, 7, 7, 7, 6, 7, 6, 6, 6, 6, 7, 6, 7, 7, 6, 6, 6, 6, 6, 7, 7, 6, 6, 6, 6, 6, 6, 6, 7, 6, 6, 5, 6, 6, 7, 7, 7, 6, 5, 7, 7, 6, 7, 6, 6, 6, 6, 6, 6, 6, 6, 6, 7, 6, 6, 6, 6, 7, 6, 6, 5, 7, 7, 7, 6, 7, 6, 6, 6, 7, 6, 7, 6, 6, 6, 6, 6, 7, 6, 7, 7, 7, 6, 7, 6, 5, 7, 7, 7, 7, 6, 6, 6, 6, 5, 6, 7, 6, 6, 6, 6, 6, 7, 6, 6, 6, 7, 6, 6, 6, 6, 7, 6, 6, 6, 6, 5, 6, 5, 6, 6, 7, 6, 6, 6, 6, 7, 6, 6, 6, 6, 6, 6, 6, 5, 6, 6, 6, 6, 6, 6, 6, 6, 6, 6, 6, 6, 6, 6, 5, 6, 7, 7, 6, 6, 6, 6, 6, 6, 6, 6, 6, 6, 6, 7, 6, 7, 6, 7, 7, 6, 7, 6, 6, 5, 6, 5, 6, 6, 6, 6, 6, 6, 6, 6, 6, 6, 6, 6, 6, 6, 6, 7, 6, 6, 7, 6, 6, 6, 6, 7, 6, 7, 7, 6, 6, 6, 7, 6, 7, 6, 6, 6, 6, 6, 6, 6, 6, 6, 5, 6]

################################################################
