Numero total de amostras 770

Tempo total de processamento: 0:27:16

############## TEMPOS DE PROCESSAMENTO DO EXERCICIO NO JAIL  ####################
Soma 4450 segundos
Media 5.779220779220779 segundos
Desvio padr達o 0.427112826827937 segundos
Minimo 5 segundos
Maximo 7 segundos

95% 5.0 segundos
99% 5.0 segundos

############## TEMPOS DE PROCESSAMENTO DO EXERCICIO NO JAIL COM DOWNLOAD  ################
Soma 4900 segundos
Media 6.363636363636363 segundos
Desvio padr達o 0.4810456929208346 segundos
Minimo 6 segundos
Maximo 7 segundos

95% 6.0 segundos
99% 6.0 segundos

################### TEMPOS DE DOWNLOAD DO EXERCICIO NO JAIL #######################
Soma 450 segundos
Media 0.5844155844155844 segundos
Desvio padr達o 0.49282249249377336 segundos
Minimo 0 segundos
Maximo 1 segundos

95% 0.0 segundos
99% 0.0 segundos

############################ TEMPOS DE ESPERA NA FILA ############################
Soma 374746
Media 486.6831168831169 segundos
Desvio padr達o 280.8523822652236 segundos
Minimo 3 segundos
Maximo 976 segundos

95% 13.0 segundos
99% 13.0 segundos

################### queue_wait_time_list: ######################

[12, 13, 20, 24, 25, 4, 3, 4, 8, 16, 8, 8, 31, 21, 13, 20, 15, 16, 29, 24, 27, 35, 39, 28, 42, 31, 54, 36, 45, 42, 46, 43, 49, 51, 56, 63, 50, 60, 54, 57, 67, 61, 65, 72, 69, 73, 68, 32, 34, 40, 39, 47, 53, 88, 77, 78, 79, 82, 85, 84, 93, 90, 96, 89, 92, 95, 101, 101, 103, 104, 108, 109, 116, 112, 108, 112, 119, 116, 120, 128, 123, 127, 131, 123, 137, 127, 134, 130, 134, 138, 146, 141, 144, 140, 573, 603, 144, 637, 148, 148, 148, 644, 656, 662, 678, 826, 836, 890, 894, 902, 923, 943, 964, 58, 62, 163, 163, 152, 167, 151, 167, 167, 685, 152, 716, 745, 156, 832, 156, 835, 847, 156, 903, 160, 159, 923, 159, 943, 164, 968, 64, 687, 170, 696, 171, 707, 171, 711, 174, 719, 738, 174, 899, 175, 179, 906, 178, 924, 178, 182, 182, 949, 969, 71, 75, 76, 80, 85, 93, 96, 186, 189, 185, 193, 189, 192, 200, 197, 200, 204, 196, 211, 199, 207, 204, 207, 211, 218, 215, 214, 221, 219, 217, 222, 225, 229, 225, 228, 237, 232, 232, 240, 236, 244, 240, 240, 247, 244, 248, 251, 251, 712, 726, 731, 743, 753, 902, 905, 906, 929, 949, 968, 100, 757, 776, 252, 790, 255, 797, 800, 255, 804, 819, 254, 259, 258, 909, 910, 259, 262, 263, 263, 928, 948, 971, 104, 952, 112, 116, 119, 124, 130, 135, 266, 271, 270, 277, 274, 274, 281, 277, 277, 285, 282, 285, 285, 289, 296, 292, 292, 299, 295, 295, 307, 300, 303, 303, 307, 314, 315, 307, 322, 310, 318, 313, 317, 325, 320, 326, 329, 328, 334, 333, 761, 764, 782, 809, 337, 338, 811, 336, 911, 342, 929, 340, 341, 934, 346, 345, 952, 972, 138, 371, 344, 768, 778, 349, 789, 823, 349, 349, 914, 353, 353, 352, 951, 971, 141, 360, 365, 367, 357, 361, 364, 372, 368, 364, 376, 379, 375, 387, 381, 376, 383, 384, 393, 389, 390, 392, 398, 399, 391, 401, 404, 408, 400, 412, 405, 412, 417, 407, 416, 420, 419, 429, 423, 424, 428, 424, 432, 435, 436, 432, 181, 185, 189, 192, 196, 457, 453, 449, 440, 444, 443, 456, 453, 461, 452, 461, 472, 464, 463, 468, 468, 475, 472, 479, 477, 473, 481, 483, 475, 487, 494, 491, 483, 488, 492, 499, 496, 503, 506, 495, 513, 499, 509, 503, 506, 510, 607, 913, 514, 513, 933, 956, 976, 204, 214, 396, 411, 416, 432, 440, 444, 914, 932, 517, 956, 518, 517, 520, 522, 521, 207, 369, 371, 380, 388, 397, 404, 420, 429, 437, 440, 449, 456, 460, 465, 531, 533, 938, 524, 956, 525, 525, 528, 529, 529, 211, 221, 225, 229, 232, 237, 535, 535, 543, 541, 546, 543, 551, 549, 544, 554, 552, 558, 556, 566, 561, 562, 564, 569, 568, 563, 580, 571, 572, 577, 579, 577, 581, 580, 585, 591, 580, 586, 591, 604, 596, 600, 595, 608, 599, 605, 409, 448, 918, 605, 937, 611, 960, 612, 611, 616, 614, 615, 243, 468, 480, 491, 509, 532, 917, 937, 618, 961, 619, 619, 623, 623, 622, 248, 266, 266, 271, 274, 629, 634, 628, 625, 637, 641, 634, 640, 645, 637, 652, 641, 648, 644, 648, 652, 659, 656, 660, 663, 655, 670, 658, 666, 662, 666, 671, 673, 674, 678, 682, 673, 681, 688, 685, 681, 684, 689, 692, 692, 697, 692, 483, 502, 539, 917, 941, 696, 700, 960, 699, 699, 703, 702, 703, 708, 281, 288, 289, 292, 300, 302, 707, 310, 712, 715, 720, 724, 722, 715, 731, 718, 730, 723, 727, 738, 727, 735, 735, 743, 749, 734, 746, 738, 741, 746, 754, 750, 757, 761, 750, 769, 753, 764, 757, 760, 772, 764, 768, 776, 771, 775, 771, 489, 499, 507, 536, 922, 779, 779, 941, 963, 310, 828, 835, 827, 832, 831, 318, 834, 839, 321, 836, 841, 325, 841, 848, 328, 333, 783, 782, 786, 787, 793, 793, 786, 800, 789, 796, 792, 796, 800, 816, 804, 804, 808, 824, 812, 807, 820, 812, 847, 815, 815, 851, 819, 842, 823, 851, 361, 357, 384, 539, 548, 560, 569, 580, 862, 624, 631, 649, 666, 862, 865, 856, 850, 855, 854, 859, 858, 859, 869, 863, 871, 867, 874, 866, 880, 874, 871, 877, 879, 875, 878, 883, 885, 888, 886, 882, 891, 889, 887, 895, 921, 896, 940, 358, 551, 557, 576, 585, 592, 595, 600, 625, 633, 652, 670, 678, 898, 897, 919, 945, 964]

################################################################
################### jail_ex_download_list: ######################

[0, 0, 1, 0, 0, 1, 1, 1, 1, 1, 1, 1, 1, 1, 0, 1, 1, 1, 0, 0, 0, 1, 0, 1, 0, 1, 1, 0, 1, 1, 1, 1, 1, 1, 0, 1, 1, 1, 1, 1, 1, 0, 0, 1, 1, 0, 1, 1, 1, 0, 0, 1, 0, 0, 0, 1, 1, 1, 1, 1, 1, 0, 1, 0, 1, 1, 0, 1, 1, 1, 1, 1, 0, 0, 1, 0, 1, 0, 1, 0, 1, 0, 0, 0, 1, 0, 1, 1, 1, 1, 0, 1, 1, 0, 1, 0, 0, 1, 0, 1, 1, 0, 0, 0, 1, 1, 0, 1, 0, 0, 1, 1, 1, 1, 0, 1, 1, 1, 1, 1, 0, 0, 1, 1, 1, 1, 1, 0, 0, 1, 0, 0, 1, 0, 1, 1, 0, 1, 1, 0, 1, 1, 1, 1, 0, 0, 0, 0, 1, 0, 1, 1, 0, 1, 0, 1, 1, 1, 1, 0, 0, 1, 0, 0, 0, 0, 1, 1, 0, 1, 0, 0, 0, 1, 0, 1, 0, 0, 1, 1, 1, 1, 1, 0, 0, 1, 0, 0, 0, 1, 1, 0, 1, 0, 0, 1, 0, 1, 0, 0, 1, 1, 0, 1, 1, 0, 0, 1, 0, 0, 0, 0, 0, 1, 0, 1, 0, 1, 1, 1, 0, 0, 1, 0, 1, 1, 0, 1, 1, 1, 1, 1, 1, 1, 0, 1, 0, 0, 0, 1, 0, 0, 1, 1, 1, 0, 1, 1, 0, 1, 0, 1, 0, 1, 0, 0, 1, 1, 1, 1, 1, 1, 0, 0, 0, 0, 1, 0, 1, 1, 1, 1, 1, 1, 0, 0, 0, 1, 0, 0, 0, 0, 0, 0, 0, 1, 1, 1, 0, 1, 1, 1, 1, 0, 0, 0, 0, 0, 0, 1, 1, 0, 1, 1, 1, 1, 0, 0, 1, 1, 1, 0, 1, 1, 0, 1, 0, 0, 0, 0, 0, 1, 1, 1, 1, 1, 1, 0, 1, 0, 1, 0, 1, 1, 1, 1, 0, 1, 1, 0, 0, 0, 1, 0, 1, 1, 0, 1, 1, 0, 1, 1, 1, 0, 1, 1, 1, 1, 1, 0, 1, 0, 1, 1, 0, 1, 1, 0, 1, 1, 1, 0, 1, 1, 0, 0, 1, 1, 0, 1, 0, 0, 1, 1, 1, 0, 1, 0, 0, 1, 1, 0, 0, 1, 1, 1, 0, 1, 1, 0, 1, 1, 0, 1, 1, 1, 0, 0, 0, 1, 0, 1, 1, 0, 0, 1, 0, 0, 1, 1, 1, 1, 1, 0, 0, 0, 0, 1, 0, 1, 0, 1, 1, 1, 1, 1, 1, 1, 0, 0, 1, 1, 1, 1, 0, 1, 0, 0, 0, 0, 1, 0, 1, 1, 1, 1, 1, 0, 1, 1, 1, 1, 1, 1, 0, 0, 0, 0, 1, 1, 1, 1, 1, 0, 1, 1, 1, 0, 1, 1, 0, 0, 1, 0, 1, 1, 1, 1, 0, 0, 1, 1, 0, 1, 1, 1, 1, 0, 1, 0, 1, 0, 1, 0, 0, 1, 0, 0, 1, 1, 1, 1, 1, 0, 0, 1, 0, 1, 1, 1, 1, 1, 1, 0, 1, 1, 1, 1, 1, 1, 1, 1, 1, 0, 0, 0, 0, 0, 1, 1, 1, 0, 1, 1, 0, 1, 0, 0, 1, 1, 1, 1, 1, 0, 0, 0, 1, 0, 1, 0, 1, 1, 1, 1, 0, 0, 1, 1, 1, 1, 0, 0, 1, 1, 1, 0, 0, 1, 1, 1, 1, 1, 1, 1, 0, 1, 0, 0, 1, 0, 0, 1, 1, 1, 0, 0, 1, 1, 1, 1, 0, 0, 0, 1, 0, 1, 0, 1, 1, 1, 0, 1, 0, 1, 1, 1, 0, 1, 1, 1, 1, 1, 0, 0, 1, 0, 1, 0, 1, 1, 0, 1, 0, 1, 1, 1, 0, 0, 0, 1, 0, 1, 0, 1, 1, 0, 1, 1, 0, 0, 1, 0, 1, 1, 1, 0, 0, 1, 1, 0, 1, 1, 1, 0, 1, 1, 0, 1, 0, 1, 0, 1, 0, 1, 1, 0, 1, 0, 0, 0, 1, 1, 0, 1, 1, 1, 1, 0, 1, 1, 1, 0, 1, 1, 1, 1, 0, 0, 1, 0, 1, 1, 1, 1, 1, 0, 0, 1, 0, 0, 0, 0, 1, 0, 1, 0, 0, 0, 0, 1, 0, 1, 0, 1, 0, 1, 1, 1, 0, 0, 1, 1, 1, 1, 0, 0, 0, 0, 1, 0, 0, 0, 1, 0, 0, 1, 1, 0, 0, 1, 0, 0, 0, 1, 1, 0, 1, 0, 1, 1, 1, 1, 1, 1, 0, 1, 1, 0, 0, 1]

################################################################
################################################################
################### process_jail_download_list: ######################

[6, 6, 7, 6, 6, 7, 7, 7, 7, 6, 7, 7, 6, 7, 6, 7, 7, 7, 6, 6, 6, 7, 6, 6, 6, 7, 6, 6, 6, 6, 7, 6, 7, 6, 6, 6, 6, 6, 6, 7, 7, 6, 6, 7, 6, 6, 7, 6, 7, 6, 6, 7, 6, 6, 6, 6, 7, 6, 7, 7, 6, 6, 7, 6, 6, 7, 6, 6, 7, 7, 7, 6, 6, 6, 7, 6, 7, 6, 6, 6, 7, 6, 6, 6, 7, 6, 6, 6, 7, 6, 6, 7, 6, 6, 7, 6, 6, 7, 6, 6, 6, 6, 6, 6, 6, 7, 6, 7, 6, 6, 6, 7, 7, 7, 6, 7, 7, 6, 6, 7, 6, 6, 6, 7, 7, 6, 7, 6, 6, 7, 6, 6, 6, 6, 6, 6, 6, 7, 6, 6, 6, 7, 6, 6, 6, 7, 6, 6, 7, 6, 7, 6, 6, 6, 6, 7, 7, 6, 6, 6, 6, 6, 6, 6, 6, 6, 7, 7, 6, 7, 6, 6, 6, 6, 6, 7, 6, 6, 7, 6, 6, 6, 7, 6, 6, 6, 6, 6, 6, 7, 6, 6, 6, 6, 6, 6, 6, 7, 6, 6, 7, 6, 6, 7, 6, 6, 6, 7, 6, 6, 6, 6, 6, 7, 6, 6, 6, 7, 7, 7, 6, 6, 6, 6, 6, 6, 6, 7, 6, 7, 6, 7, 6, 7, 6, 7, 6, 6, 6, 6, 6, 6, 7, 6, 7, 6, 7, 7, 6, 7, 6, 6, 6, 7, 6, 6, 7, 6, 6, 7, 6, 7, 6, 6, 6, 6, 6, 6, 7, 6, 6, 6, 7, 6, 6, 6, 6, 6, 6, 6, 6, 6, 6, 6, 6, 6, 6, 7, 6, 7, 7, 7, 6, 6, 6, 6, 6, 6, 6, 6, 6, 6, 7, 6, 7, 7, 6, 6, 7, 7, 7, 6, 7, 7, 6, 7, 6, 6, 6, 6, 6, 7, 7, 7, 7, 7, 7, 6, 7, 6, 6, 6, 7, 6, 7, 6, 6, 7, 7, 6, 6, 6, 7, 6, 7, 7, 6, 6, 7, 6, 7, 7, 6, 6, 7, 7, 7, 7, 7, 6, 7, 6, 6, 7, 6, 7, 7, 6, 7, 7, 7, 6, 6, 7, 6, 6, 6, 6, 6, 7, 6, 6, 7, 7, 7, 6, 7, 6, 6, 6, 7, 6, 6, 7, 7, 6, 6, 7, 6, 6, 7, 7, 6, 7, 6, 7, 6, 6, 6, 6, 6, 6, 7, 6, 6, 7, 6, 6, 6, 7, 7, 7, 7, 6, 6, 6, 6, 6, 6, 7, 6, 7, 7, 7, 6, 7, 6, 7, 6, 6, 6, 6, 7, 7, 6, 7, 6, 6, 6, 6, 7, 6, 6, 7, 7, 7, 7, 6, 6, 6, 6, 7, 7, 7, 6, 6, 6, 6, 6, 7, 6, 6, 7, 6, 7, 7, 6, 6, 7, 7, 6, 6, 7, 6, 7, 7, 7, 6, 6, 6, 7, 6, 6, 7, 6, 7, 7, 6, 7, 6, 6, 6, 7, 6, 6, 7, 6, 6, 7, 7, 6, 6, 7, 6, 6, 7, 6, 7, 7, 7, 6, 6, 6, 6, 7, 7, 7, 7, 6, 6, 6, 6, 6, 6, 6, 6, 6, 6, 6, 6, 6, 6, 7, 7, 6, 6, 6, 6, 6, 7, 6, 7, 6, 6, 6, 6, 7, 6, 6, 6, 6, 6, 7, 6, 6, 6, 6, 6, 7, 6, 6, 6, 6, 7, 7, 6, 6, 7, 6, 7, 6, 6, 6, 6, 6, 7, 6, 6, 7, 6, 6, 7, 7, 6, 6, 6, 6, 7, 7, 7, 6, 7, 6, 6, 6, 6, 6, 7, 7, 7, 6, 7, 6, 6, 7, 6, 6, 6, 7, 7, 7, 7, 6, 6, 6, 6, 7, 6, 6, 7, 6, 6, 6, 6, 7, 6, 6, 6, 6, 7, 6, 6, 6, 7, 6, 6, 7, 6, 6, 6, 7, 6, 7, 7, 6, 6, 6, 7, 7, 6, 7, 7, 6, 6, 6, 7, 6, 7, 6, 7, 6, 7, 6, 7, 7, 6, 7, 6, 6, 6, 6, 6, 6, 6, 7, 6, 7, 6, 7, 7, 6, 6, 7, 6, 7, 6, 6, 6, 7, 6, 7, 7, 7, 7, 6, 6, 6, 7, 6, 6, 6, 6, 7, 6, 7, 6, 6, 6, 6, 6, 6, 7, 6, 7, 6, 7, 7, 7, 6, 6, 7, 7, 7, 7, 6, 6, 6, 7, 7, 7, 6, 6, 6, 6, 6, 7, 7, 6, 6, 7, 6, 6, 6, 7, 7, 6, 7, 6, 7, 7, 6, 7, 6, 6, 6, 7, 7, 6, 6, 7]

################################################################
################################################################
################### process_jail_list: ######################

[6, 6, 6, 6, 6, 6, 6, 6, 6, 5, 6, 6, 5, 6, 6, 6, 6, 6, 6, 6, 6, 6, 6, 5, 6, 6, 5, 6, 5, 5, 6, 5, 6, 5, 6, 5, 5, 5, 5, 6, 6, 6, 6, 6, 5, 6, 6, 5, 6, 6, 6, 6, 6, 6, 6, 5, 6, 5, 6, 6, 5, 6, 6, 6, 5, 6, 6, 5, 6, 6, 6, 5, 6, 6, 6, 6, 6, 6, 5, 6, 6, 6, 6, 6, 6, 6, 5, 5, 6, 5, 6, 6, 5, 6, 6, 6, 6, 6, 6, 5, 5, 6, 6, 6, 5, 6, 6, 6, 6, 6, 5, 6, 6, 6, 6, 6, 6, 5, 5, 6, 6, 6, 5, 6, 6, 5, 6, 6, 6, 6, 6, 6, 5, 6, 5, 5, 6, 6, 5, 6, 5, 6, 5, 5, 6, 7, 6, 6, 6, 6, 6, 5, 6, 5, 6, 6, 6, 5, 5, 6, 6, 5, 6, 6, 6, 6, 6, 6, 6, 6, 6, 6, 6, 5, 6, 6, 6, 6, 6, 5, 5, 5, 6, 6, 6, 5, 6, 6, 6, 6, 5, 6, 5, 6, 6, 5, 6, 6, 6, 6, 6, 5, 6, 6, 5, 6, 6, 6, 6, 6, 6, 6, 6, 6, 6, 5, 6, 6, 6, 6, 6, 6, 5, 6, 5, 5, 6, 6, 5, 6, 5, 6, 5, 6, 6, 6, 6, 6, 6, 5, 6, 6, 6, 5, 6, 6, 6, 6, 6, 6, 6, 5, 6, 6, 6, 6, 6, 5, 5, 6, 5, 6, 6, 6, 6, 6, 5, 6, 6, 5, 5, 5, 6, 5, 6, 6, 6, 5, 6, 6, 6, 6, 6, 6, 6, 5, 5, 6, 6, 6, 6, 6, 5, 6, 6, 6, 6, 6, 6, 5, 5, 6, 6, 5, 6, 6, 6, 6, 6, 6, 6, 6, 6, 6, 6, 6, 6, 6, 6, 6, 6, 6, 6, 6, 6, 6, 6, 6, 6, 6, 5, 6, 6, 5, 6, 5, 6, 6, 6, 6, 6, 6, 6, 6, 6, 6, 6, 5, 6, 6, 6, 6, 5, 6, 6, 6, 6, 6, 6, 6, 6, 6, 5, 6, 6, 6, 6, 6, 6, 6, 6, 6, 5, 6, 6, 6, 5, 5, 6, 6, 6, 6, 6, 6, 6, 6, 6, 6, 6, 5, 6, 6, 6, 6, 6, 5, 6, 6, 5, 6, 6, 6, 6, 6, 5, 6, 6, 6, 6, 5, 6, 5, 6, 6, 6, 6, 6, 6, 5, 6, 6, 6, 6, 6, 6, 6, 6, 5, 6, 6, 6, 6, 6, 6, 5, 6, 5, 6, 6, 6, 5, 5, 6, 6, 6, 6, 6, 6, 6, 6, 6, 6, 5, 6, 6, 6, 6, 6, 5, 5, 5, 6, 6, 6, 6, 6, 6, 6, 5, 6, 5, 5, 6, 6, 6, 6, 5, 6, 6, 6, 6, 6, 6, 6, 6, 6, 6, 5, 6, 6, 6, 5, 6, 6, 5, 6, 6, 6, 6, 6, 5, 6, 6, 6, 6, 6, 6, 6, 6, 6, 5, 5, 6, 6, 6, 6, 6, 6, 6, 6, 5, 5, 5, 6, 6, 6, 6, 6, 5, 5, 5, 5, 5, 6, 6, 6, 6, 6, 5, 5, 5, 6, 6, 6, 6, 5, 6, 6, 5, 6, 5, 6, 5, 6, 6, 6, 6, 6, 5, 6, 5, 5, 6, 5, 6, 6, 5, 5, 6, 5, 6, 6, 5, 6, 6, 6, 6, 6, 5, 6, 5, 5, 5, 5, 6, 6, 6, 6, 6, 6, 6, 6, 6, 5, 6, 6, 5, 6, 6, 6, 6, 7, 6, 5, 6, 5, 6, 6, 6, 6, 6, 6, 6, 5, 6, 5, 6, 5, 6, 6, 6, 6, 6, 6, 5, 6, 6, 6, 5, 6, 6, 5, 6, 5, 6, 5, 6, 6, 6, 6, 6, 5, 6, 6, 5, 6, 6, 5, 6, 6, 6, 6, 6, 6, 5, 6, 6, 6, 6, 6, 6, 6, 5, 6, 5, 6, 6, 6, 6, 6, 6, 6, 6, 6, 6, 6, 6, 6, 6, 6, 5, 5, 6, 5, 6, 5, 6, 6, 6, 6, 5, 6, 6, 5, 6, 5, 6, 6, 6, 6, 6, 6, 6, 6, 5, 6, 6, 6, 6, 6, 6, 6, 6, 6, 6, 6, 6, 6, 6, 5, 6, 6, 6, 6, 6, 6, 6, 6, 6, 6, 6, 6, 6, 6, 6, 6, 6, 7, 6, 7, 6, 6, 5, 6, 6, 6, 6, 6, 6, 6, 6, 6, 6, 6, 6, 6, 6, 6, 6, 6, 5, 6, 5, 5, 6, 6, 6, 6, 6, 6]

################################################################
