Numero total de amostras 770

Tempo total de processamento: 1:17:48

############## TEMPOS DE PROCESSAMENTO DO EXERCICIO NO JAIL  ####################
Soma 4270 segundos
Media 5.545454545454546 segundos
Desvio padr達o 0.49792959773196915 segundos
Minimo 5 segundos
Maximo 6 segundos

95% 5.0 segundos
99% 5.0 segundos

############## TEMPOS DE PROCESSAMENTO DO EXERCICIO NO JAIL COM DOWNLOAD  ################
Soma 4665 segundos
Media 6.058441558441558 segundos
Desvio padr達o 0.2345765177686811 segundos
Minimo 6 segundos
Maximo 7 segundos

95% 6.0 segundos
99% 6.0 segundos

################### TEMPOS DE DOWNLOAD DO EXERCICIO NO JAIL #######################
Soma 395 segundos
Media 0.512987012987013 segundos
Desvio padr達o 0.49983130903703415 segundos
Minimo 0 segundos
Maximo 1 segundos

95% 0.0 segundos
99% 0.0 segundos

############################ TEMPOS DE ESPERA NA FILA ############################
Soma 1541843
Media 2002.3935064935065 segundos
Desvio padr達o 1157.722622145721 segundos
Minimo 0 segundos
Maximo 4005 segundos

95% 38.833 segundos
99% 40.678599999999996 segundos

################### queue_wait_time_list: ######################

[0, 2938, 27, 6, 37, 43, 11, 16, 22, 48, 32, 53, 58, 63, 68, 73, 79, 84, 90, 95, 100, 105, 110, 115, 121, 131, 136, 142, 153, 158, 163, 173, 178, 189, 194, 199, 209, 214, 219, 231, 236, 246, 251, 256, 267, 272, 277, 287, 2959, 298, 308, 313, 318, 329, 335, 340, 350, 355, 360, 371, 376, 386, 391, 396, 407, 413, 418, 428, 433, 438, 449, 454, 464, 469, 474, 485, 490, 495, 505, 510, 522, 527, 532, 542, 547, 553, 563, 568, 573, 583, 589, 600, 605, 610, 620, 626, 2980, 126, 636, 646, 651, 662, 667, 672, 682, 687, 693, 703, 708, 718, 724, 730, 740, 745, 750, 760, 766, 771, 781, 786, 796, 801, 807, 817, 822, 827, 839, 844, 849, 859, 864, 874, 880, 885, 895, 900, 905, 916, 922, 932, 937, 942, 953, 958, 147, 168, 973, 978, 989, 994, 999, 1009, 1014, 1019, 1030, 1035, 1046, 1051, 1057, 1067, 1072, 1077, 1087, 1092, 1098, 1109, 1114, 1124, 1130, 1135, 1145, 1150, 1155, 1165, 1171, 1176, 1187, 1192, 1202, 1208, 1213, 1223, 1228, 1233, 1244, 1249, 1260, 1265, 1270, 1281, 1286, 3001, 3016, 1291, 3038, 3059, 1296, 3079, 1301, 3096, 3116, 1306, 1312, 3147, 3157, 1317, 3178, 1322, 1327, 1332, 183, 3199, 204, 226, 1343, 1349, 1359, 1364, 1374, 1379, 1385, 1395, 1400, 1405, 1416, 1422, 1432, 1437, 1442, 1452, 1457, 1464, 1474, 1479, 1484, 1494, 1500, 1510, 1515, 1520, 1531, 1536, 1541, 1551, 1556, 1561, 1573, 1578, 1588, 1593, 1598, 1609, 1614, 1619, 1629, 1634, 1645, 1650, 1718, 1655, 3220, 3235, 1660, 1723, 3256, 1665, 3277, 1728, 1670, 3298, 1677, 1733, 3314, 1682, 3334, 1738, 1687, 3355, 3371, 1692, 3392, 3412, 1697, 3433, 1702, 1707, 1712, 241, 3448, 261, 282, 1750, 1755, 1765, 1770, 1780, 1785, 1791, 1801, 1806, 1811, 1822, 1827, 1837, 1842, 1847, 1858, 1863, 1868, 1878, 1884, 1889, 1900, 1905, 1915, 1920, 1925, 1936, 1941, 1946, 1956, 1962, 1968, 1978, 1983, 1993, 1998, 2004, 2014, 2019, 2024, 2034, 2040, 2051, 2056, 2061, 3584, 2066, 3599, 3615, 3635, 3656, 3672, 3693, 3713, 292, 303, 324, 2077, 2087, 2092, 2097, 2107, 2114, 2119, 2129, 2134, 2139, 2150, 2155, 2165, 2170, 2175, 2186, 2191, 2196, 2206, 2211, 2216, 2228, 2233, 2243, 2248, 2253, 2264, 2269, 2274, 2284, 2289, 2300, 2306, 2311, 2321, 2326, 2332, 2342, 2347, 2352, 2362, 2368, 2379, 2384, 2452, 2389, 3734, 3750, 2394, 2457, 3770, 2399, 3791, 2462, 2405, 3812, 2410, 2467, 3828, 2415, 3848, 2472, 2420, 3869, 3885, 2425, 2430, 2435, 2441, 2447, 345, 365, 381, 2483, 2494, 2499, 2504, 2515, 2521, 2526, 2536, 2541, 2546, 2557, 2562, 2573, 2578, 2583, 2594, 2599, 2604, 2614, 2619, 2626, 2636, 2641, 2651, 2657, 2662, 2672, 2677, 2682, 2693, 2699, 2709, 2714, 2719, 2730, 2736, 2741, 2751, 2756, 2761, 2772, 2777, 2787, 2792, 2928, 2933, 2943, 2948, 2954, 2964, 401, 2970, 2975, 423, 2808, 2813, 2824, 2829, 2834, 2845, 2850, 2855, 2865, 2870, 2875, 2886, 2891, 2902, 2907, 2912, 2923, 2985, 2991, 2996, 3006, 3011, 3023, 3028, 3033, 3043, 3048, 3053, 3064, 3069, 3074, 3084, 3090, 3101, 3106, 3111, 3121, 3126, 3131, 3137, 3142, 3984, 3999, 444, 459, 480, 3152, 3162, 3167, 3173, 3183, 3188, 3193, 3204, 3210, 3215, 3225, 3230, 3241, 3246, 3251, 3261, 3266, 3271, 3282, 3288, 3293, 3303, 3308, 3319, 3324, 3329, 3339, 3344, 3349, 3360, 3365, 3376, 3381, 3387, 3397, 3402, 3407, 3417, 3423, 3428, 3438, 3443, 3453, 3460, 3516, 3465, 3521, 3470, 3569, 3475, 3526, 3480, 3574, 3531, 3485, 3490, 3537, 3579, 3496, 3542, 3501, 3506, 3548, 3511, 3553, 3558, 3563, 500, 516, 537, 3589, 3594, 3605, 3610, 3620, 3625, 3630, 3640, 3646, 3651, 3661, 3667, 3678, 3683, 3688, 3698, 3703, 3708, 3719, 3724, 3729, 3739, 3744, 3755, 3760, 3765, 3775, 3780, 3786, 3796, 3802, 3807, 3817, 3823, 3833, 3838, 3843, 3853, 3858, 3864, 3874, 3880, 3890, 3895, 3962, 3901, 3906, 3968, 3911, 3974, 3916, 3921, 3979, 3926, 3932, 3937, 3942, 3947, 3952, 3957, 558, 578, 595, 615, 1160, 631, 641, 656, 677, 698, 713, 735, 755, 776, 791, 812, 832, 854, 869, 890, 910, 927, 947, 963, 968, 983, 1004, 1025, 1040, 1062, 1082, 1103, 1119, 1140, 1182, 1197, 1218, 1239, 1254, 1276, 1338, 1354, 1369, 1390, 1410, 3989, 3994, 4005, 1427, 1447, 1469, 1489, 1505, 1525, 1546, 1567, 1583, 1604, 1624, 1640, 1743, 1760, 1775, 1796, 1816, 1832, 1852, 1873, 1895, 1910, 1931, 1951, 1973, 1988, 2009, 2029, 2045, 2222, 2071, 2082, 2102, 2124, 2144, 2160, 2180, 2201, 2238, 2259, 2279, 2295, 2316, 2337, 2357, 2373, 2488, 2478, 2509, 2531, 2552, 2568, 2589, 2609, 2631, 2646, 2667, 2688, 2704, 2724, 2746, 2766, 2782, 2797, 2802, 2818, 2840, 2860, 2881, 2896, 2918]

################################################################
################### jail_ex_download_list: ######################

[1, 1, 0, 1, 0, 0, 1, 1, 0, 0, 0, 0, 1, 1, 1, 1, 1, 1, 0, 0, 0, 0, 0, 1, 1, 1, 1, 0, 0, 0, 0, 0, 0, 1, 1, 1, 1, 1, 1, 0, 0, 0, 0, 0, 0, 0, 0, 1, 1, 1, 1, 1, 1, 0, 0, 0, 0, 0, 0, 1, 1, 1, 1, 1, 1, 0, 0, 0, 0, 0, 1, 1, 1, 1, 1, 1, 1, 1, 1, 1, 0, 0, 0, 0, 0, 0, 1, 1, 1, 1, 1, 0, 0, 0, 0, 0, 0, 1, 0, 1, 1, 1, 1, 1, 1, 1, 1, 1, 1, 1, 0, 0, 0, 0, 0, 0, 0, 0, 1, 1, 1, 1, 1, 1, 1, 1, 0, 0, 0, 0, 0, 1, 1, 1, 1, 1, 1, 1, 0, 0, 0, 0, 0, 0, 0, 0, 0, 0, 1, 1, 1, 1, 1, 1, 1, 1, 0, 0, 0, 0, 1, 1, 1, 1, 1, 0, 0, 0, 0, 0, 0, 0, 1, 1, 1, 1, 0, 0, 0, 0, 0, 1, 1, 1, 1, 1, 0, 0, 0, 0, 0, 1, 1, 0, 0, 1, 1, 1, 1, 0, 0, 1, 1, 1, 1, 1, 1, 1, 1, 1, 1, 0, 1, 0, 0, 0, 0, 0, 1, 1, 1, 1, 1, 1, 0, 0, 0, 1, 1, 1, 1, 0, 0, 0, 0, 0, 0, 1, 1, 1, 1, 1, 1, 1, 1, 1, 0, 0, 0, 0, 0, 1, 1, 1, 1, 1, 1, 1, 1, 1, 0, 0, 1, 1, 1, 1, 1, 1, 1, 0, 0, 1, 0, 0, 1, 1, 0, 1, 0, 0, 0, 0, 0, 1, 0, 0, 0, 0, 1, 1, 1, 0, 0, 0, 0, 0, 0, 0, 0, 0, 1, 1, 1, 1, 1, 1, 1, 1, 1, 1, 0, 0, 0, 0, 0, 0, 0, 1, 1, 1, 1, 0, 0, 0, 1, 1, 1, 1, 1, 1, 1, 1, 1, 0, 0, 0, 0, 0, 0, 1, 1, 1, 0, 0, 0, 1, 1, 0, 1, 1, 1, 1, 1, 0, 0, 0, 0, 0, 0, 0, 1, 1, 1, 1, 1, 1, 1, 1, 1, 0, 0, 0, 0, 0, 0, 1, 1, 1, 1, 1, 0, 0, 0, 0, 0, 1, 1, 1, 1, 1, 0, 0, 0, 0, 1, 1, 0, 0, 1, 0, 1, 0, 0, 0, 1, 0, 0, 1, 1, 1, 1, 1, 0, 1, 1, 1, 1, 0, 0, 1, 1, 1, 0, 0, 0, 1, 0, 0, 1, 1, 1, 1, 1, 0, 0, 0, 0, 1, 1, 1, 1, 0, 0, 0, 1, 1, 1, 1, 1, 1, 0, 0, 1, 1, 1, 1, 0, 0, 0, 0, 0, 0, 0, 1, 1, 0, 1, 1, 1, 1, 1, 1, 0, 0, 0, 1, 1, 0, 0, 0, 0, 0, 0, 0, 0, 1, 1, 1, 0, 0, 0, 0, 0, 0, 1, 1, 1, 0, 0, 0, 0, 0, 0, 1, 1, 1, 1, 0, 0, 0, 0, 0, 0, 0, 0, 1, 0, 0, 0, 1, 1, 1, 1, 1, 1, 1, 1, 1, 0, 0, 0, 0, 0, 0, 0, 1, 1, 1, 1, 1, 0, 0, 0, 0, 0, 0, 0, 1, 1, 1, 1, 1, 0, 0, 0, 0, 0, 0, 0, 0, 1, 1, 1, 1, 0, 1, 0, 1, 0, 0, 0, 1, 0, 0, 1, 0, 0, 1, 0, 0, 1, 0, 1, 0, 1, 0, 0, 0, 1, 1, 0, 0, 0, 0, 1, 1, 1, 1, 1, 1, 1, 1, 0, 0, 0, 0, 0, 0, 0, 0, 1, 1, 1, 1, 1, 1, 1, 1, 1, 1, 1, 0, 0, 0, 0, 1, 1, 1, 1, 1, 1, 1, 0, 0, 0, 1, 0, 0, 0, 0, 0, 0, 0, 0, 0, 1, 1, 1, 1, 1, 1, 1, 1, 0, 0, 1, 0, 0, 1, 1, 1, 1, 0, 0, 0, 0, 1, 1, 0, 0, 1, 1, 0, 0, 0, 0, 1, 1, 1, 1, 0, 1, 1, 0, 0, 0, 0, 0, 1, 1, 0, 0, 0, 0, 1, 1, 0, 0, 1, 0, 1, 0, 0, 0, 1, 1, 1, 0, 0, 1, 1, 1, 0, 0, 0, 1, 1, 1, 1, 0, 0, 1, 1, 0, 1, 1, 1, 1, 1, 0, 1, 1, 0, 0, 0, 1, 1, 0, 0, 1, 1, 0, 0, 1, 1, 1, 1, 1, 1, 1, 0, 0, 1, 0, 0, 1, 0, 0, 1, 0, 0, 1, 1, 1, 1, 0, 0, 1, 1, 0]

################################################################
################################################################
################### process_jail_download_list: ######################

[6, 6, 6, 6, 6, 6, 6, 7, 6, 6, 6, 6, 6, 6, 6, 6, 6, 7, 6, 6, 6, 6, 6, 6, 6, 6, 7, 6, 6, 6, 6, 6, 6, 6, 6, 6, 6, 6, 7, 6, 6, 6, 6, 6, 6, 6, 6, 6, 6, 6, 6, 6, 7, 6, 6, 6, 6, 6, 6, 6, 6, 6, 6, 6, 7, 6, 6, 6, 6, 6, 6, 6, 6, 6, 6, 6, 6, 6, 6, 6, 6, 6, 6, 6, 6, 6, 6, 6, 6, 6, 7, 6, 6, 6, 6, 6, 6, 6, 6, 6, 6, 6, 6, 6, 6, 6, 6, 6, 6, 7, 6, 6, 6, 6, 6, 6, 6, 6, 6, 6, 6, 6, 6, 6, 6, 6, 6, 6, 6, 6, 6, 6, 6, 6, 6, 6, 6, 7, 6, 6, 6, 6, 6, 6, 6, 6, 6, 6, 6, 6, 6, 6, 6, 6, 6, 6, 6, 6, 6, 6, 6, 6, 6, 6, 6, 6, 6, 6, 6, 6, 6, 6, 6, 6, 6, 7, 6, 6, 6, 6, 6, 6, 6, 6, 6, 6, 6, 6, 6, 6, 6, 6, 7, 6, 6, 6, 6, 6, 6, 6, 6, 6, 6, 6, 6, 6, 6, 6, 6, 7, 6, 6, 6, 6, 6, 6, 6, 6, 6, 6, 6, 6, 6, 6, 6, 6, 6, 6, 6, 6, 7, 6, 6, 6, 6, 6, 6, 6, 6, 6, 6, 6, 6, 6, 6, 6, 6, 6, 6, 6, 6, 6, 6, 6, 6, 6, 6, 6, 6, 6, 6, 6, 6, 6, 6, 6, 6, 6, 7, 6, 6, 6, 6, 6, 6, 6, 6, 6, 6, 6, 6, 6, 6, 6, 6, 6, 6, 6, 6, 6, 6, 6, 6, 6, 6, 6, 6, 6, 6, 6, 6, 6, 6, 6, 6, 6, 6, 6, 6, 7, 6, 6, 6, 6, 6, 6, 6, 6, 6, 6, 7, 6, 6, 6, 6, 6, 6, 6, 6, 6, 6, 6, 6, 6, 6, 6, 6, 6, 6, 6, 6, 6, 6, 6, 6, 6, 6, 6, 6, 6, 6, 6, 7, 6, 6, 6, 6, 6, 6, 6, 6, 6, 6, 6, 6, 6, 6, 6, 6, 6, 6, 6, 6, 6, 6, 6, 6, 6, 6, 7, 6, 6, 6, 6, 6, 6, 6, 6, 6, 6, 6, 6, 6, 6, 6, 6, 6, 6, 6, 6, 6, 6, 6, 6, 6, 6, 6, 6, 6, 6, 6, 6, 6, 6, 6, 6, 7, 6, 6, 6, 6, 6, 6, 6, 6, 7, 6, 6, 6, 6, 6, 6, 7, 6, 6, 6, 6, 6, 6, 6, 7, 6, 6, 6, 6, 6, 6, 6, 6, 7, 6, 6, 6, 6, 6, 6, 6, 6, 6, 6, 6, 6, 6, 6, 6, 6, 6, 6, 6, 6, 7, 6, 6, 6, 6, 6, 6, 6, 6, 6, 6, 6, 6, 6, 6, 6, 6, 6, 6, 6, 6, 6, 6, 6, 6, 6, 6, 6, 6, 6, 6, 6, 6, 6, 6, 6, 7, 6, 6, 6, 6, 6, 6, 6, 6, 6, 6, 6, 6, 6, 6, 6, 6, 6, 6, 6, 6, 7, 6, 6, 6, 6, 6, 6, 6, 6, 6, 6, 6, 7, 6, 6, 6, 6, 6, 6, 6, 6, 6, 6, 6, 7, 6, 6, 6, 6, 6, 6, 6, 6, 6, 6, 6, 6, 6, 6, 6, 6, 6, 6, 6, 6, 6, 6, 6, 6, 6, 6, 6, 6, 7, 6, 6, 6, 6, 6, 6, 6, 6, 7, 6, 6, 6, 6, 6, 6, 6, 6, 6, 6, 6, 6, 6, 6, 6, 6, 6, 6, 6, 6, 6, 6, 6, 6, 6, 6, 6, 6, 6, 6, 7, 6, 6, 6, 6, 6, 6, 6, 6, 6, 6, 7, 6, 6, 6, 7, 6, 6, 6, 6, 6, 6, 6, 6, 6, 6, 6, 6, 6, 6, 6, 6, 6, 6, 6, 6, 6, 6, 6, 6, 6, 6, 6, 6, 6, 6, 6, 7, 6, 6, 6, 6, 6, 6, 6, 6, 6, 6, 6, 7, 6, 6, 7, 6, 6, 6, 6, 6, 6, 7, 6, 6, 6, 6, 6, 7, 6, 6, 6, 6, 6, 6, 6, 6, 6, 6, 7, 6, 6, 6, 6, 7, 6, 6, 6, 6, 6, 6, 6, 6, 6, 6, 6, 6, 6, 6, 6, 7, 7, 6, 6, 6, 6, 6, 6, 6, 6, 6, 6, 6, 6, 6, 6, 6, 7, 7, 6, 6, 6, 6, 6, 6, 6, 6, 6, 6, 6, 6, 6, 6, 6, 6, 6, 6, 6, 6, 6, 6, 7, 6]

################################################################
################################################################
################### process_jail_list: ######################

[5, 5, 6, 5, 6, 6, 5, 6, 6, 6, 6, 6, 5, 5, 5, 5, 5, 6, 6, 6, 6, 6, 6, 5, 5, 5, 6, 6, 6, 6, 6, 6, 6, 5, 5, 5, 5, 5, 6, 6, 6, 6, 6, 6, 6, 6, 6, 5, 5, 5, 5, 5, 6, 6, 6, 6, 6, 6, 6, 5, 5, 5, 5, 5, 6, 6, 6, 6, 6, 6, 5, 5, 5, 5, 5, 5, 5, 5, 5, 5, 6, 6, 6, 6, 6, 6, 5, 5, 5, 5, 6, 6, 6, 6, 6, 6, 6, 5, 6, 5, 5, 5, 5, 5, 5, 5, 5, 5, 5, 6, 6, 6, 6, 6, 6, 6, 6, 6, 5, 5, 5, 5, 5, 5, 5, 5, 6, 6, 6, 6, 6, 5, 5, 5, 5, 5, 5, 6, 6, 6, 6, 6, 6, 6, 6, 6, 6, 6, 5, 5, 5, 5, 5, 5, 5, 5, 6, 6, 6, 6, 5, 5, 5, 5, 5, 6, 6, 6, 6, 6, 6, 6, 5, 5, 5, 6, 6, 6, 6, 6, 6, 5, 5, 5, 5, 5, 6, 6, 6, 6, 6, 5, 6, 6, 6, 5, 5, 5, 5, 6, 6, 5, 5, 5, 5, 5, 5, 5, 5, 6, 5, 6, 5, 6, 6, 6, 6, 6, 5, 5, 5, 5, 5, 5, 6, 6, 6, 5, 5, 5, 6, 6, 6, 6, 6, 6, 6, 5, 5, 5, 5, 5, 5, 5, 5, 5, 6, 6, 6, 6, 6, 5, 5, 5, 5, 5, 5, 5, 5, 5, 6, 6, 5, 5, 5, 5, 5, 5, 6, 6, 6, 5, 6, 6, 5, 5, 6, 5, 6, 6, 6, 6, 6, 5, 6, 6, 6, 6, 5, 5, 5, 6, 6, 6, 6, 6, 6, 6, 6, 6, 5, 5, 5, 5, 5, 5, 5, 5, 5, 6, 6, 6, 6, 6, 6, 6, 6, 5, 5, 5, 6, 6, 6, 6, 5, 5, 5, 5, 5, 5, 5, 5, 5, 6, 6, 6, 6, 6, 6, 5, 5, 5, 6, 6, 6, 5, 5, 6, 5, 5, 5, 5, 6, 6, 6, 6, 6, 6, 6, 6, 5, 5, 5, 5, 5, 5, 5, 5, 5, 6, 6, 6, 6, 6, 6, 5, 5, 5, 5, 6, 6, 6, 6, 6, 6, 5, 5, 5, 5, 5, 6, 6, 6, 6, 5, 5, 6, 6, 5, 6, 5, 6, 6, 6, 5, 6, 6, 5, 5, 5, 5, 5, 6, 5, 5, 5, 6, 6, 6, 5, 5, 5, 6, 6, 6, 6, 6, 6, 5, 5, 5, 5, 6, 6, 6, 6, 6, 5, 5, 5, 6, 6, 6, 6, 5, 5, 5, 5, 5, 6, 6, 6, 5, 5, 5, 5, 6, 6, 6, 6, 6, 6, 6, 5, 5, 6, 5, 5, 5, 5, 6, 5, 6, 6, 6, 5, 5, 6, 6, 6, 6, 6, 6, 6, 6, 5, 5, 5, 6, 6, 6, 6, 6, 6, 5, 5, 5, 6, 6, 6, 6, 6, 6, 5, 5, 5, 6, 6, 6, 6, 6, 6, 6, 6, 6, 5, 6, 6, 6, 5, 5, 5, 5, 5, 5, 5, 5, 6, 6, 6, 6, 6, 6, 6, 6, 5, 5, 5, 5, 6, 6, 6, 6, 6, 6, 6, 6, 5, 5, 5, 5, 6, 6, 6, 6, 6, 6, 6, 6, 6, 5, 5, 5, 5, 6, 5, 6, 5, 6, 6, 6, 5, 6, 6, 5, 6, 6, 5, 6, 6, 6, 6, 5, 6, 5, 6, 6, 6, 5, 6, 6, 6, 6, 6, 5, 5, 5, 5, 5, 5, 5, 5, 6, 6, 6, 6, 6, 6, 6, 6, 5, 5, 5, 5, 5, 5, 5, 5, 5, 5, 6, 6, 6, 6, 6, 5, 5, 5, 5, 5, 5, 6, 6, 6, 6, 6, 6, 6, 6, 6, 6, 6, 6, 6, 6, 5, 5, 5, 5, 5, 5, 5, 5, 6, 6, 5, 6, 6, 5, 5, 5, 5, 6, 6, 6, 6, 5, 6, 6, 6, 5, 5, 6, 6, 6, 6, 5, 5, 5, 6, 6, 5, 6, 6, 6, 6, 6, 6, 5, 6, 6, 6, 6, 6, 5, 6, 6, 6, 5, 6, 5, 6, 6, 6, 5, 5, 6, 6, 6, 5, 5, 6, 6, 6, 6, 5, 5, 5, 5, 6, 6, 5, 5, 6, 5, 5, 5, 6, 6, 6, 5, 5, 6, 6, 6, 5, 5, 6, 6, 5, 5, 6, 6, 5, 6, 6, 5, 5, 5, 5, 6, 6, 5, 6, 6, 5, 6, 6, 5, 6, 6, 5, 5, 5, 5, 6, 6, 5, 6, 6]

################################################################
