Numero total de amostras 770

Tempo total de processamento: 0:17:07

############## TEMPOS DE PROCESSAMENTO DO EXERCICIO NO JAIL  ####################
Soma 4598 segundos
Media 5.9714285714285715 segundos
Desvio padr達o 0.400278196393894 segundos
Minimo 5 segundos
Maximo 7 segundos

95% 5.0 segundos
99% 5.0 segundos

############## TEMPOS DE PROCESSAMENTO DO EXERCICIO NO JAIL COM DOWNLOAD  ################
Soma 5101 segundos
Media 6.624675324675325 segundos
Desvio padr達o 0.5128620594161074 segundos
Minimo 6 segundos
Maximo 8 segundos

95% 6.0 segundos
99% 6.0 segundos

################### TEMPOS DE DOWNLOAD DO EXERCICIO NO JAIL #######################
Soma 503 segundos
Media 0.6532467532467533 segundos
Desvio padr達o 0.4786573254602204 segundos
Minimo 0 segundos
Maximo 2 segundos

95% 0.0 segundos
99% 0.0 segundos

############################ TEMPOS DE ESPERA NA FILA ############################
Soma 141638
Media 183.94545454545454 segundos
Desvio padr達o 102.72032202666092 segundos
Minimo 0 segundos
Maximo 365 segundos

95% 10.0 segundos
99% 10.0 segundos

################### queue_wait_time_list: ######################

[12, 10, 0, 1, 15, 10, 20, 16, 6, 12, 7, 17, 9, 10, 9, 11, 8, 15, 15, 16, 13, 19, 17, 25, 13, 14, 17, 19, 19, 22, 22, 22, 24, 25, 25, 23, 33, 24, 33, 25, 30, 26, 24, 29, 32, 27, 31, 20, 21, 23, 24, 25, 24, 29, 36, 34, 36, 35, 32, 33, 34, 40, 36, 34, 40, 43, 35, 36, 41, 37, 43, 39, 42, 44, 40, 45, 47, 45, 44, 45, 47, 48, 48, 47, 48, 51, 49, 54, 53, 53, 51, 48, 51, 56, 38, 39, 178, 60, 61, 180, 53, 62, 63, 62, 56, 63, 56, 64, 57, 193, 60, 59, 198, 202, 61, 206, 60, 59, 211, 247, 333, 286, 251, 251, 254, 302, 293, 275, 360, 340, 325, 347, 353, 39, 41, 43, 45, 46, 48, 46, 46, 50, 54, 73, 67, 71, 64, 69, 64, 72, 69, 66, 77, 71, 70, 69, 74, 70, 77, 74, 78, 80, 86, 76, 76, 79, 79, 83, 79, 81, 86, 84, 81, 82, 88, 83, 85, 87, 88, 85, 92, 98, 92, 91, 97, 87, 91, 97, 90, 97, 89, 95, 90, 95, 89, 97, 90, 100, 93, 99, 95, 100, 94, 99, 94, 341, 268, 353, 254, 295, 255, 260, 301, 275, 319, 332, 285, 310, 327, 347, 360, 65, 68, 215, 98, 102, 103, 102, 101, 228, 230, 235, 254, 302, 348, 267, 310, 276, 355, 287, 318, 297, 326, 363, 332, 67, 66, 69, 74, 73, 73, 77, 81, 104, 115, 106, 107, 110, 103, 105, 103, 112, 112, 106, 109, 108, 114, 108, 111, 111, 112, 115, 116, 118, 114, 118, 114, 120, 117, 121, 121, 118, 119, 123, 153, 120, 121, 124, 127, 125, 125, 123, 80, 82, 85, 88, 126, 126, 127, 192, 214, 233, 255, 306, 347, 268, 311, 278, 355, 290, 317, 324, 363, 331, 80, 132, 134, 130, 127, 129, 130, 128, 130, 134, 136, 132, 133, 136, 133, 136, 138, 137, 137, 138, 139, 142, 142, 139, 140, 139, 143, 141, 148, 142, 144, 146, 148, 150, 146, 146, 144, 154, 148, 152, 147, 150, 150, 152, 150, 155, 152, 104, 106, 113, 154, 155, 157, 157, 156, 259, 305, 348, 272, 310, 280, 354, 289, 317, 296, 324, 362, 335, 340, 101, 175, 174, 172, 173, 180, 174, 105, 176, 171, 110, 109, 175, 177, 113, 116, 115, 117, 161, 159, 158, 158, 169, 161, 158, 165, 163, 163, 160, 162, 165, 164, 165, 175, 171, 168, 183, 181, 177, 168, 167, 170, 179, 169, 170, 178, 179, 119, 259, 314, 349, 271, 314, 281, 181, 180, 356, 289, 184, 184, 185, 184, 197, 203, 210, 328, 296, 337, 362, 341, 121, 260, 305, 349, 268, 313, 183, 280, 355, 288, 186, 319, 187, 187, 186, 186, 189, 295, 329, 362, 336, 343, 122, 129, 131, 261, 304, 351, 268, 312, 280, 189, 190, 188, 189, 190, 358, 289, 318, 297, 328, 365, 336, 343, 123, 126, 128, 132, 135, 135, 137, 138, 192, 200, 193, 195, 199, 195, 194, 201, 194, 193, 196, 197, 201, 195, 201, 199, 203, 208, 203, 206, 202, 203, 206, 205, 208, 208, 209, 209, 212, 211, 208, 212, 215, 213, 210, 215, 216, 212, 199, 203, 205, 212, 216, 265, 304, 350, 269, 318, 283, 357, 291, 326, 300, 335, 365, 344, 141, 266, 308, 349, 273, 312, 284, 217, 356, 290, 218, 218, 219, 219, 219, 319, 300, 326, 365, 337, 343, 141, 145, 151, 197, 300, 266, 312, 274, 351, 283, 319, 221, 292, 221, 358, 221, 329, 222, 222, 223, 224, 223, 365, 338, 343, 143, 149, 299, 345, 266, 308, 275, 352, 223, 224, 226, 226, 283, 317, 291, 358, 324, 331, 365, 338, 144, 151, 152, 228, 156, 156, 159, 161, 226, 229, 225, 231, 229, 231, 228, 232, 232, 235, 231, 234, 235, 238, 237, 236, 239, 235, 238, 240, 241, 237, 240, 241, 243, 242, 244, 243, 243, 245, 249, 246, 247, 248, 249, 250, 252, 251, 160, 166, 174, 235, 300, 345, 267, 308, 275, 250, 353, 283, 250, 317, 292, 360, 252, 324, 254, 330, 255, 253, 253, 254, 257, 338, 162, 171, 191, 257, 225, 232, 238, 242, 246, 260, 260, 259, 258, 346, 270, 307, 360, 257, 316, 256, 274, 257, 322, 285, 329, 294, 338, 167, 239, 245, 246, 248, 303, 286, 345, 293, 306, 352, 315, 259, 359, 262, 322, 262, 261, 260, 261, 264, 327, 272, 277, 340, 167, 175, 177, 182, 231, 242, 302, 346, 311, 262, 262, 352, 279, 314, 286, 321, 294, 331, 341]

################################################################
################### jail_ex_download_list: ######################

[1, 1, 2, 1, 0, 0, 1, 1, 0, 1, 0, 1, 1, 1, 1, 1, 1, 0, 0, 1, 1, 0, 1, 1, 1, 1, 1, 1, 1, 0, 1, 1, 1, 0, 0, 1, 1, 1, 0, 1, 0, 1, 1, 1, 0, 1, 0, 1, 1, 1, 0, 1, 1, 0, 1, 1, 1, 0, 1, 1, 1, 0, 0, 0, 1, 1, 0, 1, 1, 1, 0, 0, 1, 0, 1, 1, 0, 1, 1, 1, 1, 1, 1, 1, 0, 1, 1, 0, 0, 1, 1, 1, 0, 0, 1, 0, 0, 1, 0, 1, 1, 1, 1, 1, 1, 1, 1, 1, 0, 1, 0, 1, 1, 0, 0, 1, 0, 1, 0, 1, 1, 0, 1, 1, 1, 1, 0, 1, 0, 1, 1, 1, 1, 1, 1, 0, 1, 1, 1, 0, 1, 1, 0, 1, 0, 1, 0, 0, 1, 1, 1, 1, 1, 1, 1, 0, 1, 1, 1, 1, 1, 0, 0, 1, 1, 0, 1, 1, 0, 1, 1, 0, 0, 1, 1, 0, 0, 0, 0, 1, 1, 0, 1, 1, 0, 1, 1, 1, 1, 1, 1, 1, 0, 1, 1, 1, 0, 1, 0, 1, 1, 0, 1, 0, 1, 1, 1, 1, 1, 0, 0, 0, 1, 1, 0, 1, 0, 1, 0, 0, 0, 0, 0, 1, 1, 0, 0, 1, 1, 1, 0, 0, 0, 0, 0, 1, 1, 0, 1, 0, 1, 1, 0, 0, 1, 1, 1, 0, 1, 1, 1, 1, 1, 1, 0, 0, 0, 1, 1, 1, 1, 1, 1, 0, 0, 1, 0, 1, 0, 0, 0, 1, 1, 1, 1, 1, 1, 0, 0, 0, 0, 0, 1, 1, 1, 0, 0, 0, 1, 0, 0, 1, 1, 1, 1, 0, 1, 0, 1, 1, 1, 0, 1, 1, 0, 1, 0, 1, 1, 0, 1, 1, 0, 1, 1, 1, 0, 0, 1, 1, 0, 1, 1, 0, 1, 1, 1, 0, 1, 0, 1, 1, 0, 1, 1, 0, 0, 1, 1, 0, 1, 1, 0, 1, 0, 0, 0, 0, 1, 1, 1, 1, 0, 1, 1, 1, 0, 1, 0, 1, 0, 1, 1, 0, 0, 0, 1, 0, 1, 1, 1, 1, 1, 0, 1, 1, 0, 1, 1, 1, 0, 0, 1, 1, 1, 0, 1, 1, 0, 1, 0, 1, 1, 0, 1, 0, 1, 1, 0, 1, 0, 0, 0, 1, 1, 0, 1, 1, 0, 1, 0, 1, 1, 1, 1, 1, 0, 0, 1, 1, 1, 1, 1, 1, 1, 1, 1, 0, 1, 0, 0, 1, 1, 1, 0, 1, 1, 1, 1, 0, 0, 0, 1, 1, 1, 1, 1, 0, 0, 1, 1, 1, 1, 1, 0, 1, 1, 1, 1, 1, 1, 1, 0, 1, 0, 1, 0, 1, 1, 0, 1, 1, 1, 1, 1, 1, 0, 1, 0, 1, 0, 1, 1, 1, 1, 1, 1, 1, 1, 0, 1, 1, 1, 1, 0, 1, 1, 1, 0, 1, 0, 1, 0, 1, 0, 1, 0, 0, 1, 0, 0, 1, 1, 1, 1, 1, 0, 0, 1, 1, 1, 1, 0, 1, 0, 0, 1, 1, 1, 1, 1, 0, 1, 1, 1, 1, 1, 0, 1, 1, 0, 1, 1, 1, 1, 1, 1, 1, 1, 0, 0, 0, 1, 0, 1, 1, 1, 0, 1, 1, 0, 0, 1, 1, 1, 0, 1, 0, 1, 1, 1, 1, 0, 0, 1, 1, 0, 0, 1, 1, 1, 0, 1, 0, 1, 0, 1, 1, 1, 1, 1, 1, 0, 0, 0, 1, 1, 0, 1, 0, 1, 1, 0, 0, 1, 1, 1, 1, 0, 1, 0, 1, 1, 1, 0, 0, 1, 0, 1, 1, 1, 0, 1, 0, 0, 1, 1, 0, 0, 1, 1, 1, 1, 0, 1, 0, 1, 1, 1, 0, 0, 1, 1, 1, 0, 0, 0, 1, 0, 1, 1, 0, 0, 0, 1, 1, 1, 1, 1, 0, 1, 1, 1, 0, 1, 0, 1, 0, 0, 1, 1, 1, 1, 1, 1, 0, 1, 0, 1, 1, 1, 1, 1, 1, 1, 1, 0, 1, 1, 0, 0, 1, 1, 1, 0, 1, 1, 0, 1, 1, 1, 1, 1, 1, 1, 1, 1, 1, 0, 0, 0, 0, 1, 1, 1, 1, 1, 0, 1, 1, 1, 0, 1, 1, 1, 1, 1, 1, 0, 1, 0, 1, 1, 1, 1, 1, 1, 1, 1, 1, 1, 1, 0, 1, 1, 0, 0, 1, 1, 0, 0, 1, 1, 0, 1, 1, 0, 1, 0, 1, 1, 1, 0, 0, 1, 0, 1, 0, 0, 0]

################################################################
################################################################
################### process_jail_download_list: ######################

[7, 7, 8, 7, 6, 6, 7, 7, 6, 7, 7, 7, 7, 7, 7, 7, 7, 6, 6, 7, 7, 7, 7, 7, 7, 7, 7, 7, 7, 6, 7, 7, 7, 6, 6, 7, 6, 7, 6, 7, 6, 7, 7, 7, 6, 7, 6, 7, 7, 7, 6, 7, 7, 6, 7, 6, 7, 6, 7, 7, 7, 6, 6, 6, 7, 7, 6, 7, 7, 6, 6, 6, 7, 6, 7, 7, 6, 7, 7, 7, 7, 7, 7, 7, 7, 7, 7, 6, 6, 7, 7, 7, 6, 6, 6, 6, 6, 7, 6, 7, 7, 7, 7, 6, 7, 7, 7, 7, 6, 7, 6, 7, 7, 6, 6, 7, 6, 7, 6, 7, 7, 7, 6, 6, 7, 7, 6, 7, 6, 7, 7, 6, 7, 7, 7, 6, 7, 7, 7, 6, 7, 7, 6, 6, 6, 7, 7, 6, 7, 7, 7, 7, 6, 7, 7, 6, 7, 7, 7, 7, 7, 6, 6, 7, 7, 6, 7, 7, 6, 7, 7, 6, 6, 7, 7, 6, 6, 6, 6, 7, 7, 6, 7, 7, 6, 7, 7, 7, 7, 7, 7, 7, 6, 7, 6, 6, 6, 7, 7, 7, 7, 6, 7, 6, 7, 7, 7, 6, 7, 6, 6, 6, 7, 7, 7, 6, 7, 7, 7, 6, 6, 7, 6, 7, 7, 6, 6, 7, 7, 7, 6, 6, 6, 6, 7, 7, 7, 6, 7, 6, 7, 7, 7, 7, 7, 7, 7, 6, 7, 7, 7, 6, 6, 7, 6, 6, 7, 7, 7, 7, 7, 6, 7, 7, 6, 7, 6, 7, 6, 6, 6, 6, 7, 7, 6, 7, 7, 6, 6, 6, 6, 6, 7, 7, 7, 6, 6, 6, 7, 6, 6, 7, 6, 7, 7, 6, 7, 6, 7, 6, 8, 6, 7, 7, 7, 7, 6, 7, 7, 6, 7, 7, 7, 7, 6, 6, 6, 6, 6, 7, 6, 6, 7, 6, 6, 7, 7, 6, 6, 6, 7, 6, 6, 6, 7, 6, 6, 7, 6, 6, 6, 7, 6, 7, 6, 7, 6, 6, 7, 7, 7, 7, 6, 7, 7, 7, 6, 7, 6, 6, 6, 6, 7, 6, 6, 6, 7, 6, 6, 7, 7, 6, 7, 6, 7, 7, 6, 7, 7, 7, 7, 6, 7, 6, 7, 6, 7, 6, 6, 6, 7, 7, 7, 6, 7, 6, 7, 7, 6, 7, 6, 6, 6, 7, 6, 6, 7, 7, 6, 7, 6, 6, 7, 6, 7, 7, 6, 7, 7, 7, 7, 7, 7, 7, 7, 7, 7, 6, 6, 6, 6, 7, 7, 7, 6, 7, 6, 7, 7, 6, 7, 6, 7, 7, 7, 7, 7, 6, 6, 7, 6, 7, 6, 7, 6, 7, 7, 7, 8, 7, 7, 7, 7, 7, 6, 7, 6, 7, 7, 6, 7, 7, 7, 7, 7, 7, 6, 7, 6, 7, 6, 7, 8, 7, 7, 7, 7, 7, 7, 6, 7, 7, 7, 7, 6, 7, 6, 7, 6, 7, 6, 7, 6, 6, 6, 7, 6, 6, 6, 6, 7, 7, 6, 7, 7, 7, 6, 6, 7, 6, 7, 7, 6, 7, 6, 6, 7, 6, 7, 7, 6, 6, 7, 7, 7, 7, 7, 6, 7, 7, 6, 8, 6, 7, 7, 7, 7, 7, 6, 6, 6, 6, 7, 6, 7, 7, 7, 7, 7, 7, 6, 6, 7, 7, 7, 6, 7, 6, 7, 7, 7, 7, 6, 7, 7, 7, 6, 7, 7, 7, 7, 6, 6, 7, 6, 6, 7, 7, 7, 7, 6, 7, 6, 6, 7, 8, 7, 7, 7, 6, 6, 7, 6, 6, 7, 7, 7, 7, 6, 7, 6, 7, 7, 6, 6, 6, 7, 6, 7, 7, 7, 7, 7, 6, 6, 7, 6, 6, 6, 7, 7, 7, 6, 6, 7, 7, 7, 7, 7, 6, 6, 7, 7, 7, 6, 6, 6, 7, 6, 7, 7, 7, 6, 6, 7, 7, 6, 6, 7, 6, 6, 7, 6, 6, 7, 6, 6, 6, 6, 7, 7, 7, 7, 7, 7, 6, 7, 7, 7, 7, 6, 6, 7, 7, 7, 7, 6, 7, 7, 6, 7, 7, 7, 8, 7, 8, 7, 7, 7, 7, 7, 6, 6, 7, 7, 7, 7, 7, 6, 6, 6, 6, 7, 7, 8, 7, 7, 6, 7, 7, 7, 7, 7, 7, 7, 7, 7, 7, 6, 7, 7, 7, 8, 7, 7, 8, 7, 7, 7, 7, 7, 7, 6, 6, 7, 6, 6, 7, 7, 6, 6, 7, 7, 6, 6, 6, 6, 7, 6, 7, 7, 7, 6, 6, 7, 7, 7, 6, 7, 6]

################################################################
################################################################
################### process_jail_list: ######################

[6, 6, 6, 6, 6, 6, 6, 6, 6, 6, 7, 6, 6, 6, 6, 6, 6, 6, 6, 6, 6, 7, 6, 6, 6, 6, 6, 6, 6, 6, 6, 6, 6, 6, 6, 6, 5, 6, 6, 6, 6, 6, 6, 6, 6, 6, 6, 6, 6, 6, 6, 6, 6, 6, 6, 5, 6, 6, 6, 6, 6, 6, 6, 6, 6, 6, 6, 6, 6, 5, 6, 6, 6, 6, 6, 6, 6, 6, 6, 6, 6, 6, 6, 6, 7, 6, 6, 6, 6, 6, 6, 6, 6, 6, 5, 6, 6, 6, 6, 6, 6, 6, 6, 5, 6, 6, 6, 6, 6, 6, 6, 6, 6, 6, 6, 6, 6, 6, 6, 6, 6, 7, 5, 5, 6, 6, 6, 6, 6, 6, 6, 5, 6, 6, 6, 6, 6, 6, 6, 6, 6, 6, 6, 5, 6, 6, 7, 6, 6, 6, 6, 6, 5, 6, 6, 6, 6, 6, 6, 6, 6, 6, 6, 6, 6, 6, 6, 6, 6, 6, 6, 6, 6, 6, 6, 6, 6, 6, 6, 6, 6, 6, 6, 6, 6, 6, 6, 6, 6, 6, 6, 6, 6, 6, 5, 5, 6, 6, 7, 6, 6, 6, 6, 6, 6, 6, 6, 5, 6, 6, 6, 6, 6, 6, 7, 5, 7, 6, 7, 6, 6, 7, 6, 6, 6, 6, 6, 6, 6, 6, 6, 6, 6, 6, 7, 6, 6, 6, 6, 6, 6, 6, 7, 7, 6, 6, 6, 6, 6, 6, 6, 5, 5, 6, 6, 6, 7, 6, 6, 6, 6, 5, 6, 7, 6, 6, 6, 6, 6, 6, 6, 5, 6, 6, 5, 6, 6, 6, 6, 6, 6, 6, 6, 6, 6, 6, 6, 6, 6, 6, 6, 6, 5, 6, 6, 6, 6, 6, 6, 5, 7, 6, 6, 6, 7, 6, 6, 6, 6, 6, 6, 6, 7, 6, 5, 5, 6, 6, 5, 6, 6, 5, 6, 6, 5, 6, 6, 6, 5, 6, 6, 5, 6, 5, 6, 6, 6, 6, 5, 6, 5, 6, 6, 6, 6, 7, 6, 6, 6, 6, 6, 6, 6, 6, 6, 6, 6, 6, 6, 5, 6, 5, 6, 6, 6, 6, 6, 6, 5, 6, 6, 5, 6, 6, 6, 6, 6, 6, 6, 6, 7, 6, 6, 5, 6, 6, 6, 5, 6, 5, 7, 6, 6, 6, 6, 6, 6, 6, 6, 6, 6, 6, 6, 6, 5, 6, 6, 6, 6, 6, 6, 5, 6, 5, 6, 6, 6, 7, 6, 6, 6, 6, 6, 6, 6, 6, 6, 6, 5, 6, 6, 6, 6, 6, 6, 6, 5, 6, 6, 6, 7, 6, 6, 6, 6, 6, 6, 6, 6, 6, 5, 6, 5, 6, 6, 6, 6, 6, 7, 6, 6, 6, 7, 6, 6, 6, 6, 6, 6, 6, 6, 6, 6, 6, 6, 6, 6, 6, 6, 6, 6, 6, 7, 6, 6, 6, 6, 6, 6, 6, 6, 6, 6, 6, 6, 6, 5, 6, 6, 6, 6, 6, 6, 5, 6, 6, 6, 6, 5, 6, 7, 6, 5, 6, 6, 6, 6, 6, 6, 5, 6, 6, 6, 6, 6, 6, 6, 5, 6, 6, 5, 6, 6, 6, 6, 6, 6, 6, 6, 6, 6, 7, 5, 6, 6, 6, 6, 6, 5, 6, 6, 6, 6, 6, 6, 6, 6, 7, 6, 6, 6, 6, 6, 6, 6, 6, 6, 6, 6, 6, 6, 6, 6, 7, 6, 6, 6, 7, 6, 6, 6, 6, 5, 7, 5, 6, 6, 6, 6, 6, 5, 6, 6, 6, 7, 7, 6, 7, 6, 6, 5, 6, 6, 6, 6, 6, 6, 6, 6, 6, 6, 6, 6, 5, 6, 6, 6, 6, 6, 6, 6, 7, 6, 6, 6, 6, 5, 6, 6, 6, 6, 6, 5, 6, 6, 7, 6, 6, 6, 6, 6, 6, 6, 6, 6, 6, 6, 6, 6, 6, 6, 7, 6, 6, 6, 6, 5, 5, 6, 6, 5, 6, 5, 6, 6, 6, 5, 6, 6, 6, 6, 6, 6, 6, 6, 6, 6, 7, 6, 6, 5, 5, 6, 6, 6, 6, 6, 6, 6, 6, 7, 6, 6, 7, 7, 7, 6, 7, 6, 6, 6, 5, 5, 6, 6, 6, 6, 6, 6, 6, 6, 6, 6, 6, 7, 6, 6, 6, 6, 6, 6, 7, 6, 6, 6, 6, 6, 6, 6, 6, 7, 6, 7, 6, 6, 7, 6, 6, 6, 6, 6, 6, 6, 5, 6, 6, 6, 6, 6, 6, 6, 6, 6, 6, 5, 5, 6, 6, 6, 6, 6, 6, 6, 6, 6, 7, 6, 6, 7, 6]

################################################################
