Numero total de amostras 770

Tempo total de processamento: 0:42:39

############## TEMPOS DE PROCESSAMENTO DO EXERCICIO NO JAIL  ####################
Soma 4555 segundos
Media 5.915584415584416 segundos
Desvio padr達o 0.32134657225087326 segundos
Minimo 5 segundos
Maximo 7 segundos

95% 5.0 segundos
99% 5.0 segundos

############## TEMPOS DE PROCESSAMENTO DO EXERCICIO NO JAIL COM DOWNLOAD  ################
Soma 5115 segundos
Media 6.642857142857143 segundos
Desvio padr達o 0.5157087095428293 segundos
Minimo 6 segundos
Maximo 9 segundos

95% 6.0 segundos
99% 6.0 segundos

################### TEMPOS DE DOWNLOAD DO EXERCICIO NO JAIL #######################
Soma 560 segundos
Media 0.7272727272727273 segundos
Desvio padr達o 0.4817814247189801 segundos
Minimo 0 segundos
Maximo 3 segundos

95% 0.0 segundos
99% 0.0 segundos

############################ TEMPOS DE ESPERA NA FILA ############################
Soma 739584
Media 960.4987012987013 segundos
Desvio padr達o 543.5012616608032 segundos
Minimo 2 segundos
Maximo 1897 segundos

95% 22.527499999999996 segundos
99% 24.065499999999997 segundos

################### queue_wait_time_list: ######################

[21, 26, 32, 1471, 3, 2, 21, 37, 32, 9, 10, 15, 14, 26, 42, 41, 47, 53, 52, 58, 62, 62, 67, 73, 78, 84, 78, 88, 94, 89, 98, 115, 100, 105, 109, 120, 110, 129, 125, 120, 130, 135, 141, 147, 152, 147, 155, 156, 37, 1480, 47, 57, 68, 166, 172, 166, 177, 181, 178, 181, 187, 192, 197, 197, 204, 207, 207, 224, 213, 218, 230, 218, 241, 234, 235, 246, 250, 246, 251, 256, 261, 266, 266, 271, 277, 275, 282, 287, 286, 290, 295, 301, 306, 303, 310, 312, 1490, 1498, 316, 74, 1509, 83, 94, 105, 323, 329, 325, 333, 337, 335, 340, 345, 351, 356, 353, 360, 365, 363, 371, 375, 374, 378, 383, 389, 394, 390, 399, 404, 400, 409, 415, 411, 420, 419, 426, 430, 430, 435, 441, 439, 445, 450, 454, 460, 455, 465, 465, 1519, 115, 125, 135, 142, 476, 481, 476, 486, 492, 487, 493, 497, 503, 507, 507, 512, 516, 516, 522, 531, 526, 536, 531, 540, 544, 540, 551, 554, 551, 555, 560, 564, 570, 570, 574, 579, 579, 584, 589, 589, 593, 599, 603, 608, 604, 612, 613, 1529, 152, 186, 160, 161, 173, 620, 622, 627, 632, 631, 636, 641, 645, 651, 646, 655, 660, 655, 665, 670, 666, 676, 675, 680, 686, 685, 689, 694, 694, 697, 703, 707, 713, 708, 717, 723, 718, 728, 733, 728, 733, 737, 743, 748, 747, 752, 755, 1539, 1607, 1616, 1626, 757, 761, 762, 766, 767, 772, 192, 1577, 203, 212, 224, 230, 777, 780, 785, 791, 787, 790, 796, 800, 804, 803, 808, 814, 813, 818, 824, 822, 828, 832, 838, 843, 838, 847, 852, 848, 857, 863, 857, 866, 865, 871, 877, 876, 881, 887, 887, 891, 897, 900, 905, 900, 910, 910, 1588, 945, 944, 1597, 916, 1635, 914, 1641, 919, 919, 925, 925, 930, 930, 935, 935, 941, 941, 240, 1650, 255, 261, 271, 954, 958, 954, 962, 969, 963, 968, 974, 980, 984, 985, 989, 995, 994, 999, 1008, 1003, 1014, 1008, 1018, 1024, 1019, 1028, 1033, 1029, 1034, 1038, 1044, 1048, 1048, 1052, 1057, 1058, 1061, 1067, 1067, 1072, 1078, 1081, 1086, 1082, 1091, 1092, 1660, 1703, 1713, 1097, 1757, 1773, 1097, 1102, 281, 292, 298, 307, 1106, 1112, 1106, 1116, 1121, 1117, 1121, 1126, 1130, 1136, 1136, 1141, 1145, 1145, 1150, 1160, 1155, 1166, 1161, 1170, 1175, 1170, 1179, 1185, 1179, 1184, 1190, 1194, 1199, 1198, 1203, 1208, 1208, 1213, 1218, 1217, 1223, 1227, 1233, 1236, 1233, 1242, 1242, 318, 1675, 321, 331, 343, 349, 1252, 1252, 1257, 1261, 1261, 1266, 1270, 1276, 1280, 1276, 1285, 1291, 1286, 1295, 1300, 1295, 1300, 1305, 1310, 1316, 1314, 1320, 1325, 1325, 1329, 1339, 1334, 1344, 1339, 1348, 1354, 1349, 1359, 1363, 1359, 1364, 1368, 1374, 1378, 1378, 1384, 1387, 1679, 1689, 1699, 1388, 1733, 1393, 1737, 1746, 1392, 1397, 1767, 358, 1465, 1465, 1475, 1471, 1480, 1475, 369, 1484, 1490, 1485, 380, 386, 395, 1402, 1408, 1411, 1418, 1412, 1418, 1422, 1427, 1432, 1432, 1437, 1441, 1441, 1446, 1450, 1450, 1456, 1460, 1494, 1499, 1495, 1504, 1509, 1504, 1514, 1518, 1514, 1523, 1524, 1529, 1533, 1533, 1539, 1782, 1572, 1542, 1573, 1544, 1577, 1791, 1548, 1801, 1811, 1549, 1860, 1553, 1865, 1553, 1557, 1557, 1562, 1563, 1567, 1567, 406, 413, 424, 435, 1582, 1588, 1583, 1592, 1597, 1592, 1601, 1607, 1601, 1612, 1611, 1616, 1621, 1620, 1626, 1631, 1631, 1635, 1640, 1645, 1651, 1645, 1654, 1660, 1655, 1664, 1669, 1665, 1669, 1675, 1679, 1685, 1684, 1688, 1694, 1694, 1699, 1708, 1703, 1713, 1709, 1718, 1718, 1723, 1723, 1728, 1728, 1822, 1826, 1836, 1845, 446, 449, 461, 470, 471, 481, 1733, 1738, 1743, 1743, 1747, 1753, 1752, 1757, 1767, 1762, 1772, 1762, 1777, 1781, 1777, 1787, 1791, 1786, 1797, 1797, 1801, 1807, 1806, 1811, 1816, 1816, 1822, 1826, 1831, 1835, 1831, 1841, 1845, 1841, 1850, 1855, 1850, 1856, 1860, 1865, 1869, 1869, 1875, 1875, 1878, 1879, 1884, 1884, 1889, 1888, 1894, 1894, 1897, 497, 501, 511, 521, 560, 526, 535, 545, 564, 574, 583, 593, 598, 608, 842, 617, 616, 626, 636, 642, 651, 660, 671, 680, 689, 697, 703, 713, 723, 737, 743, 753, 853, 771, 776, 780, 795, 800, 808, 817, 828, 833, 862, 871, 881, 891, 896, 906, 949, 949, 957, 974, 979, 989, 1000, 1038, 1043, 1053, 1061, 1005, 1014, 1024, 1073, 1076, 1086, 1102, 1112, 1125, 1129, 1140, 1150, 1155, 1166, 1176, 1189, 1194, 1203, 1212, 1223, 1229, 1238, 1374, 1246, 1247, 1256, 1266, 1272, 1281, 1291, 1305, 1310, 1320, 1329, 1335, 1344, 1354, 1368, 1384, 1422, 1397, 1402, 1408, 1427, 1437, 1446, 1456, 1460]

################################################################
################### jail_ex_download_list: ######################

[1, 1, 1, 0, 2, 3, 1, 1, 1, 2, 1, 1, 2, 1, 1, 2, 1, 0, 1, 0, 1, 1, 1, 1, 1, 1, 1, 1, 0, 1, 1, 1, 1, 1, 2, 1, 1, 1, 1, 1, 1, 1, 1, 1, 1, 1, 1, 1, 0, 0, 0, 1, 1, 0, 0, 0, 1, 1, 1, 1, 1, 1, 1, 0, 1, 1, 1, 2, 0, 2, 0, 1, 0, 2, 1, 0, 1, 1, 1, 0, 1, 1, 1, 1, 1, 1, 1, 1, 1, 0, 1, 1, 1, 0, 1, 1, 0, 1, 1, 0, 1, 1, 1, 1, 1, 1, 1, 1, 1, 0, 1, 1, 1, 0, 1, 1, 1, 1, 0, 1, 1, 1, 1, 1, 1, 1, 1, 0, 1, 1, 1, 0, 1, 1, 1, 1, 1, 1, 1, 1, 1, 1, 1, 0, 1, 1, 1, 1, 1, 1, 1, 1, 1, 0, 1, 1, 1, 1, 0, 1, 0, 1, 0, 0, 1, 1, 0, 0, 1, 1, 0, 0, 1, 0, 0, 1, 1, 1, 0, 1, 1, 0, 1, 1, 0, 1, 1, 0, 1, 0, 1, 1, 0, 1, 0, 0, 1, 1, 1, 1, 1, 1, 0, 1, 0, 1, 1, 0, 1, 0, 1, 1, 1, 0, 1, 1, 0, 0, 1, 1, 0, 1, 1, 0, 1, 1, 0, 1, 0, 1, 1, 0, 1, 1, 0, 1, 1, 1, 1, 0, 1, 1, 1, 1, 1, 1, 1, 0, 1, 1, 1, 0, 1, 1, 1, 0, 1, 1, 1, 0, 0, 1, 0, 0, 1, 0, 1, 0, 1, 1, 0, 1, 1, 0, 1, 1, 1, 0, 0, 1, 1, 0, 1, 1, 0, 1, 1, 1, 1, 0, 1, 1, 0, 0, 1, 0, 1, 0, 1, 1, 1, 0, 0, 1, 1, 0, 1, 1, 0, 1, 1, 1, 1, 0, 0, 1, 1, 1, 1, 2, 0, 1, 1, 0, 0, 1, 0, 1, 0, 1, 1, 1, 1, 1, 0, 1, 1, 1, 1, 1, 1, 0, 1, 1, 0, 1, 1, 0, 1, 1, 1, 1, 0, 0, 1, 1, 0, 1, 1, 0, 1, 1, 1, 1, 0, 1, 1, 1, 1, 1, 1, 1, 0, 1, 0, 1, 1, 1, 1, 1, 1, 1, 1, 1, 0, 1, 0, 1, 1, 0, 0, 1, 1, 1, 1, 0, 0, 1, 1, 0, 1, 1, 0, 1, 1, 0, 1, 0, 1, 1, 0, 1, 1, 0, 1, 1, 1, 1, 1, 1, 1, 1, 1, 0, 0, 1, 1, 1, 1, 1, 0, 1, 1, 0, 1, 1, 1, 1, 1, 0, 1, 1, 0, 1, 1, 1, 1, 0, 1, 1, 0, 0, 1, 1, 0, 1, 1, 1, 1, 0, 0, 1, 0, 0, 1, 0, 1, 1, 0, 1, 1, 1, 0, 1, 0, 1, 1, 1, 1, 1, 1, 1, 1, 1, 1, 0, 0, 1, 1, 1, 0, 1, 1, 0, 1, 1, 0, 1, 0, 1, 0, 1, 0, 1, 1, 0, 1, 1, 1, 1, 1, 1, 1, 1, 1, 0, 0, 1, 0, 0, 1, 1, 1, 1, 0, 1, 1, 1, 1, 0, 1, 1, 0, 1, 1, 1, 1, 1, 1, 1, 0, 0, 0, 1, 1, 0, 1, 1, 1, 1, 1, 1, 1, 1, 0, 1, 1, 0, 1, 1, 1, 1, 0, 1, 1, 0, 1, 1, 0, 0, 1, 0, 1, 0, 1, 1, 0, 1, 1, 1, 0, 1, 0, 1, 1, 0, 1, 1, 1, 0, 0, 1, 1, 0, 1, 1, 1, 1, 1, 1, 0, 1, 1, 1, 1, 1, 0, 2, 1, 1, 0, 1, 0, 0, 1, 0, 0, 1, 1, 1, 1, 1, 1, 1, 1, 0, 1, 1, 0, 0, 1, 1, 0, 1, 1, 1, 0, 1, 0, 1, 0, 1, 1, 0, 1, 0, 1, 0, 1, 1, 1, 1, 0, 0, 1, 1, 0, 0, 1, 1, 1, 1, 1, 0, 1, 1, 0, 0, 1, 1, 1, 1, 1, 1, 1, 1, 1, 0, 1, 1, 1, 1, 0, 1, 1, 1, 1, 1, 1, 0, 1, 0, 1, 0, 0, 1, 1, 1, 1, 1, 0, 0, 0, 1, 0, 0, 0, 1, 1, 0, 0, 1, 1, 1, 1, 1, 1, 0, 1, 1, 1, 1, 0, 0, 1, 0, 1, 1, 0, 1, 1, 1, 1, 1, 1, 1, 1, 1, 0, 0, 1, 1, 0, 0, 0, 1, 0, 0, 1, 0, 0, 1, 1, 0, 1, 1, 1, 1, 1, 1, 0, 1, 1, 1, 0, 0, 1, 1, 1, 1]

################################################################
################################################################
################### process_jail_download_list: ######################

[7, 7, 7, 6, 8, 9, 7, 7, 7, 8, 7, 7, 8, 7, 7, 8, 7, 7, 7, 7, 7, 7, 7, 7, 7, 7, 7, 7, 6, 7, 8, 7, 7, 7, 8, 7, 7, 7, 7, 7, 7, 7, 7, 7, 7, 7, 7, 7, 6, 6, 6, 7, 7, 7, 6, 7, 7, 7, 6, 7, 7, 7, 7, 7, 7, 7, 7, 8, 6, 8, 6, 7, 7, 8, 6, 6, 7, 7, 7, 6, 7, 7, 7, 7, 7, 7, 7, 7, 7, 6, 7, 7, 6, 6, 7, 7, 7, 7, 7, 6, 7, 7, 7, 6, 7, 7, 7, 6, 7, 6, 7, 7, 6, 6, 7, 7, 7, 7, 6, 7, 7, 7, 7, 7, 7, 7, 7, 6, 7, 7, 7, 6, 7, 7, 7, 6, 7, 7, 7, 7, 7, 7, 7, 6, 7, 7, 7, 7, 7, 7, 7, 7, 7, 6, 7, 7, 7, 7, 6, 7, 6, 7, 6, 6, 7, 7, 6, 6, 7, 7, 6, 6, 7, 6, 6, 7, 6, 7, 6, 7, 6, 6, 7, 6, 6, 7, 6, 6, 7, 6, 7, 6, 6, 7, 6, 6, 7, 7, 7, 7, 7, 7, 6, 7, 6, 7, 7, 6, 7, 6, 7, 7, 6, 6, 7, 7, 6, 6, 7, 7, 6, 7, 7, 6, 7, 7, 6, 7, 6, 7, 7, 6, 7, 7, 6, 7, 6, 7, 7, 6, 7, 7, 7, 6, 6, 6, 7, 6, 6, 7, 7, 6, 6, 7, 7, 6, 7, 7, 7, 6, 6, 7, 6, 6, 7, 6, 6, 6, 7, 7, 6, 7, 7, 6, 7, 6, 7, 7, 6, 7, 7, 6, 7, 7, 6, 7, 7, 7, 7, 6, 7, 7, 6, 6, 7, 6, 7, 6, 7, 7, 7, 6, 6, 7, 6, 6, 7, 6, 6, 7, 7, 7, 7, 6, 6, 7, 7, 7, 6, 8, 6, 7, 7, 6, 6, 7, 6, 7, 6, 6, 7, 7, 7, 6, 6, 7, 7, 7, 7, 7, 7, 6, 7, 7, 6, 7, 7, 6, 7, 6, 7, 7, 6, 6, 7, 6, 6, 7, 7, 6, 7, 6, 7, 6, 6, 7, 6, 7, 7, 7, 7, 7, 6, 7, 6, 7, 7, 7, 7, 7, 6, 7, 7, 6, 6, 7, 6, 7, 7, 6, 6, 7, 7, 7, 7, 6, 6, 7, 7, 6, 7, 7, 6, 7, 7, 6, 7, 6, 7, 7, 6, 7, 7, 6, 7, 6, 7, 6, 7, 7, 6, 7, 7, 6, 6, 7, 7, 6, 7, 7, 6, 7, 7, 6, 7, 6, 7, 7, 7, 6, 7, 7, 6, 7, 6, 7, 7, 6, 7, 7, 6, 6, 7, 7, 6, 6, 7, 7, 7, 6, 6, 7, 7, 6, 7, 6, 7, 7, 6, 7, 7, 7, 6, 7, 6, 6, 7, 7, 6, 7, 7, 7, 7, 7, 7, 6, 6, 7, 6, 7, 6, 7, 7, 6, 7, 7, 6, 7, 6, 7, 6, 7, 6, 7, 7, 6, 7, 7, 6, 7, 7, 6, 7, 7, 7, 6, 6, 7, 6, 6, 7, 6, 7, 7, 6, 7, 7, 7, 6, 6, 7, 6, 6, 7, 7, 7, 7, 7, 7, 7, 6, 6, 6, 7, 7, 6, 6, 7, 7, 7, 7, 7, 6, 7, 6, 7, 7, 6, 7, 7, 7, 7, 6, 7, 7, 6, 7, 7, 6, 6, 7, 6, 7, 6, 7, 7, 6, 7, 7, 7, 6, 7, 6, 7, 6, 6, 7, 7, 7, 6, 6, 7, 7, 6, 6, 6, 7, 7, 7, 7, 6, 7, 7, 7, 7, 7, 6, 8, 7, 7, 6, 7, 6, 6, 7, 6, 6, 7, 7, 7, 6, 7, 7, 7, 7, 6, 7, 7, 6, 6, 7, 6, 6, 7, 7, 7, 6, 7, 6, 7, 6, 6, 7, 6, 7, 6, 7, 6, 7, 6, 7, 7, 6, 6, 7, 7, 6, 6, 7, 7, 6, 7, 7, 6, 7, 7, 6, 6, 7, 7, 7, 7, 7, 7, 7, 7, 7, 6, 6, 7, 6, 7, 6, 7, 7, 6, 6, 6, 7, 6, 6, 6, 7, 6, 6, 6, 7, 7, 7, 7, 6, 6, 6, 7, 6, 6, 6, 7, 7, 6, 6, 7, 7, 7, 7, 7, 7, 6, 7, 7, 7, 7, 6, 6, 6, 6, 7, 7, 6, 7, 7, 7, 7, 7, 6, 6, 6, 7, 6, 6, 6, 7, 6, 6, 6, 7, 6, 6, 7, 6, 6, 6, 7, 6, 7, 7, 6, 7, 7, 7, 6, 7, 7, 7, 6, 6, 6, 6, 6, 7]

################################################################
################################################################
################### process_jail_list: ######################

[6, 6, 6, 6, 6, 6, 6, 6, 6, 6, 6, 6, 6, 6, 6, 6, 6, 7, 6, 7, 6, 6, 6, 6, 6, 6, 6, 6, 6, 6, 7, 6, 6, 6, 6, 6, 6, 6, 6, 6, 6, 6, 6, 6, 6, 6, 6, 6, 6, 6, 6, 6, 6, 7, 6, 7, 6, 6, 5, 6, 6, 6, 6, 7, 6, 6, 6, 6, 6, 6, 6, 6, 7, 6, 5, 6, 6, 6, 6, 6, 6, 6, 6, 6, 6, 6, 6, 6, 6, 6, 6, 6, 5, 6, 6, 6, 7, 6, 6, 6, 6, 6, 6, 5, 6, 6, 6, 5, 6, 6, 6, 6, 5, 6, 6, 6, 6, 6, 6, 6, 6, 6, 6, 6, 6, 6, 6, 6, 6, 6, 6, 6, 6, 6, 6, 5, 6, 6, 6, 6, 6, 6, 6, 6, 6, 6, 6, 6, 6, 6, 6, 6, 6, 6, 6, 6, 6, 6, 6, 6, 6, 6, 6, 6, 6, 6, 6, 6, 6, 6, 6, 6, 6, 6, 6, 6, 5, 6, 6, 6, 5, 6, 6, 5, 6, 6, 5, 6, 6, 6, 6, 5, 6, 6, 6, 6, 6, 6, 6, 6, 6, 6, 6, 6, 6, 6, 6, 6, 6, 6, 6, 6, 5, 6, 6, 6, 6, 6, 6, 6, 6, 6, 6, 6, 6, 6, 6, 6, 6, 6, 6, 6, 6, 6, 6, 6, 5, 6, 6, 6, 6, 6, 6, 5, 5, 5, 6, 6, 5, 6, 6, 6, 5, 6, 6, 6, 6, 6, 6, 6, 6, 6, 6, 6, 6, 6, 5, 6, 6, 6, 6, 6, 6, 6, 6, 5, 6, 7, 6, 6, 6, 6, 6, 6, 6, 6, 6, 6, 6, 6, 6, 6, 6, 6, 6, 6, 6, 6, 6, 6, 6, 6, 6, 6, 5, 6, 6, 5, 6, 6, 6, 6, 6, 6, 6, 6, 6, 6, 5, 6, 6, 6, 6, 6, 6, 6, 6, 6, 6, 5, 6, 6, 6, 5, 6, 6, 6, 6, 6, 6, 6, 6, 6, 6, 6, 6, 6, 6, 6, 5, 6, 6, 6, 6, 6, 5, 6, 6, 6, 6, 6, 5, 6, 5, 6, 6, 5, 6, 6, 6, 6, 6, 6, 6, 6, 6, 6, 6, 6, 6, 5, 6, 6, 5, 6, 6, 6, 6, 6, 6, 6, 6, 6, 6, 6, 6, 6, 6, 6, 6, 6, 6, 6, 6, 6, 6, 6, 6, 6, 6, 6, 6, 6, 6, 6, 5, 6, 5, 6, 6, 5, 6, 6, 6, 6, 6, 6, 5, 6, 6, 6, 6, 6, 6, 6, 5, 6, 6, 6, 6, 6, 6, 6, 6, 5, 6, 6, 6, 6, 6, 6, 6, 6, 6, 6, 5, 6, 6, 6, 6, 6, 6, 7, 6, 6, 6, 6, 6, 6, 6, 6, 6, 6, 6, 6, 5, 6, 6, 5, 6, 6, 6, 6, 6, 6, 6, 6, 6, 5, 6, 6, 6, 6, 6, 6, 6, 6, 6, 6, 6, 6, 6, 6, 6, 6, 6, 6, 6, 5, 6, 6, 5, 6, 6, 6, 6, 6, 6, 6, 6, 6, 5, 6, 6, 6, 6, 6, 6, 5, 6, 6, 5, 6, 6, 6, 6, 6, 6, 6, 6, 6, 6, 6, 6, 6, 6, 5, 6, 6, 6, 6, 6, 5, 6, 6, 6, 6, 6, 6, 6, 6, 6, 6, 6, 6, 6, 6, 6, 6, 6, 6, 6, 6, 6, 6, 6, 6, 6, 6, 6, 6, 6, 6, 6, 5, 6, 6, 6, 6, 6, 6, 6, 6, 6, 5, 5, 6, 6, 6, 6, 6, 6, 6, 6, 6, 6, 6, 6, 6, 6, 6, 6, 6, 6, 6, 6, 6, 6, 6, 6, 5, 6, 6, 6, 6, 6, 6, 6, 6, 6, 6, 5, 6, 6, 6, 6, 6, 6, 6, 6, 6, 5, 6, 6, 6, 6, 6, 6, 6, 5, 6, 6, 6, 6, 6, 6, 6, 6, 6, 6, 5, 6, 6, 6, 6, 6, 6, 6, 6, 6, 6, 6, 6, 6, 6, 6, 6, 6, 5, 6, 5, 6, 6, 6, 6, 5, 5, 5, 6, 6, 5, 6, 6, 6, 6, 5, 6, 6, 6, 6, 6, 6, 6, 6, 6, 6, 6, 6, 6, 6, 6, 6, 6, 6, 6, 6, 6, 6, 6, 6, 6, 6, 6, 6, 5, 6, 6, 6, 6, 6, 6, 6, 6, 6, 5, 5, 5, 6, 6, 6, 5, 6, 6, 6, 6, 6, 6, 6, 6, 6, 6, 5, 6, 6, 6, 6, 5, 6, 6, 6, 6, 6, 6, 6, 6, 6, 5, 5, 5, 6]

################################################################
