Numero total de amostras 769

Tempo total de processamento: 0:11:04

############## TEMPOS DE PROCESSAMENTO DO EXERCICIO NO JAIL  ####################
Soma 4513 segundos
Media 5.868660598179454 segundos
Desvio padrão 0.34159939049131444 segundos
Minimo 5 segundos
Maximo 7 segundos

95% 5.0 segundos
99% 5.0 segundos

############## TEMPOS DE PROCESSAMENTO DO EXERCICIO NO JAIL COM DOWNLOAD  ################
Soma 5023 segundos
Media 6.53185955786736 segundos
Desvio padrão 0.6071415480262625 segundos
Minimo 6 segundos
Maximo 10 segundos

95% 6.0 segundos
99% 6.0 segundos

################### TEMPOS DE DOWNLOAD DO EXERCICIO NO JAIL #######################
Soma 510 segundos
Media 0.6631989596879063 segundos
Desvio padrão 0.5812060132654125 segundos
Minimo 0 segundos
Maximo 4 segundos

95% 0.0 segundos
99% 0.0 segundos

############################ TEMPOS DE ESPERA NA FILA ############################
Soma 762
Media 0.9908972691807543 segundos
Desvio padrão 1.023098814633707 segundos
Minimo 0 segundos
Maximo 8 segundos

95% 0.0 segundos
99% 0.0 segundos

################### queue_wait_time_list: ######################

[6, 3, 0, 2, 6, 5, 1, 4, 3, 3, 4, 6, 6, 2, 2, 6, 0, 6, 1, 8, 2, 7, 5, 1, 2, 3, 4, 3, 1, 3, 3, 5, 0, 5, 4, 2, 2, 3, 1, 0, 3, 3, 2, 3, 1, 1, 2, 1, 0, 2, 2, 2, 2, 1, 2, 2, 2, 0, 0, 0, 1, 0, 1, 1, 2, 1, 0, 0, 2, 1, 0, 1, 1, 1, 1, 2, 1, 2, 3, 1, 1, 1, 0, 1, 1, 2, 2, 0, 3, 3, 1, 2, 1, 2, 0, 2, 1, 1, 0, 1, 2, 2, 0, 1, 0, 1, 0, 2, 1, 1, 1, 2, 1, 0, 0, 1, 0, 1, 1, 2, 2, 1, 2, 1, 1, 0, 0, 1, 1, 1, 1, 2, 0, 1, 0, 0, 1, 0, 0, 0, 1, 1, 1, 2, 0, 1, 2, 0, 1, 0, 0, 2, 1, 0, 1, 1, 0, 1, 1, 1, 1, 1, 1, 0, 1, 1, 0, 1, 0, 1, 1, 1, 1, 1, 1, 0, 2, 1, 0, 1, 0, 2, 1, 1, 1, 2, 1, 0, 1, 1, 3, 0, 2, 0, 2, 1, 1, 0, 0, 0, 0, 1, 1, 1, 1, 1, 1, 1, 1, 1, 0, 0, 1, 1, 1, 0, 1, 0, 0, 1, 1, 1, 2, 1, 1, 1, 2, 2, 1, 3, 1, 2, 1, 1, 1, 2, 1, 0, 1, 1, 1, 1, 2, 1, 1, 1, 1, 0, 1, 2, 1, 1, 0, 0, 1, 0, 0, 1, 1, 0, 1, 2, 2, 2, 1, 1, 1, 1, 1, 0, 0, 0, 1, 0, 0, 1, 1, 1, 1, 0, 1, 2, 1, 0, 1, 1, 0, 2, 1, 1, 1, 0, 1, 1, 1, 0, 0, 1, 1, 1, 0, 1, 1, 1, 0, 2, 1, 0, 2, 1, 1, 0, 3, 2, 0, 1, 0, 1, 1, 0, 1, 1, 0, 2, 1, 0, 1, 1, 1, 1, 1, 0, 0, 1, 2, 2, 2, 1, 1, 1, 1, 0, 0, 2, 0, 0, 2, 0, 0, 0, 1, 1, 2, 1, 1, 0, 2, 0, 1, 1, 0, 0, 1, 0, 0, 0, 1, 0, 1, 1, 1, 0, 1, 1, 1, 0, 0, 0, 0, 1, 0, 1, 1, 1, 0, 0, 1, 1, 1, 1, 1, 0, 0, 0, 0, 1, 1, 0, 1, 0, 1, 2, 1, 0, 1, 1, 2, 1, 1, 0, 2, 2, 0, 1, 1, 1, 1, 2, 1, 2, 2, 0, 1, 0, 0, 1, 2, 2, 1, 2, 1, 1, 1, 0, 1, 0, 1, 1, 0, 0, 0, 1, 2, 1, 1, 3, 1, 0, 0, 1, 2, 1, 0, 1, 1, 2, 1, 0, 1, 0, 0, 0, 0, 2, 1, 1, 0, 1, 1, 1, 2, 1, 0, 1, 0, 1, 0, 1, 2, 1, 1, 1, 1, 1, 2, 0, 2, 1, 1, 0, 1, 0, 0, 1, 0, 0, 1, 1, 0, 1, 0, 1, 1, 1, 0, 0, 0, 0, 1, 0, 0, 1, 0, 1, 0, 1, 1, 1, 0, 2, 1, 1, 1, 1, 0, 0, 0, 1, 1, 0, 0, 1, 0, 1, 0, 1, 0, 0, 1, 0, 0, 1, 2, 1, 0, 1, 1, 0, 1, 1, 0, 0, 0, 1, 0, 1, 0, 0, 0, 1, 1, 1, 0, 1, 0, 1, 2, 1, 1, 1, 2, 1, 1, 1, 0, 1, 0, 1, 1, 1, 2, 1, 1, 1, 1, 1, 0, 2, 1, 1, 0, 1, 1, 1, 1, 0, 2, 0, 0, 0, 1, 0, 0, 1, 1, 1, 1, 2, 1, 1, 0, 1, 0, 0, 1, 0, 0, 1, 0, 0, 1, 2, 0, 1, 0, 0, 1, 0, 1, 1, 2, 0, 0, 0, 1, 1, 1, 0, 0, 0, 2, 0, 0, 1, 1, 0, 1, 0, 1, 1, 0, 1, 1, 1, 0, 1, 0, 0, 2, 1, 1, 1, 0, 1, 1, 1, 0, 0, 1, 1, 0, 2, 0, 0, 0, 1, 0, 1, 0, 1, 1, 2, 0, 1, 1, 1, 0, 1, 2, 2, 2, 1, 3, 0, 1, 0, 2, 2, 0, 1, 2, 0, 0, 0, 1, 2, 0, 1, 1, 1, 0, 2, 2, 1, 2, 1, 0, 0, 0, 0, 0, 0, 1, 3, 1, 0, 0, 0, 1, 0, 2, 2, 3, 3, 0, 3, 1, 2, 3, 0, 1, 0, 2, 2, 1, 1, 2, 2, 1, 1, 0, 0, 1, 2, 2, 3, 1, 2, 0, 3, 2, 0, 2, 1, 1, 0, 0, 0, 1]

################################################################
################### jail_ex_download_list: ######################

[4, 1, 2, 1, 3, 3, 1, 3, 4, 1, 4, 1, 1, 1, 1, 1, 1, 0, 0, 2, 1, 3, 1, 4, 4, 1, 1, 1, 1, 1, 1, 0, 1, 1, 0, 0, 1, 0, 1, 1, 0, 1, 1, 1, 1, 0, 1, 1, 1, 1, 0, 1, 1, 1, 1, 0, 1, 1, 1, 1, 0, 0, 0, 0, 1, 0, 1, 1, 1, 0, 0, 1, 1, 1, 0, 0, 1, 0, 0, 0, 1, 1, 1, 0, 1, 0, 1, 1, 1, 1, 1, 1, 1, 1, 1, 0, 1, 1, 1, 1, 0, 1, 1, 1, 0, 1, 1, 1, 1, 1, 1, 0, 0, 1, 1, 0, 1, 0, 1, 0, 0, 0, 0, 1, 1, 1, 1, 0, 1, 0, 0, 0, 1, 1, 0, 1, 1, 1, 1, 1, 0, 0, 0, 0, 1, 0, 0, 1, 0, 1, 1, 0, 1, 1, 1, 0, 0, 1, 0, 1, 1, 0, 0, 1, 0, 1, 1, 1, 1, 0, 1, 0, 0, 1, 0, 1, 0, 1, 1, 1, 1, 0, 1, 1, 1, 0, 1, 1, 0, 1, 0, 1, 0, 1, 0, 0, 1, 1, 1, 1, 1, 1, 0, 1, 1, 1, 0, 0, 0, 1, 1, 1, 0, 0, 1, 1, 1, 1, 1, 0, 1, 1, 1, 0, 0, 0, 1, 1, 0, 0, 0, 0, 1, 0, 1, 0, 1, 0, 0, 1, 1, 0, 1, 1, 0, 0, 1, 1, 0, 0, 1, 1, 1, 1, 1, 1, 1, 1, 0, 0, 0, 0, 0, 0, 0, 1, 1, 1, 1, 1, 1, 1, 1, 1, 0, 0, 0, 0, 1, 1, 0, 0, 1, 1, 1, 1, 1, 0, 1, 1, 1, 0, 0, 1, 1, 1, 1, 1, 1, 0, 1, 0, 0, 1, 1, 1, 1, 1, 0, 0, 1, 1, 0, 1, 1, 1, 1, 1, 0, 0, 0, 0, 1, 0, 0, 0, 1, 0, 1, 1, 0, 0, 0, 1, 0, 0, 0, 0, 0, 1, 0, 1, 1, 1, 1, 1, 0, 1, 1, 1, 1, 1, 1, 0, 1, 1, 1, 0, 1, 1, 1, 1, 1, 1, 1, 0, 0, 1, 1, 0, 1, 0, 0, 1, 1, 1, 0, 1, 1, 0, 1, 0, 1, 1, 1, 1, 1, 0, 0, 1, 1, 1, 1, 0, 0, 0, 1, 1, 1, 0, 0, 1, 1, 1, 0, 1, 1, 1, 1, 1, 0, 0, 1, 0, 0, 1, 1, 1, 1, 1, 0, 1, 0, 1, 1, 0, 1, 0, 1, 1, 0, 0, 0, 1, 1, 1, 0, 0, 1, 1, 1, 0, 1, 1, 1, 1, 1, 1, 1, 0, 0, 0, 1, 0, 1, 1, 1, 1, 1, 1, 1, 1, 1, 0, 0, 1, 1, 0, 1, 1, 0, 0, 1, 1, 1, 1, 1, 0, 0, 1, 1, 1, 1, 0, 1, 1, 0, 1, 0, 1, 0, 1, 1, 0, 1, 1, 0, 1, 1, 0, 0, 0, 0, 1, 1, 1, 1, 1, 0, 1, 0, 1, 1, 1, 1, 0, 0, 0, 1, 0, 0, 1, 0, 1, 1, 1, 1, 0, 0, 1, 0, 0, 1, 1, 1, 0, 1, 1, 1, 1, 1, 0, 0, 1, 1, 1, 0, 1, 1, 0, 1, 1, 0, 0, 0, 0, 1, 0, 1, 1, 0, 1, 1, 1, 1, 1, 0, 1, 0, 0, 0, 0, 1, 0, 1, 0, 1, 0, 1, 1, 0, 1, 0, 1, 1, 0, 1, 0, 1, 1, 1, 0, 0, 1, 0, 0, 0, 1, 1, 1, 1, 1, 1, 1, 0, 0, 0, 0, 1, 0, 1, 0, 1, 1, 0, 1, 1, 1, 1, 1, 0, 0, 1, 1, 0, 1, 0, 1, 0, 0, 0, 1, 1, 1, 0, 1, 1, 1, 0, 1, 0, 1, 0, 1, 0, 0, 0, 1, 1, 1, 1, 1, 1, 0, 1, 1, 1, 0, 0, 1, 1, 0, 1, 0, 1, 0, 1, 1, 0, 0, 1, 1, 1, 1, 1, 0, 0, 0, 1, 0, 0, 1, 1, 1, 0, 1, 0, 0, 1, 1, 0, 1, 0, 1, 1, 1, 0, 1, 0, 1, 0, 0, 1, 1, 1, 0, 1, 0, 1, 1, 1, 1, 1, 1, 1, 0, 1, 1, 0, 1, 0, 1, 0, 0, 1, 0, 1, 1, 1, 1, 0, 1, 0, 1, 1, 1, 0, 1, 1, 1, 1, 1, 1, 1, 1, 1, 1, 0, 1, 1, 1, 1, 1, 1, 0, 1, 0, 1, 1, 0, 1, 1, 0, 1, 1, 1, 0, 0, 0]

################################################################
################################################################
################### process_jail_download_list: ######################

[10, 7, 7, 7, 9, 9, 7, 10, 10, 7, 10, 6, 7, 7, 7, 7, 7, 6, 6, 8, 7, 9, 7, 10, 10, 7, 7, 7, 7, 7, 7, 6, 7, 7, 6, 6, 7, 6, 7, 7, 6, 7, 7, 6, 7, 6, 7, 7, 6, 7, 6, 6, 7, 7, 6, 6, 7, 7, 7, 6, 6, 6, 6, 6, 7, 6, 7, 6, 7, 6, 6, 7, 7, 6, 6, 6, 7, 6, 6, 6, 7, 7, 7, 6, 7, 6, 6, 7, 7, 7, 7, 7, 6, 7, 7, 6, 7, 7, 7, 7, 6, 7, 7, 6, 6, 7, 7, 6, 7, 6, 7, 6, 6, 7, 7, 6, 7, 6, 7, 6, 6, 6, 6, 7, 7, 7, 7, 6, 6, 6, 6, 6, 7, 6, 6, 7, 7, 7, 7, 7, 6, 6, 6, 6, 7, 6, 6, 7, 6, 6, 7, 6, 7, 7, 7, 6, 6, 6, 6, 7, 6, 6, 6, 7, 6, 7, 7, 7, 6, 6, 7, 6, 6, 7, 6, 7, 6, 7, 7, 6, 6, 6, 6, 7, 7, 6, 7, 7, 6, 7, 6, 6, 6, 7, 6, 6, 7, 7, 7, 7, 6, 7, 6, 6, 7, 6, 6, 6, 6, 6, 7, 7, 6, 6, 7, 7, 7, 7, 7, 6, 7, 7, 7, 6, 6, 6, 7, 7, 6, 6, 6, 6, 7, 6, 7, 6, 7, 6, 6, 7, 7, 6, 7, 7, 6, 6, 7, 6, 6, 6, 7, 7, 7, 7, 6, 7, 7, 6, 6, 6, 6, 6, 6, 6, 6, 7, 7, 7, 7, 7, 7, 7, 7, 7, 6, 6, 6, 6, 7, 7, 6, 6, 7, 7, 7, 6, 7, 6, 6, 7, 7, 6, 6, 7, 6, 7, 7, 6, 7, 6, 7, 6, 6, 7, 7, 7, 7, 7, 6, 6, 7, 7, 6, 6, 7, 7, 7, 7, 6, 6, 6, 6, 7, 6, 6, 6, 7, 6, 7, 7, 6, 6, 6, 7, 6, 6, 6, 6, 6, 6, 6, 7, 7, 6, 6, 7, 6, 7, 7, 6, 7, 7, 7, 6, 6, 7, 7, 6, 6, 6, 7, 6, 7, 7, 7, 6, 6, 6, 6, 6, 7, 6, 6, 6, 6, 7, 6, 6, 7, 6, 7, 6, 7, 7, 7, 7, 7, 6, 6, 7, 7, 6, 7, 6, 6, 6, 7, 6, 7, 6, 6, 6, 7, 7, 6, 7, 6, 7, 7, 7, 6, 6, 7, 6, 6, 7, 6, 7, 7, 6, 6, 7, 6, 6, 7, 6, 7, 6, 7, 7, 6, 6, 6, 6, 6, 7, 6, 6, 6, 7, 7, 6, 7, 7, 7, 7, 6, 7, 7, 6, 6, 6, 6, 6, 7, 7, 6, 7, 7, 7, 6, 7, 7, 6, 6, 7, 7, 6, 7, 6, 6, 6, 7, 6, 7, 6, 6, 6, 6, 7, 7, 7, 6, 6, 7, 7, 6, 7, 6, 7, 6, 7, 7, 6, 6, 7, 6, 7, 7, 6, 6, 6, 6, 6, 6, 7, 6, 7, 6, 7, 6, 6, 7, 7, 7, 6, 6, 6, 7, 6, 6, 7, 6, 7, 6, 7, 7, 6, 6, 7, 6, 6, 7, 7, 7, 6, 7, 6, 7, 7, 7, 6, 6, 7, 7, 7, 6, 7, 6, 6, 7, 7, 6, 6, 6, 6, 7, 6, 7, 7, 6, 7, 7, 7, 7, 7, 6, 7, 6, 6, 6, 6, 7, 6, 7, 6, 7, 6, 6, 7, 6, 6, 6, 7, 6, 6, 7, 6, 7, 7, 7, 6, 6, 6, 6, 6, 6, 7, 6, 7, 7, 7, 7, 7, 6, 6, 6, 6, 7, 6, 7, 6, 7, 7, 6, 6, 7, 7, 7, 6, 6, 6, 7, 7, 6, 7, 6, 7, 6, 6, 6, 7, 6, 7, 6, 7, 7, 7, 6, 7, 6, 7, 6, 6, 6, 6, 6, 6, 7, 7, 7, 7, 7, 6, 7, 7, 7, 6, 6, 6, 7, 6, 7, 6, 7, 6, 7, 7, 6, 6, 7, 7, 7, 7, 7, 6, 6, 6, 6, 6, 6, 7, 7, 7, 6, 7, 6, 6, 7, 7, 6, 7, 6, 7, 7, 7, 6, 6, 6, 7, 6, 6, 7, 6, 7, 6, 7, 6, 7, 7, 7, 6, 6, 7, 6, 6, 6, 7, 6, 7, 6, 7, 6, 6, 7, 6, 7, 6, 7, 7, 6, 7, 6, 6, 7, 6, 6, 7, 6, 7, 6, 6, 7, 7, 7, 7, 7, 6, 7, 7, 7, 7, 7, 7, 6, 7, 6, 7, 7, 6, 7, 7, 6, 6, 6, 7, 6, 6, 6]

################################################################
################################################################
################### process_jail_list: ######################

[6, 6, 5, 6, 6, 6, 6, 7, 6, 6, 6, 5, 6, 6, 6, 6, 6, 6, 6, 6, 6, 6, 6, 6, 6, 6, 6, 6, 6, 6, 6, 6, 6, 6, 6, 6, 6, 6, 6, 6, 6, 6, 6, 5, 6, 6, 6, 6, 5, 6, 6, 5, 6, 6, 5, 6, 6, 6, 6, 5, 6, 6, 6, 6, 6, 6, 6, 5, 6, 6, 6, 6, 6, 5, 6, 6, 6, 6, 6, 6, 6, 6, 6, 6, 6, 6, 5, 6, 6, 6, 6, 6, 5, 6, 6, 6, 6, 6, 6, 6, 6, 6, 6, 5, 6, 6, 6, 5, 6, 5, 6, 6, 6, 6, 6, 6, 6, 6, 6, 6, 6, 6, 6, 6, 6, 6, 6, 6, 5, 6, 6, 6, 6, 5, 6, 6, 6, 6, 6, 6, 6, 6, 6, 6, 6, 6, 6, 6, 6, 5, 6, 6, 6, 6, 6, 6, 6, 5, 6, 6, 5, 6, 6, 6, 6, 6, 6, 6, 5, 6, 6, 6, 6, 6, 6, 6, 6, 6, 6, 5, 5, 6, 5, 6, 6, 6, 6, 6, 6, 6, 6, 5, 6, 6, 6, 6, 6, 6, 6, 6, 5, 6, 6, 5, 6, 5, 6, 6, 6, 5, 6, 6, 6, 6, 6, 6, 6, 6, 6, 6, 6, 6, 6, 6, 6, 6, 6, 6, 6, 6, 6, 6, 6, 6, 6, 6, 6, 6, 6, 6, 6, 6, 6, 6, 6, 6, 6, 5, 6, 6, 6, 6, 6, 6, 5, 6, 6, 5, 6, 6, 6, 6, 6, 6, 6, 6, 6, 6, 6, 6, 6, 6, 6, 6, 6, 6, 6, 6, 6, 6, 6, 6, 6, 6, 6, 5, 6, 6, 5, 6, 6, 6, 6, 6, 5, 6, 6, 5, 6, 6, 6, 6, 6, 6, 6, 6, 6, 6, 6, 6, 6, 6, 6, 5, 6, 6, 6, 6, 6, 6, 6, 6, 6, 6, 6, 6, 6, 6, 6, 6, 6, 6, 6, 6, 6, 6, 6, 6, 6, 5, 6, 6, 6, 5, 5, 6, 6, 6, 6, 5, 6, 6, 6, 6, 5, 6, 6, 6, 5, 5, 6, 5, 6, 6, 6, 6, 6, 5, 5, 6, 6, 6, 6, 5, 5, 6, 6, 5, 6, 6, 6, 6, 6, 6, 6, 6, 6, 6, 6, 6, 6, 5, 6, 6, 6, 6, 6, 5, 6, 6, 6, 5, 6, 6, 6, 6, 5, 6, 6, 6, 6, 6, 6, 6, 6, 6, 5, 6, 6, 5, 6, 6, 6, 5, 6, 6, 6, 6, 6, 6, 6, 6, 6, 5, 5, 6, 6, 6, 5, 6, 6, 6, 6, 6, 6, 6, 5, 6, 6, 6, 6, 6, 5, 6, 6, 6, 5, 6, 6, 6, 5, 6, 6, 6, 6, 6, 6, 6, 6, 5, 6, 6, 6, 5, 6, 5, 5, 6, 6, 6, 6, 6, 5, 6, 6, 6, 6, 6, 6, 6, 6, 6, 6, 6, 5, 6, 6, 6, 6, 6, 6, 6, 6, 5, 5, 6, 5, 6, 6, 6, 6, 5, 6, 6, 6, 6, 6, 6, 6, 6, 6, 6, 6, 6, 5, 6, 6, 6, 6, 6, 6, 6, 6, 6, 6, 6, 6, 5, 6, 6, 6, 6, 6, 6, 6, 6, 6, 6, 5, 6, 6, 6, 6, 6, 6, 6, 6, 6, 6, 6, 6, 6, 6, 6, 6, 6, 6, 6, 6, 6, 6, 6, 6, 6, 6, 6, 6, 6, 5, 6, 6, 5, 6, 6, 5, 6, 6, 6, 6, 6, 6, 6, 6, 5, 6, 6, 6, 6, 5, 6, 6, 6, 6, 6, 6, 6, 6, 6, 6, 6, 6, 6, 6, 6, 6, 5, 6, 6, 6, 5, 6, 6, 6, 6, 6, 6, 6, 6, 6, 6, 6, 6, 5, 6, 6, 6, 6, 6, 6, 6, 6, 6, 6, 5, 6, 6, 6, 5, 6, 6, 6, 6, 6, 6, 6, 6, 6, 6, 6, 5, 6, 6, 6, 6, 6, 6, 6, 6, 6, 6, 6, 6, 6, 6, 6, 6, 6, 6, 5, 6, 6, 6, 6, 6, 6, 6, 6, 6, 6, 6, 6, 6, 6, 6, 6, 6, 6, 5, 6, 6, 6, 6, 6, 5, 6, 6, 6, 6, 6, 6, 6, 5, 5, 6, 5, 6, 5, 6, 6, 6, 6, 6, 6, 6, 6, 6, 6, 5, 6, 6, 6, 6, 6, 5, 6, 5, 6, 6, 5, 6, 5, 5, 6, 6, 6, 6, 6, 6, 6, 6, 6, 6, 6, 6, 6, 6, 6, 6, 6, 6, 6, 6, 6, 5, 5, 6, 6, 6, 6]

################################################################
Numero total de amostras 770

Tempo total de processamento: 0:10:59

############## TEMPOS DE PROCESSAMENTO DO EXERCICIO NO JAIL  ####################
Soma 4529 segundos
Media 5.881818181818182 segundos
Desvio padrão 0.3346745939345645 segundos
Minimo 5 segundos
Maximo 7 segundos

95% 5.0 segundos
99% 5.0 segundos

############## TEMPOS DE PROCESSAMENTO DO EXERCICIO NO JAIL COM DOWNLOAD  ################
Soma 5032 segundos
Media 6.535064935064935 segundos
Desvio padrão 0.593857351747872 segundos
Minimo 6 segundos
Maximo 10 segundos

95% 6.0 segundos
99% 6.0 segundos

################### TEMPOS DE DOWNLOAD DO EXERCICIO NO JAIL #######################
Soma 503 segundos
Media 0.6532467532467533 segundos
Desvio padrão 0.556446148100795 segundos
Minimo 0 segundos
Maximo 4 segundos

95% 0.0 segundos
99% 0.0 segundos

############################ TEMPOS DE ESPERA NA FILA ############################
Soma 702
Media 0.9116883116883117 segundos
Desvio padrão 0.9116809116508793 segundos
Minimo 0 segundos
Maximo 7 segundos

95% 0.0 segundos
99% 0.0 segundos

################### queue_wait_time_list: ######################

[5, 3, 2, 0, 5, 1, 5, 3, 4, 1, 0, 3, 2, 6, 1, 2, 5, 2, 4, 0, 7, 2, 1, 6, 2, 1, 6, 4, 1, 0, 0, 1, 1, 3, 1, 3, 2, 1, 1, 1, 0, 1, 0, 2, 2, 1, 0, 0, 1, 1, 0, 1, 0, 1, 0, 0, 3, 0, 2, 1, 1, 1, 1, 1, 0, 0, 1, 0, 1, 0, 1, 1, 1, 0, 0, 1, 0, 1, 0, 1, 1, 0, 0, 0, 1, 0, 1, 1, 0, 1, 1, 0, 1, 0, 0, 1, 0, 1, 1, 0, 0, 0, 1, 1, 1, 1, 1, 0, 1, 0, 1, 0, 2, 1, 1, 1, 1, 1, 2, 1, 2, 1, 0, 1, 1, 0, 1, 1, 1, 1, 1, 2, 1, 0, 1, 0, 2, 1, 0, 0, 0, 0, 1, 1, 1, 2, 0, 1, 1, 1, 1, 1, 0, 0, 0, 1, 2, 1, 2, 0, 0, 1, 0, 2, 1, 0, 1, 0, 2, 0, 0, 0, 0, 1, 1, 0, 1, 0, 1, 0, 1, 0, 0, 1, 2, 2, 1, 1, 1, 1, 0, 1, 2, 1, 1, 0, 2, 0, 1, 0, 0, 1, 1, 0, 2, 1, 0, 1, 1, 1, 1, 1, 0, 0, 0, 0, 1, 2, 1, 0, 1, 1, 0, 1, 1, 0, 0, 0, 0, 1, 0, 0, 0, 0, 2, 2, 1, 1, 0, 0, 0, 1, 1, 1, 1, 1, 1, 0, 0, 1, 1, 1, 2, 1, 2, 1, 1, 1, 0, 0, 1, 1, 1, 1, 1, 0, 1, 0, 1, 0, 1, 0, 1, 2, 1, 1, 0, 1, 1, 1, 2, 1, 1, 1, 0, 2, 2, 1, 0, 1, 1, 2, 0, 1, 0, 1, 1, 0, 1, 0, 1, 2, 1, 1, 0, 1, 0, 0, 0, 1, 1, 0, 2, 2, 1, 0, 1, 0, 1, 0, 0, 0, 0, 1, 1, 1, 2, 0, 1, 0, 0, 1, 2, 1, 0, 0, 1, 0, 1, 0, 1, 1, 1, 0, 1, 2, 1, 1, 1, 1, 1, 0, 0, 1, 2, 3, 0, 1, 0, 0, 0, 1, 2, 0, 1, 1, 1, 1, 0, 0, 1, 1, 2, 1, 0, 1, 0, 1, 1, 0, 2, 0, 1, 0, 1, 0, 1, 2, 1, 0, 1, 0, 2, 2, 2, 1, 3, 1, 2, 0, 1, 2, 1, 1, 0, 0, 2, 2, 1, 0, 1, 2, 1, 1, 0, 0, 2, 2, 1, 1, 1, 0, 1, 2, 1, 1, 1, 1, 1, 0, 2, 0, 1, 1, 0, 2, 1, 0, 1, 0, 0, 0, 0, 1, 0, 1, 0, 1, 1, 0, 2, 1, 0, 1, 1, 1, 0, 0, 1, 1, 1, 1, 0, 0, 2, 1, 1, 1, 0, 1, 0, 0, 2, 0, 0, 0, 2, 2, 3, 0, 1, 1, 2, 0, 1, 2, 1, 0, 1, 2, 0, 2, 1, 2, 0, 0, 0, 0, 0, 0, 2, 1, 0, 1, 1, 0, 0, 1, 1, 2, 1, 2, 0, 1, 1, 1, 1, 0, 0, 2, 2, 2, 1, 1, 1, 0, 1, 1, 1, 1, 0, 1, 1, 2, 1, 1, 0, 1, 1, 0, 1, 2, 1, 2, 0, 1, 0, 2, 1, 1, 2, 0, 0, 0, 2, 3, 1, 0, 1, 1, 0, 1, 1, 0, 2, 1, 0, 1, 0, 0, 0, 0, 1, 0, 0, 1, 0, 1, 2, 1, 0, 0, 0, 0, 0, 0, 1, 1, 0, 0, 1, 0, 1, 1, 0, 2, 0, 1, 1, 1, 1, 1, 1, 1, 1, 0, 1, 2, 1, 1, 0, 2, 0, 2, 0, 2, 1, 1, 1, 1, 0, 2, 2, 0, 1, 1, 2, 1, 1, 0, 0, 2, 2, 0, 2, 1, 2, 1, 3, 1, 1, 2, 0, 2, 1, 2, 0, 2, 2, 0, 1, 1, 1, 2, 1, 0, 2, 1, 2, 0, 2, 1, 0, 2, 1, 1, 1, 1, 1, 1, 0, 1, 0, 2, 0, 0, 1, 1, 0, 1, 1, 1, 1, 1, 1, 2, 1, 1, 2, 0, 2, 1, 0, 0, 1, 2, 2, 2, 1, 2, 1, 1, 0, 0, 2, 2, 3, 2, 0, 1, 0, 1, 1, 0, 1, 0, 0, 0, 0, 0, 2, 1, 2, 2, 0, 1, 2, 1, 0, 0, 1, 1, 1, 2, 0, 0, 1, 1, 0, 0, 0, 0, 0, 1, 0, 0, 1, 0, 1, 1, 1, 1, 0, 0, 3, 3, 1, 2, 0, 0, 1, 0, 1, 1, 1, 2, 1, 1, 1, 1]

################################################################
################### jail_ex_download_list: ######################

[3, 1, 0, 1, 4, 0, 3, 0, 3, 0, 1, 3, 1, 1, 3, 0, 0, 0, 0, 1, 1, 1, 0, 1, 3, 1, 2, 0, 2, 1, 4, 0, 0, 1, 1, 1, 1, 1, 0, 1, 1, 0, 1, 1, 0, 1, 1, 1, 1, 0, 1, 0, 1, 1, 1, 1, 0, 1, 1, 0, 0, 0, 0, 0, 1, 0, 1, 1, 0, 1, 1, 1, 1, 1, 1, 1, 1, 0, 1, 0, 0, 1, 1, 0, 0, 0, 0, 1, 1, 0, 0, 1, 1, 1, 1, 1, 1, 1, 0, 1, 1, 1, 0, 0, 1, 1, 1, 1, 1, 1, 0, 1, 0, 0, 1, 0, 0, 0, 1, 1, 0, 1, 1, 0, 0, 0, 0, 1, 1, 0, 1, 0, 1, 1, 1, 1, 1, 1, 0, 1, 1, 1, 0, 1, 0, 0, 1, 0, 1, 0, 0, 1, 1, 1, 1, 1, 0, 0, 0, 0, 1, 1, 1, 1, 0, 1, 1, 1, 0, 1, 0, 1, 1, 1, 1, 0, 1, 1, 1, 1, 1, 1, 1, 0, 0, 1, 1, 1, 0, 0, 1, 1, 0, 0, 0, 0, 0, 1, 1, 1, 1, 1, 1, 1, 0, 1, 1, 1, 0, 0, 1, 0, 1, 1, 1, 0, 0, 0, 0, 1, 1, 1, 1, 0, 1, 1, 0, 1, 1, 0, 1, 1, 0, 0, 1, 0, 0, 0, 1, 1, 1, 0, 1, 1, 1, 0, 1, 1, 0, 1, 0, 0, 0, 1, 0, 1, 1, 1, 1, 1, 0, 1, 1, 1, 1, 1, 0, 1, 1, 1, 1, 1, 0, 0, 0, 0, 1, 1, 0, 0, 1, 1, 0, 1, 1, 0, 0, 1, 1, 1, 0, 1, 0, 0, 1, 1, 1, 0, 1, 1, 0, 0, 1, 1, 0, 0, 1, 1, 1, 0, 1, 0, 1, 0, 1, 1, 1, 1, 1, 1, 1, 0, 1, 0, 0, 1, 0, 1, 1, 1, 1, 1, 1, 1, 1, 1, 0, 1, 0, 1, 0, 0, 1, 1, 0, 0, 1, 1, 1, 1, 1, 1, 1, 1, 0, 0, 1, 1, 1, 1, 0, 1, 0, 1, 0, 0, 0, 0, 1, 1, 1, 1, 0, 1, 1, 1, 0, 0, 1, 0, 0, 1, 0, 1, 0, 1, 0, 1, 0, 1, 0, 1, 1, 1, 1, 1, 0, 1, 0, 1, 1, 0, 1, 1, 1, 1, 1, 0, 1, 1, 1, 1, 1, 1, 1, 0, 1, 1, 1, 0, 0, 1, 0, 0, 0, 0, 1, 0, 1, 1, 0, 1, 0, 0, 1, 0, 1, 1, 1, 1, 0, 1, 1, 0, 0, 1, 1, 0, 0, 0, 0, 1, 1, 1, 0, 1, 1, 0, 0, 0, 0, 1, 1, 1, 0, 1, 0, 1, 1, 0, 1, 1, 1, 1, 1, 0, 0, 0, 0, 1, 0, 1, 1, 1, 0, 0, 1, 1, 1, 0, 1, 0, 1, 1, 1, 0, 1, 0, 1, 1, 0, 1, 1, 0, 0, 1, 1, 0, 1, 0, 1, 0, 1, 0, 1, 1, 1, 1, 1, 1, 0, 0, 0, 1, 0, 1, 0, 1, 1, 1, 1, 0, 1, 0, 1, 1, 1, 0, 1, 1, 1, 1, 0, 0, 1, 1, 1, 0, 1, 1, 0, 1, 0, 1, 0, 0, 0, 1, 0, 1, 1, 0, 0, 1, 0, 1, 1, 1, 1, 1, 1, 1, 1, 1, 1, 1, 1, 0, 1, 1, 1, 1, 1, 1, 0, 0, 0, 1, 1, 1, 0, 1, 1, 0, 1, 1, 1, 1, 0, 0, 1, 1, 1, 1, 0, 1, 1, 0, 1, 0, 0, 0, 1, 1, 1, 1, 1, 0, 1, 1, 1, 0, 0, 1, 1, 0, 1, 1, 0, 1, 1, 0, 0, 1, 0, 1, 1, 0, 1, 1, 0, 1, 0, 1, 1, 0, 1, 0, 0, 1, 0, 1, 0, 1, 0, 1, 1, 1, 1, 1, 1, 1, 1, 0, 1, 0, 1, 1, 0, 1, 1, 0, 1, 0, 1, 1, 1, 0, 1, 0, 1, 1, 0, 0, 0, 1, 1, 1, 0, 1, 1, 0, 1, 1, 0, 0, 0, 1, 1, 1, 1, 0, 1, 1, 0, 0, 1, 1, 1, 0, 1, 0, 0, 1, 1, 1, 1, 1, 0, 1, 1, 1, 1, 1, 1, 1, 1, 0, 1, 1, 1, 0, 0, 0, 1, 0, 1, 0, 1, 1, 1, 1, 1, 1, 0, 1, 1, 1, 0, 0, 0, 0, 1, 1, 0, 0, 0, 1, 1, 0, 0, 1, 0, 1, 1, 1, 1, 0, 1, 0]

################################################################
################################################################
################### process_jail_download_list: ######################

[9, 7, 6, 7, 10, 6, 9, 6, 9, 6, 6, 9, 7, 6, 10, 6, 6, 6, 6, 7, 7, 6, 6, 7, 10, 7, 9, 6, 8, 7, 10, 6, 6, 7, 7, 7, 7, 7, 6, 7, 6, 6, 7, 6, 6, 7, 7, 7, 7, 6, 7, 6, 7, 7, 6, 7, 6, 7, 7, 6, 6, 6, 6, 6, 7, 6, 7, 7, 6, 7, 7, 7, 6, 6, 7, 7, 7, 6, 6, 6, 6, 7, 6, 6, 6, 6, 6, 7, 7, 6, 6, 7, 7, 6, 6, 6, 7, 7, 6, 7, 7, 7, 6, 6, 7, 6, 7, 7, 7, 7, 6, 7, 6, 6, 6, 6, 6, 6, 7, 7, 6, 7, 7, 6, 6, 6, 6, 6, 7, 6, 7, 6, 7, 7, 7, 7, 6, 6, 6, 7, 7, 6, 6, 7, 6, 6, 7, 6, 6, 6, 6, 7, 7, 6, 7, 7, 6, 6, 6, 6, 7, 7, 7, 7, 6, 7, 7, 7, 6, 6, 6, 7, 7, 7, 6, 6, 7, 7, 7, 7, 7, 7, 7, 6, 6, 7, 7, 7, 6, 6, 7, 6, 6, 6, 6, 6, 6, 6, 7, 6, 7, 7, 7, 7, 6, 6, 7, 7, 6, 6, 7, 6, 7, 6, 7, 6, 6, 6, 6, 7, 7, 6, 7, 6, 7, 7, 6, 7, 7, 6, 7, 7, 6, 6, 7, 6, 6, 6, 7, 7, 7, 6, 7, 7, 7, 6, 7, 7, 6, 7, 6, 6, 6, 6, 6, 6, 6, 7, 7, 7, 6, 7, 7, 7, 7, 7, 6, 7, 7, 7, 6, 7, 6, 6, 6, 6, 7, 7, 6, 6, 7, 7, 6, 7, 7, 6, 6, 7, 6, 6, 6, 6, 6, 6, 7, 6, 7, 6, 6, 7, 6, 6, 6, 7, 6, 6, 7, 7, 7, 6, 6, 6, 7, 6, 7, 7, 7, 7, 7, 7, 7, 6, 7, 6, 6, 6, 6, 6, 7, 7, 6, 6, 7, 6, 7, 7, 6, 7, 6, 7, 6, 6, 6, 7, 6, 6, 7, 7, 7, 7, 6, 7, 7, 7, 6, 6, 7, 7, 7, 7, 6, 7, 6, 7, 6, 6, 6, 6, 7, 7, 6, 7, 6, 7, 7, 7, 6, 6, 6, 6, 6, 7, 6, 7, 6, 7, 6, 7, 6, 7, 6, 6, 7, 6, 6, 7, 6, 7, 6, 6, 6, 6, 7, 7, 7, 7, 7, 6, 7, 7, 7, 7, 7, 7, 7, 6, 7, 7, 7, 6, 6, 7, 6, 6, 6, 6, 6, 6, 7, 7, 6, 7, 6, 6, 6, 6, 7, 7, 7, 7, 6, 7, 7, 6, 6, 7, 7, 6, 6, 6, 6, 7, 7, 7, 6, 6, 7, 6, 6, 6, 6, 7, 7, 7, 6, 7, 6, 7, 7, 6, 7, 6, 7, 7, 7, 6, 6, 6, 6, 6, 6, 7, 6, 7, 6, 6, 7, 6, 7, 6, 7, 6, 7, 7, 7, 6, 6, 6, 7, 7, 6, 7, 7, 6, 6, 6, 6, 6, 6, 6, 7, 6, 7, 6, 7, 6, 7, 7, 7, 6, 6, 6, 6, 6, 6, 7, 6, 7, 7, 7, 7, 6, 7, 6, 6, 7, 7, 6, 7, 7, 7, 7, 6, 6, 7, 7, 7, 6, 6, 6, 6, 7, 6, 7, 6, 6, 6, 7, 6, 7, 7, 6, 6, 7, 6, 7, 7, 7, 7, 7, 7, 7, 6, 6, 7, 7, 7, 6, 6, 7, 7, 7, 6, 7, 6, 6, 6, 7, 7, 7, 6, 7, 7, 6, 7, 7, 7, 7, 6, 6, 7, 7, 7, 7, 6, 7, 7, 6, 7, 6, 6, 6, 7, 7, 6, 6, 7, 6, 7, 7, 7, 6, 6, 7, 6, 6, 7, 7, 6, 7, 7, 6, 6, 7, 6, 7, 7, 6, 6, 7, 6, 7, 6, 6, 7, 6, 7, 6, 6, 7, 6, 7, 6, 7, 6, 7, 7, 7, 7, 7, 6, 6, 6, 6, 7, 6, 7, 7, 6, 7, 7, 6, 7, 6, 7, 7, 7, 6, 7, 6, 7, 7, 6, 6, 6, 7, 7, 7, 6, 7, 7, 6, 7, 7, 6, 6, 6, 6, 7, 7, 7, 6, 6, 7, 6, 6, 6, 7, 7, 6, 7, 6, 6, 7, 6, 7, 7, 6, 6, 7, 7, 7, 7, 6, 7, 7, 7, 6, 7, 7, 7, 6, 6, 6, 6, 6, 7, 6, 7, 7, 7, 6, 7, 6, 6, 7, 6, 7, 6, 6, 6, 6, 7, 7, 6, 6, 6, 6, 7, 6, 6, 7, 6, 7, 7, 7, 7, 6, 7, 6]

################################################################
################################################################
################### process_jail_list: ######################

[6, 6, 6, 6, 6, 6, 6, 6, 6, 6, 5, 6, 6, 5, 7, 6, 6, 6, 6, 6, 6, 5, 6, 6, 7, 6, 7, 6, 6, 6, 6, 6, 6, 6, 6, 6, 6, 6, 6, 6, 5, 6, 6, 5, 6, 6, 6, 6, 6, 6, 6, 6, 6, 6, 5, 6, 6, 6, 6, 6, 6, 6, 6, 6, 6, 6, 6, 6, 6, 6, 6, 6, 5, 5, 6, 6, 6, 6, 5, 6, 6, 6, 5, 6, 6, 6, 6, 6, 6, 6, 6, 6, 6, 5, 5, 5, 6, 6, 6, 6, 6, 6, 6, 6, 6, 5, 6, 6, 6, 6, 6, 6, 6, 6, 5, 6, 6, 6, 6, 6, 6, 6, 6, 6, 6, 6, 6, 5, 6, 6, 6, 6, 6, 6, 6, 6, 5, 5, 6, 6, 6, 5, 6, 6, 6, 6, 6, 6, 5, 6, 6, 6, 6, 5, 6, 6, 6, 6, 6, 6, 6, 6, 6, 6, 6, 6, 6, 6, 6, 5, 6, 6, 6, 6, 5, 6, 6, 6, 6, 6, 6, 6, 6, 6, 6, 6, 6, 6, 6, 6, 6, 5, 6, 6, 6, 6, 6, 5, 6, 5, 6, 6, 6, 6, 6, 5, 6, 6, 6, 6, 6, 6, 6, 5, 6, 6, 6, 6, 6, 6, 6, 5, 6, 6, 6, 6, 6, 6, 6, 6, 6, 6, 6, 6, 6, 6, 6, 6, 6, 6, 6, 6, 6, 6, 6, 6, 6, 6, 6, 6, 6, 6, 6, 5, 6, 5, 5, 6, 6, 6, 6, 6, 6, 6, 6, 6, 6, 6, 6, 6, 5, 6, 6, 6, 6, 6, 6, 6, 6, 6, 6, 6, 6, 6, 6, 6, 6, 6, 5, 5, 6, 5, 6, 6, 6, 5, 6, 6, 5, 6, 6, 6, 5, 6, 6, 6, 6, 6, 6, 6, 5, 6, 6, 6, 6, 6, 6, 6, 6, 6, 6, 6, 6, 6, 6, 5, 6, 5, 6, 6, 5, 5, 6, 5, 6, 6, 6, 6, 6, 6, 6, 6, 5, 6, 6, 6, 6, 6, 6, 6, 5, 6, 6, 6, 6, 6, 6, 6, 6, 6, 6, 6, 6, 6, 6, 6, 6, 6, 6, 6, 5, 6, 6, 6, 6, 6, 6, 6, 5, 6, 6, 6, 6, 6, 6, 6, 6, 6, 6, 6, 6, 5, 6, 5, 5, 6, 6, 6, 6, 5, 5, 6, 6, 6, 6, 6, 6, 6, 6, 6, 6, 6, 6, 6, 6, 6, 6, 6, 6, 6, 6, 6, 6, 6, 6, 6, 5, 6, 6, 6, 6, 6, 6, 6, 5, 6, 6, 6, 6, 6, 6, 6, 6, 6, 6, 6, 6, 6, 6, 6, 6, 6, 6, 6, 6, 5, 6, 6, 6, 6, 6, 6, 6, 6, 6, 6, 6, 6, 6, 6, 6, 5, 6, 6, 6, 6, 6, 6, 6, 5, 6, 6, 5, 6, 6, 6, 6, 5, 6, 6, 6, 6, 6, 6, 6, 6, 5, 6, 6, 6, 6, 6, 6, 6, 6, 5, 5, 6, 5, 6, 6, 6, 6, 6, 6, 5, 6, 6, 6, 5, 6, 6, 6, 5, 6, 6, 6, 6, 6, 6, 6, 6, 6, 6, 5, 6, 6, 6, 6, 6, 6, 6, 6, 6, 6, 6, 6, 6, 5, 5, 6, 6, 6, 6, 6, 6, 6, 6, 6, 6, 6, 6, 6, 6, 6, 6, 6, 6, 6, 6, 6, 6, 5, 5, 6, 6, 6, 6, 5, 6, 6, 6, 5, 6, 6, 6, 6, 6, 6, 6, 6, 6, 6, 6, 6, 6, 6, 6, 6, 6, 6, 6, 6, 6, 6, 6, 6, 6, 6, 6, 6, 6, 6, 6, 5, 5, 6, 6, 6, 6, 6, 6, 6, 6, 5, 6, 6, 6, 6, 6, 6, 6, 6, 6, 6, 6, 6, 6, 5, 6, 6, 6, 6, 5, 6, 6, 6, 6, 6, 6, 6, 6, 6, 6, 6, 6, 6, 6, 6, 6, 5, 5, 5, 6, 6, 6, 6, 6, 6, 6, 6, 6, 6, 6, 6, 6, 6, 6, 6, 6, 6, 6, 6, 6, 6, 6, 6, 6, 6, 6, 6, 6, 6, 6, 6, 6, 6, 5, 6, 6, 6, 6, 5, 6, 6, 6, 5, 6, 6, 6, 6, 6, 6, 6, 5, 6, 6, 5, 6, 6, 6, 6, 6, 5, 6, 6, 6, 6, 6, 6, 6, 6, 6, 6, 5, 6, 6, 6, 6, 6, 6, 5, 6, 5, 6, 6, 5, 6, 6, 6, 6, 6, 6, 6, 6, 6, 6, 5, 6, 6, 6, 6, 6, 6, 6, 6, 6, 6, 6, 6]

################################################################
