Numero total de amostras 770

Tempo total de processamento: 0:16:59

############## TEMPOS DE PROCESSAMENTO DO EXERCICIO NO JAIL  ####################
Soma 4574 segundos
Media 5.94025974025974 segundos
Desvio padr達o 0.393538638265323 segundos
Minimo 5 segundos
Maximo 7 segundos

95% 5.0 segundos
99% 5.0 segundos

############## TEMPOS DE PROCESSAMENTO DO EXERCICIO NO JAIL COM DOWNLOAD  ################
Soma 5054 segundos
Media 6.5636363636363635 segundos
Desvio padr達o 0.5164587437563248 segundos
Minimo 6 segundos
Maximo 8 segundos

95% 6.0 segundos
99% 6.0 segundos

################### TEMPOS DE DOWNLOAD DO EXERCICIO NO JAIL #######################
Soma 480 segundos
Media 0.6233766233766234 segundos
Desvio padr達o 0.48721208051687864 segundos
Minimo 0 segundos
Maximo 2 segundos

95% 0.0 segundos
99% 0.0 segundos

############################ TEMPOS DE ESPERA NA FILA ############################
Soma 140811
Media 182.87142857142857 segundos
Desvio padr達o 101.13596526156141 segundos
Minimo 0 segundos
Maximo 356 segundos

95% 8.0 segundos
99% 8.0 segundos

################### queue_wait_time_list: ######################

[8, 17, 8, 1, 0, 10, 13, 6, 6, 10, 13, 13, 7, 10, 8, 7, 13, 12, 14, 14, 147, 11, 10, 17, 19, 16, 21, 15, 19, 15, 22, 20, 20, 18, 24, 23, 26, 26, 26, 23, 29, 28, 25, 32, 31, 28, 28, 18, 22, 22, 23, 25, 28, 31, 40, 30, 32, 33, 34, 36, 31, 37, 39, 40, 33, 33, 43, 36, 35, 45, 37, 39, 37, 44, 41, 41, 46, 42, 48, 52, 51, 44, 49, 47, 45, 48, 50, 48, 55, 52, 52, 50, 53, 54, 102, 55, 54, 55, 58, 57, 108, 176, 138, 137, 150, 183, 142, 140, 177, 147, 157, 152, 183, 154, 180, 165, 184, 185, 186, 188, 200, 192, 202, 206, 215, 219, 225, 232, 236, 243, 245, 250, 256, 259, 263, 273, 277, 281, 284, 287, 290, 35, 36, 42, 108, 57, 56, 115, 58, 59, 58, 58, 58, 61, 61, 62, 153, 140, 162, 142, 157, 148, 151, 153, 165, 179, 176, 181, 184, 196, 200, 206, 211, 212, 220, 222, 230, 231, 236, 243, 247, 249, 257, 261, 263, 270, 277, 281, 38, 40, 144, 41, 44, 45, 48, 50, 52, 54, 65, 69, 65, 63, 68, 65, 69, 64, 64, 70, 67, 72, 71, 72, 68, 75, 76, 79, 71, 71, 76, 74, 75, 74, 78, 75, 78, 80, 78, 75, 76, 82, 82, 78, 82, 82, 80, 91, 89, 93, 93, 100, 83, 83, 83, 87, 87, 87, 88, 86, 156, 91, 90, 151, 90, 164, 140, 152, 144, 165, 151, 162, 178, 181, 189, 191, 197, 204, 206, 214, 217, 219, 225, 229, 232, 241, 242, 247, 255, 257, 263, 268, 271, 277, 61, 60, 157, 100, 101, 141, 100, 100, 93, 99, 91, 103, 91, 104, 104, 95, 95, 96, 96, 95, 145, 151, 151, 150, 163, 164, 170, 187, 191, 193, 200, 204, 211, 213, 217, 223, 226, 230, 236, 240, 243, 251, 254, 262, 265, 269, 274, 67, 67, 67, 69, 74, 74, 77, 76, 104, 77, 102, 82, 115, 99, 107, 107, 109, 103, 108, 110, 111, 112, 113, 116, 110, 114, 122, 112, 111, 117, 117, 114, 119, 119, 116, 115, 119, 116, 123, 118, 119, 126, 126, 120, 125, 123, 100, 120, 170, 144, 183, 128, 128, 127, 140, 155, 175, 145, 150, 164, 155, 163, 182, 190, 191, 194, 202, 194, 205, 208, 214, 217, 221, 227, 230, 234, 240, 245, 251, 254, 259, 265, 268, 272, 277, 280, 285, 283, 287, 289, 291, 290, 292, 78, 79, 167, 85, 116, 117, 118, 123, 123, 125, 141, 144, 146, 149, 155, 155, 172, 154, 164, 187, 179, 185, 189, 190, 193, 203, 205, 211, 215, 217, 223, 227, 231, 239, 240, 244, 252, 256, 262, 265, 270, 275, 279, 282, 285, 284, 290, 75, 131, 82, 110, 112, 131, 125, 141, 157, 130, 131, 143, 128, 128, 133, 132, 134, 148, 134, 134, 155, 138, 150, 145, 154, 169, 178, 172, 181, 188, 195, 199, 202, 208, 215, 221, 225, 228, 234, 238, 241, 248, 251, 255, 263, 266, 272, 79, 143, 150, 133, 147, 135, 165, 153, 136, 136, 136, 136, 138, 139, 154, 157, 158, 180, 168, 180, 172, 184, 186, 189, 193, 202, 206, 212, 215, 219, 226, 228, 235, 238, 242, 249, 252, 257, 263, 266, 269, 276, 278, 284, 288, 287, 284, 195, 196, 198, 197, 198, 199, 200, 203, 205, 293, 297, 292, 294, 297, 295, 296, 299, 293, 298, 299, 302, 297, 300, 301, 303, 301, 303, 305, 303, 304, 306, 308, 304, 305, 308, 309, 311, 309, 311, 307, 311, 313, 312, 309, 315, 314, 315, 207, 209, 315, 317, 316, 208, 208, 211, 211, 216, 218, 220, 221, 222, 223, 319, 316, 320, 317, 318, 320, 324, 326, 321, 321, 329, 324, 324, 333, 323, 325, 326, 328, 341, 331, 332, 329, 327, 330, 334, 330, 337, 335, 336, 332, 341, 338, 338, 335, 337, 340, 223, 226, 347, 339, 342, 343, 342, 343, 342, 345, 345, 345, 345, 344, 347, 228, 351, 352, 351, 351, 353, 347, 353, 347, 347, 353, 349, 349, 350, 347, 349, 351, 232, 232, 234, 234, 237, 236, 237, 238, 244, 244, 246, 247, 247, 249, 254, 253, 257, 259, 259, 260, 262, 262, 267, 268, 269, 272, 272, 273, 274, 275, 279, 280, 282, 281, 283, 287, 288, 288, 291, 291, 291, 291, 293, 296, 300, 300, 355, 355, 356, 299, 305, 311, 302, 308, 305, 312, 307, 314, 315, 317, 319, 318, 317, 320, 324, 326, 325, 328, 331, 335, 333, 336, 338, 338, 339, 353, 354]

################################################################
################### jail_ex_download_list: ######################

[1, 1, 0, 1, 1, 1, 1, 1, 1, 0, 0, 1, 1, 0, 2, 1, 0, 0, 1, 1, 1, 1, 1, 1, 0, 0, 0, 0, 0, 0, 0, 1, 1, 0, 0, 1, 0, 1, 1, 1, 1, 0, 1, 1, 0, 0, 1, 1, 0, 1, 1, 1, 1, 1, 0, 0, 1, 1, 1, 1, 0, 1, 0, 1, 1, 1, 0, 0, 0, 1, 1, 1, 1, 0, 1, 0, 0, 1, 0, 0, 1, 1, 1, 1, 1, 0, 0, 1, 1, 1, 1, 1, 0, 1, 1, 0, 0, 1, 0, 0, 1, 1, 1, 1, 0, 1, 1, 0, 1, 0, 1, 0, 0, 1, 1, 1, 1, 1, 1, 1, 1, 1, 1, 0, 0, 1, 1, 1, 1, 0, 0, 1, 1, 1, 1, 1, 0, 1, 1, 0, 0, 0, 0, 1, 0, 0, 0, 0, 1, 1, 1, 1, 1, 0, 1, 1, 1, 1, 1, 0, 1, 0, 1, 1, 1, 1, 1, 1, 1, 0, 0, 0, 0, 1, 0, 1, 0, 1, 0, 0, 1, 1, 0, 0, 0, 0, 1, 0, 1, 0, 1, 1, 1, 1, 1, 0, 0, 1, 0, 1, 1, 1, 0, 1, 1, 1, 0, 0, 0, 1, 1, 1, 1, 0, 1, 1, 1, 1, 1, 0, 0, 0, 1, 1, 1, 1, 0, 1, 0, 0, 1, 0, 0, 1, 0, 1, 1, 1, 1, 1, 1, 1, 1, 1, 1, 1, 0, 1, 1, 1, 1, 1, 0, 1, 1, 1, 1, 1, 1, 1, 1, 1, 1, 1, 0, 0, 1, 0, 1, 1, 1, 1, 1, 0, 1, 0, 0, 1, 1, 0, 0, 1, 1, 1, 0, 0, 0, 1, 1, 1, 1, 1, 1, 0, 0, 0, 1, 1, 1, 1, 1, 1, 1, 1, 1, 1, 1, 0, 0, 0, 0, 1, 0, 1, 1, 1, 0, 1, 0, 0, 1, 1, 1, 0, 0, 0, 0, 0, 1, 0, 0, 1, 1, 1, 0, 0, 1, 1, 0, 1, 0, 0, 1, 0, 1, 1, 1, 0, 0, 0, 1, 1, 0, 1, 0, 1, 1, 0, 1, 1, 1, 1, 1, 1, 0, 1, 1, 1, 1, 0, 1, 1, 1, 0, 1, 0, 0, 1, 1, 1, 1, 1, 1, 1, 1, 1, 1, 1, 1, 0, 0, 0, 1, 0, 1, 0, 0, 0, 1, 0, 1, 0, 1, 1, 1, 1, 0, 0, 1, 1, 1, 1, 0, 1, 1, 1, 1, 0, 1, 0, 1, 0, 1, 1, 1, 0, 1, 1, 1, 1, 1, 0, 1, 1, 1, 1, 1, 0, 1, 0, 1, 1, 0, 0, 1, 0, 1, 0, 0, 1, 0, 1, 1, 1, 0, 0, 0, 1, 1, 1, 1, 1, 0, 0, 0, 0, 1, 1, 1, 1, 1, 0, 1, 1, 1, 1, 1, 1, 1, 1, 1, 0, 0, 0, 0, 0, 1, 0, 1, 1, 1, 0, 1, 0, 1, 1, 1, 0, 1, 1, 0, 1, 1, 0, 0, 0, 1, 0, 1, 0, 1, 1, 1, 1, 1, 1, 1, 1, 0, 1, 1, 1, 0, 0, 1, 0, 0, 0, 0, 1, 1, 1, 1, 0, 1, 1, 1, 1, 1, 1, 1, 1, 1, 1, 0, 0, 0, 0, 0, 0, 1, 1, 1, 1, 1, 0, 1, 1, 1, 1, 0, 1, 1, 1, 0, 1, 1, 1, 1, 0, 1, 1, 0, 1, 1, 0, 1, 1, 0, 1, 1, 1, 1, 0, 0, 0, 0, 1, 1, 0, 1, 1, 1, 0, 0, 0, 1, 0, 1, 0, 0, 1, 1, 0, 1, 1, 1, 0, 0, 0, 1, 0, 0, 1, 1, 1, 1, 0, 0, 1, 0, 0, 0, 0, 1, 0, 1, 1, 0, 0, 1, 0, 0, 1, 1, 0, 0, 0, 0, 0, 1, 1, 1, 0, 1, 1, 1, 1, 1, 1, 1, 0, 1, 0, 1, 0, 1, 1, 1, 1, 1, 1, 0, 1, 1, 1, 1, 1, 1, 0, 0, 0, 0, 0, 1, 1, 1, 0, 1, 1, 1, 1, 1, 1, 0, 0, 0, 1, 1, 0, 1, 1, 0, 1, 0, 0, 1, 0, 1, 1, 1, 1, 0, 1, 1, 0, 1, 0, 1, 1, 1, 1, 1, 0, 1, 1, 0, 1, 1, 0, 1, 1, 0, 0, 0, 0, 1, 0, 0, 0, 1, 0, 0, 1, 1, 1, 0, 0, 1, 0, 1, 1, 1, 0, 1, 0, 1, 1, 1, 1, 0, 0, 0, 1, 1, 0, 1, 0, 1, 1, 1, 1, 0, 1, 0, 0, 0, 1, 0, 0]

################################################################
################################################################
################### process_jail_download_list: ######################

[7, 7, 6, 7, 7, 7, 7, 6, 7, 7, 6, 7, 7, 7, 8, 7, 6, 6, 7, 7, 7, 7, 7, 7, 7, 7, 6, 6, 7, 7, 6, 7, 7, 7, 7, 7, 6, 7, 7, 7, 7, 7, 7, 7, 6, 7, 7, 7, 6, 7, 7, 7, 7, 7, 6, 6, 7, 7, 6, 7, 6, 7, 6, 7, 7, 7, 6, 6, 6, 7, 7, 6, 7, 6, 7, 6, 6, 7, 6, 6, 6, 6, 7, 7, 7, 6, 6, 7, 7, 7, 7, 7, 6, 7, 7, 6, 6, 7, 6, 6, 7, 7, 7, 7, 6, 7, 7, 6, 7, 6, 7, 7, 6, 7, 6, 7, 7, 7, 7, 7, 7, 7, 7, 6, 6, 7, 7, 6, 7, 6, 6, 7, 7, 7, 6, 7, 6, 7, 6, 6, 6, 6, 6, 7, 6, 6, 6, 6, 7, 7, 7, 7, 7, 6, 7, 7, 7, 6, 7, 6, 7, 6, 7, 7, 7, 6, 6, 7, 6, 7, 6, 6, 6, 7, 6, 7, 6, 7, 6, 6, 6, 7, 6, 6, 6, 6, 7, 6, 7, 6, 7, 7, 7, 7, 7, 7, 6, 6, 7, 7, 7, 7, 6, 6, 7, 7, 7, 6, 6, 7, 7, 6, 7, 6, 6, 7, 7, 7, 7, 6, 6, 6, 7, 7, 8, 7, 6, 8, 6, 6, 7, 7, 6, 7, 6, 7, 7, 7, 7, 7, 6, 7, 6, 7, 7, 7, 7, 7, 7, 7, 7, 7, 6, 7, 7, 7, 7, 7, 7, 7, 7, 6, 7, 7, 6, 6, 6, 6, 7, 7, 7, 7, 7, 6, 7, 6, 6, 7, 7, 6, 6, 7, 8, 8, 6, 7, 7, 6, 7, 7, 7, 7, 7, 6, 6, 6, 7, 7, 7, 7, 7, 7, 6, 7, 7, 7, 7, 6, 6, 6, 6, 7, 6, 7, 7, 7, 6, 6, 6, 6, 6, 7, 7, 7, 6, 6, 6, 6, 7, 6, 6, 7, 7, 7, 6, 6, 6, 7, 7, 7, 6, 6, 7, 6, 7, 7, 7, 6, 6, 6, 7, 7, 6, 7, 6, 7, 7, 6, 7, 7, 6, 6, 6, 7, 6, 6, 7, 7, 7, 6, 6, 7, 6, 6, 7, 6, 6, 7, 7, 6, 8, 8, 8, 7, 7, 7, 7, 7, 6, 6, 6, 6, 7, 6, 7, 6, 6, 6, 7, 6, 7, 6, 7, 6, 7, 7, 6, 6, 7, 7, 7, 7, 6, 7, 7, 6, 6, 6, 7, 6, 7, 6, 7, 7, 7, 6, 7, 6, 7, 7, 7, 6, 7, 7, 7, 7, 7, 6, 7, 6, 7, 6, 6, 6, 7, 6, 7, 6, 6, 7, 6, 6, 6, 6, 6, 6, 6, 7, 7, 6, 6, 7, 6, 6, 6, 6, 7, 7, 7, 7, 7, 6, 7, 7, 7, 7, 7, 7, 7, 7, 6, 7, 7, 6, 6, 6, 7, 7, 7, 7, 6, 6, 6, 6, 7, 7, 7, 6, 7, 7, 6, 6, 7, 6, 6, 6, 7, 6, 6, 6, 7, 7, 7, 7, 7, 7, 7, 6, 6, 7, 7, 7, 6, 7, 7, 6, 6, 6, 6, 6, 7, 7, 7, 6, 6, 7, 7, 6, 7, 6, 6, 6, 6, 7, 6, 6, 6, 6, 6, 6, 7, 7, 7, 6, 6, 6, 7, 7, 7, 7, 6, 7, 7, 7, 6, 6, 7, 7, 7, 6, 6, 6, 6, 7, 7, 6, 7, 6, 6, 6, 7, 6, 7, 6, 6, 6, 6, 6, 7, 6, 6, 6, 7, 6, 7, 6, 7, 6, 7, 6, 6, 7, 6, 6, 7, 7, 7, 6, 6, 6, 7, 6, 6, 7, 7, 7, 7, 6, 6, 7, 6, 6, 6, 6, 7, 6, 7, 7, 7, 6, 7, 6, 6, 7, 7, 6, 6, 6, 6, 6, 6, 7, 7, 6, 7, 7, 7, 7, 6, 7, 7, 6, 6, 6, 7, 6, 7, 7, 7, 7, 7, 7, 6, 6, 7, 7, 7, 7, 7, 6, 6, 6, 6, 7, 7, 6, 7, 6, 7, 7, 7, 7, 7, 6, 6, 6, 6, 7, 7, 6, 7, 7, 6, 7, 6, 6, 7, 6, 6, 7, 7, 7, 6, 7, 7, 6, 7, 6, 6, 6, 7, 7, 6, 6, 7, 7, 6, 7, 6, 6, 7, 7, 6, 7, 6, 6, 7, 6, 6, 6, 6, 6, 6, 7, 7, 7, 6, 6, 7, 6, 7, 6, 6, 6, 7, 6, 7, 7, 7, 7, 6, 6, 7, 7, 7, 6, 7, 6, 7, 7, 7, 7, 6, 7, 7, 6, 6, 7, 6, 6]

################################################################
################################################################
################### process_jail_list: ######################

[6, 6, 6, 6, 6, 6, 6, 5, 6, 7, 6, 6, 6, 7, 6, 6, 6, 6, 6, 6, 6, 6, 6, 6, 7, 7, 6, 6, 7, 7, 6, 6, 6, 7, 7, 6, 6, 6, 6, 6, 6, 7, 6, 6, 6, 7, 6, 6, 6, 6, 6, 6, 6, 6, 6, 6, 6, 6, 5, 6, 6, 6, 6, 6, 6, 6, 6, 6, 6, 6, 6, 5, 6, 6, 6, 6, 6, 6, 6, 6, 5, 5, 6, 6, 6, 6, 6, 6, 6, 6, 6, 6, 6, 6, 6, 6, 6, 6, 6, 6, 6, 6, 6, 6, 6, 6, 6, 6, 6, 6, 6, 7, 6, 6, 5, 6, 6, 6, 6, 6, 6, 6, 6, 6, 6, 6, 6, 5, 6, 6, 6, 6, 6, 6, 5, 6, 6, 6, 5, 6, 6, 6, 6, 6, 6, 6, 6, 6, 6, 6, 6, 6, 6, 6, 6, 6, 6, 5, 6, 6, 6, 6, 6, 6, 6, 5, 5, 6, 5, 7, 6, 6, 6, 6, 6, 6, 6, 6, 6, 6, 5, 6, 6, 6, 6, 6, 6, 6, 6, 6, 6, 6, 6, 6, 6, 7, 6, 5, 7, 6, 6, 6, 6, 5, 6, 6, 7, 6, 6, 6, 6, 5, 6, 6, 5, 6, 6, 6, 6, 6, 6, 6, 6, 6, 7, 6, 6, 7, 6, 6, 6, 7, 6, 6, 6, 6, 6, 6, 6, 6, 5, 6, 5, 6, 6, 6, 7, 6, 6, 6, 6, 6, 6, 6, 6, 6, 6, 6, 6, 6, 6, 5, 6, 6, 6, 6, 5, 6, 6, 6, 6, 6, 6, 6, 6, 6, 6, 6, 6, 6, 6, 6, 7, 7, 6, 7, 7, 5, 6, 6, 6, 6, 6, 6, 6, 6, 6, 6, 6, 6, 6, 6, 5, 6, 6, 6, 6, 6, 6, 6, 6, 6, 6, 6, 6, 6, 6, 5, 6, 6, 5, 6, 6, 7, 6, 6, 6, 6, 6, 6, 6, 6, 6, 6, 6, 6, 5, 6, 7, 6, 6, 6, 6, 6, 6, 6, 6, 6, 6, 6, 6, 6, 6, 6, 6, 6, 6, 6, 6, 6, 5, 5, 5, 6, 6, 5, 6, 6, 6, 6, 5, 6, 5, 6, 6, 6, 6, 6, 6, 5, 7, 7, 7, 6, 6, 6, 6, 6, 5, 6, 6, 6, 6, 6, 6, 6, 6, 6, 6, 6, 6, 6, 6, 5, 6, 6, 6, 6, 6, 6, 6, 6, 6, 6, 6, 5, 5, 6, 6, 6, 6, 6, 6, 6, 6, 6, 6, 5, 6, 6, 6, 6, 6, 6, 6, 6, 6, 6, 6, 6, 6, 5, 6, 6, 6, 6, 6, 6, 6, 6, 6, 5, 5, 5, 6, 6, 6, 6, 6, 5, 5, 6, 6, 6, 6, 6, 6, 6, 6, 6, 6, 6, 6, 6, 6, 6, 6, 6, 6, 6, 5, 7, 7, 6, 6, 6, 6, 7, 6, 6, 5, 6, 5, 6, 6, 6, 6, 6, 6, 6, 6, 5, 6, 6, 6, 6, 6, 6, 5, 6, 6, 6, 6, 6, 6, 6, 6, 5, 6, 6, 6, 6, 6, 7, 6, 6, 6, 6, 6, 5, 6, 6, 6, 6, 5, 6, 6, 5, 6, 5, 5, 5, 5, 6, 6, 6, 6, 6, 6, 6, 6, 6, 6, 5, 5, 6, 6, 6, 6, 6, 6, 6, 6, 6, 6, 5, 6, 6, 6, 6, 5, 5, 6, 6, 6, 6, 6, 5, 6, 5, 6, 5, 6, 6, 6, 6, 6, 5, 6, 6, 5, 5, 6, 6, 7, 6, 6, 6, 6, 6, 6, 6, 5, 6, 6, 6, 6, 6, 6, 6, 6, 6, 6, 6, 6, 6, 6, 6, 6, 6, 6, 6, 6, 6, 6, 6, 6, 6, 7, 6, 6, 6, 6, 6, 6, 6, 6, 6, 6, 6, 5, 6, 6, 6, 6, 6, 6, 6, 5, 6, 6, 6, 5, 6, 6, 6, 6, 6, 6, 6, 6, 6, 6, 5, 6, 6, 6, 6, 6, 6, 6, 6, 6, 7, 6, 5, 6, 6, 6, 6, 6, 6, 6, 5, 6, 6, 6, 6, 6, 6, 6, 6, 6, 6, 6, 6, 6, 6, 5, 6, 6, 6, 6, 6, 6, 6, 6, 6, 5, 5, 6, 6, 5, 6, 6, 6, 6, 6, 5, 6, 6, 6, 6, 7, 6, 6, 6, 6, 6, 6, 5, 6, 6, 6, 6, 6, 6, 6, 6, 6, 6, 5, 5, 6, 6, 6, 6, 6, 6, 6, 6, 6, 7, 6, 6, 6, 6, 6, 6, 6, 6, 6, 6, 6, 7, 6, 6, 6, 6, 6]

################################################################
