Numero total de amostras 770

Tempo total de processamento: 0:22:49

############## TEMPOS DE PROCESSAMENTO DO EXERCICIO NO JAIL  ####################
Soma 4710 segundos
Media 6.116883116883117 segundos
Desvio padr達o 0.40045512983811515 segundos
Minimo 5 segundos
Maximo 7 segundos

95% 5.0 segundos
99% 5.0 segundos

############## TEMPOS DE PROCESSAMENTO DO EXERCICIO NO JAIL COM DOWNLOAD  ################
Soma 5485 segundos
Media 7.123376623376624 segundos
Desvio padr達o 0.7501335126004309 segundos
Minimo 6 segundos
Maximo 13 segundos

95% 6.0 segundos
99% 6.0 segundos

################### TEMPOS DE DOWNLOAD DO EXERCICIO NO JAIL #######################
Soma 775 segundos
Media 1.0064935064935066 segundos
Desvio padr達o 0.6922272846357603 segundos
Minimo 0 segundos
Maximo 7 segundos

95% 0.0 segundos
99% 0.0 segundos

############################ TEMPOS DE ESPERA NA FILA ############################
Soma 290618
Media 377.425974025974 segundos
Desvio padr達o 203.9492879434069 segundos
Minimo 1 segundos
Maximo 714 segundos

95% 12.9165 segundos
99% 13.839299999999998 segundos

################### queue_wait_time_list: ######################

[9, 24, 21, 433, 5, 6, 24, 4, 1, 16, 9, 12, 8, 21, 15, 30, 15, 15, 21, 22, 28, 33, 35, 25, 35, 35, 30, 39, 38, 36, 45, 42, 48, 43, 47, 46, 52, 49, 62, 53, 55, 57, 58, 59, 60, 68, 66, 61, 435, 24, 29, 36, 38, 40, 44, 48, 71, 76, 80, 75, 71, 75, 83, 80, 86, 80, 83, 83, 91, 86, 89, 90, 90, 90, 91, 94, 94, 98, 103, 107, 101, 109, 99, 104, 109, 108, 113, 111, 112, 118, 114, 116, 121, 115, 123, 118, 440, 444, 612, 123, 125, 636, 639, 642, 51, 57, 63, 76, 65, 68, 72, 73, 132, 130, 128, 134, 132, 135, 136, 142, 145, 147, 138, 139, 148, 151, 143, 147, 150, 152, 154, 155, 157, 161, 158, 160, 166, 162, 164, 166, 165, 170, 168, 170, 175, 172, 173, 174, 178, 179, 232, 80, 448, 83, 88, 92, 96, 96, 102, 105, 182, 188, 184, 186, 185, 191, 190, 194, 191, 192, 193, 198, 197, 202, 197, 200, 201, 202, 204, 204, 205, 207, 208, 211, 216, 212, 215, 220, 212, 218, 222, 215, 226, 225, 225, 229, 227, 227, 229, 448, 454, 483, 488, 232, 617, 233, 234, 621, 623, 236, 238, 237, 238, 628, 641, 649, 653, 657, 109, 112, 453, 459, 462, 467, 239, 488, 242, 496, 242, 621, 625, 243, 243, 245, 245, 245, 628, 653, 659, 662, 666, 461, 115, 119, 124, 128, 129, 137, 141, 248, 250, 251, 252, 254, 261, 256, 258, 261, 266, 263, 269, 266, 266, 269, 273, 277, 273, 270, 281, 278, 284, 284, 282, 278, 288, 287, 291, 288, 291, 295, 299, 294, 305, 292, 295, 297, 301, 303, 304, 468, 630, 671, 308, 308, 308, 308, 311, 141, 498, 502, 532, 538, 313, 544, 312, 547, 312, 675, 313, 679, 315, 316, 704, 316, 710, 317, 321, 322, 713, 146, 497, 153, 155, 156, 160, 163, 166, 170, 327, 327, 330, 331, 335, 337, 328, 344, 340, 331, 338, 342, 347, 358, 346, 341, 351, 350, 345, 351, 360, 350, 355, 361, 363, 355, 366, 362, 358, 370, 368, 363, 370, 369, 369, 375, 372, 369, 378, 505, 179, 177, 178, 180, 182, 186, 190, 193, 379, 382, 384, 384, 384, 384, 386, 387, 387, 388, 391, 391, 394, 398, 394, 395, 395, 399, 400, 402, 403, 406, 405, 405, 411, 408, 409, 414, 412, 418, 414, 416, 419, 417, 419, 420, 419, 422, 422, 507, 511, 551, 679, 683, 713, 424, 425, 426, 426, 198, 434, 435, 435, 203, 206, 210, 211, 215, 220, 220, 429, 432, 436, 432, 436, 437, 440, 444, 442, 442, 447, 445, 445, 446, 449, 449, 448, 450, 451, 452, 456, 456, 456, 457, 458, 456, 458, 461, 462, 468, 465, 466, 469, 471, 469, 472, 473, 474, 475, 476, 477, 478, 479, 480, 518, 521, 524, 680, 697, 700, 704, 225, 479, 478, 478, 481, 482, 483, 523, 529, 533, 534, 539, 684, 689, 692, 229, 246, 250, 485, 256, 486, 490, 494, 490, 491, 493, 495, 496, 497, 499, 503, 501, 501, 506, 504, 506, 509, 508, 512, 509, 511, 515, 512, 513, 513, 515, 518, 519, 519, 522, 523, 525, 527, 526, 526, 528, 529, 531, 531, 535, 535, 536, 255, 259, 264, 272, 274, 276, 280, 537, 537, 540, 542, 541, 541, 541, 543, 545, 546, 546, 548, 551, 552, 556, 555, 554, 555, 558, 559, 560, 562, 566, 563, 565, 570, 566, 568, 572, 570, 574, 573, 573, 577, 575, 575, 577, 578, 582, 583, 283, 288, 291, 294, 297, 304, 584, 587, 586, 586, 591, 588, 588, 592, 592, 591, 595, 593, 598, 593, 595, 601, 598, 600, 600, 603, 603, 604, 605, 608, 609, 612, 616, 613, 613, 614, 617, 619, 619, 622, 626, 622, 624, 629, 626, 626, 628, 321, 323, 327, 332, 332, 630, 630, 633, 630, 631, 631, 633, 636, 638, 637, 640, 641, 642, 648, 644, 644, 647, 649, 650, 651, 655, 659, 656, 657, 662, 658, 660, 663, 662, 668, 664, 665, 670, 669, 668, 669, 671, 671, 673, 674, 676, 678, 336, 343, 346, 356, 354, 358, 366, 368, 370, 372, 379, 375, 377, 382, 386, 680, 393, 684, 402, 687, 685, 687, 689, 688, 693, 690, 690, 697, 693, 694, 695, 696, 699, 700, 700, 702, 703, 704, 709, 706, 707, 707, 710, 710, 711, 713, 714, 389, 393, 429, 553, 603, 608, 400, 403, 406, 558, 561, 565, 610, 408, 412, 416, 421, 428, 561, 568, 571, 574, 580, 584, 587, 589, 421, 428, 580, 583, 591, 594, 595]

################################################################
################### jail_ex_download_list: ######################

[3, 2, 2, 1, 6, 5, 1, 6, 7, 1, 3, 3, 4, 2, 2, 1, 3, 2, 0, 1, 1, 1, 2, 2, 1, 1, 2, 1, 1, 1, 1, 1, 0, 2, 1, 1, 1, 1, 2, 2, 1, 1, 1, 1, 2, 1, 2, 2, 1, 1, 1, 2, 1, 0, 2, 1, 1, 1, 1, 1, 1, 2, 1, 1, 1, 1, 1, 2, 1, 2, 0, 1, 1, 2, 2, 1, 1, 1, 2, 1, 0, 0, 1, 1, 0, 2, 1, 1, 1, 2, 2, 0, 1, 1, 1, 2, 0, 0, 0, 2, 2, 1, 0, 1, 1, 0, 1, 1, 2, 1, 1, 0, 1, 1, 1, 1, 1, 0, 1, 2, 1, 1, 1, 1, 2, 2, 2, 1, 1, 1, 1, 1, 1, 2, 1, 0, 1, 1, 1, 1, 2, 1, 1, 1, 1, 1, 1, 1, 1, 1, 1, 2, 0, 1, 1, 1, 1, 1, 1, 1, 1, 1, 1, 1, 1, 1, 1, 1, 1, 1, 1, 1, 0, 1, 1, 1, 1, 2, 1, 1, 1, 1, 1, 1, 1, 1, 1, 1, 1, 1, 2, 2, 2, 1, 2, 1, 0, 1, 1, 1, 1, 1, 1, 3, 1, 2, 1, 1, 1, 1, 2, 2, 2, 1, 1, 1, 1, 1, 1, 1, 1, 0, 1, 1, 1, 0, 1, 1, 1, 0, 1, 1, 1, 1, 2, 1, 1, 1, 1, 1, 1, 1, 2, 2, 1, 1, 2, 0, 1, 2, 1, 1, 1, 2, 0, 1, 1, 1, 1, 1, 1, 1, 1, 1, 1, 1, 2, 1, 1, 1, 1, 1, 2, 1, 1, 1, 1, 1, 1, 1, 1, 2, 1, 1, 2, 2, 1, 2, 1, 0, 0, 0, 1, 3, 2, 2, 1, 1, 1, 1, 1, 1, 1, 1, 2, 1, 2, 1, 1, 1, 2, 2, 1, 2, 1, 2, 2, 2, 1, 0, 1, 1, 2, 1, 1, 1, 1, 0, 1, 3, 1, 1, 1, 1, 2, 1, 2, 1, 1, 2, 1, 2, 2, 2, 2, 2, 2, 2, 1, 2, 2, 1, 1, 2, 1, 1, 1, 1, 1, 2, 0, 1, 1, 1, 1, 1, 0, 1, 1, 1, 1, 1, 1, 1, 2, 1, 1, 0, 1, 1, 1, 1, 0, 1, 1, 1, 1, 1, 0, 0, 1, 1, 1, 1, 1, 0, 1, 1, 1, 1, 0, 1, 1, 1, 0, 0, 1, 0, 1, 1, 1, 0, 0, 1, 0, 0, 1, 1, 1, 1, 0, 1, 1, 1, 1, 1, 1, 1, 0, 1, 1, 0, 1, 2, 2, 2, 1, 0, 1, 1, 0, 1, 0, 0, 1, 1, 1, 1, 1, 1, 0, 1, 1, 1, 0, 1, 0, 1, 0, 0, 0, 1, 1, 1, 1, 1, 0, 1, 1, 0, 1, 0, 0, 0, 1, 1, 1, 1, 0, 1, 0, 0, 1, 1, 0, 1, 1, 2, 1, 1, 1, 0, 1, 1, 1, 1, 1, 1, 1, 1, 0, 1, 1, 1, 1, 0, 1, 0, 1, 1, 1, 1, 0, 1, 1, 1, 0, 1, 1, 1, 1, 1, 1, 0, 0, 1, 1, 1, 1, 0, 1, 1, 1, 1, 1, 1, 0, 1, 0, 1, 0, 1, 1, 1, 1, 1, 0, 1, 1, 1, 2, 1, 1, 2, 1, 1, 0, 1, 0, 1, 0, 1, 1, 1, 1, 1, 1, 1, 1, 1, 1, 0, 0, 1, 1, 1, 0, 1, 1, 0, 0, 1, 1, 0, 0, 1, 1, 0, 1, 1, 0, 0, 1, 1, 0, 1, 2, 0, 1, 1, 1, 2, 1, 1, 1, 1, 0, 1, 0, 1, 1, 1, 0, 0, 0, 1, 1, 1, 1, 1, 1, 0, 1, 1, 1, 1, 1, 0, 0, 1, 1, 1, 0, 1, 1, 1, 1, 1, 1, 0, 1, 1, 0, 2, 2, 2, 1, 2, 1, 1, 1, 1, 1, 1, 1, 1, 1, 1, 0, 0, 1, 1, 1, 1, 1, 1, 1, 1, 0, 1, 0, 0, 1, 1, 1, 0, 1, 0, 1, 1, 1, 1, 1, 1, 0, 1, 1, 1, 1, 1, 2, 1, 1, 1, 2, 2, 1, 1, 1, 2, 1, 1, 0, 0, 0, 1, 1, 1, 0, 1, 1, 1, 1, 0, 1, 1, 1, 1, 0, 0, 1, 1, 0, 0, 1, 1, 1, 1, 0, 1, 0, 0, 1, 1, 1, 1, 1, 0, 1, 1, 1, 1, 0, 1, 1, 1, 1, 1, 1, 1, 1, 1, 0, 1, 1, 1, 1, 1, 1, 1, 1, 0, 1, 1, 1, 0, 1, 1, 0, 1]

################################################################
################################################################
################### process_jail_download_list: ######################

[10, 9, 8, 7, 12, 12, 7, 12, 13, 8, 9, 9, 10, 8, 8, 7, 9, 8, 7, 7, 7, 7, 8, 8, 7, 7, 8, 7, 7, 8, 8, 7, 6, 8, 7, 7, 7, 7, 8, 8, 7, 7, 7, 7, 8, 7, 8, 8, 7, 8, 7, 8, 7, 6, 8, 7, 7, 7, 7, 8, 7, 8, 7, 7, 7, 7, 7, 9, 7, 8, 6, 7, 7, 8, 8, 7, 7, 7, 9, 7, 7, 6, 8, 7, 7, 8, 7, 7, 7, 9, 8, 7, 8, 7, 8, 8, 7, 6, 6, 9, 8, 7, 6, 7, 8, 6, 7, 7, 8, 8, 8, 7, 7, 8, 7, 7, 8, 7, 8, 8, 7, 7, 7, 7, 8, 8, 8, 8, 8, 7, 7, 7, 7, 8, 7, 7, 7, 7, 7, 8, 8, 7, 7, 8, 8, 8, 7, 7, 7, 7, 8, 8, 6, 7, 7, 7, 8, 7, 8, 7, 7, 8, 7, 7, 7, 7, 7, 6, 8, 8, 7, 7, 6, 7, 7, 7, 7, 8, 7, 7, 7, 7, 7, 7, 8, 7, 7, 8, 7, 7, 8, 8, 8, 7, 8, 7, 6, 7, 8, 7, 7, 7, 7, 9, 7, 8, 7, 6, 7, 7, 8, 8, 8, 6, 6, 7, 7, 7, 7, 8, 7, 6, 7, 7, 7, 6, 7, 6, 7, 6, 7, 8, 8, 7, 8, 7, 6, 7, 7, 7, 6, 7, 8, 8, 8, 7, 9, 7, 8, 7, 7, 7, 7, 8, 7, 8, 7, 8, 7, 7, 7, 7, 8, 7, 8, 7, 9, 8, 7, 7, 8, 7, 8, 7, 7, 8, 8, 8, 7, 7, 8, 8, 7, 7, 8, 8, 7, 8, 7, 7, 6, 6, 7, 9, 8, 8, 7, 7, 7, 7, 7, 7, 7, 7, 8, 7, 8, 7, 7, 7, 8, 8, 7, 8, 7, 8, 8, 8, 7, 7, 7, 7, 8, 7, 7, 7, 8, 7, 7, 9, 7, 8, 7, 8, 8, 7, 8, 7, 8, 8, 7, 8, 8, 8, 8, 8, 8, 8, 7, 8, 8, 7, 7, 8, 7, 7, 7, 6, 7, 8, 6, 7, 7, 7, 7, 6, 7, 7, 7, 8, 7, 8, 7, 7, 8, 7, 7, 6, 7, 7, 7, 7, 6, 7, 7, 7, 7, 7, 7, 7, 7, 7, 7, 7, 7, 6, 6, 8, 7, 7, 6, 7, 7, 7, 7, 6, 7, 6, 7, 7, 7, 6, 7, 7, 6, 6, 7, 7, 7, 7, 6, 7, 7, 7, 7, 7, 7, 7, 6, 7, 7, 6, 7, 8, 8, 8, 7, 7, 7, 7, 6, 7, 7, 6, 7, 7, 7, 7, 7, 7, 6, 7, 7, 7, 7, 7, 6, 7, 6, 7, 6, 7, 7, 7, 7, 7, 7, 7, 7, 7, 7, 6, 6, 6, 7, 7, 7, 7, 6, 7, 7, 6, 7, 7, 6, 7, 7, 8, 7, 7, 7, 7, 7, 7, 6, 7, 7, 7, 7, 8, 6, 7, 7, 7, 8, 6, 8, 6, 7, 6, 7, 7, 6, 6, 7, 7, 6, 7, 7, 7, 7, 7, 7, 6, 6, 7, 7, 7, 7, 6, 7, 7, 7, 7, 7, 7, 7, 7, 6, 7, 6, 7, 7, 7, 7, 7, 7, 7, 7, 7, 8, 8, 7, 8, 8, 7, 7, 7, 6, 7, 6, 6, 7, 7, 6, 7, 7, 7, 7, 7, 7, 6, 6, 7, 7, 7, 7, 7, 7, 6, 6, 7, 7, 7, 6, 7, 7, 6, 7, 7, 6, 7, 6, 7, 6, 7, 9, 7, 7, 7, 7, 8, 7, 7, 6, 7, 6, 7, 6, 7, 7, 7, 7, 6, 6, 7, 7, 7, 7, 7, 7, 6, 7, 7, 7, 7, 7, 7, 6, 7, 7, 7, 7, 7, 7, 7, 7, 7, 7, 6, 7, 7, 7, 8, 8, 9, 7, 8, 7, 7, 7, 7, 7, 7, 7, 7, 7, 7, 6, 6, 7, 7, 7, 7, 7, 7, 7, 7, 6, 7, 6, 6, 7, 7, 7, 7, 7, 6, 7, 7, 7, 7, 7, 7, 6, 7, 7, 7, 7, 6, 8, 7, 8, 8, 8, 8, 7, 7, 7, 8, 7, 7, 7, 6, 7, 7, 7, 7, 6, 7, 7, 7, 6, 6, 7, 7, 7, 7, 6, 7, 7, 7, 6, 6, 7, 7, 7, 7, 6, 7, 6, 6, 7, 7, 7, 7, 7, 6, 7, 7, 6, 7, 7, 7, 6, 7, 7, 7, 7, 7, 7, 7, 7, 7, 7, 7, 7, 7, 7, 7, 7, 6, 7, 7, 7, 6, 7, 7, 6, 7]

################################################################
################################################################
################### process_jail_list: ######################

[7, 7, 6, 6, 6, 7, 6, 6, 6, 7, 6, 6, 6, 6, 6, 6, 6, 6, 7, 6, 6, 6, 6, 6, 6, 6, 6, 6, 6, 7, 7, 6, 6, 6, 6, 6, 6, 6, 6, 6, 6, 6, 6, 6, 6, 6, 6, 6, 6, 7, 6, 6, 6, 6, 6, 6, 6, 6, 6, 7, 6, 6, 6, 6, 6, 6, 6, 7, 6, 6, 6, 6, 6, 6, 6, 6, 6, 6, 7, 6, 7, 6, 7, 6, 7, 6, 6, 6, 6, 7, 6, 7, 7, 6, 7, 6, 7, 6, 6, 7, 6, 6, 6, 6, 7, 6, 6, 6, 6, 7, 7, 7, 6, 7, 6, 6, 7, 7, 7, 6, 6, 6, 6, 6, 6, 6, 6, 7, 7, 6, 6, 6, 6, 6, 6, 7, 6, 6, 6, 7, 6, 6, 6, 7, 7, 7, 6, 6, 6, 6, 7, 6, 6, 6, 6, 6, 7, 6, 7, 6, 6, 7, 6, 6, 6, 6, 6, 5, 7, 7, 6, 6, 6, 6, 6, 6, 6, 6, 6, 6, 6, 6, 6, 6, 7, 6, 6, 7, 6, 6, 6, 6, 6, 6, 6, 6, 6, 6, 7, 6, 6, 6, 6, 6, 6, 6, 6, 5, 6, 6, 6, 6, 6, 5, 5, 6, 6, 6, 6, 7, 6, 6, 6, 6, 6, 6, 6, 5, 6, 6, 6, 7, 7, 6, 6, 6, 5, 6, 6, 6, 5, 6, 6, 6, 7, 6, 7, 7, 7, 5, 6, 6, 6, 6, 7, 7, 6, 7, 6, 6, 6, 6, 7, 6, 7, 6, 7, 7, 6, 6, 7, 6, 6, 6, 6, 7, 7, 7, 6, 6, 7, 6, 6, 6, 6, 6, 6, 6, 6, 7, 6, 6, 6, 6, 6, 6, 6, 6, 6, 6, 6, 6, 6, 6, 6, 6, 6, 6, 6, 6, 6, 6, 6, 6, 6, 6, 6, 6, 6, 7, 6, 6, 6, 6, 6, 6, 7, 7, 6, 6, 6, 7, 6, 7, 6, 6, 6, 6, 7, 6, 6, 6, 6, 6, 6, 6, 6, 6, 6, 6, 6, 6, 6, 6, 6, 6, 6, 5, 6, 6, 6, 6, 6, 6, 6, 5, 7, 6, 6, 7, 6, 7, 6, 6, 6, 6, 6, 6, 6, 6, 6, 6, 6, 6, 6, 6, 6, 6, 7, 7, 6, 6, 6, 6, 6, 6, 5, 7, 6, 6, 6, 6, 6, 6, 7, 6, 6, 6, 6, 6, 6, 6, 7, 6, 6, 6, 6, 6, 6, 6, 6, 6, 6, 6, 6, 6, 6, 6, 6, 6, 6, 6, 6, 6, 6, 6, 6, 7, 6, 6, 6, 6, 7, 6, 6, 6, 6, 6, 6, 6, 6, 6, 6, 6, 7, 6, 6, 6, 6, 7, 6, 6, 6, 6, 6, 6, 7, 6, 6, 7, 6, 6, 6, 6, 6, 6, 6, 6, 6, 6, 7, 6, 6, 6, 6, 6, 6, 6, 6, 6, 6, 7, 6, 6, 5, 6, 6, 6, 6, 7, 6, 6, 6, 6, 7, 6, 7, 6, 6, 5, 6, 6, 6, 5, 6, 6, 6, 6, 6, 6, 6, 6, 6, 6, 6, 6, 6, 6, 6, 6, 6, 6, 6, 6, 6, 6, 7, 6, 6, 6, 6, 6, 6, 6, 6, 6, 7, 6, 6, 6, 6, 7, 6, 6, 7, 6, 7, 6, 6, 6, 6, 5, 6, 6, 5, 6, 6, 6, 6, 6, 6, 6, 6, 6, 6, 6, 7, 6, 6, 6, 6, 6, 6, 7, 6, 6, 6, 6, 6, 6, 6, 7, 5, 6, 6, 6, 7, 7, 6, 6, 6, 6, 6, 6, 5, 6, 6, 6, 6, 6, 6, 6, 7, 6, 6, 6, 6, 6, 6, 6, 6, 6, 6, 6, 6, 6, 6, 7, 6, 6, 6, 6, 7, 6, 6, 6, 6, 6, 6, 6, 6, 6, 7, 6, 6, 7, 6, 6, 6, 6, 6, 6, 6, 6, 6, 6, 6, 6, 6, 6, 6, 6, 6, 6, 6, 6, 6, 6, 6, 6, 6, 6, 6, 6, 6, 7, 6, 6, 6, 6, 6, 6, 6, 6, 6, 6, 6, 6, 6, 5, 6, 6, 7, 7, 6, 6, 6, 6, 6, 6, 6, 6, 7, 6, 7, 6, 6, 6, 6, 6, 6, 6, 5, 6, 6, 6, 6, 6, 6, 7, 6, 6, 6, 6, 6, 6, 6, 6, 6, 6, 6, 6, 6, 6, 6, 6, 6, 6, 6, 6, 5, 6, 7, 6, 5, 6, 6, 6, 6, 6, 6, 6, 7, 6, 6, 6, 6, 6, 6, 6, 6, 6, 6, 6, 6, 6, 6, 6, 6, 6]

################################################################
