Numero total de amostras 770

Tempo total de processamento: 0:23:13

############## TEMPOS DE PROCESSAMENTO DO EXERCICIO NO JAIL  ####################
Soma 4698 segundos
Media 6.101298701298702 segundos
Desvio padr達o 0.38155304868307943 segundos
Minimo 5 segundos
Maximo 7 segundos

95% 5.0 segundos
99% 5.0 segundos

############## TEMPOS DE PROCESSAMENTO DO EXERCICIO NO JAIL COM DOWNLOAD  ################
Soma 5547 segundos
Media 7.203896103896104 segundos
Desvio padr達o 0.7737480979464373 segundos
Minimo 6 segundos
Maximo 10 segundos

95% 6.0 segundos
99% 6.0 segundos

################### TEMPOS DE DOWNLOAD DO EXERCICIO NO JAIL #######################
Soma 849 segundos
Media 1.1025974025974026 segundos
Desvio padr達o 0.7251464744063112 segundos
Minimo 0 segundos
Maximo 4 segundos

95% 0.0 segundos
99% 0.0 segundos

############################ TEMPOS DE ESPERA NA FILA ############################
Soma 292163
Media 379.4324675324675 segundos
Desvio padr達o 203.74257053879398 segundos
Minimo 1 segundos
Maximo 728 segundos

95% 7.305499999999999 segundos
99% 7.613099999999999 segundos

################### queue_wait_time_list: ######################

[8, 17, 9, 1, 1, 9, 11, 5, 12, 5, 7, 5, 7, 6, 19, 27, 12, 10, 24, 11, 29, 18, 23, 20, 39, 27, 23, 39, 33, 32, 49, 43, 43, 45, 54, 49, 49, 59, 55, 48, 61, 57, 65, 58, 62, 64, 66, 23, 29, 36, 36, 42, 53, 62, 67, 69, 69, 80, 71, 75, 76, 76, 78, 86, 82, 85, 93, 90, 90, 101, 94, 90, 110, 106, 94, 96, 101, 114, 106, 124, 105, 110, 118, 110, 110, 118, 118, 113, 123, 126, 128, 120, 123, 128, 477, 131, 666, 674, 678, 681, 715, 718, 723, 52, 56, 59, 141, 477, 138, 479, 667, 140, 131, 681, 133, 141, 694, 702, 134, 143, 707, 134, 143, 134, 136, 139, 144, 140, 146, 146, 145, 146, 66, 68, 68, 74, 77, 84, 146, 149, 161, 147, 154, 151, 148, 152, 156, 157, 164, 166, 164, 158, 164, 167, 164, 166, 170, 176, 166, 172, 175, 194, 178, 181, 182, 181, 184, 191, 188, 197, 185, 189, 196, 193, 190, 203, 198, 194, 204, 485, 487, 492, 531, 677, 204, 683, 206, 209, 209, 208, 210, 212, 94, 486, 98, 99, 101, 106, 114, 115, 119, 215, 217, 225, 218, 221, 222, 222, 219, 224, 225, 229, 228, 229, 231, 230, 231, 233, 233, 235, 238, 240, 245, 242, 242, 249, 246, 248, 254, 251, 250, 250, 253, 253, 260, 257, 259, 261, 260, 260, 495, 124, 125, 145, 266, 270, 268, 269, 268, 274, 272, 275, 280, 275, 276, 292, 288, 293, 276, 283, 282, 289, 300, 294, 288, 303, 304, 298, 302, 303, 307, 309, 306, 312, 305, 308, 309, 310, 318, 310, 309, 312, 312, 316, 312, 316, 321, 321, 497, 502, 531, 690, 323, 692, 694, 323, 324, 325, 327, 697, 725, 148, 152, 157, 162, 165, 169, 168, 334, 330, 335, 338, 331, 342, 337, 334, 339, 344, 343, 345, 347, 347, 353, 350, 351, 352, 355, 356, 358, 360, 365, 363, 364, 365, 367, 366, 367, 367, 373, 369, 370, 374, 374, 374, 376, 376, 378, 380, 508, 511, 514, 521, 535, 534, 727, 381, 382, 383, 385, 384, 174, 181, 403, 394, 405, 406, 395, 406, 396, 386, 512, 385, 397, 520, 387, 537, 400, 388, 389, 399, 389, 391, 393, 401, 400, 402, 184, 542, 189, 192, 199, 200, 213, 213, 407, 407, 412, 416, 412, 415, 415, 416, 417, 419, 421, 423, 422, 422, 428, 425, 428, 430, 429, 430, 432, 432, 436, 431, 434, 434, 437, 436, 439, 439, 438, 439, 443, 447, 444, 444, 445, 447, 449, 450, 216, 450, 450, 451, 451, 452, 452, 454, 546, 577, 222, 226, 228, 464, 474, 465, 465, 475, 455, 466, 456, 477, 457, 468, 476, 458, 476, 477, 460, 469, 461, 551, 462, 556, 470, 472, 472, 560, 562, 582, 584, 227, 234, 238, 240, 244, 246, 252, 477, 477, 480, 483, 481, 482, 483, 484, 486, 485, 489, 494, 491, 492, 497, 494, 495, 498, 499, 502, 499, 500, 506, 503, 505, 505, 507, 508, 508, 511, 511, 512, 515, 518, 515, 517, 518, 518, 520, 521, 522, 523, 525, 525, 526, 528, 528, 528, 531, 531, 560, 566, 569, 573, 588, 592, 596, 253, 260, 259, 262, 264, 267, 274, 276, 533, 536, 535, 533, 533, 539, 536, 538, 543, 539, 547, 544, 545, 551, 548, 547, 549, 551, 552, 554, 568, 557, 560, 555, 560, 563, 564, 562, 565, 565, 564, 571, 569, 572, 577, 579, 569, 578, 573, 574, 579, 580, 581, 578, 597, 280, 287, 295, 301, 301, 304, 306, 309, 581, 581, 583, 581, 583, 588, 585, 588, 592, 590, 595, 592, 592, 598, 600, 594, 596, 593, 597, 601, 601, 606, 605, 610, 613, 610, 610, 611, 612, 612, 615, 616, 620, 618, 618, 622, 621, 621, 625, 603, 608, 626, 625, 623, 634, 648, 651, 310, 314, 319, 323, 328, 625, 624, 628, 623, 627, 626, 629, 632, 634, 637, 642, 639, 640, 647, 643, 651, 647, 655, 643, 651, 651, 659, 655, 654, 655, 657, 659, 662, 661, 663, 666, 668, 670, 669, 669, 668, 672, 673, 674, 679, 679, 680, 333, 332, 340, 343, 346, 347, 355, 364, 359, 360, 365, 368, 372, 681, 378, 685, 690, 685, 685, 688, 695, 693, 694, 690, 697, 696, 691, 704, 698, 700, 702, 698, 728, 708, 701, 714, 707, 709, 720, 713, 712, 719, 716, 716, 722, 720, 376, 419, 606, 611, 615, 619, 648, 659, 662, 616, 406, 410, 620, 624, 409, 419, 421, 423, 427, 428, 430, 437, 438, 441, 442, 448, 449, 632, 637, 642]

################################################################
################### jail_ex_download_list: ######################

[3, 2, 4, 2, 2, 3, 2, 0, 3, 1, 3, 3, 1, 1, 2, 2, 3, 4, 3, 3, 2, 2, 2, 1, 1, 2, 3, 1, 3, 3, 1, 2, 2, 1, 1, 2, 3, 1, 1, 2, 0, 2, 1, 1, 1, 1, 1, 2, 3, 2, 2, 3, 3, 1, 1, 1, 2, 2, 2, 1, 1, 2, 1, 3, 3, 1, 1, 1, 1, 3, 4, 1, 2, 1, 3, 2, 2, 3, 1, 1, 1, 1, 1, 2, 2, 4, 3, 2, 2, 0, 1, 1, 2, 2, 1, 1, 1, 0, 1, 1, 2, 2, 2, 1, 2, 1, 1, 1, 1, 1, 1, 1, 1, 1, 1, 1, 2, 2, 2, 1, 2, 2, 1, 3, 2, 1, 1, 1, 1, 1, 1, 0, 1, 2, 2, 1, 1, 2, 1, 1, 1, 2, 1, 2, 1, 2, 0, 3, 1, 2, 1, 1, 3, 1, 2, 1, 1, 1, 1, 1, 2, 1, 1, 1, 2, 2, 2, 1, 1, 2, 2, 2, 2, 2, 1, 1, 1, 2, 1, 1, 1, 0, 1, 0, 1, 0, 1, 0, 1, 2, 1, 1, 1, 1, 1, 3, 1, 1, 2, 2, 3, 1, 1, 2, 1, 1, 1, 1, 1, 2, 2, 1, 1, 1, 1, 1, 1, 1, 1, 2, 1, 1, 1, 1, 2, 1, 1, 0, 2, 1, 1, 1, 0, 2, 2, 1, 0, 1, 1, 3, 1, 1, 0, 0, 1, 1, 1, 1, 2, 1, 1, 1, 3, 2, 2, 1, 1, 1, 2, 1, 2, 2, 0, 2, 3, 1, 1, 1, 0, 1, 2, 1, 1, 1, 1, 1, 1, 1, 1, 1, 1, 1, 1, 2, 1, 2, 1, 2, 1, 0, 1, 1, 2, 1, 1, 1, 2, 1, 1, 1, 1, 2, 1, 2, 1, 2, 2, 2, 2, 1, 1, 2, 1, 1, 1, 1, 2, 1, 1, 1, 1, 1, 1, 1, 1, 1, 1, 0, 1, 1, 1, 0, 0, 1, 1, 0, 1, 0, 0, 1, 1, 1, 1, 1, 1, 0, 1, 1, 1, 0, 1, 0, 1, 1, 1, 1, 1, 0, 1, 1, 2, 1, 1, 1, 0, 1, 1, 1, 1, 1, 1, 1, 1, 0, 0, 0, 0, 0, 1, 0, 1, 1, 0, 1, 1, 1, 1, 0, 1, 1, 1, 1, 1, 1, 0, 1, 1, 1, 1, 0, 0, 1, 1, 0, 1, 1, 0, 0, 0, 1, 0, 1, 1, 1, 0, 1, 1, 1, 0, 0, 1, 1, 0, 1, 1, 1, 1, 0, 1, 1, 1, 0, 1, 1, 0, 0, 0, 0, 1, 1, 1, 0, 1, 1, 2, 1, 1, 1, 0, 1, 1, 0, 0, 1, 1, 0, 1, 0, 1, 1, 1, 1, 1, 1, 0, 1, 1, 1, 1, 1, 1, 1, 1, 0, 0, 0, 1, 1, 1, 1, 0, 1, 0, 1, 0, 1, 0, 0, 1, 1, 1, 1, 1, 1, 1, 0, 0, 1, 1, 1, 0, 1, 1, 1, 1, 1, 1, 1, 0, 1, 1, 0, 1, 1, 0, 1, 0, 1, 1, 1, 1, 1, 1, 1, 0, 0, 1, 1, 1, 1, 0, 1, 2, 1, 1, 1, 1, 1, 0, 1, 1, 1, 3, 2, 3, 1, 1, 1, 0, 1, 0, 1, 1, 0, 1, 1, 1, 1, 1, 1, 1, 0, 1, 0, 1, 1, 1, 1, 1, 1, 1, 1, 1, 1, 0, 0, 1, 1, 1, 2, 2, 1, 1, 2, 1, 1, 1, 1, 1, 0, 1, 1, 3, 1, 2, 1, 2, 2, 1, 1, 1, 0, 1, 1, 1, 1, 0, 1, 1, 0, 0, 1, 1, 0, 1, 1, 1, 0, 1, 1, 1, 1, 1, 1, 1, 1, 1, 1, 1, 1, 1, 0, 1, 1, 1, 1, 1, 1, 0, 0, 0, 1, 1, 1, 1, 1, 1, 1, 1, 1, 1, 2, 0, 1, 1, 1, 0, 1, 1, 1, 0, 1, 1, 0, 0, 1, 1, 1, 1, 1, 1, 1, 1, 1, 1, 1, 1, 1, 1, 1, 1, 1, 1, 1, 1, 1, 0, 1, 1, 1, 1, 1, 1, 0, 1, 1, 1, 1, 1, 2, 1, 1, 1, 1, 1, 1, 1, 1, 1, 0, 0, 1, 1, 1, 1, 0, 1, 1, 0, 1, 2, 1, 2, 0, 2, 1, 1, 2, 2, 2, 2, 1, 3, 2, 2, 2, 3, 3, 2, 3, 0, 1, 1, 1, 0, 1, 1, 0, 1, 0, 1, 1, 1, 1, 1, 0, 1, 1, 0, 1, 1, 1, 1, 0, 1, 1, 1, 0, 1, 1]

################################################################
################################################################
################### process_jail_download_list: ######################

[9, 8, 10, 8, 8, 9, 8, 6, 9, 7, 9, 9, 7, 8, 8, 8, 9, 10, 9, 10, 9, 8, 8, 7, 7, 8, 9, 8, 9, 9, 7, 8, 8, 7, 8, 8, 9, 7, 7, 8, 7, 8, 7, 7, 7, 7, 7, 8, 9, 9, 9, 9, 9, 7, 7, 7, 8, 8, 8, 7, 7, 8, 8, 9, 9, 8, 7, 7, 7, 9, 10, 7, 8, 7, 9, 8, 9, 9, 7, 7, 7, 8, 7, 8, 8, 10, 9, 8, 8, 7, 7, 7, 8, 8, 7, 7, 8, 7, 7, 7, 8, 9, 9, 7, 8, 7, 7, 7, 7, 7, 6, 7, 7, 7, 7, 7, 8, 8, 8, 7, 9, 8, 7, 9, 8, 7, 7, 7, 7, 7, 7, 7, 7, 8, 8, 7, 8, 8, 7, 7, 7, 8, 7, 8, 7, 8, 7, 9, 7, 8, 8, 7, 9, 7, 8, 7, 7, 7, 7, 8, 8, 7, 7, 7, 8, 8, 8, 8, 7, 8, 8, 8, 8, 8, 7, 7, 7, 8, 7, 7, 7, 6, 7, 7, 7, 7, 7, 6, 7, 7, 7, 8, 7, 7, 8, 10, 8, 7, 8, 9, 9, 7, 7, 9, 7, 7, 7, 7, 7, 8, 8, 7, 7, 7, 8, 8, 8, 7, 7, 8, 7, 7, 7, 7, 8, 7, 7, 7, 8, 8, 6, 7, 7, 8, 8, 7, 7, 7, 8, 9, 7, 7, 7, 6, 7, 7, 7, 7, 8, 7, 8, 7, 9, 8, 8, 7, 8, 8, 8, 7, 8, 8, 7, 9, 9, 7, 7, 8, 7, 7, 8, 7, 7, 7, 7, 7, 7, 7, 7, 7, 8, 7, 8, 8, 7, 8, 7, 8, 7, 6, 7, 7, 8, 7, 7, 7, 8, 8, 8, 7, 7, 8, 7, 8, 7, 7, 8, 8, 8, 7, 7, 8, 7, 7, 7, 8, 8, 7, 7, 7, 7, 7, 7, 7, 7, 7, 7, 6, 7, 7, 7, 6, 6, 7, 7, 6, 7, 6, 6, 7, 7, 7, 7, 7, 7, 6, 7, 7, 7, 6, 7, 6, 7, 7, 8, 7, 7, 6, 7, 7, 8, 8, 7, 7, 7, 6, 7, 7, 7, 7, 7, 7, 7, 6, 6, 7, 6, 7, 7, 6, 7, 7, 6, 7, 7, 7, 7, 6, 7, 7, 7, 7, 7, 8, 6, 7, 7, 7, 7, 7, 6, 7, 7, 7, 7, 7, 6, 7, 7, 7, 6, 7, 7, 7, 6, 7, 7, 7, 6, 6, 7, 7, 6, 7, 7, 7, 7, 6, 7, 7, 7, 6, 7, 7, 7, 6, 6, 7, 7, 7, 7, 6, 7, 8, 8, 8, 7, 7, 6, 7, 7, 6, 6, 7, 7, 6, 6, 6, 7, 7, 7, 7, 7, 7, 6, 7, 7, 7, 7, 7, 7, 7, 7, 6, 6, 6, 7, 7, 7, 8, 7, 7, 7, 7, 6, 7, 6, 6, 6, 7, 7, 7, 7, 7, 7, 6, 6, 7, 7, 6, 6, 7, 7, 7, 7, 7, 7, 7, 6, 7, 7, 6, 7, 7, 6, 7, 6, 7, 7, 7, 7, 7, 7, 7, 6, 6, 7, 6, 7, 7, 6, 7, 8, 7, 7, 7, 7, 7, 6, 8, 7, 7, 10, 8, 9, 6, 7, 7, 6, 7, 7, 7, 7, 6, 6, 7, 7, 7, 7, 6, 6, 6, 7, 6, 7, 7, 8, 7, 7, 7, 7, 7, 7, 7, 6, 6, 7, 7, 7, 8, 8, 7, 7, 8, 7, 7, 7, 7, 7, 7, 7, 7, 9, 7, 8, 7, 8, 8, 7, 7, 7, 6, 7, 7, 7, 7, 6, 7, 7, 6, 7, 7, 7, 6, 7, 7, 7, 6, 7, 7, 7, 7, 7, 6, 7, 7, 7, 7, 7, 7, 7, 6, 7, 7, 7, 7, 7, 7, 7, 7, 6, 6, 7, 7, 7, 7, 7, 8, 8, 7, 7, 8, 7, 7, 7, 7, 7, 7, 7, 7, 7, 7, 7, 6, 6, 7, 7, 7, 7, 7, 7, 7, 7, 7, 7, 8, 8, 7, 7, 7, 7, 7, 7, 7, 7, 7, 7, 8, 7, 7, 7, 7, 7, 7, 7, 8, 7, 7, 7, 8, 7, 7, 7, 7, 7, 6, 7, 7, 6, 7, 7, 7, 7, 7, 7, 7, 7, 6, 7, 7, 7, 7, 8, 6, 8, 7, 7, 9, 8, 8, 8, 7, 10, 8, 8, 9, 9, 8, 9, 10, 6, 7, 7, 7, 6, 7, 7, 6, 8, 6, 7, 7, 7, 7, 7, 6, 7, 7, 6, 7, 7, 7, 7, 6, 6, 7, 7, 6, 7, 7]

################################################################
################################################################
################### process_jail_list: ######################

[6, 6, 6, 6, 6, 6, 6, 6, 6, 6, 6, 6, 6, 7, 6, 6, 6, 6, 6, 7, 7, 6, 6, 6, 6, 6, 6, 7, 6, 6, 6, 6, 6, 6, 7, 6, 6, 6, 6, 6, 7, 6, 6, 6, 6, 6, 6, 6, 6, 7, 7, 6, 6, 6, 6, 6, 6, 6, 6, 6, 6, 6, 7, 6, 6, 7, 6, 6, 6, 6, 6, 6, 6, 6, 6, 6, 7, 6, 6, 6, 6, 7, 6, 6, 6, 6, 6, 6, 6, 7, 6, 6, 6, 6, 6, 6, 7, 7, 6, 6, 6, 7, 7, 6, 6, 6, 6, 6, 6, 6, 5, 6, 6, 6, 6, 6, 6, 6, 6, 6, 7, 6, 6, 6, 6, 6, 6, 6, 6, 6, 6, 7, 6, 6, 6, 6, 7, 6, 6, 6, 6, 6, 6, 6, 6, 6, 7, 6, 6, 6, 7, 6, 6, 6, 6, 6, 6, 6, 6, 7, 6, 6, 6, 6, 6, 6, 6, 7, 6, 6, 6, 6, 6, 6, 6, 6, 6, 6, 6, 6, 6, 6, 6, 7, 6, 7, 6, 6, 6, 5, 6, 7, 6, 6, 7, 7, 7, 6, 6, 7, 6, 6, 6, 7, 6, 6, 6, 6, 6, 6, 6, 6, 6, 6, 7, 7, 7, 6, 6, 6, 6, 6, 6, 6, 6, 6, 6, 7, 6, 7, 5, 6, 7, 6, 6, 6, 7, 6, 7, 6, 6, 6, 7, 6, 6, 6, 6, 6, 6, 6, 7, 6, 6, 6, 6, 6, 7, 7, 6, 6, 6, 6, 7, 7, 6, 6, 6, 7, 7, 6, 6, 6, 6, 6, 6, 6, 6, 6, 6, 6, 7, 6, 7, 6, 6, 6, 6, 6, 6, 6, 6, 6, 6, 6, 6, 6, 6, 7, 7, 6, 6, 6, 6, 6, 6, 5, 6, 6, 6, 6, 6, 6, 6, 6, 6, 7, 6, 6, 6, 6, 6, 6, 6, 6, 6, 6, 6, 6, 6, 6, 6, 6, 6, 6, 6, 6, 6, 6, 6, 6, 6, 6, 6, 6, 6, 6, 6, 6, 6, 6, 6, 6, 6, 6, 7, 6, 6, 6, 6, 6, 6, 7, 6, 6, 7, 5, 6, 6, 6, 6, 6, 6, 6, 6, 6, 7, 6, 7, 6, 6, 6, 6, 6, 6, 6, 6, 6, 6, 6, 6, 6, 6, 6, 7, 6, 6, 6, 6, 6, 7, 6, 6, 6, 7, 6, 6, 6, 7, 7, 6, 6, 6, 6, 6, 6, 6, 6, 6, 6, 6, 6, 6, 6, 6, 6, 6, 6, 6, 6, 6, 6, 6, 6, 6, 7, 6, 6, 7, 6, 6, 6, 6, 6, 7, 6, 7, 6, 6, 6, 6, 6, 6, 6, 6, 6, 6, 5, 6, 6, 6, 6, 6, 6, 6, 6, 6, 6, 6, 6, 6, 6, 6, 6, 6, 6, 6, 6, 6, 6, 7, 7, 6, 7, 6, 6, 6, 6, 6, 5, 6, 6, 6, 6, 6, 6, 6, 6, 6, 6, 5, 6, 6, 6, 6, 6, 6, 6, 6, 6, 6, 6, 6, 6, 6, 6, 6, 6, 6, 6, 6, 6, 6, 6, 6, 6, 6, 6, 5, 6, 6, 6, 6, 6, 6, 6, 6, 6, 6, 6, 7, 6, 6, 7, 6, 6, 5, 6, 6, 6, 6, 7, 6, 6, 6, 5, 6, 6, 6, 6, 5, 5, 6, 6, 6, 6, 6, 7, 6, 6, 6, 6, 6, 6, 6, 6, 6, 6, 6, 6, 6, 6, 6, 6, 6, 6, 6, 6, 6, 6, 7, 6, 6, 6, 6, 6, 6, 6, 6, 6, 6, 6, 6, 6, 6, 6, 6, 6, 6, 6, 6, 7, 6, 6, 6, 6, 6, 6, 6, 6, 6, 6, 6, 6, 5, 6, 6, 6, 6, 6, 6, 6, 6, 6, 6, 6, 6, 6, 6, 7, 7, 6, 5, 6, 6, 6, 6, 6, 7, 7, 6, 6, 6, 7, 6, 6, 6, 7, 6, 6, 6, 7, 6, 6, 6, 6, 6, 6, 6, 6, 6, 6, 6, 6, 6, 6, 7, 7, 6, 6, 6, 6, 6, 6, 6, 6, 6, 7, 7, 6, 6, 6, 6, 6, 7, 6, 7, 6, 6, 6, 6, 6, 6, 6, 6, 6, 5, 6, 6, 5, 7, 7, 6, 6, 6, 6, 7, 6, 5, 7, 6, 5, 6, 6, 6, 6, 6, 6, 7, 6, 6, 6, 6, 7, 6, 6, 7, 6, 5, 7, 7, 6, 6, 6, 6, 6, 6, 6, 6, 7, 6, 6, 6, 6, 6, 6, 6, 6, 6, 6, 6, 6, 6, 6, 6, 5, 6, 6, 6, 6, 6]

################################################################
