Numero total de amostras 770

Tempo total de processamento: 0:16:49

############## TEMPOS DE PROCESSAMENTO DO EXERCICIO NO JAIL  ####################
Soma 4533 segundos
Media 5.887012987012987 segundos
Desvio padrão 0.403185577893044 segundos
Minimo 5 segundos
Maximo 7 segundos

95% 5.0 segundos
99% 5.0 segundos

############## TEMPOS DE PROCESSAMENTO DO EXERCICIO NO JAIL COM DOWNLOAD  ################
Soma 5013 segundos
Media 6.51038961038961 segundos
Desvio padrão 0.5101780732112686 segundos
Minimo 6 segundos
Maximo 8 segundos

95% 6.0 segundos
99% 6.0 segundos

################### TEMPOS DE DOWNLOAD DO EXERCICIO NO JAIL #######################
Soma 480 segundos
Media 0.6233766233766234 segundos
Desvio padrão 0.48721208051687864 segundos
Minimo 0 segundos
Maximo 2 segundos

95% 0.0 segundos
99% 0.0 segundos

############################ TEMPOS DE ESPERA NA FILA ############################
Soma 138315
Media 179.62987012987014 segundos
Desvio padrão 99.93231159131231 segundos
Minimo 1 segundos
Maximo 349 segundos

95% 8.0 segundos
99% 8.0 segundos

################### queue_wait_time_list: ######################

[9, 9, 2, 9, 1, 3, 13, 9, 16, 8, 16, 7, 5, 6, 9, 7, 8, 12, 10, 12, 13, 12, 14, 11, 18, 19, 197, 15, 15, 15, 20, 18, 21, 17, 22, 21, 19, 24, 21, 24, 24, 28, 26, 28, 25, 27, 27, 18, 17, 20, 21, 25, 27, 32, 45, 29, 34, 29, 29, 31, 36, 32, 29, 39, 31, 36, 37, 34, 33, 35, 41, 35, 38, 42, 40, 44, 39, 42, 42, 39, 47, 47, 47, 50, 44, 48, 45, 49, 51, 51, 47, 51, 52, 53, 31, 33, 34, 37, 37, 41, 42, 45, 44, 47, 57, 54, 53, 55, 55, 57, 59, 59, 57, 60, 60, 67, 61, 60, 62, 63, 64, 66, 67, 69, 64, 69, 63, 70, 66, 71, 69, 68, 73, 71, 73, 72, 77, 76, 77, 76, 74, 122, 127, 131, 78, 77, 78, 78, 78, 80, 81, 155, 251, 182, 295, 201, 187, 187, 222, 197, 207, 236, 214, 299, 228, 218, 256, 244, 232, 265, 274, 288, 261, 270, 284, 319, 302, 309, 300, 313, 335, 325, 329, 341, 343, 347, 50, 52, 52, 62, 55, 55, 58, 57, 62, 65, 65, 83, 84, 82, 85, 84, 84, 85, 82, 90, 103, 97, 85, 88, 94, 86, 84, 91, 90, 89, 88, 95, 93, 103, 95, 94, 98, 93, 100, 97, 102, 100, 99, 101, 99, 96, 103, 104, 102, 106, 105, 106, 181, 229, 203, 186, 188, 329, 251, 192, 209, 196, 234, 272, 213, 321, 236, 217, 257, 296, 224, 240, 274, 261, 246, 308, 283, 265, 298, 340, 288, 302, 303, 314, 336, 324, 345, 66, 68, 114, 147, 105, 106, 152, 107, 108, 108, 107, 107, 110, 107, 181, 237, 188, 203, 191, 193, 220, 196, 209, 274, 232, 215, 253, 225, 247, 242, 257, 283, 260, 265, 290, 280, 296, 301, 302, 309, 308, 314, 321, 324, 331, 336, 339, 71, 159, 168, 199, 180, 261, 305, 188, 203, 193, 232, 267, 208, 239, 291, 214, 332, 243, 219, 271, 308, 224, 248, 295, 228, 274, 256, 320, 341, 279, 310, 302, 285, 303, 325, 316, 335, 326, 346, 341, 70, 117, 113, 119, 115, 74, 76, 116, 80, 80, 80, 83, 85, 108, 117, 110, 108, 119, 105, 114, 116, 111, 129, 123, 120, 123, 122, 124, 126, 122, 127, 128, 123, 123, 125, 124, 129, 130, 134, 133, 131, 128, 136, 132, 136, 130, 134, 199, 228, 203, 135, 136, 135, 154, 158, 179, 274, 182, 210, 187, 257, 232, 192, 216, 316, 294, 239, 219, 262, 279, 224, 332, 247, 267, 252, 286, 271, 304, 319, 346, 290, 311, 335, 327, 343, 86, 93, 147, 150, 150, 200, 184, 320, 234, 189, 202, 193, 258, 239, 209, 280, 263, 216, 243, 304, 220, 246, 223, 267, 287, 327, 252, 312, 271, 289, 342, 275, 296, 315, 331, 345, 338, 88, 119, 127, 133, 145, 145, 140, 140, 148, 140, 138, 140, 139, 138, 138, 137, 143, 140, 199, 143, 181, 195, 142, 143, 141, 184, 215, 205, 211, 220, 227, 235, 238, 249, 253, 263, 267, 276, 286, 289, 297, 311, 316, 323, 331, 339, 347, 91, 119, 121, 132, 169, 199, 184, 230, 194, 205, 310, 235, 262, 212, 286, 238, 216, 333, 268, 222, 242, 226, 292, 271, 249, 317, 254, 276, 297, 338, 282, 323, 304, 341, 326, 349, 91, 93, 96, 96, 101, 101, 105, 151, 147, 149, 143, 144, 146, 152, 151, 156, 145, 149, 147, 147, 150, 151, 153, 155, 160, 168, 157, 159, 156, 159, 161, 158, 158, 154, 166, 160, 154, 165, 183, 159, 166, 166, 168, 165, 172, 172, 167, 156, 161, 222, 191, 201, 171, 195, 269, 311, 170, 171, 207, 174, 174, 175, 174, 227, 179, 184, 212, 240, 260, 215, 327, 231, 244, 273, 234, 263, 255, 282, 293, 306, 277, 286, 322, 297, 319, 338, 334, 343, 348, 104, 116, 132, 240, 200, 282, 226, 206, 173, 337, 176, 177, 177, 176, 177, 212, 190, 245, 194, 218, 230, 259, 221, 274, 234, 251, 313, 263, 288, 255, 276, 269, 297, 322, 293, 307, 334, 318, 330, 348, 345, 229, 114, 144, 147, 203, 273, 254, 205, 178, 180, 179, 236, 291, 186, 211, 191, 344, 195, 241, 218, 259, 278, 226, 245, 266, 299, 250, 282, 317, 269, 334, 306, 290, 323, 347, 314, 339, 330, 111, 237, 185, 202, 190, 306, 265, 197, 207, 240, 243, 214, 289, 343, 218, 244, 269, 221, 330, 249, 226, 292, 274, 230, 313, 255, 280, 259, 260, 282, 284, 299, 300, 333, 317, 325, 340]

################################################################
################### jail_ex_download_list: ######################

[1, 1, 1, 1, 1, 1, 0, 0, 1, 1, 0, 1, 1, 1, 0, 1, 1, 1, 0, 1, 1, 0, 0, 1, 1, 0, 0, 0, 0, 1, 0, 0, 1, 1, 1, 1, 0, 1, 0, 1, 1, 0, 1, 1, 1, 1, 0, 0, 1, 1, 1, 1, 0, 1, 1, 1, 0, 0, 0, 1, 1, 0, 1, 1, 0, 1, 1, 0, 1, 1, 0, 1, 0, 1, 1, 1, 1, 0, 1, 1, 0, 1, 0, 1, 0, 1, 1, 1, 0, 1, 1, 1, 1, 1, 0, 1, 1, 1, 0, 0, 1, 0, 1, 0, 0, 1, 1, 0, 0, 0, 1, 1, 1, 1, 0, 1, 1, 1, 1, 0, 0, 1, 0, 0, 1, 1, 1, 1, 1, 1, 0, 0, 1, 1, 1, 1, 0, 1, 0, 0, 1, 0, 1, 1, 1, 1, 1, 1, 1, 0, 0, 1, 1, 1, 0, 1, 0, 0, 1, 1, 1, 1, 0, 1, 0, 1, 1, 0, 0, 0, 0, 1, 1, 0, 1, 1, 0, 1, 0, 0, 1, 1, 1, 0, 0, 1, 0, 1, 1, 1, 1, 0, 0, 0, 1, 0, 1, 0, 0, 1, 1, 1, 1, 1, 1, 1, 1, 1, 0, 1, 1, 1, 1, 0, 1, 1, 1, 0, 0, 1, 1, 1, 1, 1, 0, 0, 0, 1, 1, 1, 1, 1, 0, 1, 1, 0, 1, 1, 1, 0, 0, 0, 1, 1, 1, 1, 0, 1, 0, 0, 1, 1, 0, 1, 1, 0, 1, 1, 1, 0, 0, 1, 1, 1, 1, 0, 1, 0, 1, 0, 1, 1, 0, 0, 1, 0, 1, 0, 0, 0, 1, 1, 0, 1, 1, 1, 1, 0, 0, 0, 0, 0, 0, 0, 1, 2, 0, 0, 0, 0, 0, 1, 1, 1, 1, 1, 1, 0, 1, 0, 0, 1, 1, 1, 1, 0, 1, 0, 1, 1, 1, 1, 1, 1, 1, 0, 1, 1, 1, 1, 0, 0, 1, 0, 1, 0, 1, 0, 1, 1, 0, 0, 1, 0, 0, 0, 1, 0, 1, 1, 0, 1, 0, 1, 0, 1, 1, 1, 1, 1, 1, 1, 1, 1, 0, 1, 0, 1, 1, 0, 0, 0, 1, 1, 1, 0, 1, 1, 1, 0, 0, 0, 0, 0, 1, 0, 1, 1, 1, 0, 1, 1, 1, 1, 1, 0, 1, 1, 0, 1, 1, 0, 1, 1, 1, 1, 0, 1, 1, 1, 1, 1, 1, 1, 1, 0, 1, 1, 1, 1, 1, 0, 1, 1, 1, 1, 1, 0, 0, 1, 0, 1, 1, 0, 1, 1, 1, 1, 1, 0, 1, 0, 0, 0, 0, 1, 1, 1, 0, 1, 1, 0, 1, 1, 1, 1, 1, 0, 0, 1, 1, 1, 1, 0, 1, 1, 1, 1, 1, 1, 0, 1, 0, 1, 0, 0, 1, 1, 1, 1, 1, 0, 1, 1, 0, 0, 1, 0, 1, 0, 0, 1, 0, 0, 0, 1, 1, 1, 0, 1, 1, 0, 1, 0, 1, 0, 1, 0, 1, 1, 1, 0, 1, 0, 0, 0, 1, 1, 1, 1, 1, 1, 1, 0, 0, 1, 1, 0, 0, 0, 1, 1, 1, 0, 0, 0, 1, 1, 0, 1, 1, 1, 1, 0, 0, 0, 0, 0, 0, 1, 0, 1, 1, 0, 0, 0, 1, 1, 1, 0, 1, 1, 0, 1, 1, 1, 1, 1, 0, 0, 1, 1, 1, 1, 1, 1, 1, 0, 0, 1, 1, 1, 0, 0, 1, 1, 1, 1, 1, 0, 1, 1, 0, 0, 1, 1, 0, 0, 0, 1, 1, 0, 0, 0, 1, 1, 0, 1, 1, 1, 1, 1, 0, 1, 1, 0, 0, 1, 0, 1, 1, 1, 1, 1, 1, 1, 1, 1, 1, 0, 1, 0, 1, 0, 1, 1, 1, 1, 0, 1, 0, 1, 0, 1, 1, 0, 0, 1, 1, 0, 0, 0, 1, 0, 1, 1, 1, 1, 1, 0, 1, 1, 1, 1, 0, 0, 0, 0, 0, 1, 1, 0, 0, 1, 1, 1, 1, 0, 1, 1, 1, 1, 0, 1, 1, 1, 0, 0, 1, 1, 0, 1, 0, 1, 0, 1, 1, 1, 1, 0, 1, 1, 1, 1, 0, 0, 1, 1, 0, 1, 0, 0, 1, 1, 1, 1, 0, 0, 1, 0, 0, 1, 1, 1, 0, 1, 1, 0, 0, 1, 1, 1, 1, 0, 1, 1, 0, 0, 1, 1, 1, 0, 1, 0, 1, 0, 1, 0, 1, 0, 1, 1, 1, 0, 0, 0, 0, 1, 1, 0, 0, 0, 0, 1, 1, 0, 1, 1, 0, 1]

################################################################
################################################################
################### process_jail_download_list: ######################

[7, 7, 7, 7, 7, 7, 6, 6, 7, 6, 6, 6, 7, 7, 6, 7, 7, 7, 6, 7, 7, 6, 6, 7, 7, 6, 6, 6, 6, 7, 6, 6, 8, 7, 7, 7, 6, 7, 6, 7, 7, 6, 7, 7, 7, 6, 6, 6, 7, 8, 7, 7, 7, 7, 7, 7, 6, 6, 6, 7, 6, 6, 7, 7, 6, 7, 7, 6, 6, 7, 6, 7, 6, 7, 7, 7, 7, 7, 7, 7, 6, 6, 6, 6, 6, 7, 6, 7, 6, 6, 7, 6, 7, 7, 6, 7, 7, 7, 6, 6, 7, 6, 7, 6, 6, 7, 7, 6, 6, 6, 7, 7, 7, 7, 6, 7, 7, 7, 6, 6, 6, 7, 6, 6, 7, 7, 7, 7, 7, 7, 6, 6, 7, 7, 7, 7, 6, 6, 6, 6, 7, 6, 7, 6, 7, 7, 6, 7, 7, 7, 7, 7, 6, 7, 6, 6, 6, 6, 6, 7, 7, 7, 6, 7, 6, 6, 7, 6, 6, 6, 6, 7, 6, 6, 7, 6, 6, 7, 6, 6, 7, 7, 6, 6, 6, 7, 6, 7, 7, 6, 7, 6, 6, 6, 7, 6, 6, 6, 6, 6, 7, 7, 7, 7, 7, 6, 7, 7, 6, 7, 7, 6, 6, 6, 7, 7, 7, 6, 6, 7, 7, 7, 7, 7, 6, 6, 6, 7, 6, 7, 7, 7, 6, 7, 7, 6, 6, 7, 7, 6, 6, 6, 7, 6, 7, 7, 6, 7, 6, 6, 6, 6, 6, 6, 7, 6, 7, 6, 6, 6, 7, 7, 7, 6, 7, 6, 6, 6, 7, 6, 7, 7, 6, 6, 7, 6, 7, 6, 6, 7, 7, 7, 6, 7, 7, 7, 7, 6, 6, 6, 6, 6, 6, 6, 7, 8, 6, 6, 6, 6, 6, 7, 6, 7, 7, 6, 7, 6, 7, 6, 6, 6, 6, 7, 7, 6, 7, 6, 6, 7, 7, 7, 7, 7, 7, 6, 7, 7, 7, 7, 6, 6, 7, 6, 6, 6, 7, 6, 7, 7, 6, 6, 7, 6, 6, 6, 7, 6, 6, 7, 6, 6, 6, 6, 6, 7, 7, 7, 7, 6, 7, 7, 7, 7, 6, 7, 6, 7, 7, 6, 6, 6, 6, 6, 7, 6, 6, 7, 7, 7, 6, 6, 6, 6, 7, 6, 7, 7, 7, 6, 7, 7, 7, 6, 7, 7, 7, 6, 6, 7, 6, 6, 7, 7, 7, 7, 6, 6, 6, 7, 7, 7, 7, 7, 7, 6, 6, 6, 6, 7, 6, 6, 7, 6, 7, 7, 6, 6, 6, 7, 6, 7, 7, 6, 7, 7, 6, 7, 7, 6, 7, 6, 6, 7, 6, 7, 7, 7, 7, 7, 7, 6, 7, 6, 7, 7, 6, 6, 6, 6, 6, 7, 6, 6, 7, 6, 7, 7, 7, 7, 6, 7, 6, 7, 6, 6, 7, 7, 7, 7, 6, 6, 7, 7, 6, 6, 7, 6, 7, 6, 6, 7, 6, 6, 6, 7, 6, 7, 6, 7, 7, 6, 7, 6, 6, 6, 6, 6, 7, 7, 7, 6, 7, 6, 6, 6, 7, 6, 7, 7, 7, 7, 6, 6, 6, 7, 6, 6, 6, 6, 7, 7, 7, 6, 6, 7, 7, 6, 6, 7, 6, 7, 7, 6, 6, 6, 6, 6, 6, 7, 6, 7, 7, 6, 6, 6, 7, 7, 7, 6, 7, 6, 6, 7, 6, 6, 7, 7, 6, 6, 7, 7, 8, 6, 7, 7, 7, 6, 6, 7, 7, 6, 6, 7, 7, 7, 7, 7, 7, 6, 7, 7, 7, 6, 7, 7, 7, 6, 6, 7, 7, 6, 6, 7, 7, 7, 6, 7, 7, 7, 6, 7, 6, 7, 7, 6, 6, 7, 6, 7, 7, 7, 7, 7, 7, 7, 7, 7, 7, 6, 7, 6, 6, 6, 6, 7, 7, 7, 6, 7, 6, 6, 6, 7, 6, 6, 6, 7, 7, 6, 6, 6, 7, 6, 7, 7, 7, 7, 7, 6, 7, 7, 7, 6, 6, 7, 7, 7, 7, 7, 7, 6, 6, 7, 7, 6, 7, 6, 6, 7, 6, 6, 6, 6, 6, 6, 6, 6, 7, 7, 6, 7, 6, 7, 6, 7, 7, 7, 7, 6, 7, 6, 7, 6, 6, 6, 7, 7, 6, 7, 6, 6, 6, 7, 6, 6, 6, 6, 7, 6, 6, 7, 7, 7, 6, 6, 7, 6, 6, 7, 7, 6, 6, 6, 6, 7, 6, 6, 7, 7, 6, 7, 7, 6, 6, 6, 7, 6, 7, 6, 7, 6, 7, 6, 6, 6, 6, 7, 6, 7, 6, 6, 6, 6, 7, 6, 7, 6, 6, 6]

################################################################
################################################################
################### process_jail_list: ######################

[6, 6, 6, 6, 6, 6, 6, 6, 6, 5, 6, 5, 6, 6, 6, 6, 6, 6, 6, 6, 6, 6, 6, 6, 6, 6, 6, 6, 6, 6, 6, 6, 7, 6, 6, 6, 6, 6, 6, 6, 6, 6, 6, 6, 6, 5, 6, 6, 6, 7, 6, 6, 7, 6, 6, 6, 6, 6, 6, 6, 5, 6, 6, 6, 6, 6, 6, 6, 5, 6, 6, 6, 6, 6, 6, 6, 6, 7, 6, 6, 6, 5, 6, 5, 6, 6, 5, 6, 6, 5, 6, 5, 6, 6, 6, 6, 6, 6, 6, 6, 6, 6, 6, 6, 6, 6, 6, 6, 6, 6, 6, 6, 6, 6, 6, 6, 6, 6, 5, 6, 6, 6, 6, 6, 6, 6, 6, 6, 6, 6, 6, 6, 6, 6, 6, 6, 6, 5, 6, 6, 6, 6, 6, 5, 6, 6, 5, 6, 6, 7, 7, 6, 5, 6, 6, 5, 6, 6, 5, 6, 6, 6, 6, 6, 6, 5, 6, 6, 6, 6, 6, 6, 5, 6, 6, 5, 6, 6, 6, 6, 6, 6, 5, 6, 6, 6, 6, 6, 6, 5, 6, 6, 6, 6, 6, 6, 5, 6, 6, 5, 6, 6, 6, 6, 6, 5, 6, 6, 6, 6, 6, 5, 5, 6, 6, 6, 6, 6, 6, 6, 6, 6, 6, 6, 6, 6, 6, 6, 5, 6, 6, 6, 6, 6, 6, 6, 5, 6, 6, 6, 6, 6, 6, 5, 6, 6, 6, 6, 6, 6, 5, 5, 6, 5, 6, 6, 6, 5, 5, 6, 7, 6, 6, 5, 6, 6, 5, 6, 6, 6, 6, 6, 6, 6, 6, 6, 6, 6, 6, 7, 6, 6, 6, 6, 6, 6, 6, 6, 6, 6, 6, 6, 6, 6, 6, 6, 6, 6, 6, 6, 6, 6, 5, 6, 6, 5, 6, 6, 6, 6, 6, 5, 5, 6, 6, 6, 6, 6, 5, 6, 6, 6, 6, 6, 6, 6, 6, 6, 6, 6, 6, 6, 6, 6, 5, 6, 6, 6, 6, 6, 6, 6, 6, 6, 6, 6, 6, 6, 5, 6, 6, 5, 6, 5, 6, 6, 6, 6, 6, 5, 6, 6, 6, 6, 6, 6, 6, 6, 6, 6, 6, 6, 5, 5, 6, 6, 5, 6, 6, 7, 6, 6, 6, 6, 6, 6, 6, 6, 6, 6, 6, 6, 6, 5, 6, 7, 6, 5, 6, 6, 5, 6, 6, 6, 6, 6, 6, 5, 5, 6, 6, 6, 6, 6, 6, 6, 5, 5, 5, 6, 5, 6, 6, 5, 6, 6, 5, 6, 6, 6, 6, 6, 6, 6, 6, 6, 5, 6, 6, 6, 6, 6, 6, 7, 6, 6, 6, 6, 7, 6, 6, 6, 6, 5, 6, 6, 5, 6, 6, 5, 5, 6, 5, 6, 6, 5, 6, 6, 6, 6, 6, 6, 6, 6, 6, 6, 6, 6, 6, 6, 5, 6, 6, 6, 6, 6, 6, 6, 6, 6, 6, 6, 6, 6, 6, 6, 5, 6, 6, 6, 6, 6, 6, 6, 5, 6, 5, 6, 6, 6, 6, 6, 6, 6, 6, 6, 6, 5, 6, 6, 6, 6, 5, 6, 6, 6, 5, 6, 6, 6, 6, 6, 6, 6, 6, 7, 6, 5, 6, 6, 5, 6, 6, 6, 6, 6, 6, 6, 6, 6, 6, 6, 6, 6, 6, 6, 6, 6, 6, 6, 6, 5, 6, 6, 5, 5, 6, 6, 6, 6, 6, 6, 7, 5, 6, 6, 6, 6, 6, 6, 6, 5, 6, 7, 6, 6, 6, 6, 6, 6, 6, 6, 7, 6, 6, 6, 7, 6, 6, 6, 6, 6, 6, 7, 6, 6, 6, 6, 6, 6, 5, 6, 6, 6, 6, 6, 6, 6, 6, 6, 6, 6, 6, 6, 6, 6, 6, 6, 6, 6, 6, 6, 5, 6, 5, 6, 6, 6, 6, 6, 6, 5, 6, 6, 5, 6, 6, 6, 6, 6, 6, 6, 6, 6, 6, 6, 6, 6, 6, 6, 6, 6, 6, 5, 6, 7, 7, 7, 7, 6, 6, 6, 6, 6, 6, 5, 6, 6, 5, 6, 5, 5, 6, 5, 5, 5, 6, 6, 6, 6, 6, 6, 6, 6, 6, 6, 6, 6, 6, 6, 6, 5, 6, 5, 6, 6, 6, 6, 6, 6, 6, 6, 5, 6, 5, 5, 6, 6, 6, 6, 6, 6, 6, 6, 6, 5, 6, 6, 6, 6, 6, 5, 5, 6, 5, 6, 6, 6, 6, 6, 5, 7, 6, 6, 5, 6, 6, 6, 6, 6, 6, 5, 6, 6, 6, 6, 6, 6, 5, 7, 6, 6, 6, 5, 6, 6, 6, 5, 6, 5]

################################################################
Numero total de amostras 770

Tempo total de processamento: 0:16:32

############## TEMPOS DE PROCESSAMENTO DO EXERCICIO NO JAIL  ####################
Soma 4447 segundos
Media 5.775324675324676 segundos
Desvio padrão 0.4560291185040664 segundos
Minimo 5 segundos
Maximo 7 segundos

95% 5.0 segundos
99% 5.0 segundos

############## TEMPOS DE PROCESSAMENTO DO EXERCICIO NO JAIL COM DOWNLOAD  ################
Soma 4908 segundos
Media 6.374025974025974 segundos
Desvio padrão 0.4944897927859642 segundos
Minimo 6 segundos
Maximo 8 segundos

95% 6.0 segundos
99% 6.0 segundos

################### TEMPOS DE DOWNLOAD DO EXERCICIO NO JAIL #######################
Soma 461 segundos
Media 0.5987012987012987 segundos
Desvio padrão 0.5006472450980705 segundos
Minimo 0 segundos
Maximo 2 segundos

95% 0.0 segundos
99% 0.0 segundos

############################ TEMPOS DE ESPERA NA FILA ############################
Soma 130023
Media 168.86103896103896 segundos
Desvio padrão 92.99984730589917 segundos
Minimo 1 segundos
Maximo 329 segundos

95% 10.305499999999999 segundos
99% 10.6131 segundos

################### queue_wait_time_list: ######################

[13, 13, 1, 12, 16, 11, 10, 15, 16, 11, 6, 13, 9, 16, 8, 7, 7, 19, 20, 14, 9, 18, 12, 15, 14, 18, 23, 17, 185, 24, 22, 18, 21, 19, 24, 27, 22, 22, 27, 25, 28, 23, 26, 23, 28, 24, 31, 20, 18, 21, 23, 26, 29, 32, 33, 28, 35, 31, 31, 30, 39, 30, 29, 37, 33, 44, 37, 34, 34, 42, 40, 37, 36, 38, 36, 41, 38, 40, 45, 52, 42, 40, 45, 46, 47, 41, 49, 45, 51, 48, 46, 46, 49, 48, 117, 118, 51, 126, 144, 149, 153, 238, 181, 272, 197, 185, 193, 241, 203, 275, 211, 247, 305, 222, 253, 225, 280, 231, 260, 311, 289, 264, 318, 292, 300, 323, 328, 33, 34, 120, 126, 132, 175, 271, 200, 184, 237, 192, 203, 307, 241, 210, 275, 219, 247, 221, 281, 253, 228, 311, 231, 260, 289, 264, 318, 291, 324, 301, 329, 32, 39, 38, 41, 43, 46, 44, 47, 57, 59, 56, 53, 63, 57, 53, 52, 72, 55, 54, 54, 60, 61, 65, 62, 60, 59, 67, 64, 62, 61, 66, 69, 62, 76, 67, 65, 66, 71, 71, 68, 69, 73, 75, 70, 74, 71, 72, 73, 74, 77, 237, 176, 281, 199, 180, 181, 187, 244, 192, 207, 288, 209, 248, 219, 312, 253, 222, 291, 228, 260, 233, 292, 265, 317, 278, 324, 299, 300, 307, 50, 76, 129, 133, 135, 156, 298, 278, 173, 175, 199, 180, 243, 188, 206, 249, 209, 283, 299, 218, 253, 323, 221, 287, 259, 228, 234, 265, 292, 307, 270, 295, 313, 318, 52, 50, 53, 55, 82, 81, 80, 81, 80, 76, 84, 76, 77, 148, 79, 80, 78, 77, 193, 79, 175, 217, 237, 182, 198, 188, 214, 234, 205, 271, 228, 284, 249, 243, 255, 259, 267, 289, 277, 300, 290, 294, 295, 306, 314, 319, 324, 54, 58, 56, 57, 58, 61, 65, 63, 67, 82, 94, 89, 85, 85, 86, 90, 86, 90, 85, 92, 88, 98, 86, 93, 91, 88, 106, 100, 92, 95, 94, 95, 96, 98, 102, 99, 98, 104, 102, 100, 105, 99, 103, 100, 105, 103, 102, 68, 104, 107, 108, 108, 106, 107, 109, 110, 196, 178, 314, 277, 181, 199, 188, 227, 256, 297, 205, 233, 213, 262, 237, 216, 283, 224, 243, 266, 303, 249, 290, 271, 319, 306, 293, 324, 70, 195, 178, 244, 183, 203, 187, 290, 249, 205, 213, 256, 294, 220, 262, 224, 303, 230, 265, 233, 273, 240, 309, 276, 313, 282, 320, 326, 70, 109, 155, 109, 109, 162, 112, 111, 112, 111, 164, 194, 177, 224, 184, 202, 189, 255, 230, 280, 209, 319, 240, 212, 262, 303, 221, 246, 283, 268, 250, 289, 274, 309, 326, 296, 315, 74, 116, 117, 118, 84, 83, 82, 85, 87, 114, 114, 113, 117, 121, 115, 122, 116, 123, 119, 123, 123, 118, 121, 121, 131, 125, 124, 125, 122, 127, 128, 134, 129, 130, 127, 127, 128, 131, 130, 134, 134, 136, 131, 130, 134, 136, 133, 194, 280, 138, 137, 145, 151, 154, 159, 201, 174, 245, 176, 177, 179, 208, 183, 285, 252, 191, 211, 315, 256, 224, 289, 230, 267, 320, 239, 295, 273, 325, 302, 310, 91, 123, 125, 132, 236, 195, 137, 137, 177, 274, 200, 190, 239, 316, 208, 245, 216, 279, 220, 251, 321, 223, 287, 257, 229, 295, 261, 326, 269, 302, 309, 89, 94, 245, 268, 179, 198, 183, 227, 136, 315, 140, 190, 201, 139, 138, 251, 139, 230, 139, 142, 141, 141, 207, 297, 273, 216, 235, 257, 220, 239, 279, 261, 304, 322, 286, 308, 326, 92, 97, 96, 101, 101, 104, 106, 148, 144, 143, 140, 152, 146, 145, 142, 145, 150, 145, 148, 147, 147, 146, 148, 153, 152, 159, 152, 156, 151, 150, 161, 154, 152, 156, 158, 158, 158, 163, 159, 157, 159, 164, 161, 158, 161, 164, 161, 120, 144, 150, 241, 197, 279, 204, 162, 165, 166, 166, 245, 321, 182, 206, 190, 250, 215, 285, 226, 257, 327, 232, 298, 263, 235, 304, 267, 275, 310, 314, 110, 113, 167, 167, 214, 186, 169, 197, 170, 166, 165, 192, 285, 167, 169, 232, 167, 170, 167, 169, 204, 172, 172, 180, 219, 212, 256, 247, 236, 226, 269, 317, 251, 242, 281, 263, 311, 275, 305, 298, 321, 329, 115, 140, 265, 142, 298, 194, 196, 235, 204, 172, 269, 172, 171, 173, 173, 174, 241, 214, 179, 186, 304, 222, 248, 274, 226, 328, 254, 232, 281, 258, 312, 286, 317, 322]

################################################################
################### jail_ex_download_list: ######################

[0, 1, 1, 1, 1, 1, 1, 1, 1, 0, 1, 0, 2, 1, 2, 2, 2, 0, 1, 0, 0, 0, 1, 1, 1, 0, 1, 1, 1, 1, 1, 0, 0, 1, 1, 0, 0, 1, 0, 1, 1, 1, 0, 1, 0, 1, 0, 1, 1, 0, 1, 0, 1, 1, 1, 0, 1, 1, 0, 1, 1, 1, 1, 1, 1, 0, 0, 1, 0, 1, 1, 0, 0, 1, 0, 1, 1, 0, 0, 1, 1, 1, 0, 1, 1, 1, 1, 0, 1, 0, 1, 1, 1, 1, 0, 1, 0, 0, 0, 1, 1, 0, 1, 0, 1, 1, 0, 1, 1, 0, 1, 1, 0, 1, 1, 1, 1, 1, 0, 1, 0, 0, 1, 1, 1, 0, 0, 0, 1, 0, 1, 0, 1, 1, 1, 1, 1, 1, 0, 0, 1, 1, 1, 0, 1, 1, 1, 1, 0, 0, 1, 0, 0, 0, 0, 1, 0, 0, 0, 0, 1, 1, 0, 1, 0, 1, 1, 1, 0, 0, 1, 1, 1, 0, 1, 1, 0, 1, 1, 0, 0, 1, 1, 0, 1, 0, 0, 0, 0, 1, 0, 1, 1, 1, 0, 0, 0, 1, 1, 0, 0, 1, 1, 1, 1, 1, 1, 1, 1, 1, 0, 0, 1, 0, 1, 0, 0, 0, 1, 0, 1, 0, 0, 1, 0, 1, 1, 0, 1, 1, 1, 1, 0, 0, 0, 0, 1, 1, 1, 1, 1, 0, 1, 1, 1, 0, 1, 1, 1, 1, 1, 0, 1, 1, 0, 1, 1, 1, 1, 0, 1, 1, 1, 1, 1, 1, 1, 1, 1, 0, 0, 0, 0, 0, 0, 1, 1, 1, 0, 0, 1, 1, 0, 1, 0, 1, 0, 0, 1, 1, 0, 0, 1, 1, 0, 0, 1, 0, 1, 0, 1, 1, 1, 1, 0, 0, 1, 1, 0, 0, 0, 0, 1, 1, 0, 1, 0, 0, 0, 0, 1, 0, 0, 1, 1, 0, 1, 1, 1, 1, 0, 1, 1, 1, 1, 1, 1, 1, 0, 0, 1, 1, 0, 1, 1, 0, 0, 1, 1, 1, 1, 1, 0, 0, 1, 1, 1, 0, 1, 1, 1, 1, 1, 0, 0, 0, 0, 1, 1, 0, 0, 1, 1, 1, 0, 1, 0, 0, 0, 1, 0, 1, 1, 0, 1, 1, 1, 1, 1, 0, 1, 1, 1, 0, 0, 0, 0, 1, 0, 1, 1, 1, 1, 0, 1, 0, 0, 1, 1, 1, 0, 1, 1, 1, 0, 1, 1, 0, 1, 0, 0, 0, 1, 1, 1, 0, 1, 0, 1, 1, 0, 0, 1, 0, 1, 1, 0, 0, 1, 1, 1, 0, 1, 1, 0, 0, 1, 1, 0, 0, 0, 1, 1, 0, 1, 1, 0, 0, 0, 1, 0, 0, 1, 0, 1, 1, 0, 0, 0, 0, 0, 1, 0, 1, 1, 1, 1, 1, 1, 0, 1, 0, 1, 0, 0, 1, 1, 1, 1, 0, 0, 0, 0, 1, 0, 0, 1, 0, 1, 0, 0, 0, 1, 0, 1, 1, 0, 0, 1, 1, 1, 1, 1, 0, 0, 1, 1, 1, 1, 1, 1, 1, 1, 1, 1, 1, 0, 1, 0, 1, 0, 1, 0, 0, 1, 1, 0, 0, 1, 0, 1, 1, 1, 1, 0, 1, 0, 0, 1, 1, 0, 0, 0, 1, 1, 0, 0, 0, 1, 0, 1, 0, 1, 1, 1, 1, 1, 1, 0, 0, 0, 1, 1, 1, 1, 0, 1, 1, 0, 1, 1, 0, 1, 0, 1, 0, 0, 1, 1, 0, 0, 0, 1, 1, 1, 0, 0, 0, 0, 1, 0, 1, 0, 0, 1, 1, 1, 1, 1, 0, 1, 1, 0, 0, 1, 1, 1, 0, 1, 0, 1, 1, 1, 0, 1, 1, 0, 0, 0, 1, 1, 0, 0, 1, 1, 0, 1, 1, 0, 1, 1, 1, 1, 0, 0, 1, 1, 0, 0, 1, 0, 1, 0, 1, 1, 0, 1, 0, 1, 1, 0, 0, 0, 0, 1, 1, 1, 1, 0, 1, 1, 0, 1, 0, 1, 1, 1, 1, 0, 1, 1, 0, 1, 1, 0, 1, 1, 1, 0, 1, 1, 1, 1, 1, 1, 1, 1, 1, 1, 0, 1, 1, 0, 0, 0, 0, 0, 1, 1, 0, 1, 0, 1, 0, 1, 0, 0, 1, 1, 1, 1, 1, 0, 1, 0, 0, 1, 1, 0, 0, 1, 1, 1, 0, 1, 0, 0, 1, 0, 1, 0, 0, 1, 1, 1, 0, 1, 0, 1, 1, 1, 0, 1, 1, 1, 1, 1, 1, 0, 1, 0, 0, 1, 0, 1, 0, 1, 1, 1, 1]

################################################################
################################################################
################### process_jail_download_list: ######################

[6, 6, 6, 6, 7, 7, 7, 7, 7, 6, 6, 6, 8, 7, 8, 8, 8, 6, 6, 6, 6, 6, 6, 6, 7, 6, 6, 6, 7, 7, 6, 6, 6, 7, 6, 6, 6, 6, 6, 7, 7, 7, 6, 6, 6, 7, 6, 6, 7, 6, 7, 6, 7, 6, 7, 6, 6, 7, 6, 6, 6, 7, 7, 7, 6, 6, 6, 7, 6, 7, 6, 6, 6, 7, 6, 6, 7, 6, 6, 6, 7, 6, 6, 7, 6, 7, 7, 6, 7, 6, 6, 7, 6, 7, 6, 7, 6, 6, 6, 7, 7, 6, 6, 6, 7, 7, 6, 7, 6, 6, 7, 7, 6, 6, 7, 6, 7, 6, 6, 7, 6, 7, 6, 7, 7, 6, 6, 6, 7, 6, 6, 6, 7, 7, 7, 7, 7, 6, 6, 6, 7, 7, 6, 6, 6, 7, 6, 7, 6, 6, 6, 6, 6, 6, 6, 7, 6, 6, 6, 6, 6, 6, 6, 7, 6, 6, 7, 7, 6, 6, 7, 6, 7, 6, 6, 6, 6, 7, 7, 6, 6, 7, 7, 6, 7, 6, 6, 6, 6, 7, 6, 7, 6, 7, 6, 6, 6, 7, 7, 6, 6, 6, 7, 7, 6, 6, 7, 7, 7, 6, 6, 6, 7, 6, 7, 6, 6, 6, 6, 6, 7, 6, 6, 7, 6, 7, 6, 6, 6, 7, 6, 7, 6, 6, 6, 6, 7, 6, 6, 7, 6, 6, 6, 6, 6, 6, 7, 6, 6, 7, 6, 7, 6, 7, 6, 6, 7, 6, 7, 6, 7, 6, 6, 7, 6, 6, 7, 7, 7, 6, 6, 6, 6, 6, 6, 6, 7, 7, 6, 6, 6, 6, 6, 6, 6, 7, 6, 6, 7, 7, 6, 6, 6, 7, 6, 6, 6, 7, 7, 6, 7, 7, 6, 7, 6, 6, 6, 6, 6, 6, 6, 6, 7, 6, 6, 7, 6, 6, 6, 6, 7, 6, 6, 7, 7, 6, 7, 7, 7, 6, 6, 7, 6, 7, 7, 7, 6, 6, 7, 6, 7, 6, 7, 7, 7, 6, 6, 7, 7, 6, 7, 7, 6, 6, 7, 6, 6, 6, 7, 6, 6, 6, 7, 6, 6, 6, 6, 6, 6, 6, 6, 7, 7, 7, 6, 7, 6, 6, 6, 6, 6, 7, 7, 6, 6, 7, 7, 6, 6, 6, 7, 7, 7, 6, 6, 6, 6, 6, 6, 6, 6, 6, 6, 6, 7, 6, 6, 7, 6, 7, 6, 6, 6, 7, 6, 7, 6, 6, 6, 6, 6, 6, 6, 6, 6, 6, 7, 6, 7, 6, 6, 6, 6, 6, 6, 6, 6, 6, 7, 7, 7, 6, 7, 6, 6, 6, 6, 7, 6, 6, 6, 7, 6, 6, 7, 7, 6, 6, 6, 7, 6, 6, 6, 6, 6, 7, 6, 6, 6, 6, 6, 7, 6, 7, 7, 6, 7, 7, 7, 6, 7, 6, 6, 6, 7, 6, 7, 7, 7, 6, 6, 6, 6, 7, 6, 6, 7, 6, 7, 6, 6, 6, 7, 6, 6, 7, 6, 6, 6, 6, 7, 7, 7, 6, 6, 6, 6, 6, 6, 7, 6, 7, 7, 7, 6, 7, 6, 7, 6, 7, 6, 6, 6, 7, 7, 6, 6, 6, 6, 6, 6, 6, 6, 7, 6, 7, 6, 6, 7, 7, 6, 6, 6, 6, 7, 6, 6, 6, 7, 7, 6, 6, 6, 6, 7, 6, 6, 6, 6, 6, 6, 7, 6, 7, 7, 6, 7, 7, 6, 7, 6, 6, 7, 6, 6, 6, 6, 7, 7, 6, 6, 6, 6, 7, 6, 6, 6, 6, 6, 7, 6, 6, 6, 6, 7, 6, 7, 6, 6, 6, 7, 7, 6, 7, 7, 7, 7, 6, 7, 6, 7, 7, 7, 6, 6, 6, 6, 6, 6, 6, 6, 6, 6, 6, 6, 6, 6, 6, 6, 7, 7, 6, 7, 6, 6, 7, 7, 6, 6, 7, 6, 6, 6, 7, 7, 6, 6, 6, 6, 7, 6, 6, 6, 6, 7, 6, 7, 6, 6, 7, 7, 6, 6, 6, 7, 7, 6, 7, 7, 7, 7, 7, 7, 7, 6, 6, 7, 6, 6, 7, 7, 7, 6, 7, 7, 7, 7, 7, 7, 6, 7, 7, 6, 6, 6, 6, 6, 6, 7, 6, 7, 6, 6, 6, 7, 6, 6, 6, 6, 7, 7, 6, 6, 6, 6, 6, 6, 6, 6, 6, 7, 7, 7, 6, 7, 6, 7, 6, 7, 7, 6, 6, 7, 7, 6, 6, 7, 6, 6, 6, 7, 6, 7, 7, 6, 7, 7, 6, 6, 7, 6, 6, 6, 6, 7, 6, 7, 7, 7, 7]

################################################################
################################################################
################### process_jail_list: ######################

[6, 5, 5, 5, 6, 6, 6, 6, 6, 6, 5, 6, 6, 6, 6, 6, 6, 6, 5, 6, 6, 6, 5, 5, 6, 6, 5, 5, 6, 6, 5, 6, 6, 6, 5, 6, 6, 5, 6, 6, 6, 6, 6, 5, 6, 6, 6, 5, 6, 6, 6, 6, 6, 5, 6, 6, 5, 6, 6, 5, 5, 6, 6, 6, 5, 6, 6, 6, 6, 6, 5, 6, 6, 6, 6, 5, 6, 6, 6, 5, 6, 5, 6, 6, 5, 6, 6, 6, 6, 6, 5, 6, 5, 6, 6, 6, 6, 6, 6, 6, 6, 6, 5, 6, 6, 6, 6, 6, 5, 6, 6, 6, 6, 5, 6, 5, 6, 5, 6, 6, 6, 7, 5, 6, 6, 6, 6, 6, 6, 6, 5, 6, 6, 6, 6, 6, 6, 5, 6, 6, 6, 6, 5, 6, 5, 6, 5, 6, 6, 6, 5, 6, 6, 6, 6, 6, 6, 6, 6, 6, 5, 5, 6, 6, 6, 5, 6, 6, 6, 6, 6, 5, 6, 6, 5, 5, 6, 6, 6, 6, 6, 6, 6, 6, 6, 6, 6, 6, 6, 6, 6, 6, 5, 6, 6, 6, 6, 6, 6, 6, 6, 5, 6, 6, 5, 5, 6, 6, 6, 5, 6, 6, 6, 6, 6, 6, 6, 6, 5, 6, 6, 6, 6, 6, 6, 6, 5, 6, 5, 6, 5, 6, 6, 6, 6, 6, 6, 5, 5, 6, 5, 6, 5, 5, 5, 6, 6, 5, 5, 6, 5, 7, 5, 6, 6, 5, 6, 5, 6, 6, 6, 5, 5, 6, 5, 5, 6, 6, 6, 6, 6, 6, 6, 6, 6, 5, 6, 6, 6, 6, 5, 5, 6, 5, 6, 6, 6, 6, 6, 6, 6, 6, 5, 6, 6, 6, 5, 7, 6, 6, 6, 6, 5, 6, 6, 6, 5, 5, 6, 6, 6, 6, 6, 5, 6, 6, 6, 6, 6, 6, 6, 6, 6, 6, 6, 6, 6, 6, 6, 5, 6, 6, 5, 6, 6, 6, 5, 5, 7, 6, 6, 5, 7, 6, 6, 6, 6, 6, 6, 5, 6, 6, 6, 6, 6, 5, 5, 6, 6, 5, 5, 5, 6, 6, 6, 6, 6, 5, 5, 6, 6, 6, 6, 6, 6, 6, 6, 6, 6, 5, 6, 6, 6, 6, 5, 6, 6, 5, 5, 6, 6, 6, 6, 6, 6, 6, 6, 5, 6, 5, 5, 5, 5, 6, 6, 6, 6, 6, 5, 6, 6, 5, 5, 6, 6, 6, 5, 6, 5, 6, 6, 6, 5, 5, 5, 6, 6, 6, 6, 5, 6, 6, 5, 6, 5, 5, 6, 6, 6, 6, 6, 6, 6, 5, 6, 6, 5, 6, 6, 6, 6, 6, 5, 6, 6, 6, 6, 6, 6, 6, 6, 6, 5, 6, 5, 6, 6, 6, 6, 6, 6, 6, 6, 6, 6, 5, 6, 6, 6, 6, 6, 6, 5, 6, 7, 5, 6, 6, 6, 6, 6, 6, 6, 6, 6, 6, 6, 6, 6, 6, 6, 6, 6, 6, 5, 6, 6, 6, 5, 5, 6, 6, 6, 6, 6, 5, 5, 5, 5, 6, 5, 6, 6, 6, 5, 6, 6, 6, 6, 6, 6, 5, 6, 7, 6, 5, 6, 6, 5, 6, 5, 5, 5, 6, 6, 6, 6, 6, 6, 6, 6, 6, 6, 5, 6, 6, 6, 6, 6, 7, 5, 6, 5, 5, 6, 5, 5, 5, 6, 6, 6, 6, 5, 6, 6, 6, 6, 6, 6, 6, 5, 6, 6, 6, 5, 6, 6, 6, 6, 6, 6, 6, 5, 6, 5, 6, 6, 6, 6, 6, 6, 5, 6, 6, 6, 5, 6, 5, 5, 6, 6, 6, 6, 7, 6, 6, 6, 6, 6, 6, 6, 6, 6, 6, 5, 5, 6, 6, 6, 5, 5, 6, 6, 5, 5, 6, 5, 5, 6, 6, 6, 5, 6, 6, 6, 6, 6, 6, 6, 6, 6, 5, 6, 6, 6, 6, 5, 6, 5, 6, 6, 6, 6, 6, 6, 5, 6, 5, 6, 6, 6, 6, 5, 6, 6, 6, 5, 6, 7, 6, 6, 7, 6, 6, 6, 5, 6, 5, 6, 6, 6, 6, 5, 6, 6, 6, 6, 6, 6, 6, 6, 6, 6, 6, 6, 6, 6, 5, 6, 6, 6, 6, 5, 6, 6, 6, 6, 5, 5, 6, 6, 5, 6, 5, 6, 6, 5, 5, 6, 6, 6, 6, 6, 6, 6, 6, 7, 5, 7, 6, 6, 6, 6, 6, 5, 6, 6, 6, 5, 5, 6, 6, 6, 6, 5, 6, 6, 5, 6, 6, 6, 6, 5, 6, 6, 6, 6, 6, 6, 6]

################################################################
