Numero total de amostras 770

Tempo total de processamento: 1:17:34

############## TEMPOS DE PROCESSAMENTO DO EXERCICIO NO JAIL  ####################
Soma 4276 segundos
Media 5.5532467532467535 segundos
Desvio padr達o 0.4971566989075772 segundos
Minimo 5 segundos
Maximo 6 segundos

95% 5.0 segundos
99% 5.0 segundos

############## TEMPOS DE PROCESSAMENTO DO EXERCICIO NO JAIL COM DOWNLOAD  ################
Soma 4652 segundos
Media 6.041558441558442 segundos
Desvio padr達o 0.1995778983095953 segundos
Minimo 6 segundos
Maximo 7 segundos

95% 6.0 segundos
99% 6.0 segundos

################### TEMPOS DE DOWNLOAD DO EXERCICIO NO JAIL #######################
Soma 376 segundos
Media 0.4883116883116883 segundos
Desvio padr達o 0.49986336470067183 segundos
Minimo 0 segundos
Maximo 1 segundos

95% 0.0 segundos
99% 0.0 segundos

############################ TEMPOS DE ESPERA NA FILA ############################
Soma 1537252
Media 1996.4311688311689 segundos
Desvio padr達o 1153.047906131267 segundos
Minimo 2 segundos
Maximo 3992 segundos

95% 40.527499999999996 segundos
99% 42.0655 segundos

################### queue_wait_time_list: ######################

[29, 39, 2, 44, 8, 13, 18, 24, 34, 49, 59, 64, 70, 80, 85, 96, 101, 106, 117, 122, 127, 138, 143, 148, 155, 160, 166, 172, 178, 190, 196, 202, 214, 219, 224, 235, 240, 251, 256, 261, 272, 277, 283, 293, 298, 308, 314, 54, 75, 329, 334, 344, 350, 355, 365, 370, 376, 386, 391, 397, 407, 412, 422, 428, 433, 443, 448, 453, 464, 469, 480, 485, 490, 501, 506, 511, 521, 526, 531, 542, 547, 557, 562, 568, 578, 583, 588, 598, 604, 610, 620, 625, 635, 640, 2580, 2590, 646, 2611, 651, 656, 661, 666, 671, 90, 2632, 111, 132, 682, 687, 697, 702, 713, 718, 723, 734, 739, 744, 755, 760, 770, 775, 780, 791, 796, 801, 811, 816, 822, 832, 837, 847, 852, 858, 869, 874, 879, 889, 895, 900, 910, 915, 925, 931, 936, 946, 951, 956, 967, 972, 982, 987, 2653, 992, 1054, 2668, 997, 2689, 1059, 1003, 2710, 1008, 1064, 2730, 1013, 2747, 1070, 1018, 2767, 2788, 1023, 1076, 2803, 1028, 2825, 1081, 1033, 2845, 1039, 2866, 2881, 1044, 1048, 153, 160, 184, 1091, 1101, 1106, 1111, 1122, 1127, 1132, 1142, 1148, 1153, 1163, 1168, 1178, 1185, 1190, 1200, 1205, 1210, 1221, 1226, 1231, 1241, 1246, 1257, 1262, 1268, 1278, 1283, 1288, 1299, 1304, 1314, 1319, 1324, 1335, 1340, 1345, 1355, 1360, 1366, 1377, 1382, 1392, 1397, 208, 229, 1413, 1418, 1428, 1433, 1438, 1449, 1454, 1459, 1469, 1475, 1486, 1491, 1496, 1506, 1512, 1517, 1527, 1532, 1537, 1547, 1553, 1563, 1568, 1573, 1583, 1589, 1594, 1604, 1610, 1615, 1626, 1631, 1641, 1646, 1651, 1662, 1667, 1672, 1682, 1687, 1698, 1703, 1708, 1718, 1723, 2980, 1729, 2995, 3011, 1734, 3032, 3053, 1739, 3068, 3089, 1744, 3110, 1749, 3130, 1754, 1759, 1765, 1770, 246, 3146, 267, 288, 1781, 1786, 1796, 1801, 1812, 1817, 1822, 1832, 1838, 1844, 1854, 1859, 1869, 1875, 1880, 1890, 1895, 1900, 1911, 1916, 1921, 1932, 1937, 1948, 1953, 1958, 1968, 1973, 1978, 1989, 1994, 2000, 2010, 2015, 2026, 2031, 2036, 2046, 2051, 2057, 2067, 2072, 2082, 2087, 3167, 2155, 2092, 3187, 2098, 2160, 3208, 2103, 3224, 2166, 2109, 3244, 3265, 2114, 2171, 3280, 2119, 2124, 3296, 2130, 3301, 3316, 2135, 3337, 3357, 2140, 3378, 2145, 3394, 2150, 303, 3415, 319, 324, 339, 2186, 2191, 2196, 2207, 2212, 2217, 2228, 2233, 2238, 2249, 2254, 2264, 2269, 2275, 2285, 2290, 2295, 2305, 2310, 2316, 2327, 2332, 2342, 2347, 2353, 2363, 2368, 2373, 2384, 2389, 2399, 2404, 2409, 2420, 2425, 2430, 2440, 2446, 2451, 2462, 2467, 2477, 2482, 2529, 2487, 3513, 2534, 2492, 3528, 3549, 2498, 2539, 3570, 2503, 2544, 2508, 3591, 3606, 2513, 2549, 2518, 2554, 2523, 2559, 2565, 2570, 2575, 3436, 3451, 3471, 3492, 360, 381, 402, 2585, 2595, 2600, 2606, 2616, 2622, 2627, 2638, 2643, 2648, 2658, 2663, 2673, 2679, 2684, 2694, 2699, 2704, 2715, 2720, 2725, 2735, 2740, 2752, 2757, 2762, 2772, 2777, 2782, 2793, 2798, 2808, 2813, 2820, 2829, 2834, 2840, 2850, 2856, 2861, 2871, 2876, 2886, 2892, 2959, 2897, 2902, 2964, 2907, 2970, 2912, 2918, 2975, 2923, 3674, 2929, 3684, 3705, 2934, 3726, 2939, 3746, 3763, 2944, 3783, 3804, 2949, 3825, 2954, 3841, 3861, 3882, 3898, 417, 438, 459, 2985, 2990, 3001, 3006, 3016, 3022, 3027, 3037, 3043, 3048, 3058, 3063, 3074, 3079, 3084, 3094, 3099, 3104, 3115, 3120, 3125, 3135, 3140, 3151, 3156, 3161, 3172, 3177, 3183, 3193, 3198, 3203, 3213, 3218, 3229, 3234, 3239, 3249, 3255, 3260, 3270, 3275, 3285, 3290, 475, 495, 3306, 3311, 3321, 3327, 3332, 3342, 3347, 3352, 3363, 3368, 3373, 3384, 3389, 3399, 3405, 3410, 3420, 3425, 3430, 3441, 3446, 3456, 3461, 3466, 3477, 3482, 3487, 3497, 3502, 3508, 3518, 3523, 3533, 3538, 3544, 3554, 3559, 3564, 3575, 3580, 3586, 3596, 3601, 3611, 3616, 3622, 3627, 3632, 3637, 3642, 3647, 3652, 3658, 3663, 3668, 3919, 3939, 3960, 3976, 3992, 516, 537, 552, 3679, 3690, 3695, 3700, 3710, 3715, 3720, 3731, 3736, 3741, 3751, 3756, 3768, 3773, 3778, 3788, 3793, 3799, 3809, 3815, 3820, 3830, 3835, 3846, 3851, 3856, 3866, 3872, 3877, 3887, 3893, 3903, 3909, 3914, 3924, 3929, 3934, 3945, 3950, 3955, 3965, 3970, 3982, 3987, 573, 593, 615, 630, 676, 692, 707, 728, 750, 765, 785, 806, 827, 842, 864, 884, 905, 920, 941, 961, 977, 1372, 1086, 1096, 1117, 1137, 1158, 1173, 1195, 1215, 1236, 1251, 1273, 1293, 1309, 1330, 1350, 1387, 1444, 1403, 1408, 1423, 1464, 1481, 1501, 1522, 1542, 1558, 1578, 1599, 1621, 1636, 1657, 1677, 1693, 1713, 2394, 1776, 1791, 1807, 1827, 1849, 1864, 1885, 1905, 1927, 1942, 1963, 1983, 2005, 2021, 2041, 2062, 2077, 2414, 2176, 2181, 2202, 2223, 2244, 2259, 2280, 2300, 2321, 2337, 2358, 2378, 2435, 2457, 2472]

################################################################
################### jail_ex_download_list: ######################

[0, 0, 1, 0, 0, 0, 0, 0, 0, 0, 1, 1, 1, 1, 1, 1, 1, 1, 0, 0, 0, 0, 0, 0, 0, 1, 1, 1, 1, 1, 1, 1, 1, 1, 1, 1, 1, 0, 0, 0, 0, 0, 0, 0, 0, 0, 0, 0, 1, 1, 1, 1, 1, 1, 1, 1, 0, 0, 0, 0, 0, 0, 0, 1, 1, 1, 1, 1, 1, 1, 0, 0, 0, 0, 0, 0, 0, 0, 0, 0, 0, 1, 1, 1, 1, 1, 1, 1, 0, 0, 0, 0, 0, 0, 1, 1, 0, 1, 0, 0, 0, 0, 1, 1, 0, 1, 0, 1, 1, 1, 1, 1, 1, 1, 0, 0, 0, 0, 0, 0, 0, 0, 1, 0, 0, 1, 1, 1, 1, 1, 1, 1, 1, 0, 0, 0, 0, 0, 0, 0, 0, 0, 0, 0, 0, 0, 0, 1, 1, 1, 1, 0, 1, 1, 0, 1, 0, 1, 1, 1, 1, 1, 1, 1, 0, 0, 1, 0, 1, 1, 0, 1, 1, 0, 0, 1, 0, 1, 1, 1, 1, 1, 0, 1, 1, 0, 0, 0, 0, 1, 1, 1, 1, 1, 1, 1, 1, 1, 0, 0, 0, 0, 0, 1, 1, 1, 1, 1, 1, 1, 0, 0, 0, 0, 0, 0, 1, 1, 1, 1, 1, 1, 1, 1, 1, 0, 0, 0, 0, 1, 1, 0, 0, 0, 1, 1, 1, 1, 1, 1, 0, 0, 0, 0, 0, 0, 0, 1, 1, 1, 1, 1, 1, 1, 1, 1, 1, 1, 1, 0, 0, 0, 0, 0, 0, 0, 0, 0, 0, 0, 1, 1, 1, 1, 1, 1, 1, 1, 1, 1, 1, 0, 0, 1, 0, 0, 1, 0, 1, 1, 1, 1, 1, 1, 0, 1, 0, 0, 0, 0, 0, 0, 0, 0, 0, 1, 0, 0, 0, 0, 0, 0, 0, 0, 0, 1, 1, 1, 1, 0, 0, 0, 1, 1, 1, 1, 1, 1, 1, 0, 0, 0, 0, 0, 0, 0, 0, 0, 1, 1, 1, 1, 0, 0, 1, 0, 1, 0, 0, 1, 0, 0, 0, 0, 0, 0, 0, 1, 0, 0, 1, 0, 1, 1, 0, 1, 1, 0, 1, 0, 0, 0, 0, 0, 0, 0, 1, 1, 1, 1, 1, 1, 1, 0, 0, 0, 0, 0, 1, 1, 1, 1, 1, 1, 1, 1, 1, 0, 0, 0, 0, 0, 0, 0, 0, 0, 0, 1, 1, 1, 1, 1, 1, 1, 0, 0, 0, 0, 0, 0, 0, 0, 1, 1, 0, 1, 1, 0, 1, 0, 0, 1, 0, 0, 0, 0, 1, 0, 1, 0, 1, 1, 1, 1, 0, 0, 1, 1, 1, 0, 0, 1, 1, 1, 1, 1, 0, 0, 0, 0, 0, 0, 0, 0, 0, 0, 1, 1, 1, 1, 1, 1, 1, 1, 0, 0, 0, 0, 0, 0, 1, 1, 1, 1, 0, 0, 0, 0, 0, 0, 1, 1, 1, 1, 1, 1, 1, 1, 1, 1, 1, 1, 0, 1, 0, 0, 0, 0, 0, 0, 0, 0, 1, 0, 0, 0, 1, 1, 0, 1, 0, 1, 1, 0, 0, 1, 1, 1, 1, 1, 1, 1, 0, 0, 0, 0, 0, 0, 0, 0, 0, 0, 0, 0, 0, 1, 1, 1, 1, 1, 1, 1, 1, 0, 0, 0, 0, 0, 0, 0, 0, 0, 0, 0, 0, 0, 0, 1, 1, 1, 1, 0, 0, 1, 1, 1, 1, 1, 1, 1, 1, 1, 1, 1, 0, 0, 0, 0, 0, 0, 0, 0, 0, 0, 0, 1, 1, 1, 1, 1, 1, 1, 1, 1, 1, 1, 1, 1, 1, 1, 1, 0, 0, 0, 0, 0, 0, 0, 1, 1, 1, 1, 1, 1, 1, 1, 1, 1, 0, 1, 1, 0, 0, 0, 0, 1, 0, 0, 0, 0, 0, 1, 0, 1, 1, 1, 1, 1, 0, 0, 0, 0, 1, 1, 1, 0, 0, 0, 0, 0, 0, 1, 1, 1, 1, 1, 0, 0, 0, 0, 0, 1, 1, 1, 1, 1, 1, 1, 0, 0, 1, 1, 0, 0, 1, 1, 1, 1, 0, 0, 0, 1, 1, 1, 0, 0, 0, 0, 0, 0, 1, 0, 0, 0, 0, 1, 1, 1, 0, 0, 1, 1, 0, 0, 1, 1, 1, 0, 1, 0, 0, 0, 1, 0, 0, 1, 1, 1, 1, 1, 0, 0, 0, 0, 0, 1, 0, 0, 0, 0, 1, 0, 0, 0, 1, 0, 0, 1, 1, 0, 0, 0, 0, 1, 1, 0, 1, 1, 0, 0, 1, 1, 1, 1, 0, 0, 0, 1, 0, 0]

################################################################
################################################################
################### process_jail_download_list: ######################

[6, 6, 7, 6, 6, 6, 6, 6, 6, 6, 6, 6, 6, 6, 6, 6, 6, 6, 6, 6, 6, 6, 6, 6, 6, 6, 6, 6, 6, 6, 6, 6, 6, 6, 6, 6, 7, 6, 6, 6, 6, 6, 6, 6, 6, 6, 6, 6, 6, 6, 6, 6, 6, 6, 6, 7, 6, 6, 6, 6, 6, 6, 6, 6, 6, 6, 6, 6, 6, 7, 6, 6, 6, 6, 6, 6, 6, 6, 6, 6, 6, 6, 6, 6, 6, 6, 6, 7, 6, 6, 6, 6, 6, 6, 6, 6, 6, 6, 6, 6, 6, 6, 6, 6, 6, 7, 6, 6, 6, 6, 6, 6, 6, 6, 6, 6, 6, 6, 6, 6, 6, 6, 6, 6, 6, 6, 6, 6, 6, 6, 6, 6, 7, 6, 6, 6, 6, 6, 6, 6, 6, 6, 6, 6, 6, 6, 6, 6, 6, 6, 6, 6, 6, 6, 6, 6, 6, 6, 6, 6, 6, 7, 6, 6, 6, 6, 6, 6, 6, 6, 6, 6, 6, 6, 6, 6, 6, 6, 6, 6, 6, 6, 6, 6, 6, 6, 6, 6, 6, 6, 6, 6, 6, 6, 6, 6, 6, 7, 6, 6, 6, 6, 6, 6, 6, 6, 6, 6, 6, 7, 6, 6, 6, 6, 6, 6, 6, 6, 6, 6, 6, 6, 6, 6, 6, 6, 6, 6, 6, 6, 6, 6, 6, 6, 6, 6, 6, 6, 6, 7, 6, 6, 6, 6, 6, 6, 6, 6, 6, 6, 6, 6, 6, 6, 6, 6, 6, 6, 7, 6, 6, 6, 6, 6, 6, 6, 6, 6, 6, 6, 6, 6, 6, 6, 6, 6, 6, 6, 6, 6, 6, 6, 6, 6, 6, 6, 6, 6, 6, 6, 6, 6, 6, 7, 6, 6, 6, 6, 6, 6, 6, 6, 6, 6, 6, 7, 6, 6, 6, 6, 6, 6, 6, 6, 6, 6, 6, 6, 7, 6, 6, 6, 6, 6, 6, 6, 6, 6, 7, 6, 6, 6, 6, 6, 6, 6, 6, 6, 6, 6, 6, 6, 6, 6, 6, 6, 6, 6, 6, 7, 6, 6, 6, 6, 6, 6, 6, 6, 6, 6, 6, 6, 6, 6, 6, 6, 6, 6, 7, 6, 6, 6, 6, 6, 6, 6, 6, 6, 6, 6, 6, 6, 7, 6, 6, 6, 6, 6, 6, 6, 6, 6, 6, 6, 6, 6, 6, 6, 6, 6, 6, 6, 6, 6, 6, 6, 6, 6, 6, 6, 6, 6, 6, 7, 6, 6, 6, 6, 6, 6, 6, 6, 6, 6, 6, 6, 6, 6, 6, 6, 6, 6, 6, 6, 6, 6, 6, 6, 6, 6, 6, 6, 6, 6, 6, 6, 6, 6, 6, 6, 6, 6, 6, 6, 6, 7, 6, 6, 6, 6, 6, 6, 6, 6, 6, 6, 6, 6, 6, 6, 6, 6, 6, 7, 6, 6, 6, 6, 6, 6, 6, 6, 6, 7, 6, 6, 6, 6, 6, 6, 6, 6, 6, 6, 6, 6, 6, 6, 6, 6, 6, 7, 6, 6, 6, 6, 6, 6, 6, 6, 6, 6, 6, 6, 6, 6, 6, 6, 6, 6, 6, 6, 6, 6, 6, 6, 6, 6, 6, 6, 6, 7, 6, 6, 6, 6, 6, 6, 6, 6, 6, 6, 6, 6, 6, 6, 6, 6, 6, 6, 6, 6, 7, 6, 6, 6, 6, 6, 6, 6, 6, 6, 6, 6, 6, 6, 6, 6, 6, 6, 6, 6, 6, 6, 6, 6, 6, 6, 6, 6, 6, 6, 6, 6, 6, 6, 6, 6, 6, 6, 6, 6, 6, 6, 6, 6, 6, 6, 6, 6, 6, 6, 6, 6, 6, 6, 6, 6, 6, 6, 6, 6, 6, 6, 6, 6, 6, 6, 6, 6, 6, 6, 6, 6, 6, 6, 6, 6, 6, 6, 6, 6, 6, 6, 6, 6, 6, 6, 6, 6, 6, 6, 6, 6, 6, 6, 6, 7, 6, 6, 6, 6, 6, 6, 7, 6, 6, 6, 6, 6, 6, 6, 6, 6, 6, 7, 6, 6, 6, 6, 6, 6, 6, 6, 6, 6, 6, 7, 6, 6, 6, 6, 6, 6, 6, 6, 6, 7, 6, 6, 6, 6, 6, 6, 6, 6, 6, 6, 6, 6, 6, 6, 6, 6, 6, 6, 6, 6, 6, 6, 6, 6, 6, 6, 6, 6, 6, 6, 6, 6, 6, 6, 6, 6, 6, 6, 6, 6, 6, 6, 6, 6, 6, 6, 6, 6, 6, 6, 6, 6, 6, 6, 6, 6, 6, 6, 6, 6, 6, 6, 6, 6, 6, 6, 6, 6, 6, 6, 6, 6, 6, 6, 6, 7, 6, 6, 6, 6, 6, 6]

################################################################
################################################################
################### process_jail_list: ######################

[6, 6, 6, 6, 6, 6, 6, 6, 6, 6, 5, 5, 5, 5, 5, 5, 5, 5, 6, 6, 6, 6, 6, 6, 6, 5, 5, 5, 5, 5, 5, 5, 5, 5, 5, 5, 6, 6, 6, 6, 6, 6, 6, 6, 6, 6, 6, 6, 5, 5, 5, 5, 5, 5, 5, 6, 6, 6, 6, 6, 6, 6, 6, 5, 5, 5, 5, 5, 5, 6, 6, 6, 6, 6, 6, 6, 6, 6, 6, 6, 6, 5, 5, 5, 5, 5, 5, 6, 6, 6, 6, 6, 6, 6, 5, 5, 6, 5, 6, 6, 6, 6, 5, 5, 6, 6, 6, 5, 5, 5, 5, 5, 5, 5, 6, 6, 6, 6, 6, 6, 6, 6, 5, 6, 6, 5, 5, 5, 5, 5, 5, 5, 6, 6, 6, 6, 6, 6, 6, 6, 6, 6, 6, 6, 6, 6, 6, 5, 5, 5, 5, 6, 5, 5, 6, 5, 6, 5, 5, 5, 5, 6, 5, 5, 6, 6, 5, 6, 5, 5, 6, 5, 5, 6, 6, 5, 6, 5, 5, 5, 5, 5, 6, 5, 5, 6, 6, 6, 6, 5, 5, 5, 5, 5, 5, 5, 5, 6, 6, 6, 6, 6, 6, 5, 5, 5, 5, 5, 5, 6, 6, 6, 6, 6, 6, 6, 5, 5, 5, 5, 5, 5, 5, 5, 5, 6, 6, 6, 6, 5, 5, 6, 6, 6, 5, 5, 5, 5, 5, 6, 6, 6, 6, 6, 6, 6, 6, 5, 5, 5, 5, 5, 5, 5, 5, 5, 5, 5, 6, 6, 6, 6, 6, 6, 6, 6, 6, 6, 6, 6, 5, 5, 5, 5, 5, 5, 5, 5, 5, 5, 5, 6, 6, 5, 6, 6, 5, 6, 5, 5, 5, 5, 5, 6, 6, 5, 6, 6, 6, 6, 6, 6, 6, 6, 6, 6, 6, 6, 6, 6, 6, 6, 6, 6, 6, 5, 5, 5, 6, 6, 6, 6, 5, 5, 5, 5, 5, 5, 6, 6, 6, 6, 6, 6, 6, 6, 6, 6, 5, 5, 5, 5, 6, 6, 5, 6, 5, 6, 6, 6, 6, 6, 6, 6, 6, 6, 6, 5, 6, 6, 5, 6, 5, 5, 6, 5, 5, 6, 6, 6, 6, 6, 6, 6, 6, 6, 5, 5, 5, 5, 5, 5, 6, 6, 6, 6, 6, 6, 5, 5, 5, 5, 5, 5, 5, 5, 5, 6, 6, 6, 6, 6, 6, 6, 6, 6, 6, 5, 5, 5, 5, 5, 5, 6, 6, 6, 6, 6, 6, 6, 6, 6, 5, 5, 6, 5, 5, 6, 5, 6, 6, 5, 6, 6, 6, 6, 5, 6, 5, 6, 5, 5, 5, 5, 6, 6, 5, 5, 5, 6, 6, 5, 5, 5, 5, 6, 6, 6, 6, 6, 6, 6, 6, 6, 6, 6, 5, 5, 5, 5, 5, 5, 5, 6, 6, 6, 6, 6, 6, 6, 5, 5, 5, 6, 6, 6, 6, 6, 6, 6, 5, 5, 5, 5, 5, 5, 5, 5, 5, 5, 5, 6, 6, 5, 6, 6, 6, 6, 6, 6, 6, 6, 5, 6, 6, 6, 5, 5, 6, 5, 6, 5, 5, 6, 6, 5, 5, 5, 5, 5, 5, 6, 6, 6, 6, 6, 6, 6, 6, 6, 6, 6, 6, 6, 6, 5, 5, 5, 5, 5, 5, 5, 6, 6, 6, 6, 6, 6, 6, 6, 6, 6, 6, 6, 6, 6, 6, 5, 5, 5, 5, 6, 6, 5, 5, 5, 5, 5, 5, 5, 5, 5, 5, 5, 6, 6, 6, 6, 6, 6, 6, 6, 6, 6, 6, 5, 5, 5, 5, 5, 5, 5, 5, 5, 5, 5, 5, 5, 5, 5, 5, 6, 6, 6, 6, 6, 6, 6, 5, 5, 5, 5, 5, 5, 5, 5, 5, 5, 6, 5, 5, 6, 6, 6, 6, 5, 6, 6, 6, 6, 6, 5, 6, 5, 5, 5, 5, 6, 6, 6, 6, 6, 5, 5, 6, 6, 6, 6, 6, 6, 6, 5, 5, 5, 5, 6, 6, 6, 6, 6, 6, 5, 5, 5, 5, 5, 5, 6, 6, 6, 5, 5, 6, 6, 5, 5, 5, 6, 6, 6, 6, 5, 5, 5, 6, 6, 6, 6, 6, 6, 5, 6, 6, 6, 6, 5, 5, 5, 6, 6, 5, 5, 6, 6, 5, 5, 5, 6, 5, 6, 6, 6, 5, 6, 6, 5, 5, 5, 5, 5, 6, 6, 6, 6, 6, 5, 6, 6, 6, 6, 5, 6, 6, 6, 5, 6, 6, 5, 5, 6, 6, 6, 6, 5, 5, 6, 5, 5, 6, 6, 5, 5, 5, 6, 6, 6, 6, 5, 6, 6]

################################################################
