Numero total de amostras 770

Tempo total de processamento: 0:20:25

############## TEMPOS DE PROCESSAMENTO DO EXERCICIO NO JAIL  ####################
Soma 4428 segundos
Media 5.750649350649351 segundos
Desvio padr達o 0.4356286326866744 segundos
Minimo 5 segundos
Maximo 7 segundos

95% 5.0 segundos
99% 5.0 segundos

############## TEMPOS DE PROCESSAMENTO DO EXERCICIO NO JAIL COM DOWNLOAD  ################
Soma 4900 segundos
Media 6.363636363636363 segundos
Desvio padr達o 0.5021794295437705 segundos
Minimo 6 segundos
Maximo 9 segundos

95% 6.0 segundos
99% 6.0 segundos

################### TEMPOS DE DOWNLOAD DO EXERCICIO NO JAIL #######################
Soma 472 segundos
Media 0.612987012987013 segundos
Desvio padr達o 0.5028104518411368 segundos
Minimo 0 segundos
Maximo 3 segundos

95% 0.0 segundos
99% 0.0 segundos

############################ TEMPOS DE ESPERA NA FILA ############################
Soma 221476
Media 287.63116883116885 segundos
Desvio padr達o 163.03086016508132 segundos
Minimo 5 segundos
Maximo 569 segundos

95% 11.305499999999999 segundos
99% 11.6131 segundos

################### queue_wait_time_list: ######################

[14, 19, 14, 20, 413, 419, 13, 12, 6, 24, 5, 22, 6, 5, 19, 23, 17, 18, 16, 22, 11, 421, 11, 424, 429, 10, 16, 9, 432, 15, 21, 23, 21, 18, 415, 29, 34, 29, 40, 39, 26, 26, 42, 27, 26, 30, 30, 42, 33, 33, 34, 34, 37, 40, 59, 43, 38, 49, 44, 52, 50, 44, 49, 53, 53, 56, 56, 56, 62, 58, 58, 66, 63, 62, 59, 63, 65, 65, 69, 67, 64, 70, 427, 35, 40, 42, 37, 44, 48, 52, 55, 74, 79, 72, 72, 75, 75, 72, 76, 78, 86, 79, 80, 85, 86, 81, 88, 86, 92, 89, 90, 89, 95, 95, 90, 97, 97, 97, 98, 99, 97, 101, 107, 100, 102, 106, 109, 107, 109, 110, 62, 68, 121, 426, 439, 441, 454, 112, 456, 461, 112, 112, 112, 115, 115, 116, 116, 118, 118, 118, 118, 60, 434, 67, 69, 73, 73, 75, 77, 80, 121, 124, 127, 124, 125, 127, 127, 129, 129, 132, 135, 132, 133, 138, 136, 136, 138, 138, 141, 141, 141, 144, 144, 143, 144, 147, 147, 156, 149, 150, 146, 154, 152, 150, 157, 158, 152, 157, 155, 82, 85, 91, 94, 101, 163, 460, 463, 171, 165, 169, 172, 161, 165, 160, 172, 164, 160, 167, 161, 163, 163, 164, 166, 167, 168, 170, 465, 94, 99, 100, 106, 109, 177, 178, 179, 175, 177, 183, 180, 188, 191, 182, 182, 184, 191, 188, 185, 188, 187, 194, 194, 199, 192, 197, 197, 202, 198, 202, 195, 211, 199, 199, 207, 204, 202, 208, 205, 210, 205, 213, 215, 211, 213, 217, 465, 480, 505, 217, 215, 216, 221, 219, 220, 219, 469, 121, 121, 124, 127, 130, 130, 132, 135, 138, 230, 225, 234, 222, 226, 225, 226, 229, 232, 233, 231, 238, 235, 234, 238, 241, 238, 235, 243, 246, 241, 243, 244, 250, 246, 255, 252, 249, 246, 249, 251, 257, 252, 255, 261, 254, 258, 257, 473, 478, 505, 512, 519, 261, 261, 261, 264, 264, 265, 264, 266, 141, 474, 147, 149, 152, 152, 155, 158, 268, 270, 272, 269, 276, 272, 273, 271, 279, 277, 281, 279, 280, 284, 281, 282, 290, 284, 285, 286, 287, 289, 292, 290, 291, 295, 293, 297, 295, 296, 301, 297, 299, 304, 301, 300, 304, 307, 306, 304, 484, 174, 174, 174, 179, 182, 182, 184, 310, 309, 314, 316, 321, 316, 313, 312, 319, 319, 316, 332, 323, 319, 321, 325, 329, 325, 335, 325, 327, 338, 328, 341, 331, 344, 331, 334, 338, 337, 340, 341, 346, 344, 343, 346, 349, 347, 344, 349, 486, 191, 191, 193, 196, 202, 206, 205, 358, 352, 355, 352, 355, 354, 364, 358, 360, 369, 362, 361, 364, 364, 366, 366, 368, 373, 369, 369, 375, 374, 376, 370, 377, 375, 373, 384, 380, 381, 381, 382, 388, 384, 385, 387, 387, 389, 389, 388, 489, 504, 507, 391, 392, 392, 206, 211, 492, 511, 400, 517, 520, 400, 403, 402, 395, 404, 394, 395, 395, 397, 397, 398, 398, 401, 400, 214, 412, 415, 417, 222, 222, 223, 228, 228, 231, 413, 412, 404, 406, 406, 420, 410, 409, 409, 415, 419, 416, 427, 422, 418, 423, 424, 420, 442, 427, 423, 430, 431, 433, 433, 436, 429, 438, 436, 432, 444, 439, 435, 438, 442, 442, 445, 522, 445, 444, 447, 448, 448, 448, 527, 554, 238, 240, 450, 451, 451, 450, 452, 454, 455, 532, 535, 540, 555, 558, 241, 243, 246, 249, 252, 255, 258, 455, 456, 457, 457, 459, 461, 463, 462, 462, 472, 464, 466, 469, 468, 468, 470, 472, 475, 474, 478, 471, 476, 481, 480, 477, 483, 477, 490, 482, 483, 484, 487, 487, 489, 486, 493, 493, 490, 496, 491, 496, 495, 534, 537, 553, 565, 267, 270, 496, 499, 499, 499, 499, 502, 502, 501, 501, 562, 566, 267, 274, 276, 276, 279, 283, 286, 289, 505, 507, 508, 508, 510, 513, 511, 516, 519, 514, 510, 522, 517, 514, 524, 520, 516, 524, 524, 527, 526, 522, 525, 534, 525, 524, 529, 530, 525, 532, 529, 535, 538, 542, 537, 543, 538, 536, 538, 542, 543, 546, 546, 545, 545, 548, 292, 548, 547, 550, 552, 551, 551, 552, 296, 298, 302, 305, 306, 307, 310, 310, 313, 317, 320, 322, 326, 329, 332, 335, 333, 338, 340, 346, 351, 349, 348, 352, 355, 358, 357, 361, 363, 367, 373, 557, 386, 557, 560, 554, 559, 563, 557, 561, 563, 559, 562, 566, 568, 568, 566, 569, 376, 379, 382, 391, 406, 377, 406, 409]

################################################################
################### jail_ex_download_list: ######################

[1, 1, 0, 1, 0, 0, 1, 1, 2, 0, 2, 0, 3, 2, 1, 0, 0, 1, 0, 0, 1, 1, 0, 1, 1, 0, 0, 1, 0, 0, 1, 1, 1, 1, 0, 1, 1, 1, 0, 0, 1, 1, 1, 1, 1, 0, 0, 1, 1, 1, 1, 1, 1, 1, 0, 1, 0, 0, 0, 0, 0, 0, 1, 1, 0, 1, 1, 1, 1, 0, 1, 1, 1, 1, 1, 0, 0, 1, 0, 1, 0, 0, 1, 1, 0, 1, 1, 0, 1, 0, 1, 0, 1, 0, 1, 1, 0, 1, 1, 0, 0, 1, 1, 1, 1, 1, 0, 0, 1, 1, 0, 1, 1, 1, 0, 0, 1, 0, 0, 1, 1, 1, 0, 0, 1, 0, 1, 0, 1, 1, 0, 1, 1, 0, 1, 0, 0, 1, 1, 0, 1, 1, 1, 0, 0, 0, 1, 1, 1, 1, 1, 1, 1, 1, 0, 0, 1, 1, 0, 1, 1, 0, 1, 0, 0, 1, 1, 1, 1, 1, 0, 1, 0, 0, 0, 0, 0, 0, 1, 1, 1, 1, 0, 1, 0, 0, 0, 0, 1, 1, 1, 1, 1, 0, 1, 1, 0, 1, 0, 0, 1, 1, 1, 0, 0, 0, 1, 0, 1, 1, 1, 1, 1, 1, 1, 1, 1, 1, 1, 1, 0, 0, 1, 1, 0, 0, 1, 1, 0, 1, 1, 0, 1, 1, 1, 1, 0, 0, 1, 1, 1, 1, 1, 1, 1, 1, 0, 0, 1, 0, 1, 1, 1, 1, 1, 0, 0, 1, 0, 0, 1, 1, 0, 1, 1, 1, 1, 1, 1, 1, 0, 0, 1, 1, 1, 1, 0, 1, 1, 1, 0, 1, 1, 0, 0, 1, 0, 0, 1, 1, 1, 1, 0, 1, 0, 1, 1, 1, 0, 0, 1, 1, 0, 0, 1, 1, 1, 1, 1, 0, 1, 1, 1, 1, 0, 0, 1, 0, 1, 1, 0, 1, 1, 0, 1, 1, 1, 1, 0, 1, 1, 1, 1, 1, 0, 1, 1, 0, 1, 1, 1, 1, 0, 0, 1, 1, 0, 0, 0, 1, 0, 1, 0, 1, 0, 1, 0, 0, 1, 1, 0, 0, 0, 0, 1, 1, 1, 1, 0, 0, 1, 1, 1, 0, 1, 0, 1, 1, 1, 0, 1, 1, 1, 0, 1, 1, 1, 0, 1, 1, 0, 1, 1, 0, 1, 0, 1, 1, 0, 0, 1, 1, 1, 0, 1, 1, 0, 0, 1, 1, 0, 0, 0, 1, 1, 1, 1, 1, 1, 1, 1, 1, 1, 0, 0, 1, 0, 0, 1, 1, 0, 1, 1, 0, 0, 0, 0, 1, 0, 0, 1, 1, 1, 1, 1, 0, 1, 1, 0, 1, 0, 0, 1, 0, 0, 0, 1, 1, 1, 0, 1, 0, 1, 0, 1, 1, 0, 1, 1, 1, 0, 1, 1, 1, 1, 0, 1, 0, 0, 0, 1, 1, 0, 0, 1, 1, 1, 1, 1, 1, 0, 1, 0, 0, 0, 0, 0, 1, 0, 1, 0, 1, 1, 1, 1, 0, 0, 1, 0, 0, 1, 1, 1, 1, 0, 0, 1, 0, 0, 0, 0, 0, 1, 1, 1, 1, 0, 1, 0, 0, 1, 1, 1, 1, 1, 1, 0, 1, 0, 0, 1, 1, 1, 1, 0, 0, 1, 1, 0, 0, 0, 1, 1, 1, 1, 1, 0, 1, 1, 1, 1, 0, 1, 0, 1, 1, 0, 0, 0, 0, 1, 1, 0, 0, 0, 0, 1, 1, 1, 0, 0, 0, 1, 1, 1, 0, 0, 1, 1, 1, 0, 1, 1, 1, 1, 1, 1, 1, 0, 1, 0, 1, 1, 1, 1, 0, 0, 0, 0, 1, 1, 1, 0, 1, 1, 1, 1, 1, 0, 0, 1, 0, 0, 0, 1, 1, 0, 1, 0, 1, 1, 0, 1, 1, 1, 1, 1, 1, 1, 0, 0, 0, 1, 0, 0, 1, 1, 1, 1, 1, 1, 0, 1, 1, 0, 0, 1, 0, 1, 1, 0, 1, 0, 1, 1, 1, 0, 1, 0, 1, 1, 0, 1, 1, 1, 1, 0, 1, 0, 1, 0, 0, 1, 1, 1, 1, 0, 1, 0, 1, 0, 0, 0, 1, 0, 1, 0, 1, 0, 0, 1, 1, 1, 1, 1, 1, 1, 1, 1, 0, 0, 1, 0, 0, 0, 1, 0, 0, 1, 0, 1, 1, 0, 1, 0, 1, 1, 0, 1, 1, 1, 0, 1, 0, 1, 1, 1, 1, 0, 1, 1, 1, 1, 1, 0, 0, 0, 1, 0, 0, 0, 1, 0, 0, 1, 0, 1, 0, 0, 1, 1, 1, 1, 0, 1, 1, 0, 1, 0, 1]

################################################################
################################################################
################### process_jail_download_list: ######################

[7, 7, 6, 7, 6, 6, 7, 7, 8, 6, 9, 6, 9, 8, 7, 6, 6, 7, 6, 6, 6, 6, 6, 7, 7, 6, 6, 6, 6, 6, 7, 7, 7, 7, 6, 6, 7, 7, 6, 6, 7, 7, 7, 6, 6, 6, 6, 6, 7, 7, 6, 7, 6, 7, 6, 7, 6, 6, 6, 6, 6, 6, 7, 6, 6, 7, 7, 7, 6, 6, 6, 6, 6, 7, 6, 6, 6, 7, 6, 7, 6, 6, 7, 7, 6, 7, 7, 6, 7, 6, 7, 6, 6, 6, 6, 6, 6, 7, 6, 6, 6, 7, 7, 6, 7, 7, 6, 6, 6, 6, 6, 7, 7, 6, 6, 6, 6, 6, 6, 7, 7, 7, 6, 6, 7, 6, 6, 6, 6, 6, 6, 7, 7, 6, 7, 6, 6, 7, 7, 6, 7, 7, 7, 6, 6, 6, 6, 6, 6, 7, 6, 7, 7, 7, 6, 6, 6, 7, 6, 7, 7, 6, 6, 6, 6, 6, 6, 6, 6, 7, 6, 7, 6, 6, 6, 6, 6, 6, 6, 7, 6, 6, 6, 7, 6, 6, 6, 6, 6, 6, 7, 7, 7, 6, 6, 6, 6, 6, 6, 6, 6, 6, 7, 6, 6, 6, 6, 6, 6, 7, 6, 6, 6, 7, 6, 7, 7, 7, 7, 6, 6, 6, 7, 6, 6, 6, 7, 6, 6, 6, 7, 6, 6, 7, 7, 7, 6, 6, 6, 7, 7, 7, 6, 6, 6, 6, 6, 6, 7, 6, 7, 7, 7, 6, 6, 6, 6, 6, 6, 6, 7, 6, 6, 7, 7, 6, 6, 7, 7, 6, 6, 6, 6, 7, 7, 7, 6, 7, 7, 7, 6, 7, 7, 6, 6, 7, 6, 6, 6, 7, 6, 7, 6, 6, 6, 7, 6, 7, 6, 6, 6, 6, 6, 6, 7, 7, 6, 6, 7, 6, 7, 7, 6, 7, 6, 6, 6, 6, 6, 6, 6, 6, 7, 6, 7, 7, 6, 6, 6, 6, 7, 7, 6, 7, 6, 7, 7, 6, 7, 7, 6, 7, 6, 6, 7, 7, 6, 6, 6, 6, 6, 6, 6, 7, 6, 7, 6, 6, 7, 7, 6, 6, 6, 6, 6, 7, 6, 6, 6, 6, 7, 7, 7, 6, 6, 6, 7, 7, 6, 6, 7, 6, 6, 6, 7, 6, 7, 6, 7, 6, 6, 7, 6, 6, 6, 6, 7, 7, 6, 6, 6, 7, 7, 6, 7, 7, 6, 6, 7, 6, 6, 6, 6, 7, 6, 7, 6, 7, 6, 6, 7, 7, 7, 6, 6, 7, 6, 6, 7, 6, 6, 7, 7, 6, 6, 6, 6, 7, 6, 6, 6, 7, 6, 6, 7, 6, 6, 6, 6, 6, 6, 6, 7, 6, 6, 6, 7, 7, 7, 6, 6, 6, 7, 6, 6, 6, 6, 7, 7, 6, 6, 7, 7, 7, 6, 6, 6, 6, 6, 6, 7, 7, 6, 6, 6, 6, 6, 7, 7, 6, 6, 7, 6, 6, 6, 6, 6, 7, 6, 7, 6, 7, 7, 7, 7, 6, 6, 6, 6, 6, 7, 7, 6, 6, 6, 6, 6, 6, 6, 6, 6, 6, 7, 7, 6, 7, 6, 7, 6, 6, 6, 6, 7, 6, 7, 7, 6, 7, 6, 6, 6, 7, 6, 6, 6, 6, 7, 7, 6, 6, 6, 7, 6, 7, 6, 6, 6, 6, 7, 7, 6, 6, 7, 6, 7, 7, 6, 6, 6, 6, 6, 6, 6, 6, 6, 6, 7, 7, 6, 6, 6, 6, 6, 6, 7, 6, 6, 6, 6, 7, 6, 6, 7, 6, 6, 7, 7, 7, 6, 6, 6, 6, 6, 7, 7, 6, 6, 6, 6, 6, 6, 7, 6, 7, 6, 7, 7, 6, 6, 6, 7, 6, 6, 6, 7, 6, 6, 6, 6, 7, 6, 6, 7, 7, 7, 6, 7, 7, 7, 6, 6, 6, 6, 6, 6, 6, 7, 7, 7, 7, 7, 6, 7, 7, 6, 6, 7, 6, 7, 6, 6, 6, 6, 7, 6, 6, 6, 7, 6, 6, 6, 6, 7, 7, 6, 7, 6, 6, 6, 7, 6, 6, 7, 7, 6, 7, 6, 6, 6, 6, 6, 6, 6, 6, 6, 6, 6, 7, 6, 6, 6, 6, 6, 6, 7, 7, 7, 6, 7, 6, 6, 7, 6, 6, 6, 7, 6, 6, 7, 6, 6, 7, 6, 7, 6, 7, 7, 6, 7, 6, 7, 6, 7, 6, 7, 6, 6, 7, 6, 7, 7, 6, 7, 6, 6, 6, 6, 7, 6, 6, 6, 7, 6, 6, 6, 6, 6, 6, 6, 6, 6, 6, 7, 6, 7, 7, 6, 7, 6, 7]

################################################################
################################################################
################### process_jail_list: ######################

[6, 6, 6, 6, 6, 6, 6, 6, 6, 6, 7, 6, 6, 6, 6, 6, 6, 6, 6, 6, 5, 5, 6, 6, 6, 6, 6, 5, 6, 6, 6, 6, 6, 6, 6, 5, 6, 6, 6, 6, 6, 6, 6, 5, 5, 6, 6, 5, 6, 6, 5, 6, 5, 6, 6, 6, 6, 6, 6, 6, 6, 6, 6, 5, 6, 6, 6, 6, 5, 6, 5, 5, 5, 6, 5, 6, 6, 6, 6, 6, 6, 6, 6, 6, 6, 6, 6, 6, 6, 6, 6, 6, 5, 6, 5, 5, 6, 6, 5, 6, 6, 6, 6, 5, 6, 6, 6, 6, 5, 5, 6, 6, 6, 5, 6, 6, 5, 6, 6, 6, 6, 6, 6, 6, 6, 6, 5, 6, 5, 5, 6, 6, 6, 6, 6, 6, 6, 6, 6, 6, 6, 6, 6, 6, 6, 6, 5, 5, 5, 6, 5, 6, 6, 6, 6, 6, 5, 6, 6, 6, 6, 6, 5, 6, 6, 5, 5, 5, 5, 6, 6, 6, 6, 6, 6, 6, 6, 6, 5, 6, 5, 5, 6, 6, 6, 6, 6, 6, 5, 5, 6, 6, 6, 6, 5, 5, 6, 5, 6, 6, 5, 5, 6, 6, 6, 6, 5, 6, 5, 6, 5, 5, 5, 6, 5, 6, 6, 6, 6, 5, 6, 6, 6, 5, 6, 6, 6, 5, 6, 5, 6, 6, 5, 6, 6, 6, 6, 6, 5, 6, 6, 6, 5, 5, 5, 5, 6, 6, 6, 6, 6, 6, 6, 5, 5, 6, 6, 5, 6, 6, 6, 5, 6, 6, 6, 5, 5, 6, 6, 5, 6, 6, 5, 6, 6, 6, 6, 6, 6, 6, 6, 6, 6, 6, 6, 6, 6, 6, 5, 6, 5, 6, 6, 5, 6, 6, 5, 6, 6, 6, 5, 5, 6, 6, 6, 6, 5, 5, 6, 6, 6, 6, 5, 6, 6, 6, 5, 6, 5, 5, 6, 5, 6, 6, 6, 6, 5, 5, 6, 5, 6, 6, 5, 6, 6, 6, 6, 6, 6, 6, 5, 6, 6, 6, 6, 6, 6, 6, 6, 5, 6, 5, 6, 6, 6, 6, 6, 6, 6, 6, 6, 6, 6, 6, 5, 6, 5, 5, 6, 6, 6, 6, 6, 6, 5, 6, 6, 6, 5, 6, 6, 5, 5, 6, 6, 5, 6, 6, 6, 5, 6, 6, 5, 6, 5, 6, 6, 6, 6, 6, 5, 6, 6, 6, 6, 6, 6, 6, 6, 5, 6, 6, 6, 6, 5, 6, 5, 6, 5, 5, 6, 6, 6, 6, 6, 6, 6, 6, 6, 5, 6, 6, 6, 6, 6, 6, 6, 6, 6, 6, 5, 6, 5, 5, 6, 6, 5, 5, 6, 5, 6, 6, 6, 6, 6, 6, 6, 6, 6, 6, 5, 6, 6, 6, 5, 5, 6, 6, 6, 5, 6, 6, 6, 6, 5, 6, 5, 6, 6, 6, 6, 6, 6, 6, 5, 5, 5, 6, 6, 5, 6, 6, 6, 6, 6, 6, 6, 6, 6, 6, 6, 6, 6, 6, 6, 6, 6, 5, 6, 6, 6, 6, 5, 5, 6, 6, 5, 6, 6, 6, 6, 6, 6, 6, 5, 6, 6, 6, 6, 6, 5, 5, 6, 5, 6, 6, 6, 6, 6, 6, 5, 6, 5, 5, 6, 6, 6, 6, 6, 6, 6, 6, 5, 6, 5, 5, 6, 5, 6, 6, 5, 6, 6, 6, 6, 6, 6, 6, 6, 6, 5, 5, 6, 6, 6, 6, 6, 6, 5, 6, 6, 6, 5, 5, 6, 6, 6, 5, 5, 6, 6, 5, 6, 5, 5, 6, 6, 6, 6, 5, 6, 5, 5, 6, 6, 6, 6, 6, 6, 5, 5, 6, 6, 6, 5, 6, 6, 5, 6, 6, 6, 6, 6, 6, 6, 5, 6, 5, 6, 6, 5, 6, 6, 6, 6, 5, 6, 6, 6, 6, 6, 6, 5, 6, 6, 5, 6, 6, 6, 6, 6, 6, 6, 6, 6, 6, 6, 6, 6, 5, 6, 5, 6, 6, 5, 5, 6, 6, 6, 5, 5, 6, 6, 6, 5, 6, 6, 5, 6, 6, 6, 6, 6, 6, 5, 6, 6, 5, 6, 5, 6, 6, 6, 5, 6, 5, 6, 6, 6, 6, 5, 5, 5, 5, 6, 6, 6, 5, 6, 6, 6, 6, 6, 6, 6, 6, 6, 6, 6, 6, 5, 6, 6, 6, 6, 6, 6, 6, 6, 5, 6, 6, 6, 6, 6, 5, 5, 6, 6, 6, 6, 5, 6, 5, 6, 6, 6, 6, 6, 6, 6, 6, 6, 6, 5, 6, 5, 6, 6, 5, 5, 5, 6, 6, 6, 6, 6, 6, 6, 6]

################################################################
