Numero total de amostras 770

Tempo total de processamento: 0:30:49

############## TEMPOS DE PROCESSAMENTO DO EXERCICIO NO JAIL  ####################
Soma 4794 segundos
Media 6.225974025974026 segundos
Desvio padr達o 0.433470620164884 segundos
Minimo 5 segundos
Maximo 7 segundos

95% 6.0 segundos
99% 6.0 segundos

############## TEMPOS DE PROCESSAMENTO DO EXERCICIO NO JAIL COM DOWNLOAD  ################
Soma 5551 segundos
Media 7.209090909090909 segundos
Desvio padr達o 0.6214105901943312 segundos
Minimo 6 segundos
Maximo 12 segundos

95% 6.0 segundos
99% 6.0 segundos

################### TEMPOS DE DOWNLOAD DO EXERCICIO NO JAIL #######################
Soma 757 segundos
Media 0.9831168831168832 segundos
Desvio padr達o 0.5354698379715687 segundos
Minimo 0 segundos
Maximo 6 segundos

95% 0.0 segundos
99% 0.0 segundos

############################ TEMPOS DE ESPERA NA FILA ############################
Soma 472648
Media 613.8285714285714 segundos
Desvio padr達o 337.9992994909912 segundos
Minimo 4 segundos
Maximo 1192 segundos

95% 19.0 segundos
99% 19.0 segundos

################### queue_wait_time_list: ######################

[24, 19, 5, 4, 5, 19, 14, 30, 13, 19, 13, 24, 27, 34, 23, 35, 40, 30, 45, 40, 42, 53, 48, 50, 57, 54, 55, 59, 64, 77, 65, 67, 69, 73, 74, 82, 80, 85, 90, 78, 97, 90, 92, 102, 97, 101, 105, 35, 39, 45, 50, 59, 63, 108, 111, 112, 123, 117, 116, 120, 132, 127, 128, 136, 132, 142, 137, 137, 147, 143, 146, 153, 150, 153, 156, 160, 167, 162, 163, 173, 168, 170, 178, 176, 176, 181, 186, 191, 186, 188, 196, 193, 195, 199, 69, 233, 216, 233, 218, 202, 219, 805, 204, 819, 840, 205, 221, 206, 849, 223, 209, 1175, 209, 224, 212, 214, 226, 215, 229, 229, 231, 75, 86, 248, 799, 251, 265, 266, 235, 251, 267, 237, 810, 253, 238, 824, 829, 241, 255, 849, 242, 1179, 256, 243, 1188, 246, 247, 257, 260, 261, 263, 87, 812, 96, 101, 115, 107, 112, 270, 273, 276, 281, 286, 287, 283, 281, 292, 291, 298, 295, 305, 300, 301, 311, 306, 309, 316, 314, 314, 319, 323, 329, 331, 326, 324, 341, 334, 336, 338, 344, 349, 339, 355, 351, 345, 361, 356, 359, 365, 835, 858, 1189, 366, 366, 371, 373, 372, 122, 864, 872, 887, 899, 376, 909, 932, 376, 377, 381, 381, 382, 385, 385, 386, 127, 873, 133, 141, 147, 157, 158, 391, 400, 395, 397, 406, 402, 397, 412, 407, 410, 417, 414, 417, 419, 424, 432, 427, 427, 439, 434, 434, 442, 439, 448, 444, 446, 455, 450, 451, 459, 456, 457, 460, 464, 469, 466, 468, 477, 472, 473, 478, 880, 898, 902, 924, 479, 480, 480, 483, 485, 486, 488, 490, 490, 491, 166, 914, 172, 180, 183, 190, 495, 498, 502, 498, 500, 509, 505, 507, 512, 510, 511, 514, 519, 525, 520, 521, 530, 525, 527, 533, 532, 531, 536, 541, 546, 543, 543, 551, 547, 550, 556, 554, 563, 559, 559, 568, 564, 564, 573, 569, 572, 573, 922, 937, 577, 577, 580, 200, 942, 581, 584, 590, 594, 590, 590, 599, 595, 599, 603, 602, 602, 606, 611, 616, 617, 612, 611, 619, 620, 624, 624, 633, 628, 629, 638, 634, 634, 642, 638, 642, 642, 646, 654, 650, 650, 659, 654, 654, 663, 659, 662, 662, 668, 671, 670, 947, 270, 675, 676, 680, 686, 680, 685, 693, 688, 688, 696, 693, 703, 697, 698, 709, 703, 706, 713, 712, 712, 716, 720, 726, 722, 722, 731, 727, 730, 735, 733, 735, 738, 742, 749, 744, 744, 752, 749, 751, 757, 756, 764, 759, 762, 766, 766, 276, 279, 785, 799, 778, 800, 787, 781, 769, 954, 771, 784, 963, 770, 974, 783, 772, 789, 775, 984, 775, 791, 777, 1001, 791, 779, 792, 793, 795, 795, 286, 291, 297, 304, 310, 803, 805, 808, 809, 815, 818, 815, 818, 827, 822, 823, 831, 828, 836, 832, 833, 841, 837, 839, 845, 843, 845, 848, 853, 859, 854, 855, 864, 860, 862, 868, 866, 868, 871, 876, 882, 877, 878, 887, 882, 885, 1088, 890, 891, 891, 963, 1006, 320, 894, 895, 896, 969, 1008, 321, 329, 334, 344, 351, 898, 904, 909, 904, 906, 919, 911, 913, 916, 918, 922, 927, 918, 932, 927, 929, 938, 933, 936, 943, 941, 949, 945, 944, 952, 949, 951, 958, 954, 958, 959, 964, 971, 967, 968, 975, 971, 972, 981, 976, 979, 982, 355, 1079, 1084, 984, 986, 988, 988, 990, 992, 992, 994, 996, 996, 999, 1015, 1037, 1044, 1056, 1064, 360, 390, 392, 1001, 1003, 1005, 1011, 1015, 1011, 1012, 1021, 1017, 1018, 1026, 1023, 1031, 1027, 1027, 1037, 1032, 1034, 1040, 1038, 1040, 1043, 1046, 1052, 1048, 1049, 1057, 1053, 1054, 1061, 1058, 1060, 1063, 1066, 1074, 1069, 1069, 1080, 1074, 1076, 1085, 1082, 1085, 1089, 401, 1020, 1024, 1045, 1064, 1108, 1108, 1090, 1110, 1113, 1094, 1094, 1096, 1099, 1098, 1100, 1103, 1104, 1105, 404, 412, 421, 423, 428, 437, 442, 447, 453, 1118, 463, 1123, 1118, 1120, 1123, 1129, 1134, 1129, 1133, 1141, 1137, 1138, 1146, 1142, 1152, 1147, 1148, 1157, 1153, 1157, 1160, 1160, 1160, 1165, 1170, 1176, 1171, 1171, 1180, 1176, 1179, 1184, 1183, 1183, 1188, 1192, 1192, 461, 475, 1028, 1050, 1071, 468, 493, 496, 502, 507, 516, 517, 523, 528, 538, 539, 545, 550, 555, 560, 567, 576, 671, 581, 586, 586, 594, 598, 606, 607, 616, 620, 625, 630, 637, 645, 645, 651, 657, 666, 667, 677, 680, 685, 690, 692, 702, 708, 717, 717, 725, 731, 739, 739, 748, 1114, 1134, 1157, 1165, 752, 757, 1115, 1125, 1138, 1143, 1166, 762, 1129, 1150]

################################################################
################### jail_ex_download_list: ######################

[1, 1, 4, 5, 6, 2, 2, 1, 3, 2, 3, 1, 2, 1, 1, 1, 1, 1, 1, 2, 1, 1, 1, 1, 1, 1, 1, 1, 2, 1, 1, 1, 1, 1, 2, 1, 2, 2, 2, 2, 1, 1, 1, 1, 2, 1, 1, 2, 1, 1, 2, 2, 1, 1, 1, 1, 1, 1, 2, 2, 1, 0, 1, 1, 1, 2, 1, 1, 2, 1, 1, 1, 1, 1, 1, 1, 2, 1, 1, 1, 2, 1, 2, 1, 1, 2, 1, 1, 1, 1, 1, 1, 1, 2, 1, 1, 1, 1, 2, 1, 1, 0, 1, 1, 1, 1, 1, 1, 1, 1, 1, 1, 1, 1, 1, 1, 1, 1, 1, 1, 1, 1, 2, 1, 1, 1, 1, 1, 1, 2, 2, 1, 1, 1, 1, 1, 1, 1, 1, 1, 1, 1, 1, 1, 1, 1, 1, 1, 2, 2, 1, 1, 1, 1, 1, 2, 1, 1, 1, 1, 1, 1, 1, 2, 1, 2, 2, 1, 2, 1, 1, 1, 1, 1, 2, 1, 2, 1, 1, 1, 1, 2, 1, 1, 1, 1, 1, 1, 2, 2, 1, 2, 1, 1, 2, 1, 1, 2, 3, 1, 1, 0, 2, 3, 1, 1, 1, 1, 1, 1, 1, 1, 0, 1, 1, 1, 2, 1, 1, 1, 1, 2, 1, 2, 1, 1, 1, 1, 1, 2, 1, 1, 1, 1, 1, 1, 2, 1, 1, 0, 1, 1, 0, 1, 1, 1, 1, 2, 0, 1, 2, 1, 1, 1, 1, 1, 1, 1, 1, 1, 1, 0, 1, 1, 1, 0, 1, 1, 1, 0, 0, 1, 1, 0, 1, 1, 1, 1, 1, 1, 1, 0, 0, 1, 1, 1, 1, 1, 1, 1, 1, 0, 1, 1, 1, 1, 0, 1, 0, 1, 1, 1, 1, 1, 1, 1, 1, 1, 1, 1, 1, 1, 1, 1, 1, 1, 0, 0, 1, 1, 1, 1, 0, 1, 1, 1, 0, 1, 1, 0, 0, 0, 1, 1, 1, 0, 1, 1, 2, 0, 1, 1, 0, 1, 1, 1, 1, 1, 0, 0, 1, 1, 1, 1, 1, 0, 0, 1, 1, 1, 1, 1, 1, 1, 1, 0, 0, 1, 1, 0, 1, 0, 1, 1, 0, 1, 1, 1, 1, 1, 1, 1, 1, 0, 1, 1, 1, 1, 1, 0, 1, 0, 1, 1, 1, 1, 1, 1, 1, 1, 0, 1, 1, 1, 1, 1, 1, 1, 1, 1, 1, 1, 1, 1, 1, 1, 1, 1, 1, 1, 1, 1, 1, 1, 1, 1, 1, 1, 0, 1, 1, 0, 1, 1, 1, 1, 1, 1, 1, 1, 1, 1, 1, 1, 0, 0, 1, 1, 1, 0, 1, 1, 1, 1, 1, 1, 1, 0, 1, 0, 0, 0, 1, 1, 1, 1, 1, 1, 1, 1, 1, 0, 1, 1, 1, 1, 1, 1, 1, 1, 0, 1, 1, 0, 1, 1, 1, 1, 1, 1, 1, 1, 1, 1, 1, 1, 1, 1, 1, 1, 1, 0, 1, 1, 0, 1, 1, 1, 1, 1, 1, 1, 1, 1, 1, 1, 1, 1, 1, 0, 1, 1, 1, 2, 1, 2, 1, 1, 1, 1, 1, 1, 1, 1, 1, 1, 2, 1, 1, 2, 1, 1, 1, 1, 1, 1, 1, 0, 1, 0, 1, 1, 1, 1, 1, 1, 0, 1, 1, 1, 0, 1, 1, 1, 1, 0, 1, 1, 1, 1, 1, 1, 0, 1, 1, 1, 0, 1, 1, 0, 1, 1, 0, 0, 1, 1, 1, 1, 1, 1, 0, 1, 0, 0, 1, 1, 1, 1, 1, 1, 1, 1, 1, 1, 1, 1, 1, 1, 0, 1, 0, 1, 0, 0, 1, 0, 1, 0, 1, 1, 0, 1, 1, 1, 1, 1, 1, 1, 1, 1, 1, 1, 1, 1, 1, 2, 0, 1, 1, 1, 1, 1, 1, 1, 1, 1, 1, 1, 1, 0, 1, 1, 1, 1, 1, 1, 1, 1, 2, 1, 0, 1, 0, 1, 1, 1, 1, 1, 2, 1, 1, 2, 1, 1, 1, 1, 0, 0, 1, 0, 1, 1, 0, 0, 1, 1, 1, 1, 1, 1, 1, 1, 1, 1, 1, 1, 1, 1, 1, 1, 1, 0, 1, 0, 1, 1, 1, 1, 1, 1, 1, 1, 1, 1, 1, 0, 1, 1, 1, 1, 1, 0, 1, 1, 0, 1, 1, 0, 1, 1, 1, 1, 1, 1, 0, 1, 1, 1, 1, 1, 1, 0, 0, 1, 1, 1, 1, 2, 1, 1, 1, 1, 1, 1, 1, 1, 1, 1, 1, 1, 1, 1, 1, 1, 1, 1, 1, 0, 1, 1]

################################################################
################################################################
################### process_jail_download_list: ######################

[8, 7, 11, 11, 12, 8, 8, 7, 9, 8, 9, 8, 8, 8, 7, 8, 8, 7, 7, 8, 7, 7, 8, 7, 8, 8, 7, 7, 8, 8, 7, 8, 8, 7, 8, 7, 8, 8, 8, 9, 7, 8, 7, 8, 8, 7, 8, 8, 7, 7, 8, 8, 7, 7, 7, 7, 7, 8, 9, 9, 7, 7, 7, 7, 8, 8, 7, 8, 8, 7, 7, 8, 8, 7, 7, 8, 8, 7, 7, 7, 8, 8, 8, 7, 7, 8, 7, 8, 7, 7, 8, 8, 7, 8, 7, 7, 8, 7, 8, 7, 7, 7, 8, 7, 8, 7, 7, 8, 7, 8, 7, 6, 8, 8, 7, 7, 8, 7, 7, 7, 7, 7, 8, 8, 8, 7, 8, 7, 8, 8, 8, 7, 7, 7, 8, 7, 7, 7, 7, 8, 7, 7, 7, 7, 7, 8, 7, 8, 8, 8, 7, 8, 8, 8, 8, 8, 8, 7, 8, 8, 7, 8, 8, 8, 7, 8, 8, 8, 8, 7, 8, 7, 7, 7, 8, 8, 8, 7, 8, 7, 8, 8, 8, 7, 7, 7, 7, 7, 8, 8, 8, 8, 8, 8, 8, 7, 8, 8, 9, 7, 7, 6, 9, 9, 8, 7, 7, 8, 7, 7, 7, 7, 7, 7, 7, 7, 8, 7, 7, 7, 8, 8, 8, 8, 7, 7, 8, 8, 8, 8, 8, 7, 7, 7, 8, 8, 8, 8, 7, 7, 8, 7, 7, 8, 7, 7, 8, 9, 6, 8, 8, 7, 7, 7, 7, 7, 7, 7, 7, 7, 7, 7, 7, 6, 8, 6, 7, 7, 7, 7, 6, 7, 7, 6, 7, 7, 7, 7, 7, 7, 7, 6, 6, 7, 7, 7, 7, 7, 8, 8, 8, 6, 7, 7, 7, 7, 6, 7, 6, 7, 7, 7, 7, 7, 7, 7, 7, 7, 7, 7, 7, 7, 7, 7, 7, 7, 6, 6, 7, 7, 7, 7, 7, 7, 7, 7, 7, 7, 7, 7, 6, 6, 7, 7, 7, 7, 7, 7, 8, 6, 7, 8, 7, 6, 7, 7, 7, 7, 6, 6, 7, 7, 7, 7, 7, 6, 7, 7, 7, 7, 8, 7, 7, 7, 8, 6, 7, 7, 7, 7, 7, 6, 7, 7, 6, 7, 7, 7, 7, 7, 7, 7, 7, 6, 7, 8, 7, 8, 7, 6, 7, 7, 8, 7, 7, 7, 8, 7, 7, 8, 7, 7, 7, 8, 7, 7, 7, 7, 7, 7, 7, 7, 7, 7, 7, 7, 7, 7, 7, 7, 7, 7, 7, 7, 7, 7, 7, 7, 6, 7, 7, 6, 8, 8, 7, 7, 7, 7, 7, 8, 7, 7, 7, 7, 7, 6, 7, 7, 7, 7, 7, 7, 7, 7, 7, 7, 7, 7, 7, 7, 6, 7, 7, 7, 7, 8, 7, 8, 7, 8, 7, 6, 7, 7, 7, 7, 7, 7, 7, 7, 6, 7, 7, 6, 7, 7, 7, 7, 7, 8, 7, 7, 7, 7, 8, 7, 7, 7, 7, 7, 7, 6, 7, 7, 7, 8, 7, 7, 7, 8, 7, 7, 7, 8, 7, 7, 7, 7, 7, 6, 7, 7, 8, 8, 7, 9, 7, 7, 7, 7, 7, 7, 7, 7, 7, 7, 8, 7, 7, 8, 7, 7, 7, 7, 7, 7, 7, 7, 7, 6, 7, 7, 7, 6, 7, 7, 7, 7, 7, 7, 6, 7, 7, 7, 7, 6, 7, 7, 7, 7, 7, 8, 6, 7, 7, 7, 7, 7, 7, 7, 7, 7, 7, 6, 7, 7, 7, 7, 8, 7, 7, 7, 6, 7, 7, 7, 7, 7, 7, 7, 7, 7, 7, 7, 7, 7, 7, 7, 7, 7, 7, 7, 7, 6, 7, 6, 7, 7, 7, 7, 6, 7, 7, 7, 7, 7, 8, 8, 8, 7, 8, 7, 7, 7, 7, 8, 6, 7, 7, 7, 7, 8, 7, 7, 8, 7, 8, 8, 7, 7, 7, 8, 7, 8, 8, 8, 8, 7, 8, 8, 6, 7, 7, 7, 7, 8, 7, 7, 8, 8, 8, 8, 7, 8, 7, 8, 6, 7, 7, 7, 7, 7, 6, 7, 7, 7, 7, 7, 7, 6, 7, 7, 7, 7, 7, 7, 7, 7, 7, 7, 7, 7, 7, 7, 7, 7, 8, 7, 7, 7, 7, 7, 7, 7, 7, 7, 7, 7, 7, 7, 7, 7, 7, 8, 7, 7, 7, 7, 7, 7, 8, 7, 7, 7, 7, 7, 7, 7, 7, 7, 7, 6, 6, 7, 7, 7, 7, 8, 7, 7, 7, 7, 7, 7, 7, 7, 7, 7, 7, 7, 7, 7, 8, 7, 7, 7, 7, 6, 8, 8]

################################################################
################################################################
################### process_jail_list: ######################

[7, 6, 7, 6, 6, 6, 6, 6, 6, 6, 6, 7, 6, 7, 6, 7, 7, 6, 6, 6, 6, 6, 7, 6, 7, 7, 6, 6, 6, 7, 6, 7, 7, 6, 6, 6, 6, 6, 6, 7, 6, 7, 6, 7, 6, 6, 7, 6, 6, 6, 6, 6, 6, 6, 6, 6, 6, 7, 7, 7, 6, 7, 6, 6, 7, 6, 6, 7, 6, 6, 6, 7, 7, 6, 6, 7, 6, 6, 6, 6, 6, 7, 6, 6, 6, 6, 6, 7, 6, 6, 7, 7, 6, 6, 6, 6, 7, 6, 6, 6, 6, 7, 7, 6, 7, 6, 6, 7, 6, 7, 6, 5, 7, 7, 6, 6, 7, 6, 6, 6, 6, 6, 6, 7, 7, 6, 7, 6, 7, 6, 6, 6, 6, 6, 7, 6, 6, 6, 6, 7, 6, 6, 6, 6, 6, 7, 6, 7, 6, 6, 6, 7, 7, 7, 7, 6, 7, 6, 7, 7, 6, 7, 7, 6, 6, 6, 6, 7, 6, 6, 7, 6, 6, 6, 6, 7, 6, 6, 7, 6, 7, 6, 7, 6, 6, 6, 6, 6, 6, 6, 7, 6, 7, 7, 6, 6, 7, 6, 6, 6, 6, 6, 7, 6, 7, 6, 6, 7, 6, 6, 6, 6, 7, 6, 6, 6, 6, 6, 6, 6, 7, 6, 7, 6, 6, 6, 7, 7, 7, 6, 7, 6, 6, 6, 7, 7, 6, 7, 6, 7, 7, 6, 7, 7, 6, 6, 7, 7, 6, 7, 6, 6, 6, 6, 6, 6, 6, 6, 6, 6, 6, 7, 6, 5, 7, 6, 6, 6, 6, 7, 6, 6, 6, 6, 6, 6, 6, 6, 6, 6, 6, 6, 6, 6, 6, 6, 6, 6, 7, 7, 7, 6, 6, 6, 6, 6, 6, 6, 6, 6, 6, 6, 6, 6, 6, 6, 6, 6, 6, 6, 6, 6, 6, 6, 6, 6, 6, 6, 6, 6, 6, 6, 7, 6, 6, 6, 7, 6, 6, 7, 6, 6, 6, 6, 6, 7, 6, 6, 6, 6, 6, 7, 7, 5, 6, 6, 6, 6, 6, 6, 6, 6, 6, 6, 6, 6, 7, 6, 6, 6, 7, 6, 6, 6, 7, 6, 7, 6, 6, 7, 6, 6, 6, 6, 6, 6, 6, 6, 6, 6, 6, 6, 6, 6, 6, 7, 6, 7, 6, 6, 6, 7, 7, 6, 6, 6, 7, 6, 6, 7, 7, 6, 6, 7, 6, 6, 6, 6, 6, 6, 6, 6, 6, 6, 6, 6, 6, 6, 6, 6, 6, 6, 6, 6, 6, 6, 6, 6, 6, 6, 6, 6, 7, 7, 6, 6, 6, 6, 6, 7, 6, 6, 6, 6, 7, 6, 6, 6, 6, 7, 6, 6, 6, 6, 6, 6, 6, 7, 6, 7, 6, 7, 6, 6, 6, 7, 6, 7, 6, 7, 6, 6, 6, 6, 6, 6, 6, 6, 6, 6, 6, 6, 6, 6, 6, 6, 6, 6, 6, 7, 6, 6, 6, 6, 7, 6, 6, 6, 6, 6, 6, 6, 6, 6, 7, 7, 6, 6, 6, 7, 6, 6, 6, 7, 6, 6, 6, 6, 6, 6, 6, 6, 7, 6, 6, 7, 6, 6, 6, 6, 6, 6, 6, 6, 6, 6, 6, 6, 6, 6, 6, 6, 6, 6, 6, 6, 6, 7, 6, 6, 6, 6, 6, 5, 6, 6, 7, 6, 6, 6, 6, 6, 6, 6, 6, 6, 6, 6, 6, 6, 6, 7, 6, 6, 6, 6, 7, 6, 6, 7, 6, 6, 7, 6, 6, 6, 6, 6, 7, 6, 7, 6, 6, 7, 6, 6, 6, 6, 6, 6, 6, 6, 6, 6, 6, 6, 6, 6, 7, 6, 7, 6, 7, 6, 6, 6, 6, 7, 6, 6, 6, 6, 6, 6, 6, 6, 7, 7, 7, 6, 7, 6, 6, 6, 6, 6, 6, 6, 6, 6, 6, 7, 6, 6, 7, 6, 7, 7, 6, 7, 6, 7, 6, 7, 7, 7, 7, 6, 6, 7, 6, 6, 7, 6, 6, 7, 6, 6, 6, 7, 7, 6, 6, 7, 6, 7, 6, 7, 6, 7, 6, 6, 6, 7, 6, 6, 6, 6, 6, 5, 6, 6, 6, 6, 6, 6, 6, 6, 6, 6, 6, 7, 6, 7, 6, 6, 7, 6, 6, 6, 6, 6, 6, 6, 6, 7, 6, 6, 6, 6, 6, 7, 6, 7, 7, 6, 6, 7, 6, 6, 7, 6, 6, 6, 7, 6, 6, 6, 6, 6, 6, 6, 6, 6, 6, 6, 6, 6, 6, 6, 6, 6, 6, 6, 6, 6, 6, 6, 6, 6, 6, 6, 7, 6, 6, 6, 6, 6, 7, 7]

################################################################
