Numero total de amostras 770

Tempo total de processamento: 0:39:51

############## TEMPOS DE PROCESSAMENTO DO EXERCICIO NO JAIL  ####################
Soma 4389 segundos
Media 5.7 segundos
Desvio padr達o 0.458257569495584 segundos
Minimo 5 segundos
Maximo 6 segundos

95% 5.0 segundos
99% 5.0 segundos

############## TEMPOS DE PROCESSAMENTO DO EXERCICIO NO JAIL COM DOWNLOAD  ################
Soma 4780 segundos
Media 6.207792207792208 segundos
Desvio padr達o 0.4057272558912548 segundos
Minimo 6 segundos
Maximo 7 segundos

95% 6.0 segundos
99% 6.0 segundos

################### TEMPOS DE DOWNLOAD DO EXERCICIO NO JAIL #######################
Soma 391 segundos
Media 0.5077922077922078 segundos
Desvio padr達o 0.49993927781053876 segundos
Minimo 0 segundos
Maximo 1 segundos

95% 0.0 segundos
99% 0.0 segundos

############################ TEMPOS DE ESPERA NA FILA ############################
Soma 663809
Media 862.0896103896104 segundos
Desvio padr達o 497.6161312175281 segundos
Minimo 1 segundos
Maximo 1729 segundos

95% 16.221999999999998 segundos
99% 17.452399999999997 segundos

################### queue_wait_time_list: ######################

[24, 15, 29, 2, 37, 1, 6, 6, 20, 11, 28, 11, 19, 24, 15, 33, 41, 37, 47, 50, 44, 51, 55, 60, 64, 64, 68, 74, 73, 78, 82, 82, 85, 90, 96, 100, 96, 104, 109, 105, 113, 118, 114, 123, 122, 127, 131, 33, 42, 55, 59, 68, 137, 140, 145, 148, 144, 148, 154, 159, 163, 163, 167, 171, 172, 176, 181, 181, 186, 190, 194, 198, 194, 203, 207, 202, 211, 216, 211, 221, 221, 225, 229, 229, 243, 234, 239, 238, 248, 252, 256, 260, 251, 261, 291, 291, 1223, 265, 1235, 265, 1240, 1243, 269, 1255, 268, 274, 273, 279, 278, 283, 283, 287, 287, 78, 1233, 86, 91, 100, 109, 301, 300, 305, 310, 310, 314, 318, 322, 326, 323, 332, 337, 341, 332, 345, 351, 342, 368, 359, 350, 354, 373, 359, 378, 368, 382, 373, 387, 378, 392, 396, 397, 407, 402, 412, 401, 415, 420, 411, 420, 425, 429, 118, 127, 470, 1224, 451, 429, 470, 452, 433, 1269, 1274, 433, 456, 474, 439, 1281, 456, 438, 474, 443, 461, 443, 460, 447, 478, 478, 447, 465, 465, 1293, 132, 136, 141, 153, 159, 484, 484, 490, 501, 495, 506, 501, 510, 514, 510, 519, 522, 519, 523, 524, 530, 535, 535, 538, 543, 543, 548, 553, 553, 557, 562, 567, 570, 565, 575, 580, 576, 585, 589, 582, 594, 594, 600, 603, 602, 608, 611, 1300, 1307, 1308, 612, 616, 167, 176, 185, 190, 199, 621, 625, 631, 636, 632, 636, 640, 645, 647, 649, 651, 657, 656, 661, 665, 664, 671, 676, 679, 686, 680, 691, 693, 689, 699, 705, 699, 709, 709, 713, 717, 717, 722, 726, 726, 728, 734, 740, 744, 740, 748, 749, 1324, 1319, 754, 754, 758, 757, 762, 762, 766, 767, 206, 1425, 798, 798, 771, 1514, 772, 1532, 1537, 775, 1545, 1556, 776, 780, 780, 784, 785, 789, 790, 794, 794, 217, 225, 233, 242, 247, 807, 807, 811, 816, 814, 820, 825, 829, 834, 830, 839, 842, 839, 847, 852, 848, 853, 857, 861, 866, 865, 870, 875, 874, 879, 888, 884, 892, 888, 895, 901, 896, 906, 911, 906, 911, 914, 919, 925, 923, 929, 933, 1438, 1444, 1454, 1464, 933, 937, 1511, 1519, 937, 1567, 941, 943, 947, 256, 1571, 296, 951, 951, 956, 961, 960, 965, 969, 975, 979, 975, 983, 987, 982, 993, 997, 993, 1001, 1001, 1007, 1011, 1010, 1015, 1020, 1019, 1024, 1028, 1033, 1038, 1033, 1042, 1046, 1042, 1056, 1051, 1051, 1055, 1060, 1064, 1069, 1070, 1073, 1078, 1078, 1082, 1087, 1579, 1588, 1625, 1087, 1091, 1629, 1639, 1645, 1656, 1661, 1667, 296, 1597, 1220, 1221, 305, 314, 318, 327, 1096, 1101, 1105, 1109, 1105, 1109, 1114, 1119, 1123, 1123, 1128, 1132, 1132, 1137, 1141, 1140, 1145, 1149, 1153, 1158, 1154, 1164, 1168, 1164, 1172, 1173, 1172, 1178, 1178, 1183, 1188, 1188, 1194, 1199, 1199, 1200, 1204, 1209, 1216, 1211, 1226, 1225, 1230, 1231, 1607, 1616, 1677, 1686, 336, 345, 355, 362, 363, 383, 387, 392, 1227, 1223, 1223, 1229, 1229, 1234, 1240, 1241, 1244, 1243, 1248, 1254, 1249, 1260, 1267, 1261, 1265, 1270, 1271, 1276, 1275, 1283, 1289, 1288, 1294, 1305, 1299, 1311, 1306, 1312, 1306, 1307, 1312, 1318, 1314, 1319, 1314, 1319, 1323, 1327, 1333, 1346, 1339, 1322, 1328, 1376, 1334, 1346, 1364, 1357, 1340, 1352, 1351, 1358, 1363, 1370, 1377, 1370, 1382, 1383, 1388, 1388, 1393, 1394, 1399, 1398, 1404, 1404, 1409, 1410, 1413, 1413, 1418, 1419, 1426, 1432, 1431, 1437, 1443, 1448, 1454, 1449, 1459, 1463, 1460, 1465, 1697, 407, 1494, 1466, 1496, 1470, 1472, 1500, 1476, 1501, 1478, 1481, 1505, 1482, 1505, 1485, 1509, 1486, 1706, 1710, 1490, 1719, 1491, 1729, 416, 425, 1515, 1518, 1522, 1526, 1523, 1528, 1533, 1538, 1541, 1541, 1546, 1551, 1550, 1557, 1562, 1561, 1566, 1570, 1574, 1578, 1575, 1582, 1588, 1583, 1593, 1598, 1594, 1603, 1601, 1608, 1612, 1611, 1617, 1619, 1617, 1623, 1629, 1634, 1638, 1635, 1642, 1644, 1643, 1650, 1651, 599, 483, 483, 489, 496, 505, 515, 524, 530, 539, 548, 558, 562, 571, 580, 588, 607, 620, 616, 626, 640, 645, 651, 1655, 1660, 1664, 1668, 1665, 1672, 1679, 1672, 1683, 1682, 1687, 1694, 1692, 1698, 1702, 1701, 1705, 1710, 1714, 1717, 1713, 1723, 1728, 1725, 660, 704, 713, 721, 672, 677, 686, 694, 730, 735, 743, 803, 803, 811, 821, 825, 835, 843, 857, 861, 870, 878, 884, 892, 902, 915, 919, 928, 947, 956, 965, 970, 979, 988, 997, 1007, 1015, 1024, 1028, 1038, 1046, 1059, 1064, 1074, 1082, 1095, 1089, 1101, 1113, 1119, 1127, 1136, 1146, 1150, 1158, 1168, 1176, 1182, 1192, 1201, 1204, 1216]

################################################################
################### jail_ex_download_list: ######################

[0, 1, 1, 1, 1, 1, 1, 0, 0, 0, 0, 1, 1, 0, 0, 1, 1, 1, 0, 0, 1, 0, 0, 0, 0, 0, 1, 0, 0, 0, 1, 0, 1, 1, 0, 0, 0, 0, 1, 1, 1, 0, 0, 1, 0, 1, 1, 1, 1, 0, 0, 1, 0, 0, 1, 1, 1, 1, 0, 0, 1, 1, 1, 1, 1, 1, 0, 0, 0, 0, 0, 0, 0, 1, 1, 1, 1, 1, 1, 0, 0, 0, 0, 1, 0, 0, 0, 1, 0, 0, 1, 1, 1, 0, 1, 1, 0, 1, 0, 1, 1, 0, 1, 1, 1, 0, 1, 0, 1, 0, 0, 0, 0, 0, 0, 1, 0, 0, 1, 0, 1, 0, 0, 1, 1, 1, 1, 0, 1, 1, 0, 1, 1, 1, 0, 0, 0, 1, 1, 1, 1, 1, 1, 0, 0, 1, 1, 0, 0, 1, 1, 1, 1, 0, 1, 1, 0, 0, 1, 0, 1, 0, 1, 1, 1, 1, 0, 0, 1, 1, 0, 1, 1, 1, 1, 0, 1, 1, 1, 0, 1, 0, 0, 1, 1, 1, 1, 1, 0, 0, 0, 0, 0, 1, 0, 0, 0, 0, 0, 1, 1, 0, 1, 0, 0, 0, 0, 1, 0, 1, 1, 1, 0, 0, 0, 1, 1, 1, 0, 0, 1, 1, 0, 0, 1, 1, 1, 0, 0, 0, 1, 0, 1, 1, 1, 1, 0, 0, 0, 1, 0, 1, 1, 1, 1, 0, 0, 0, 1, 1, 1, 0, 0, 0, 0, 1, 0, 1, 0, 0, 0, 1, 1, 1, 0, 0, 1, 0, 1, 0, 1, 0, 1, 0, 1, 0, 0, 0, 1, 0, 1, 0, 1, 1, 1, 0, 1, 1, 1, 0, 0, 0, 0, 0, 0, 1, 1, 1, 1, 1, 1, 0, 0, 1, 1, 0, 0, 0, 0, 0, 1, 0, 1, 0, 1, 1, 0, 1, 0, 0, 1, 0, 0, 1, 1, 1, 0, 0, 0, 0, 1, 0, 0, 1, 0, 1, 0, 0, 0, 1, 1, 1, 0, 0, 0, 1, 0, 1, 0, 1, 0, 0, 0, 1, 0, 1, 1, 1, 0, 0, 1, 1, 1, 1, 0, 1, 0, 0, 1, 1, 1, 0, 0, 1, 0, 1, 1, 0, 1, 0, 0, 0, 0, 1, 1, 1, 0, 1, 1, 1, 1, 0, 0, 0, 1, 1, 1, 0, 1, 0, 1, 1, 0, 0, 0, 0, 0, 0, 1, 1, 0, 0, 0, 1, 1, 0, 1, 0, 1, 0, 0, 1, 1, 0, 1, 0, 0, 1, 1, 1, 1, 1, 1, 1, 1, 1, 1, 0, 1, 1, 1, 1, 1, 1, 0, 0, 1, 0, 0, 0, 0, 1, 1, 1, 1, 0, 0, 0, 1, 1, 1, 0, 0, 1, 0, 0, 1, 1, 1, 0, 1, 0, 1, 0, 1, 0, 0, 1, 1, 1, 0, 0, 0, 1, 1, 1, 0, 0, 1, 1, 1, 0, 0, 0, 0, 1, 1, 0, 0, 1, 1, 0, 1, 0, 0, 0, 1, 0, 0, 0, 1, 1, 0, 0, 0, 1, 0, 1, 0, 1, 0, 1, 1, 1, 1, 0, 0, 0, 0, 0, 0, 0, 1, 1, 1, 1, 1, 1, 0, 0, 0, 0, 0, 0, 0, 0, 1, 1, 1, 0, 1, 0, 1, 1, 1, 0, 0, 1, 1, 1, 0, 0, 0, 0, 0, 0, 0, 0, 1, 1, 0, 0, 0, 0, 1, 1, 1, 1, 0, 0, 0, 0, 1, 1, 1, 1, 1, 1, 0, 1, 0, 0, 1, 0, 1, 1, 1, 1, 0, 1, 0, 0, 0, 0, 1, 0, 0, 0, 1, 1, 1, 0, 0, 0, 0, 0, 0, 1, 1, 1, 1, 1, 0, 0, 0, 0, 1, 1, 1, 0, 0, 0, 0, 1, 1, 1, 1, 1, 0, 1, 0, 1, 0, 1, 1, 0, 0, 0, 0, 0, 1, 1, 0, 0, 1, 0, 1, 1, 1, 0, 0, 1, 0, 1, 0, 1, 1, 0, 1, 0, 0, 0, 1, 1, 0, 1, 0, 0, 1, 1, 1, 0, 1, 0, 0, 1, 1, 1, 1, 0, 0, 1, 0, 1, 1, 0, 0, 0, 1, 1, 1, 1, 0, 0, 1, 1, 1, 0, 1, 0, 0, 1, 0, 1, 0, 1, 0, 0, 1, 0, 1, 1, 1, 1, 0, 1, 0, 0, 1, 1, 0, 1, 0, 1, 1, 1, 0, 0, 1, 0, 1, 1, 0, 0, 0, 1, 1, 0, 1, 1, 1, 0, 1, 0, 1, 0, 1, 0, 0, 1, 0, 0, 1, 1, 0, 1, 1, 1, 1, 0]

################################################################
################################################################
################### process_jail_download_list: ######################

[6, 6, 6, 6, 6, 7, 7, 6, 6, 6, 6, 6, 7, 6, 6, 6, 7, 6, 6, 6, 7, 6, 6, 6, 6, 6, 7, 6, 6, 6, 6, 6, 6, 7, 6, 6, 6, 6, 6, 6, 7, 6, 6, 6, 6, 7, 7, 6, 6, 6, 6, 7, 6, 6, 6, 7, 6, 7, 6, 6, 6, 6, 6, 6, 6, 7, 6, 6, 6, 6, 6, 6, 6, 6, 6, 6, 7, 7, 6, 6, 6, 6, 6, 6, 6, 6, 6, 6, 6, 6, 6, 6, 7, 6, 6, 6, 6, 6, 6, 6, 7, 6, 7, 6, 6, 6, 6, 6, 7, 6, 6, 6, 6, 6, 6, 7, 6, 6, 6, 6, 7, 6, 6, 6, 6, 6, 7, 6, 7, 7, 6, 6, 6, 7, 6, 6, 6, 6, 6, 6, 6, 6, 7, 6, 6, 7, 7, 6, 6, 7, 7, 7, 6, 6, 7, 6, 6, 6, 7, 6, 6, 6, 6, 6, 7, 6, 6, 6, 6, 7, 6, 6, 6, 7, 6, 6, 7, 6, 7, 6, 6, 6, 6, 7, 6, 7, 6, 6, 6, 6, 6, 6, 6, 6, 6, 6, 6, 6, 6, 7, 6, 6, 6, 6, 6, 6, 6, 6, 6, 6, 6, 7, 6, 6, 6, 6, 7, 7, 6, 6, 6, 7, 6, 6, 7, 6, 7, 6, 6, 6, 7, 6, 6, 6, 7, 7, 6, 6, 6, 6, 6, 6, 6, 6, 7, 6, 6, 6, 6, 6, 7, 6, 6, 6, 6, 7, 6, 7, 6, 6, 6, 6, 7, 7, 6, 6, 7, 6, 7, 6, 6, 6, 7, 6, 7, 6, 6, 6, 6, 6, 7, 6, 6, 6, 7, 6, 6, 6, 7, 6, 6, 6, 6, 6, 6, 6, 6, 6, 6, 7, 6, 6, 6, 6, 7, 6, 6, 6, 6, 6, 6, 6, 6, 6, 7, 6, 6, 7, 6, 6, 6, 6, 6, 7, 6, 6, 6, 6, 6, 6, 7, 6, 6, 7, 6, 7, 6, 6, 6, 6, 7, 7, 6, 6, 6, 6, 6, 6, 6, 6, 6, 6, 6, 6, 6, 6, 7, 7, 6, 6, 6, 6, 6, 7, 6, 6, 6, 6, 6, 6, 7, 6, 6, 6, 6, 6, 7, 6, 7, 6, 6, 6, 6, 6, 7, 7, 6, 6, 6, 6, 7, 6, 6, 6, 6, 7, 6, 6, 6, 6, 7, 7, 6, 6, 6, 6, 6, 6, 6, 7, 6, 6, 6, 6, 7, 6, 6, 6, 7, 6, 6, 6, 6, 6, 7, 6, 6, 6, 6, 6, 7, 6, 6, 7, 7, 6, 7, 6, 6, 6, 7, 6, 6, 6, 6, 6, 6, 6, 6, 6, 6, 6, 6, 6, 7, 6, 6, 6, 6, 7, 6, 6, 6, 7, 6, 6, 6, 7, 6, 6, 6, 6, 7, 6, 7, 6, 6, 6, 7, 6, 6, 6, 6, 6, 6, 7, 6, 6, 6, 7, 7, 6, 6, 6, 6, 7, 7, 6, 6, 7, 7, 6, 7, 6, 6, 6, 7, 6, 6, 6, 6, 7, 6, 6, 6, 6, 6, 7, 6, 7, 6, 6, 6, 7, 6, 6, 6, 6, 6, 6, 6, 6, 6, 6, 6, 7, 6, 7, 6, 6, 6, 6, 6, 6, 6, 6, 7, 6, 6, 6, 6, 6, 6, 6, 7, 6, 6, 6, 7, 7, 6, 6, 6, 6, 6, 6, 6, 6, 7, 7, 6, 6, 6, 6, 6, 6, 7, 7, 6, 6, 6, 6, 6, 6, 6, 6, 6, 6, 6, 6, 6, 6, 6, 6, 6, 7, 7, 7, 6, 6, 6, 6, 6, 6, 7, 6, 6, 6, 6, 6, 6, 6, 6, 6, 6, 6, 6, 6, 6, 7, 6, 7, 6, 6, 6, 6, 6, 7, 7, 6, 6, 6, 6, 6, 6, 6, 6, 7, 6, 6, 6, 6, 6, 7, 7, 6, 6, 6, 6, 6, 6, 7, 6, 6, 6, 6, 6, 7, 6, 6, 6, 6, 6, 7, 6, 6, 7, 6, 7, 6, 6, 6, 6, 6, 6, 6, 6, 6, 6, 6, 7, 6, 6, 6, 6, 6, 6, 7, 6, 6, 6, 7, 6, 6, 7, 6, 6, 6, 6, 6, 6, 7, 6, 6, 7, 6, 6, 6, 6, 6, 6, 6, 6, 6, 6, 6, 6, 6, 7, 6, 7, 6, 6, 6, 6, 6, 6, 6, 6, 7, 6, 6, 6, 6, 6, 7, 6, 6, 7, 6, 6, 7, 6, 6, 6, 6, 7, 6, 6, 6, 7, 6, 6, 6, 7, 6, 7, 6, 6, 6, 6, 6, 7, 6, 6, 6, 7, 6, 7, 6]

################################################################
################################################################
################### process_jail_list: ######################

[6, 5, 5, 5, 5, 6, 6, 6, 6, 6, 6, 5, 6, 6, 6, 5, 6, 5, 6, 6, 6, 6, 6, 6, 6, 6, 6, 6, 6, 6, 5, 6, 5, 6, 6, 6, 6, 6, 5, 5, 6, 6, 6, 5, 6, 6, 6, 5, 5, 6, 6, 6, 6, 6, 5, 6, 5, 6, 6, 6, 5, 5, 5, 5, 5, 6, 6, 6, 6, 6, 6, 6, 6, 5, 5, 5, 6, 6, 5, 6, 6, 6, 6, 5, 6, 6, 6, 5, 6, 6, 5, 5, 6, 6, 5, 5, 6, 5, 6, 5, 6, 6, 6, 5, 5, 6, 5, 6, 6, 6, 6, 6, 6, 6, 6, 6, 6, 6, 5, 6, 6, 6, 6, 5, 5, 5, 6, 6, 6, 6, 6, 5, 5, 6, 6, 6, 6, 5, 5, 5, 5, 5, 6, 6, 6, 6, 6, 6, 6, 6, 6, 6, 5, 6, 6, 5, 6, 6, 6, 6, 5, 6, 5, 5, 6, 5, 6, 6, 5, 6, 6, 5, 5, 6, 5, 6, 6, 5, 6, 6, 5, 6, 6, 6, 5, 6, 5, 5, 6, 6, 6, 6, 6, 5, 6, 6, 6, 6, 6, 6, 5, 6, 5, 6, 6, 6, 6, 5, 6, 5, 5, 6, 6, 6, 6, 5, 6, 6, 6, 6, 5, 6, 6, 6, 6, 5, 6, 6, 6, 6, 6, 6, 5, 5, 6, 6, 6, 6, 6, 5, 6, 5, 5, 5, 6, 6, 6, 6, 5, 5, 6, 6, 6, 6, 6, 6, 6, 6, 6, 6, 6, 5, 6, 6, 6, 6, 6, 6, 6, 6, 5, 6, 6, 6, 6, 6, 6, 6, 5, 6, 6, 6, 5, 5, 6, 6, 5, 5, 6, 6, 6, 6, 6, 6, 6, 5, 5, 5, 5, 6, 5, 6, 6, 5, 6, 6, 6, 6, 6, 6, 5, 6, 5, 6, 6, 5, 6, 6, 6, 6, 5, 6, 6, 6, 5, 5, 6, 6, 6, 6, 6, 6, 6, 6, 6, 6, 6, 6, 6, 5, 6, 6, 6, 6, 6, 5, 6, 5, 6, 5, 6, 6, 6, 5, 6, 5, 6, 6, 6, 6, 5, 5, 5, 6, 6, 5, 6, 6, 5, 5, 6, 6, 6, 5, 6, 5, 6, 6, 6, 6, 6, 6, 6, 5, 6, 6, 6, 5, 5, 5, 6, 6, 6, 6, 5, 6, 5, 6, 5, 6, 6, 6, 6, 6, 6, 6, 6, 6, 5, 6, 6, 6, 6, 5, 6, 6, 5, 6, 6, 6, 6, 5, 5, 6, 6, 6, 6, 5, 5, 5, 6, 5, 5, 6, 6, 5, 6, 6, 5, 5, 6, 5, 5, 5, 6, 6, 5, 6, 6, 6, 6, 5, 5, 5, 6, 6, 6, 6, 5, 6, 5, 6, 6, 6, 6, 6, 5, 6, 5, 6, 5, 6, 6, 6, 6, 6, 6, 5, 6, 5, 6, 6, 6, 5, 5, 6, 6, 6, 5, 6, 6, 6, 6, 6, 6, 6, 6, 6, 6, 6, 6, 6, 6, 6, 6, 6, 6, 6, 6, 6, 5, 6, 6, 6, 6, 5, 6, 6, 6, 6, 6, 5, 5, 6, 5, 6, 6, 6, 6, 6, 6, 6, 5, 5, 5, 6, 5, 6, 6, 6, 6, 6, 6, 6, 6, 6, 6, 5, 5, 6, 5, 6, 5, 5, 6, 6, 6, 5, 6, 6, 6, 6, 6, 6, 6, 6, 6, 6, 6, 6, 6, 6, 6, 6, 5, 5, 6, 6, 6, 6, 6, 6, 5, 5, 5, 5, 5, 5, 6, 5, 6, 6, 5, 6, 5, 6, 6, 6, 6, 5, 6, 6, 6, 6, 6, 6, 6, 6, 5, 5, 5, 6, 6, 6, 6, 6, 6, 5, 5, 6, 5, 6, 6, 6, 6, 6, 5, 6, 6, 6, 6, 6, 6, 5, 5, 5, 5, 6, 6, 5, 6, 5, 6, 6, 6, 6, 6, 6, 6, 6, 5, 6, 6, 6, 5, 6, 5, 6, 5, 6, 6, 5, 6, 6, 6, 5, 6, 6, 6, 6, 6, 6, 5, 5, 6, 5, 6, 6, 5, 5, 6, 6, 5, 6, 6, 5, 5, 6, 5, 6, 6, 6, 6, 5, 6, 6, 6, 6, 5, 5, 5, 6, 6, 6, 6, 5, 5, 6, 5, 6, 6, 5, 6, 5, 6, 5, 6, 6, 6, 6, 6, 5, 5, 5, 6, 5, 6, 6, 5, 6, 6, 5, 6, 5, 5, 6, 6, 6, 6, 6, 5, 6, 6, 6, 6, 5, 6, 6, 5, 5, 6, 6, 5, 6, 6, 6, 6, 6, 6, 5, 6, 6, 6, 5, 6, 5, 6, 5, 6, 6]

################################################################
