Numero total de amostras 770

Tempo total de processamento: 0:14:28

############## TEMPOS DE PROCESSAMENTO DO EXERCICIO NO JAIL  ####################
Soma 4674 segundos
Media 6.07012987012987 segundos
Desvio padr達o 0.553868317385892 segundos
Minimo 5 segundos
Maximo 8 segundos

95% 5.0 segundos
99% 5.0 segundos

############## TEMPOS DE PROCESSAMENTO DO EXERCICIO NO JAIL COM DOWNLOAD  ################
Soma 5167 segundos
Media 6.71038961038961 segundos
Desvio padr達o 0.6609879295485955 segundos
Minimo 6 segundos
Maximo 10 segundos

95% 6.0 segundos
99% 6.0 segundos

################### TEMPOS DE DOWNLOAD DO EXERCICIO NO JAIL #######################
Soma 493 segundos
Media 0.6402597402597403 segundos
Desvio padr達o 0.5062620183623261 segundos
Minimo 0 segundos
Maximo 2 segundos

95% 0.0 segundos
99% 0.0 segundos

############################ TEMPOS DE ESPERA NA FILA ############################
Soma 84699
Media 109.99870129870129 segundos
Desvio padr達o 57.57916062754923 segundos
Minimo 1 segundos
Maximo 207 segundos

95% 7.305499999999999 segundos
99% 7.613099999999999 segundos

################### queue_wait_time_list: ######################

[7, 5, 8, 16, 1, 1, 1, 17, 17, 10, 13, 8, 7, 6, 9, 10, 14, 6, 11, 12, 11, 11, 10, 9, 14, 10, 9, 12, 11, 12, 14, 14, 17, 15, 18, 12, 15, 14, 19, 17, 19, 16, 18, 21, 17, 16, 19, 15, 16, 15, 16, 82, 18, 19, 24, 20, 19, 23, 22, 21, 25, 20, 22, 21, 26, 21, 23, 25, 22, 24, 22, 23, 23, 26, 29, 26, 24, 26, 27, 27, 27, 28, 30, 27, 31, 29, 29, 29, 28, 33, 29, 32, 32, 28, 31, 23, 25, 26, 27, 27, 29, 27, 29, 33, 38, 32, 34, 33, 44, 36, 35, 35, 33, 35, 36, 41, 38, 35, 34, 43, 40, 36, 36, 40, 38, 41, 42, 37, 46, 45, 41, 41, 39, 51, 44, 45, 42, 44, 43, 43, 45, 47, 50, 50, 98, 131, 144, 109, 113, 132, 115, 159, 118, 135, 118, 147, 121, 136, 123, 155, 159, 127, 141, 148, 174, 144, 157, 150, 152, 165, 161, 173, 169, 177, 166, 180, 177, 180, 185, 182, 186, 183, 187, 191, 192, 193, 196, 200, 204, 34, 35, 36, 39, 40, 39, 41, 43, 41, 44, 48, 52, 53, 54, 58, 60, 54, 57, 57, 58, 55, 66, 64, 60, 57, 63, 62, 60, 67, 60, 66, 65, 68, 67, 63, 69, 66, 66, 67, 68, 68, 68, 66, 69, 69, 69, 68, 70, 132, 110, 161, 114, 131, 115, 184, 118, 148, 136, 117, 121, 137, 122, 156, 128, 127, 140, 148, 143, 183, 153, 144, 165, 154, 159, 170, 174, 167, 173, 181, 177, 180, 182, 188, 188, 189, 193, 189, 193, 191, 193, 196, 196, 201, 204, 46, 49, 53, 91, 97, 99, 100, 70, 71, 71, 70, 71, 71, 120, 109, 109, 111, 109, 123, 113, 115, 136, 118, 139, 128, 147, 130, 138, 143, 141, 152, 150, 155, 155, 160, 162, 168, 170, 172, 177, 181, 184, 189, 189, 194, 196, 198, 49, 87, 89, 94, 70, 72, 73, 72, 125, 71, 73, 73, 74, 74, 109, 133, 147, 116, 127, 117, 117, 128, 121, 135, 140, 131, 143, 138, 142, 151, 151, 158, 155, 163, 164, 170, 172, 175, 180, 184, 184, 190, 192, 192, 199, 202, 204, 83, 83, 82, 54, 83, 53, 84, 56, 86, 59, 85, 60, 115, 62, 63, 64, 65, 72, 73, 75, 75, 78, 75, 74, 77, 76, 75, 74, 76, 78, 79, 81, 79, 77, 80, 78, 80, 81, 79, 79, 80, 83, 84, 80, 82, 83, 81, 68, 70, 118, 131, 85, 118, 142, 122, 87, 87, 87, 86, 84, 86, 90, 135, 114, 126, 117, 146, 126, 134, 129, 141, 139, 155, 146, 152, 150, 158, 159, 164, 165, 167, 164, 171, 172, 176, 178, 184, 185, 189, 191, 194, 200, 201, 205, 67, 84, 141, 118, 122, 134, 84, 87, 86, 87, 90, 94, 95, 112, 125, 115, 113, 117, 125, 118, 135, 158, 129, 146, 130, 138, 151, 146, 151, 154, 159, 163, 165, 168, 171, 168, 174, 175, 180, 183, 187, 190, 193, 195, 200, 200, 205, 69, 73, 73, 76, 77, 76, 75, 77, 93, 90, 90, 94, 94, 91, 87, 92, 92, 91, 88, 92, 93, 91, 92, 96, 94, 93, 96, 92, 97, 97, 96, 95, 98, 97, 97, 96, 101, 99, 101, 99, 100, 99, 99, 99, 100, 101, 101, 79, 80, 81, 102, 111, 104, 104, 114, 104, 103, 137, 102, 123, 116, 102, 104, 103, 104, 103, 104, 105, 105, 105, 118, 125, 119, 130, 127, 134, 130, 137, 142, 141, 145, 159, 167, 168, 170, 175, 179, 180, 188, 187, 193, 196, 198, 201, 80, 90, 114, 129, 138, 117, 150, 119, 105, 132, 106, 124, 106, 107, 106, 107, 107, 107, 111, 111, 132, 125, 141, 127, 137, 148, 145, 152, 154, 157, 158, 160, 159, 163, 166, 168, 171, 175, 175, 179, 182, 187, 189, 190, 195, 199, 203, 81, 95, 117, 148, 119, 132, 120, 107, 108, 107, 107, 109, 109, 109, 125, 112, 145, 138, 112, 129, 154, 128, 140, 133, 144, 141, 152, 156, 162, 159, 163, 165, 170, 172, 174, 177, 178, 178, 182, 184, 186, 190, 194, 195, 198, 203, 205, 84, 99, 110, 110, 130, 144, 113, 160, 115, 133, 153, 117, 118, 134, 120, 144, 123, 137, 129, 163, 139, 149, 149, 140, 163, 157, 152, 157, 161, 178, 172, 169, 167, 174, 179, 175, 182, 182, 186, 185, 188, 190, 191, 193, 198, 201, 202, 203, 196, 197, 200, 198, 197, 201, 198, 202, 203, 206, 205, 205, 207, 206, 206, 206]

################################################################
################### jail_ex_download_list: ######################

[2, 1, 1, 0, 2, 1, 2, 0, 1, 1, 1, 1, 1, 1, 0, 0, 1, 1, 1, 0, 1, 0, 1, 1, 0, 0, 0, 1, 1, 1, 1, 1, 0, 1, 0, 1, 0, 1, 0, 1, 1, 0, 0, 1, 1, 1, 0, 1, 0, 1, 1, 1, 1, 1, 1, 1, 1, 0, 0, 1, 1, 1, 1, 0, 0, 0, 1, 0, 1, 0, 1, 1, 1, 0, 1, 1, 1, 0, 0, 1, 1, 0, 1, 0, 0, 0, 0, 0, 1, 0, 1, 0, 1, 1, 1, 1, 1, 1, 0, 1, 0, 1, 1, 0, 1, 1, 1, 1, 1, 1, 1, 1, 1, 1, 1, 0, 1, 1, 1, 0, 1, 1, 1, 1, 1, 1, 1, 1, 1, 0, 1, 1, 1, 1, 0, 1, 1, 2, 0, 1, 2, 1, 1, 2, 1, 0, 0, 1, 0, 1, 0, 1, 1, 1, 1, 1, 0, 0, 1, 1, 1, 0, 0, 0, 0, 0, 1, 0, 1, 1, 1, 1, 1, 1, 1, 1, 1, 1, 0, 1, 1, 1, 0, 0, 1, 1, 1, 1, 0, 0, 1, 1, 1, 0, 1, 1, 0, 1, 0, 2, 0, 1, 1, 0, 1, 1, 0, 1, 0, 1, 1, 0, 0, 0, 2, 1, 1, 0, 1, 1, 0, 0, 0, 1, 0, 0, 0, 1, 1, 1, 1, 1, 1, 1, 1, 0, 1, 0, 1, 1, 0, 1, 1, 0, 0, 0, 0, 1, 0, 0, 1, 1, 1, 1, 1, 1, 0, 1, 0, 1, 0, 1, 1, 1, 0, 0, 1, 1, 1, 1, 0, 0, 1, 0, 0, 1, 0, 1, 0, 1, 1, 1, 1, 0, 1, 2, 1, 1, 1, 1, 0, 0, 1, 1, 0, 1, 1, 0, 0, 1, 1, 1, 1, 1, 0, 0, 1, 1, 0, 1, 1, 1, 1, 0, 1, 1, 0, 1, 1, 1, 0, 1, 0, 1, 1, 1, 0, 1, 1, 1, 2, 0, 1, 1, 1, 1, 0, 0, 0, 1, 0, 0, 0, 1, 1, 0, 1, 0, 1, 1, 0, 1, 1, 0, 0, 1, 1, 1, 1, 1, 1, 1, 1, 0, 1, 0, 1, 0, 1, 1, 0, 1, 0, 1, 1, 1, 1, 1, 1, 1, 0, 0, 1, 1, 1, 0, 0, 1, 1, 1, 0, 1, 1, 1, 0, 1, 0, 1, 0, 0, 1, 0, 1, 0, 1, 1, 1, 0, 0, 0, 1, 1, 0, 1, 1, 1, 0, 1, 0, 1, 1, 1, 0, 0, 1, 0, 0, 0, 0, 1, 1, 1, 1, 1, 0, 0, 1, 1, 1, 1, 1, 1, 1, 1, 1, 1, 1, 1, 0, 1, 0, 1, 1, 0, 1, 0, 0, 1, 1, 1, 1, 0, 1, 1, 1, 1, 1, 0, 0, 1, 0, 1, 0, 1, 1, 1, 1, 1, 0, 1, 1, 1, 0, 0, 1, 1, 1, 1, 1, 1, 1, 1, 1, 1, 1, 0, 1, 0, 1, 1, 1, 1, 1, 0, 1, 1, 1, 0, 1, 1, 1, 1, 1, 0, 1, 0, 1, 1, 0, 1, 1, 0, 1, 0, 0, 1, 0, 0, 0, 0, 0, 1, 1, 1, 0, 1, 1, 1, 1, 1, 1, 0, 1, 0, 0, 1, 0, 1, 0, 1, 0, 0, 1, 1, 0, 0, 0, 0, 1, 1, 1, 0, 0, 0, 1, 1, 0, 1, 1, 0, 1, 0, 0, 0, 1, 0, 1, 1, 1, 1, 1, 0, 1, 0, 1, 1, 1, 1, 1, 0, 0, 1, 0, 1, 1, 1, 0, 1, 1, 1, 1, 1, 1, 1, 1, 0, 0, 1, 1, 0, 0, 1, 1, 1, 0, 1, 1, 0, 0, 0, 1, 1, 0, 1, 0, 0, 0, 0, 0, 1, 0, 1, 1, 1, 0, 0, 0, 1, 1, 0, 0, 0, 0, 0, 0, 1, 1, 1, 1, 0, 1, 0, 0, 1, 1, 1, 0, 1, 0, 1, 1, 0, 1, 0, 0, 0, 1, 1, 1, 1, 0, 0, 0, 1, 1, 1, 0, 0, 0, 0, 1, 1, 1, 1, 0, 0, 1, 0, 0, 1, 1, 0, 0, 0, 0, 1, 0, 1, 1, 1, 1, 1, 1, 1, 1, 0, 1, 0, 0, 1, 0, 1, 1, 0, 0, 1, 1, 0, 0, 1, 1, 1, 1, 0, 1, 0, 1, 0, 1, 1, 1, 0, 1, 0, 1, 1, 0, 1, 0, 0, 0, 1, 1, 0, 0, 1, 1, 1, 1, 1, 0, 1, 0, 1, 1, 1, 1, 1, 0, 1, 0, 0, 0, 1, 1, 0, 0, 0, 0, 0]

################################################################
################################################################
################### process_jail_download_list: ######################

[8, 8, 8, 6, 8, 8, 8, 6, 7, 7, 6, 7, 8, 8, 7, 7, 7, 8, 6, 6, 7, 7, 8, 8, 6, 6, 6, 7, 7, 7, 7, 7, 6, 7, 6, 7, 6, 7, 7, 7, 7, 6, 6, 7, 7, 7, 6, 7, 6, 6, 7, 6, 7, 7, 7, 7, 7, 6, 7, 7, 7, 7, 7, 6, 6, 6, 7, 6, 7, 6, 7, 7, 6, 6, 7, 6, 7, 6, 7, 7, 7, 6, 7, 6, 7, 6, 6, 6, 6, 6, 6, 7, 6, 7, 8, 7, 7, 7, 7, 7, 7, 8, 8, 7, 7, 7, 7, 7, 7, 6, 7, 7, 7, 7, 6, 7, 7, 7, 7, 6, 7, 8, 8, 7, 7, 7, 7, 7, 9, 7, 7, 7, 7, 7, 7, 9, 7, 9, 7, 7, 10, 9, 9, 10, 7, 6, 6, 7, 6, 7, 6, 6, 7, 7, 7, 7, 6, 6, 7, 6, 7, 6, 6, 7, 6, 6, 7, 7, 7, 7, 7, 7, 7, 7, 7, 7, 7, 7, 7, 6, 6, 7, 6, 6, 6, 8, 7, 7, 6, 6, 6, 7, 7, 6, 7, 7, 7, 7, 6, 10, 7, 8, 8, 7, 8, 9, 8, 8, 7, 8, 6, 8, 8, 8, 9, 8, 7, 6, 8, 6, 6, 6, 6, 7, 6, 6, 6, 7, 7, 6, 7, 7, 7, 7, 6, 6, 6, 6, 7, 7, 6, 7, 6, 7, 6, 6, 6, 6, 7, 6, 7, 7, 7, 7, 7, 7, 6, 7, 7, 6, 6, 7, 7, 6, 6, 6, 7, 7, 7, 7, 6, 6, 7, 6, 6, 7, 6, 7, 7, 7, 7, 7, 7, 8, 8, 8, 7, 7, 7, 7, 6, 6, 7, 7, 6, 7, 7, 6, 6, 7, 6, 7, 7, 7, 7, 6, 7, 6, 6, 7, 7, 6, 7, 7, 7, 7, 6, 7, 7, 7, 7, 7, 6, 7, 7, 6, 6, 6, 7, 6, 9, 7, 7, 7, 7, 7, 6, 6, 7, 7, 6, 6, 6, 7, 7, 6, 7, 6, 7, 6, 6, 7, 7, 7, 6, 7, 6, 7, 7, 7, 7, 7, 7, 6, 6, 7, 7, 7, 7, 7, 6, 6, 6, 7, 6, 7, 7, 7, 7, 7, 8, 6, 9, 6, 9, 6, 8, 7, 9, 7, 8, 8, 7, 6, 6, 7, 6, 7, 6, 6, 7, 6, 7, 6, 7, 7, 7, 6, 6, 6, 7, 7, 6, 7, 7, 7, 6, 7, 6, 6, 7, 7, 6, 6, 6, 6, 6, 6, 7, 7, 7, 7, 7, 6, 6, 6, 7, 8, 7, 6, 7, 7, 6, 7, 7, 7, 7, 7, 7, 7, 6, 7, 7, 6, 7, 6, 7, 7, 7, 7, 7, 6, 7, 7, 7, 7, 7, 6, 6, 7, 6, 7, 7, 7, 7, 7, 7, 7, 7, 8, 8, 7, 7, 6, 7, 7, 7, 7, 7, 7, 7, 7, 6, 7, 7, 6, 7, 7, 7, 7, 7, 6, 7, 7, 7, 7, 7, 6, 7, 7, 7, 7, 7, 6, 6, 7, 7, 7, 6, 7, 6, 6, 7, 6, 6, 7, 6, 6, 6, 6, 6, 6, 6, 7, 6, 7, 7, 7, 6, 6, 7, 6, 7, 6, 6, 7, 7, 7, 6, 7, 6, 7, 7, 7, 7, 6, 7, 6, 7, 7, 7, 6, 7, 7, 6, 6, 6, 6, 7, 7, 7, 6, 6, 6, 6, 6, 7, 7, 7, 7, 6, 6, 7, 6, 7, 7, 7, 7, 7, 6, 6, 6, 6, 7, 6, 7, 6, 6, 7, 7, 7, 7, 7, 7, 7, 6, 6, 7, 6, 6, 6, 7, 7, 7, 7, 7, 7, 6, 6, 6, 7, 7, 6, 7, 6, 6, 6, 6, 7, 7, 7, 7, 7, 6, 6, 6, 6, 7, 7, 7, 7, 6, 6, 7, 6, 7, 7, 7, 7, 6, 7, 6, 6, 6, 6, 7, 6, 7, 6, 7, 7, 6, 7, 6, 6, 6, 7, 7, 7, 7, 6, 6, 6, 7, 6, 7, 6, 6, 6, 6, 7, 7, 7, 7, 6, 6, 7, 7, 6, 6, 7, 6, 6, 7, 6, 7, 6, 7, 6, 7, 6, 7, 7, 7, 7, 6, 7, 6, 6, 7, 6, 7, 7, 6, 6, 6, 7, 6, 6, 6, 6, 7, 7, 6, 7, 6, 7, 6, 7, 7, 7, 6, 6, 6, 7, 7, 7, 7, 6, 6, 6, 7, 7, 6, 6, 7, 7, 6, 7, 7, 7, 7, 6, 6, 7, 7, 7, 7, 6, 7, 7, 6, 6, 7, 7, 6, 6, 6, 6, 6]

################################################################
################################################################
################### process_jail_list: ######################

[6, 7, 7, 6, 6, 7, 6, 6, 6, 6, 5, 6, 7, 7, 7, 7, 6, 7, 5, 6, 6, 7, 7, 7, 6, 6, 6, 6, 6, 6, 6, 6, 6, 6, 6, 6, 6, 6, 7, 6, 6, 6, 6, 6, 6, 6, 6, 6, 6, 5, 6, 5, 6, 6, 6, 6, 6, 6, 7, 6, 6, 6, 6, 6, 6, 6, 6, 6, 6, 6, 6, 6, 5, 6, 6, 5, 6, 6, 7, 6, 6, 6, 6, 6, 7, 6, 6, 6, 5, 6, 5, 7, 5, 6, 7, 6, 6, 6, 7, 6, 7, 7, 7, 7, 6, 6, 6, 6, 6, 5, 6, 6, 6, 6, 5, 7, 6, 6, 6, 6, 6, 7, 7, 6, 6, 6, 6, 6, 8, 7, 6, 6, 6, 6, 7, 8, 6, 7, 7, 6, 8, 8, 8, 8, 6, 6, 6, 6, 6, 6, 6, 5, 6, 6, 6, 6, 6, 6, 6, 5, 6, 6, 6, 7, 6, 6, 6, 7, 6, 6, 6, 6, 6, 6, 6, 6, 6, 6, 7, 5, 5, 6, 6, 6, 5, 7, 6, 6, 6, 6, 5, 6, 6, 6, 6, 6, 7, 6, 6, 8, 7, 7, 7, 7, 7, 8, 8, 7, 7, 7, 5, 8, 8, 8, 7, 7, 6, 6, 7, 5, 6, 6, 6, 6, 6, 6, 6, 6, 6, 5, 6, 6, 6, 6, 5, 6, 5, 6, 6, 6, 6, 6, 5, 7, 6, 6, 6, 5, 7, 6, 6, 6, 6, 6, 6, 6, 6, 6, 7, 5, 6, 6, 6, 5, 6, 6, 6, 6, 6, 6, 6, 6, 6, 6, 6, 6, 6, 6, 7, 6, 6, 6, 6, 8, 7, 6, 6, 6, 6, 6, 6, 6, 6, 6, 6, 6, 6, 6, 6, 6, 5, 6, 6, 6, 7, 6, 6, 5, 6, 6, 6, 5, 6, 7, 6, 6, 6, 6, 6, 6, 7, 6, 6, 6, 6, 5, 6, 5, 6, 5, 7, 7, 6, 6, 6, 6, 6, 6, 7, 6, 6, 6, 6, 6, 6, 6, 6, 6, 6, 5, 6, 6, 6, 7, 6, 6, 5, 6, 6, 6, 6, 6, 6, 6, 5, 7, 6, 7, 6, 6, 6, 5, 6, 6, 5, 6, 6, 6, 6, 6, 8, 6, 8, 5, 8, 6, 8, 6, 8, 6, 8, 7, 6, 5, 6, 6, 6, 6, 6, 6, 6, 6, 6, 6, 6, 6, 6, 6, 6, 6, 6, 6, 6, 6, 6, 6, 6, 6, 6, 5, 6, 6, 6, 6, 5, 6, 6, 6, 7, 6, 6, 6, 6, 5, 6, 6, 6, 7, 6, 5, 6, 6, 5, 6, 6, 6, 6, 6, 7, 6, 6, 6, 6, 6, 6, 6, 7, 6, 6, 6, 6, 6, 6, 6, 6, 6, 6, 6, 6, 6, 6, 6, 7, 6, 6, 6, 6, 6, 7, 7, 7, 6, 7, 6, 6, 6, 6, 6, 6, 6, 6, 6, 5, 6, 6, 6, 6, 7, 6, 6, 6, 5, 6, 7, 6, 6, 6, 6, 6, 6, 6, 6, 6, 6, 5, 7, 6, 6, 6, 6, 5, 6, 6, 6, 6, 6, 6, 6, 6, 6, 6, 5, 5, 6, 6, 6, 6, 6, 5, 5, 6, 6, 6, 6, 6, 6, 7, 6, 6, 6, 6, 7, 6, 6, 7, 6, 7, 6, 6, 6, 6, 6, 7, 7, 5, 5, 6, 5, 6, 7, 6, 6, 6, 6, 5, 6, 6, 6, 6, 6, 5, 6, 6, 6, 6, 6, 6, 6, 6, 6, 6, 5, 6, 6, 5, 6, 6, 5, 6, 6, 6, 6, 6, 6, 6, 6, 6, 6, 5, 6, 6, 6, 6, 6, 7, 6, 6, 6, 6, 6, 6, 6, 6, 6, 6, 6, 6, 6, 7, 6, 7, 6, 6, 5, 6, 6, 6, 6, 6, 7, 7, 6, 6, 7, 6, 6, 6, 6, 6, 6, 6, 6, 6, 5, 5, 6, 6, 6, 6, 6, 6, 6, 6, 6, 6, 6, 6, 6, 6, 6, 6, 6, 6, 6, 5, 6, 6, 6, 6, 6, 6, 6, 6, 6, 6, 6, 6, 7, 6, 5, 6, 6, 6, 7, 6, 6, 6, 6, 5, 6, 5, 6, 6, 6, 6, 6, 6, 6, 6, 6, 6, 6, 6, 6, 6, 5, 6, 6, 6, 5, 5, 6, 6, 6, 6, 6, 6, 6, 6, 6, 6, 6, 5, 6, 6, 6, 7, 6, 6, 6, 6, 6, 6, 6, 6, 6, 6, 5, 6, 6, 7, 6, 6, 5, 6, 6, 6, 6, 6, 6, 7, 6, 6, 6, 6, 6, 6, 6, 6, 6]

################################################################
