Numero total de amostras 770

Tempo total de processamento: 0:11:00

############## TEMPOS DE PROCESSAMENTO DO EXERCICIO NO JAIL  ####################
Soma 4583 segundos
Media 5.951948051948052 segundos
Desvio padr達o 0.31255561151323596 segundos
Minimo 5 segundos
Maximo 7 segundos

95% 5.0 segundos
99% 5.0 segundos

############## TEMPOS DE PROCESSAMENTO DO EXERCICIO NO JAIL COM DOWNLOAD  ################
Soma 5105 segundos
Media 6.62987012987013 segundos
Desvio padr達o 0.5459567879444128 segundos
Minimo 6 segundos
Maximo 9 segundos

95% 6.0 segundos
99% 6.0 segundos

################### TEMPOS DE DOWNLOAD DO EXERCICIO NO JAIL #######################
Soma 522 segundos
Media 0.6779220779220779 segundos
Desvio padr達o 0.5223879676383679 segundos
Minimo 0 segundos
Maximo 3 segundos

95% 0.0 segundos
99% 0.0 segundos

############################ TEMPOS DE ESPERA NA FILA ############################
Soma 619
Media 0.8038961038961039 segundos
Desvio padr達o 0.7939612274941649 segundos
Minimo 0 segundos
Maximo 6 segundos

95% 0.0 segundos
99% 0.0 segundos

################### queue_wait_time_list: ######################

[0, 2, 5, 2, 0, 1, 4, 1, 3, 1, 4, 4, 5, 2, 4, 1, 1, 6, 5, 2, 4, 0, 3, 3, 3, 2, 3, 1, 1, 1, 1, 0, 2, 1, 0, 2, 1, 0, 0, 0, 1, 1, 1, 1, 0, 0, 2, 0, 1, 1, 2, 2, 1, 0, 2, 1, 1, 1, 0, 1, 1, 1, 2, 0, 0, 1, 1, 1, 0, 1, 1, 1, 0, 0, 1, 0, 0, 1, 1, 0, 1, 1, 2, 0, 0, 1, 1, 0, 0, 1, 1, 0, 0, 1, 1, 0, 0, 1, 1, 0, 0, 1, 0, 1, 2, 1, 0, 0, 2, 1, 2, 1, 2, 1, 1, 2, 1, 1, 0, 0, 1, 1, 1, 1, 0, 0, 0, 0, 0, 0, 1, 1, 1, 1, 1, 0, 1, 2, 1, 1, 1, 1, 1, 0, 1, 1, 1, 0, 1, 0, 0, 0, 0, 0, 0, 0, 0, 1, 1, 0, 1, 0, 1, 1, 1, 1, 1, 0, 1, 0, 1, 0, 1, 0, 1, 0, 1, 1, 1, 2, 0, 1, 2, 1, 0, 1, 0, 1, 1, 0, 2, 1, 1, 1, 2, 0, 0, 1, 1, 0, 0, 1, 1, 1, 1, 1, 1, 1, 1, 1, 0, 1, 0, 1, 1, 0, 0, 0, 1, 1, 0, 0, 1, 0, 0, 0, 1, 2, 0, 1, 2, 1, 2, 0, 0, 1, 0, 0, 1, 0, 1, 1, 0, 0, 0, 1, 0, 1, 1, 0, 1, 0, 2, 0, 0, 1, 0, 1, 1, 1, 1, 1, 1, 0, 1, 0, 0, 1, 1, 0, 0, 0, 1, 1, 1, 0, 1, 0, 1, 0, 0, 1, 2, 1, 0, 1, 1, 2, 1, 2, 0, 1, 0, 1, 1, 0, 1, 0, 1, 1, 2, 0, 0, 1, 2, 1, 1, 1, 2, 1, 1, 0, 0, 0, 0, 1, 1, 1, 1, 1, 2, 0, 1, 0, 1, 0, 1, 1, 0, 0, 1, 1, 0, 0, 0, 0, 2, 1, 1, 0, 2, 0, 0, 1, 1, 1, 1, 0, 0, 1, 0, 0, 1, 0, 1, 1, 0, 1, 2, 1, 1, 1, 0, 1, 1, 2, 0, 1, 2, 2, 1, 1, 1, 1, 0, 0, 1, 1, 1, 1, 1, 0, 1, 1, 1, 1, 1, 0, 0, 1, 0, 1, 1, 1, 0, 1, 0, 0, 0, 0, 0, 1, 1, 1, 2, 2, 1, 0, 0, 1, 0, 1, 1, 2, 1, 1, 1, 1, 2, 1, 1, 1, 0, 0, 1, 2, 0, 0, 0, 1, 1, 0, 0, 0, 0, 0, 1, 1, 0, 1, 1, 0, 1, 2, 0, 2, 1, 1, 0, 0, 1, 1, 0, 1, 1, 0, 0, 1, 2, 0, 0, 0, 1, 1, 0, 0, 1, 0, 1, 0, 0, 0, 1, 1, 1, 1, 1, 0, 1, 1, 1, 1, 1, 1, 2, 1, 1, 1, 2, 0, 0, 2, 0, 1, 0, 1, 0, 0, 0, 1, 0, 0, 0, 1, 1, 0, 1, 1, 1, 1, 1, 0, 0, 0, 0, 0, 0, 1, 0, 0, 1, 1, 2, 1, 1, 0, 1, 0, 1, 1, 1, 1, 0, 1, 0, 1, 1, 0, 0, 1, 2, 0, 1, 1, 1, 0, 1, 1, 1, 1, 1, 2, 1, 0, 1, 2, 0, 1, 1, 1, 0, 1, 1, 0, 0, 2, 0, 0, 1, 1, 0, 1, 1, 0, 0, 1, 1, 0, 0, 1, 0, 2, 1, 0, 2, 2, 0, 1, 2, 0, 2, 0, 2, 1, 0, 2, 1, 1, 0, 0, 0, 1, 1, 0, 0, 3, 2, 2, 0, 2, 1, 1, 1, 0, 1, 1, 0, 1, 1, 1, 1, 0, 0, 1, 0, 0, 0, 0, 1, 0, 1, 1, 1, 1, 1, 1, 0, 0, 0, 1, 1, 0, 1, 2, 0, 1, 1, 0, 0, 0, 1, 0, 0, 1, 1, 0, 1, 0, 1, 0, 1, 0, 1, 1, 1, 1, 1, 1, 0, 1, 0, 1, 1, 0, 1, 0, 1, 0, 2, 2, 1, 0, 2, 1, 0, 1, 0, 1, 2, 2, 1, 1, 2, 1, 1, 0, 1, 1, 0, 0, 0, 1, 0, 1, 2, 1, 2, 0, 1, 1, 1, 0, 0, 1, 1, 2, 2, 1, 0, 1, 1, 1, 1, 0, 1, 1, 2, 1, 0, 1, 1, 1, 0, 1, 1, 2, 2, 0, 2, 0, 1, 1, 1, 1, 1, 1, 1, 0, 0, 2, 1, 1, 0, 0, 0, 0, 2, 2, 2, 1, 1, 0, 0, 1, 3, 0, 1, 2, 0, 1]

################################################################
################### jail_ex_download_list: ######################

[1, 3, 0, 3, 1, 3, 1, 0, 3, 1, 1, 1, 1, 0, 1, 0, 1, 1, 3, 1, 3, 1, 3, 1, 1, 1, 1, 1, 1, 1, 1, 1, 1, 1, 1, 0, 1, 1, 1, 1, 0, 1, 1, 1, 1, 1, 1, 1, 0, 0, 0, 0, 1, 1, 0, 0, 1, 1, 1, 1, 1, 1, 0, 1, 1, 1, 0, 1, 1, 0, 1, 1, 1, 1, 0, 1, 1, 0, 1, 1, 1, 0, 0, 1, 1, 1, 1, 1, 1, 0, 0, 0, 1, 1, 1, 1, 1, 0, 0, 1, 1, 1, 1, 0, 1, 0, 1, 0, 0, 0, 0, 1, 1, 0, 0, 0, 0, 0, 1, 1, 0, 1, 0, 1, 1, 0, 1, 0, 1, 1, 1, 1, 1, 0, 0, 1, 1, 0, 0, 1, 1, 1, 1, 1, 0, 0, 0, 1, 0, 0, 1, 1, 0, 1, 1, 1, 0, 1, 0, 1, 1, 1, 0, 0, 1, 1, 0, 1, 0, 1, 1, 1, 0, 1, 1, 1, 1, 1, 0, 0, 1, 1, 0, 1, 1, 0, 1, 1, 0, 1, 0, 0, 1, 1, 0, 1, 1, 1, 1, 1, 1, 1, 0, 0, 0, 0, 1, 1, 0, 1, 1, 0, 0, 0, 0, 0, 1, 0, 1, 0, 0, 1, 1, 1, 1, 0, 1, 1, 1, 0, 1, 1, 1, 1, 1, 1, 0, 0, 1, 1, 0, 0, 1, 1, 1, 0, 1, 0, 1, 0, 1, 1, 0, 1, 1, 1, 1, 0, 1, 0, 0, 0, 1, 1, 1, 1, 1, 0, 1, 1, 0, 1, 1, 1, 1, 1, 1, 1, 1, 1, 1, 1, 0, 0, 1, 1, 1, 1, 0, 0, 1, 1, 1, 1, 0, 1, 1, 1, 1, 0, 0, 1, 1, 0, 0, 1, 0, 1, 0, 0, 1, 1, 0, 1, 1, 1, 0, 0, 0, 0, 1, 1, 1, 1, 1, 1, 1, 1, 1, 1, 1, 0, 0, 1, 1, 1, 0, 1, 0, 1, 0, 1, 1, 1, 1, 1, 1, 0, 1, 0, 1, 1, 0, 1, 1, 0, 1, 1, 1, 0, 1, 1, 1, 0, 0, 1, 1, 0, 1, 0, 1, 1, 0, 0, 1, 1, 1, 1, 0, 1, 0, 1, 1, 1, 0, 1, 0, 1, 1, 1, 1, 0, 1, 0, 1, 1, 1, 1, 1, 1, 1, 1, 0, 1, 0, 1, 1, 1, 1, 1, 1, 1, 1, 0, 1, 0, 1, 0, 0, 1, 1, 0, 1, 1, 1, 0, 1, 1, 1, 1, 1, 1, 1, 1, 1, 1, 0, 0, 1, 0, 1, 1, 1, 0, 0, 0, 1, 0, 1, 0, 1, 1, 1, 1, 1, 1, 1, 0, 0, 1, 1, 0, 1, 0, 1, 1, 0, 1, 0, 1, 1, 0, 1, 1, 0, 1, 1, 1, 1, 0, 0, 1, 1, 0, 0, 1, 0, 1, 0, 1, 0, 0, 1, 1, 1, 1, 1, 1, 1, 1, 1, 1, 1, 0, 0, 1, 1, 0, 0, 1, 0, 1, 1, 1, 1, 1, 0, 0, 1, 1, 0, 0, 0, 0, 0, 0, 1, 1, 1, 1, 1, 1, 1, 1, 1, 1, 0, 1, 1, 1, 1, 1, 0, 1, 1, 1, 0, 0, 0, 0, 0, 0, 0, 1, 1, 1, 1, 1, 0, 1, 1, 0, 0, 1, 1, 1, 0, 1, 0, 0, 0, 1, 0, 1, 1, 1, 0, 1, 1, 1, 1, 0, 1, 1, 0, 1, 0, 1, 0, 1, 0, 0, 0, 0, 1, 1, 1, 0, 1, 1, 1, 0, 1, 1, 0, 0, 1, 1, 1, 1, 1, 1, 1, 1, 1, 1, 1, 1, 1, 0, 1, 0, 1, 1, 1, 1, 1, 1, 0, 1, 1, 0, 0, 0, 1, 1, 1, 1, 1, 1, 1, 1, 0, 0, 1, 0, 0, 1, 1, 1, 0, 1, 1, 0, 1, 1, 1, 1, 0, 1, 1, 1, 0, 0, 0, 0, 1, 1, 1, 1, 0, 0, 1, 1, 0, 1, 0, 1, 0, 0, 1, 1, 1, 0, 0, 1, 0, 1, 0, 1, 1, 1, 0, 1, 1, 1, 0, 0, 1, 1, 1, 0, 1, 0, 0, 0, 1, 1, 1, 1, 1, 1, 1, 1, 0, 0, 0, 1, 1, 1, 1, 1, 1, 1, 1, 1, 1, 1, 1, 1, 0, 1, 1, 0, 0, 0, 1, 0, 1, 1, 1, 0, 1, 1, 0, 1, 0, 1, 1, 1, 1, 0, 1, 1, 1, 0, 0, 0, 1, 1, 0, 0, 0, 1, 0, 0, 1, 0, 1, 1]

################################################################
################################################################
################### process_jail_download_list: ######################

[6, 9, 6, 9, 7, 9, 7, 6, 9, 7, 7, 7, 7, 6, 7, 6, 7, 7, 9, 7, 9, 6, 9, 7, 7, 7, 7, 7, 6, 7, 7, 7, 7, 7, 7, 6, 6, 7, 7, 7, 6, 7, 6, 7, 7, 7, 6, 6, 6, 6, 6, 6, 7, 7, 6, 6, 6, 7, 7, 6, 7, 7, 6, 7, 7, 7, 6, 7, 7, 6, 7, 6, 7, 7, 6, 7, 7, 6, 7, 7, 6, 6, 6, 7, 6, 7, 7, 7, 7, 6, 6, 6, 7, 7, 7, 7, 7, 6, 6, 7, 7, 7, 7, 6, 7, 6, 6, 6, 6, 6, 6, 7, 6, 6, 6, 6, 6, 6, 7, 7, 6, 7, 6, 7, 7, 6, 7, 6, 7, 6, 7, 7, 7, 6, 6, 7, 6, 6, 6, 6, 7, 6, 6, 7, 6, 6, 6, 7, 6, 6, 7, 7, 6, 7, 7, 7, 6, 7, 6, 7, 7, 7, 6, 6, 7, 6, 6, 7, 6, 7, 6, 7, 6, 7, 7, 7, 6, 7, 6, 6, 7, 7, 6, 7, 7, 6, 7, 7, 6, 7, 6, 6, 7, 7, 6, 7, 7, 7, 7, 6, 7, 7, 6, 6, 6, 6, 6, 7, 6, 7, 7, 6, 6, 6, 6, 6, 7, 6, 6, 6, 6, 7, 7, 7, 7, 6, 7, 7, 7, 6, 7, 7, 7, 7, 7, 7, 6, 6, 7, 7, 6, 6, 6, 7, 6, 6, 6, 6, 7, 6, 6, 7, 6, 7, 6, 7, 7, 6, 7, 6, 6, 6, 7, 7, 7, 7, 7, 6, 7, 7, 6, 7, 7, 7, 7, 7, 6, 7, 7, 7, 6, 7, 6, 7, 7, 7, 7, 7, 6, 6, 7, 7, 7, 7, 6, 6, 6, 7, 7, 6, 6, 7, 7, 6, 6, 7, 6, 7, 6, 6, 7, 7, 6, 7, 7, 7, 6, 6, 6, 6, 7, 7, 7, 7, 7, 7, 7, 7, 6, 7, 7, 6, 6, 7, 7, 7, 6, 7, 6, 7, 6, 7, 7, 7, 7, 7, 7, 7, 7, 6, 7, 6, 6, 6, 7, 6, 7, 7, 7, 6, 7, 7, 7, 6, 6, 6, 7, 6, 7, 6, 7, 7, 6, 6, 7, 7, 7, 7, 6, 7, 6, 7, 7, 7, 6, 7, 7, 7, 7, 7, 6, 6, 7, 6, 7, 7, 7, 7, 7, 7, 7, 7, 6, 7, 6, 7, 6, 7, 7, 7, 7, 7, 7, 6, 7, 6, 6, 6, 6, 7, 7, 6, 7, 7, 7, 6, 7, 7, 7, 7, 6, 7, 7, 7, 7, 7, 6, 6, 7, 6, 6, 7, 7, 6, 6, 7, 7, 7, 7, 6, 7, 7, 7, 7, 6, 7, 7, 6, 6, 7, 7, 6, 7, 6, 7, 7, 6, 7, 6, 7, 7, 6, 7, 7, 6, 7, 7, 7, 6, 6, 6, 7, 7, 6, 6, 7, 6, 7, 6, 7, 7, 6, 7, 7, 7, 7, 7, 7, 7, 7, 7, 7, 7, 6, 6, 7, 7, 6, 6, 7, 6, 7, 7, 7, 6, 6, 6, 6, 7, 7, 6, 6, 6, 6, 6, 7, 7, 7, 7, 7, 7, 7, 7, 7, 7, 7, 6, 7, 7, 7, 7, 7, 6, 7, 7, 7, 6, 6, 6, 6, 7, 6, 6, 7, 7, 7, 7, 7, 6, 7, 7, 6, 6, 7, 7, 7, 6, 7, 6, 6, 6, 7, 6, 7, 7, 7, 6, 7, 7, 7, 7, 6, 8, 7, 7, 7, 6, 7, 6, 7, 6, 6, 7, 7, 7, 7, 7, 6, 7, 6, 7, 6, 7, 7, 7, 6, 7, 7, 7, 8, 7, 7, 7, 8, 7, 7, 6, 7, 8, 6, 6, 7, 7, 7, 7, 6, 7, 7, 6, 7, 7, 6, 6, 6, 7, 7, 7, 7, 7, 7, 7, 7, 6, 6, 7, 6, 6, 7, 7, 7, 7, 7, 7, 6, 7, 7, 7, 7, 6, 7, 7, 7, 6, 6, 6, 6, 7, 7, 7, 7, 6, 6, 6, 7, 6, 7, 6, 7, 6, 6, 7, 7, 7, 7, 6, 7, 6, 7, 6, 7, 7, 7, 6, 7, 7, 7, 6, 6, 6, 7, 7, 6, 7, 6, 6, 6, 6, 7, 7, 7, 6, 7, 7, 7, 6, 6, 6, 7, 7, 7, 7, 7, 6, 7, 7, 7, 7, 7, 7, 7, 7, 7, 7, 6, 6, 6, 7, 6, 7, 7, 7, 6, 6, 7, 6, 7, 6, 7, 7, 7, 7, 6, 7, 7, 7, 6, 6, 6, 7, 7, 6, 6, 6, 7, 6, 6, 7, 6, 7, 7]

################################################################
################################################################
################### process_jail_list: ######################

[5, 6, 6, 6, 6, 6, 6, 6, 6, 6, 6, 6, 6, 6, 6, 6, 6, 6, 6, 6, 6, 5, 6, 6, 6, 6, 6, 6, 5, 6, 6, 6, 6, 6, 6, 6, 5, 6, 6, 6, 6, 6, 5, 6, 6, 6, 5, 5, 6, 6, 6, 6, 6, 6, 6, 6, 5, 6, 6, 5, 6, 6, 6, 6, 6, 6, 6, 6, 6, 6, 6, 5, 6, 6, 6, 6, 6, 6, 6, 6, 5, 6, 6, 6, 5, 6, 6, 6, 6, 6, 6, 6, 6, 6, 6, 6, 6, 6, 6, 6, 6, 6, 6, 6, 6, 6, 5, 6, 6, 6, 6, 6, 5, 6, 6, 6, 6, 6, 6, 6, 6, 6, 6, 6, 6, 6, 6, 6, 6, 5, 6, 6, 6, 6, 6, 6, 5, 6, 6, 5, 6, 5, 5, 6, 6, 6, 6, 6, 6, 6, 6, 6, 6, 6, 6, 6, 6, 6, 6, 6, 6, 6, 6, 6, 6, 5, 6, 6, 6, 6, 5, 6, 6, 6, 6, 6, 5, 6, 6, 6, 6, 6, 6, 6, 6, 6, 6, 6, 6, 6, 6, 6, 6, 6, 6, 6, 6, 6, 6, 5, 6, 6, 6, 6, 6, 6, 5, 6, 6, 6, 6, 6, 6, 6, 6, 6, 6, 6, 5, 6, 6, 6, 6, 6, 6, 6, 6, 6, 6, 6, 6, 6, 6, 6, 6, 6, 6, 6, 6, 6, 6, 6, 5, 6, 5, 6, 5, 6, 6, 6, 5, 6, 6, 6, 5, 6, 6, 6, 6, 6, 6, 6, 6, 6, 6, 6, 6, 6, 6, 6, 6, 6, 6, 6, 6, 6, 5, 6, 6, 6, 5, 6, 6, 7, 6, 6, 6, 6, 6, 6, 6, 6, 6, 6, 6, 5, 5, 6, 6, 6, 6, 6, 6, 6, 6, 6, 6, 6, 6, 6, 6, 6, 6, 6, 6, 6, 6, 6, 6, 6, 6, 6, 6, 6, 6, 6, 6, 6, 5, 6, 6, 6, 6, 6, 6, 6, 6, 6, 6, 6, 6, 6, 6, 6, 6, 6, 6, 7, 6, 6, 6, 5, 6, 5, 6, 6, 6, 6, 6, 6, 6, 6, 6, 6, 6, 5, 6, 6, 6, 6, 6, 6, 6, 6, 6, 6, 6, 6, 6, 6, 6, 6, 6, 6, 6, 6, 7, 6, 6, 6, 5, 6, 6, 6, 6, 6, 6, 6, 6, 6, 6, 6, 6, 6, 6, 6, 5, 6, 6, 6, 6, 6, 6, 6, 6, 6, 5, 6, 6, 6, 6, 6, 6, 6, 6, 6, 6, 6, 6, 6, 5, 6, 6, 6, 6, 6, 6, 6, 6, 6, 5, 6, 6, 6, 6, 7, 6, 7, 6, 6, 6, 6, 6, 6, 5, 6, 6, 6, 6, 6, 6, 6, 6, 6, 6, 6, 6, 6, 6, 6, 6, 6, 6, 6, 6, 6, 6, 6, 5, 6, 6, 6, 6, 6, 6, 6, 6, 6, 6, 6, 7, 6, 6, 6, 6, 6, 6, 6, 6, 6, 6, 6, 6, 6, 6, 6, 6, 6, 6, 6, 6, 6, 6, 6, 5, 5, 6, 6, 6, 6, 6, 6, 6, 6, 6, 7, 6, 6, 6, 6, 6, 6, 6, 6, 6, 6, 6, 6, 6, 6, 6, 6, 6, 6, 6, 6, 6, 6, 6, 6, 7, 6, 6, 6, 6, 6, 6, 6, 6, 6, 6, 6, 6, 6, 6, 6, 6, 6, 6, 6, 6, 6, 6, 6, 6, 6, 6, 6, 6, 6, 6, 6, 7, 6, 7, 6, 6, 6, 6, 6, 6, 6, 7, 7, 6, 6, 6, 6, 6, 5, 6, 6, 6, 6, 7, 6, 6, 6, 6, 7, 6, 6, 6, 7, 6, 6, 5, 6, 7, 6, 5, 7, 6, 6, 6, 5, 6, 6, 6, 6, 6, 6, 6, 6, 6, 6, 6, 6, 6, 6, 6, 6, 6, 6, 6, 6, 6, 6, 6, 6, 7, 6, 6, 6, 6, 6, 6, 6, 6, 6, 6, 6, 6, 6, 6, 6, 6, 6, 6, 6, 6, 6, 5, 6, 6, 6, 6, 6, 6, 6, 6, 6, 6, 7, 6, 6, 6, 6, 6, 6, 6, 6, 6, 6, 6, 6, 6, 6, 5, 6, 6, 6, 6, 6, 6, 6, 5, 6, 6, 6, 5, 6, 6, 6, 6, 6, 6, 6, 6, 6, 6, 6, 5, 6, 6, 6, 6, 6, 6, 6, 7, 6, 6, 6, 6, 6, 6, 6, 6, 6, 6, 6, 5, 6, 6, 6, 6, 6, 6, 6, 6, 6, 6, 6, 6, 6, 6, 6, 6, 6, 6, 6, 6, 6, 6, 6, 6, 6, 6, 6]

################################################################
