Numero total de amostras 770

Tempo total de processamento: 0:10:53

############## TEMPOS DE PROCESSAMENTO DO EXERCICIO NO JAIL  ####################
Soma 5010 segundos
Media 6.5064935064935066 segundos
Desvio padrão 0.5926689933446156 segundos
Minimo 5 segundos
Maximo 9 segundos

95% 6.0 segundos
99% 6.0 segundos

############## TEMPOS DE PROCESSAMENTO DO EXERCICIO NO JAIL COM DOWNLOAD  ################
Soma 5618 segundos
Media 7.296103896103896 segundos
Desvio padrão 0.8470639219721839 segundos
Minimo 6 segundos
Maximo 13 segundos

95% 6.0 segundos
99% 6.0 segundos

################### TEMPOS DE DOWNLOAD DO EXERCICIO NO JAIL #######################
Soma 608 segundos
Media 0.7896103896103897 segundos
Desvio padrão 0.5765063646339774 segundos
Minimo 0 segundos
Maximo 4 segundos

95% 0.0 segundos
99% 0.0 segundos

############################ TEMPOS DE ESPERA NA FILA ############################
Soma 2717
Media 3.5285714285714285 segundos
Desvio padrão 3.4035641037792015 segundos
Minimo 0 segundos
Maximo 14 segundos

95% 0.0 segundos
99% 0.0 segundos

################### queue_wait_time_list: ######################

[5, 2, 4, 3, 4, 10, 10, 13, 9, 11, 8, 9, 12, 10, 9, 7, 13, 8, 6, 10, 13, 12, 11, 10, 2, 13, 14, 12, 11, 11, 7, 14, 13, 9, 12, 12, 10, 11, 12, 13, 12, 11, 11, 12, 11, 11, 11, 11, 11, 11, 10, 13, 12, 13, 10, 9, 1, 11, 11, 9, 10, 13, 11, 12, 11, 10, 10, 9, 12, 10, 10, 10, 11, 11, 10, 12, 11, 11, 11, 10, 10, 10, 12, 12, 12, 10, 9, 9, 11, 12, 11, 11, 11, 10, 11, 12, 8, 9, 10, 10, 10, 11, 5, 11, 7, 11, 8, 9, 7, 9, 8, 9, 10, 10, 10, 9, 10, 10, 8, 9, 9, 6, 8, 8, 9, 10, 9, 8, 8, 9, 7, 7, 9, 8, 8, 8, 7, 7, 8, 6, 8, 6, 7, 9, 5, 6, 5, 8, 7, 6, 6, 6, 6, 6, 6, 6, 6, 7, 4, 6, 7, 3, 7, 6, 6, 6, 7, 5, 7, 5, 5, 8, 6, 6, 7, 5, 7, 4, 5, 6, 5, 6, 5, 5, 4, 5, 5, 4, 4, 5, 2, 5, 1, 3, 5, 5, 0, 1, 0, 1, 1, 2, 1, 4, 1, 0, 0, 1, 4, 1, 2, 5, 4, 4, 3, 4, 4, 3, 1, 4, 3, 4, 4, 3, 2, 5, 3, 3, 3, 3, 3, 4, 4, 5, 5, 5, 3, 4, 4, 4, 4, 3, 4, 3, 4, 3, 4, 3, 4, 3, 3, 3, 2, 2, 2, 4, 3, 4, 4, 3, 2, 4, 3, 3, 3, 2, 2, 3, 2, 3, 3, 4, 1, 3, 3, 3, 2, 3, 1, 3, 4, 2, 2, 1, 0, 3, 2, 2, 4, 3, 2, 1, 0, 3, 1, 2, 2, 1, 4, 2, 2, 0, 0, 3, 1, 3, 2, 3, 3, 2, 2, 0, 1, 3, 1, 1, 1, 2, 4, 1, 3, 2, 4, 3, 1, 1, 1, 3, 6, 3, 3, 1, 1, 2, 2, 3, 0, 2, 3, 3, 1, 1, 4, 3, 0, 3, 2, 3, 6, 4, 2, 1, 2, 6, 3, 1, 3, 2, 3, 3, 1, 3, 2, 1, 2, 1, 2, 2, 2, 1, 3, 2, 1, 2, 1, 3, 3, 2, 0, 2, 3, 1, 3, 4, 2, 1, 1, 1, 2, 3, 1, 1, 2, 1, 2, 2, 2, 0, 2, 1, 2, 3, 0, 2, 1, 1, 4, 0, 0, 2, 5, 1, 0, 2, 1, 1, 2, 1, 0, 1, 1, 3, 2, 2, 2, 0, 3, 1, 2, 2, 0, 1, 2, 2, 1, 2, 2, 2, 3, 3, 1, 2, 2, 0, 1, 2, 1, 2, 1, 2, 2, 2, 1, 1, 2, 0, 2, 2, 1, 1, 1, 0, 0, 1, 1, 2, 3, 1, 2, 2, 1, 1, 1, 1, 0, 2, 1, 1, 2, 1, 0, 0, 0, 2, 0, 1, 0, 1, 2, 0, 2, 2, 1, 2, 1, 2, 2, 2, 1, 1, 2, 2, 3, 2, 2, 1, 1, 2, 1, 2, 1, 1, 1, 2, 0, 1, 3, 0, 1, 1, 2, 2, 1, 2, 1, 1, 1, 2, 0, 1, 1, 0, 1, 3, 2, 1, 2, 0, 1, 1, 3, 2, 3, 2, 2, 2, 2, 2, 2, 0, 2, 3, 2, 0, 1, 2, 1, 3, 1, 2, 2, 1, 1, 2, 1, 2, 2, 1, 2, 2, 2, 3, 2, 2, 2, 1, 2, 2, 1, 1, 0, 2, 3, 2, 1, 1, 2, 1, 1, 0, 1, 0, 0, 1, 1, 1, 2, 1, 3, 2, 2, 1, 1, 2, 1, 0, 3, 2, 0, 1, 1, 2, 2, 1, 1, 2, 2, 3, 1, 3, 3, 3, 2, 1, 0, 2, 2, 2, 1, 1, 0, 1, 3, 3, 1, 2, 2, 1, 3, 2, 1, 2, 1, 3, 1, 2, 2, 2, 2, 1, 4, 2, 0, 2, 2, 2, 2, 3, 0, 2, 1, 3, 1, 3, 2, 0, 3, 2, 1, 1, 2, 1, 2, 1, 1, 0, 2, 2, 1, 1, 1, 1, 2, 1, 0, 1, 2, 2, 1, 1, 1, 1, 2, 0, 2, 2, 1, 3, 2, 1, 1, 2, 0, 2, 3, 1, 1, 2, 2, 2, 1, 1, 2, 3, 1, 2, 2, 2, 1, 1, 1, 2, 0, 1, 3, 3, 0, 1, 1, 2, 1, 3, 2, 2, 1, 2, 0, 1, 1, 3, 1, 2, 0, 2, 2, 2, 2, 2, 1, 2, 0, 3, 1, 1, 2, 1, 2, 2, 0, 2, 1, 1, 3, 0, 2, 2, 0, 1, 2, 1]

################################################################
################### jail_ex_download_list: ######################

[4, 4, 4, 4, 4, 1, 2, 1, 2, 1, 2, 2, 1, 1, 4, 4, 1, 4, 4, 1, 1, 0, 1, 1, 1, 1, 0, 1, 1, 1, 2, 1, 0, 1, 1, 1, 1, 1, 0, 0, 1, 1, 1, 1, 2, 1, 0, 1, 1, 1, 1, 0, 1, 1, 0, 1, 0, 1, 1, 1, 1, 0, 1, 1, 0, 1, 1, 1, 1, 1, 1, 1, 0, 1, 1, 1, 1, 2, 1, 1, 1, 1, 1, 0, 1, 2, 2, 1, 1, 1, 0, 1, 0, 1, 1, 2, 1, 1, 0, 1, 1, 1, 1, 1, 0, 0, 1, 1, 1, 0, 1, 1, 0, 0, 0, 1, 0, 0, 1, 1, 1, 1, 1, 1, 0, 1, 1, 1, 1, 0, 1, 0, 1, 1, 1, 1, 1, 1, 0, 0, 1, 1, 1, 0, 1, 1, 0, 0, 1, 0, 1, 1, 1, 1, 1, 1, 1, 1, 1, 1, 1, 0, 1, 1, 1, 0, 1, 1, 1, 1, 0, 0, 0, 1, 0, 1, 0, 1, 1, 1, 1, 0, 1, 1, 0, 1, 1, 1, 1, 0, 0, 1, 1, 1, 1, 1, 0, 0, 1, 1, 1, 1, 0, 1, 1, 1, 1, 0, 0, 1, 0, 1, 1, 1, 1, 1, 1, 1, 1, 1, 1, 0, 1, 0, 1, 1, 1, 1, 1, 1, 0, 1, 0, 0, 0, 1, 1, 1, 0, 0, 0, 1, 1, 0, 1, 1, 0, 1, 1, 1, 1, 1, 1, 1, 1, 1, 0, 1, 1, 1, 0, 1, 0, 1, 1, 1, 1, 1, 1, 0, 1, 0, 1, 1, 1, 1, 1, 1, 0, 1, 1, 1, 1, 1, 1, 1, 1, 1, 0, 1, 1, 0, 1, 1, 0, 1, 1, 0, 1, 1, 1, 1, 1, 1, 1, 1, 1, 1, 1, 1, 1, 1, 1, 1, 1, 1, 1, 1, 1, 0, 1, 1, 1, 1, 0, 1, 0, 0, 0, 0, 1, 0, 1, 1, 1, 1, 1, 1, 0, 0, 1, 1, 1, 1, 0, 1, 1, 1, 0, 0, 1, 1, 1, 0, 1, 1, 1, 1, 0, 0, 1, 0, 0, 1, 1, 0, 1, 1, 1, 1, 1, 1, 0, 0, 1, 1, 0, 0, 1, 0, 1, 1, 1, 0, 0, 1, 1, 1, 1, 1, 1, 1, 0, 0, 1, 0, 0, 1, 1, 0, 1, 1, 1, 1, 0, 1, 0, 1, 1, 1, 0, 1, 1, 1, 1, 1, 1, 1, 1, 1, 1, 0, 1, 1, 1, 1, 1, 1, 1, 1, 1, 1, 0, 1, 0, 0, 0, 1, 1, 0, 1, 0, 0, 1, 1, 1, 1, 0, 1, 0, 1, 1, 0, 1, 1, 1, 1, 1, 1, 1, 1, 1, 0, 0, 1, 0, 0, 1, 0, 1, 1, 0, 1, 1, 1, 0, 1, 0, 1, 1, 1, 1, 1, 0, 1, 0, 1, 1, 1, 1, 1, 1, 1, 1, 1, 0, 1, 0, 1, 1, 0, 1, 0, 1, 0, 1, 0, 1, 1, 0, 1, 0, 1, 1, 1, 1, 0, 1, 1, 1, 1, 0, 1, 0, 1, 1, 1, 1, 1, 0, 1, 1, 1, 1, 0, 0, 1, 1, 0, 1, 1, 1, 1, 1, 0, 1, 0, 1, 0, 1, 1, 1, 1, 1, 1, 0, 1, 0, 1, 1, 1, 1, 1, 1, 1, 0, 0, 1, 0, 1, 1, 1, 1, 1, 0, 1, 1, 0, 1, 1, 1, 0, 0, 0, 1, 1, 1, 1, 0, 1, 0, 1, 1, 1, 0, 1, 0, 0, 1, 1, 0, 1, 1, 1, 1, 1, 0, 0, 1, 0, 1, 1, 1, 1, 0, 1, 0, 0, 1, 1, 1, 0, 0, 1, 1, 1, 0, 1, 0, 1, 1, 1, 1, 0, 1, 0, 1, 1, 1, 0, 1, 1, 1, 1, 1, 1, 1, 0, 1, 1, 0, 1, 1, 1, 1, 1, 1, 1, 1, 0, 1, 1, 1, 1, 1, 1, 1, 1, 1, 0, 1, 1, 0, 1, 1, 1, 1, 1, 1, 1, 1, 1, 1, 0, 1, 1, 1, 0, 1, 1, 1, 1, 1, 1, 1, 1, 1, 1, 1, 1, 1, 1, 1, 0, 1, 1, 0, 1, 1, 1, 1, 1, 1, 0, 1, 1, 1, 1, 0, 1, 1, 1, 1, 1, 0, 1, 1, 1, 1, 0, 0, 0, 0, 1, 0, 1, 1, 1, 0, 1, 1, 1, 1, 1, 0, 1, 0, 1, 1, 0, 0, 0, 0, 1, 0, 1, 1, 1, 1, 1, 1, 1, 0, 1, 1, 1, 1, 1, 0, 1]

################################################################
################################################################
################### process_jail_download_list: ######################

[13, 13, 13, 13, 13, 9, 10, 8, 10, 8, 10, 9, 8, 7, 12, 12, 7, 12, 12, 8, 7, 7, 7, 8, 7, 8, 7, 9, 9, 7, 10, 8, 7, 8, 8, 7, 8, 8, 8, 6, 7, 7, 8, 7, 8, 9, 7, 7, 7, 8, 8, 7, 7, 8, 7, 7, 7, 8, 7, 8, 8, 7, 8, 8, 7, 7, 8, 7, 7, 8, 7, 7, 7, 7, 8, 7, 8, 8, 8, 7, 7, 7, 7, 6, 8, 9, 9, 8, 7, 7, 7, 8, 7, 7, 8, 8, 8, 8, 7, 8, 7, 7, 8, 7, 7, 7, 7, 7, 8, 6, 7, 7, 7, 6, 7, 7, 7, 7, 7, 7, 7, 7, 7, 7, 7, 7, 7, 7, 7, 7, 7, 7, 8, 8, 8, 7, 7, 7, 7, 7, 7, 8, 7, 7, 7, 7, 7, 7, 8, 7, 7, 7, 8, 8, 7, 7, 8, 7, 7, 7, 7, 7, 7, 7, 8, 7, 7, 7, 7, 7, 7, 7, 7, 7, 7, 8, 7, 8, 7, 7, 7, 7, 7, 7, 7, 7, 8, 7, 7, 7, 7, 7, 7, 7, 8, 8, 6, 6, 7, 7, 8, 7, 7, 8, 7, 7, 7, 7, 8, 8, 7, 7, 8, 7, 8, 8, 8, 8, 7, 8, 8, 7, 7, 7, 7, 8, 8, 8, 7, 7, 7, 7, 7, 6, 7, 7, 8, 8, 7, 7, 7, 8, 7, 7, 7, 8, 8, 8, 7, 8, 7, 8, 8, 8, 8, 8, 7, 8, 8, 7, 7, 7, 8, 8, 8, 7, 8, 8, 7, 7, 7, 6, 7, 7, 7, 7, 7, 7, 7, 8, 7, 8, 7, 8, 7, 8, 7, 7, 7, 7, 8, 7, 7, 7, 7, 7, 7, 6, 7, 7, 7, 8, 8, 7, 7, 7, 7, 7, 7, 7, 7, 7, 7, 7, 7, 7, 7, 7, 7, 6, 7, 7, 7, 7, 7, 8, 6, 6, 7, 6, 7, 6, 7, 7, 7, 7, 7, 7, 7, 7, 7, 7, 8, 7, 6, 8, 7, 7, 7, 6, 8, 7, 8, 6, 7, 8, 7, 8, 6, 7, 8, 6, 6, 8, 8, 7, 7, 7, 7, 8, 7, 7, 6, 6, 8, 7, 7, 6, 7, 7, 7, 7, 8, 6, 7, 8, 7, 7, 7, 7, 7, 7, 6, 6, 7, 6, 7, 6, 8, 7, 7, 7, 7, 7, 6, 7, 6, 7, 8, 7, 6, 7, 7, 7, 7, 7, 7, 8, 7, 7, 7, 6, 7, 7, 8, 8, 7, 8, 6, 7, 7, 6, 7, 8, 6, 7, 7, 7, 7, 7, 7, 6, 7, 7, 7, 7, 7, 7, 7, 6, 7, 7, 7, 7, 7, 7, 7, 7, 7, 7, 7, 8, 7, 7, 8, 7, 7, 7, 7, 7, 7, 7, 7, 7, 8, 7, 7, 7, 8, 7, 8, 7, 7, 7, 7, 6, 7, 7, 7, 7, 7, 7, 8, 7, 7, 7, 7, 7, 7, 7, 7, 7, 7, 7, 7, 7, 7, 7, 8, 7, 8, 6, 7, 7, 8, 8, 7, 7, 8, 8, 7, 6, 7, 7, 8, 8, 8, 8, 7, 7, 8, 7, 7, 7, 7, 7, 8, 7, 7, 8, 8, 7, 7, 7, 7, 7, 7, 8, 7, 8, 8, 7, 7, 8, 7, 7, 7, 7, 7, 8, 8, 8, 7, 7, 7, 7, 7, 7, 7, 8, 7, 8, 8, 8, 7, 7, 8, 7, 7, 7, 7, 7, 7, 7, 7, 8, 7, 7, 7, 8, 6, 7, 7, 7, 7, 8, 7, 6, 7, 7, 7, 7, 7, 8, 7, 7, 7, 6, 8, 6, 8, 7, 8, 8, 7, 7, 7, 7, 8, 7, 7, 7, 6, 8, 8, 8, 6, 7, 6, 7, 8, 7, 7, 8, 6, 7, 7, 8, 7, 6, 8, 7, 7, 7, 8, 7, 7, 7, 7, 7, 7, 8, 7, 7, 7, 8, 7, 7, 7, 6, 8, 8, 7, 7, 7, 8, 8, 8, 8, 6, 8, 8, 6, 9, 8, 8, 8, 7, 8, 7, 7, 7, 7, 7, 8, 7, 8, 7, 7, 7, 7, 8, 8, 7, 8, 8, 7, 7, 8, 8, 8, 8, 7, 8, 7, 8, 7, 7, 7, 8, 7, 8, 8, 7, 7, 8, 7, 7, 7, 8, 8, 7, 7, 8, 7, 7, 7, 7, 7, 7, 6, 7, 7, 8, 6, 6, 8, 8, 6, 8, 7, 8, 7, 7, 6, 8, 6, 7, 7, 7, 6, 7, 6, 8, 6, 8, 7, 8, 8, 7, 7, 8, 7, 8, 8, 8, 8, 7, 7, 8]

################################################################
################################################################
################### process_jail_list: ######################

[9, 9, 9, 9, 9, 8, 8, 7, 8, 7, 8, 7, 7, 6, 8, 8, 6, 8, 8, 7, 6, 7, 6, 7, 6, 7, 7, 8, 8, 6, 8, 7, 7, 7, 7, 6, 7, 7, 8, 6, 6, 6, 7, 6, 6, 8, 7, 6, 6, 7, 7, 7, 6, 7, 7, 6, 7, 7, 6, 7, 7, 7, 7, 7, 7, 6, 7, 6, 6, 7, 6, 6, 7, 6, 7, 6, 7, 6, 7, 6, 6, 6, 6, 6, 7, 7, 7, 7, 6, 6, 7, 7, 7, 6, 7, 6, 7, 7, 7, 7, 6, 6, 7, 6, 7, 7, 6, 6, 7, 6, 6, 6, 7, 6, 7, 6, 7, 7, 6, 6, 6, 6, 6, 6, 7, 6, 6, 6, 6, 7, 6, 7, 7, 7, 7, 6, 6, 6, 7, 7, 6, 7, 6, 7, 6, 6, 7, 7, 7, 7, 6, 6, 7, 7, 6, 6, 7, 6, 6, 6, 6, 7, 6, 6, 7, 7, 6, 6, 6, 6, 7, 7, 7, 6, 7, 7, 7, 7, 6, 6, 6, 7, 6, 6, 7, 6, 7, 6, 6, 7, 7, 6, 6, 6, 7, 7, 6, 6, 6, 6, 7, 6, 7, 7, 6, 6, 6, 7, 8, 7, 7, 6, 7, 6, 7, 7, 7, 7, 6, 7, 7, 7, 6, 7, 6, 7, 7, 7, 6, 6, 7, 6, 7, 6, 7, 6, 7, 7, 7, 7, 7, 7, 6, 7, 6, 7, 8, 7, 6, 7, 6, 7, 7, 7, 7, 7, 7, 7, 7, 6, 7, 6, 8, 7, 7, 6, 7, 7, 6, 7, 6, 6, 6, 6, 6, 6, 6, 6, 7, 7, 6, 7, 6, 7, 6, 7, 6, 6, 7, 6, 7, 7, 6, 6, 7, 6, 6, 6, 6, 6, 6, 7, 7, 6, 6, 6, 6, 6, 6, 6, 6, 6, 6, 6, 6, 6, 6, 6, 6, 6, 6, 6, 6, 6, 7, 7, 6, 6, 7, 6, 6, 6, 6, 6, 6, 6, 6, 6, 7, 7, 6, 6, 7, 6, 6, 7, 6, 6, 7, 6, 7, 6, 7, 6, 6, 7, 6, 7, 6, 7, 7, 6, 6, 7, 7, 7, 6, 6, 6, 7, 6, 6, 6, 6, 7, 6, 7, 6, 6, 7, 6, 6, 7, 6, 7, 7, 6, 6, 6, 6, 6, 6, 6, 6, 6, 6, 7, 5, 7, 7, 6, 6, 6, 6, 6, 6, 6, 6, 7, 6, 6, 6, 6, 6, 6, 6, 6, 7, 6, 6, 6, 6, 6, 6, 7, 7, 6, 7, 5, 6, 6, 5, 7, 7, 6, 7, 7, 6, 6, 7, 6, 6, 7, 6, 6, 6, 6, 7, 6, 6, 6, 6, 7, 6, 6, 6, 6, 6, 6, 6, 6, 7, 7, 7, 7, 7, 7, 6, 7, 6, 6, 7, 6, 6, 7, 7, 6, 7, 7, 6, 7, 6, 6, 7, 6, 6, 6, 6, 6, 6, 6, 6, 7, 6, 6, 7, 6, 7, 6, 6, 7, 6, 7, 6, 7, 6, 7, 6, 7, 7, 7, 6, 6, 6, 7, 7, 7, 6, 7, 7, 6, 6, 6, 7, 7, 7, 7, 7, 6, 7, 7, 6, 6, 6, 7, 7, 7, 6, 7, 7, 7, 6, 6, 6, 7, 6, 7, 7, 7, 7, 7, 6, 6, 7, 6, 7, 6, 7, 6, 7, 7, 7, 6, 6, 6, 7, 7, 6, 7, 7, 6, 7, 7, 7, 7, 6, 7, 7, 6, 6, 6, 7, 7, 7, 6, 7, 6, 6, 7, 7, 6, 6, 6, 6, 7, 7, 7, 6, 6, 6, 7, 6, 6, 7, 6, 6, 7, 6, 7, 6, 7, 6, 7, 7, 7, 6, 7, 7, 7, 6, 6, 7, 6, 7, 7, 7, 6, 6, 6, 6, 7, 6, 6, 8, 5, 7, 6, 7, 6, 6, 7, 6, 6, 6, 7, 6, 6, 7, 6, 6, 7, 7, 6, 6, 6, 7, 6, 6, 6, 6, 7, 7, 6, 6, 6, 7, 7, 7, 7, 6, 7, 7, 6, 8, 7, 7, 7, 6, 7, 6, 6, 6, 6, 7, 7, 6, 7, 7, 6, 6, 6, 7, 7, 6, 7, 7, 6, 6, 7, 7, 7, 7, 6, 8, 6, 7, 7, 6, 6, 7, 6, 7, 7, 7, 6, 7, 6, 6, 7, 7, 7, 6, 6, 7, 7, 6, 6, 6, 6, 7, 6, 7, 7, 7, 6, 5, 7, 7, 6, 7, 6, 7, 6, 6, 6, 7, 6, 6, 6, 7, 6, 7, 6, 7, 6, 7, 6, 7, 7, 6, 6, 7, 7, 7, 7, 7, 7, 6, 7, 7]

################################################################
Numero total de amostras 770

Tempo total de processamento: 0:10:55

############## TEMPOS DE PROCESSAMENTO DO EXERCICIO NO JAIL  ####################
Soma 4569 segundos
Media 5.933766233766233 segundos
Desvio padrão 0.49362438783192114 segundos
Minimo 5 segundos
Maximo 7 segundos

95% 5.0 segundos
99% 5.0 segundos

############## TEMPOS DE PROCESSAMENTO DO EXERCICIO NO JAIL COM DOWNLOAD  ################
Soma 5135 segundos
Media 6.6688311688311686 segundos
Desvio padrão 0.7390340730348135 segundos
Minimo 6 segundos
Maximo 12 segundos

95% 6.0 segundos
99% 6.0 segundos

################### TEMPOS DE DOWNLOAD DO EXERCICIO NO JAIL #######################
Soma 566 segundos
Media 0.7350649350649351 segundos
Desvio padrão 0.6093995839564501 segundos
Minimo 0 segundos
Maximo 5 segundos

95% 0.0 segundos
99% 0.0 segundos

############################ TEMPOS DE ESPERA NA FILA ############################
Soma 1425
Media 1.8506493506493507 segundos
Desvio padrão 2.3242998318233097 segundos
Minimo 0 segundos
Maximo 12 segundos

95% 0.0 segundos
99% 0.0 segundos

################### queue_wait_time_list: ######################

[10, 8, 5, 9, 4, 3, 7, 6, 7, 6, 9, 9, 8, 6, 10, 8, 9, 5, 7, 9, 7, 12, 11, 10, 11, 12, 8, 10, 7, 6, 7, 6, 10, 10, 8, 11, 9, 12, 10, 10, 8, 9, 7, 7, 1, 9, 8, 10, 7, 8, 6, 8, 9, 5, 7, 5, 9, 6, 8, 6, 9, 7, 8, 7, 7, 6, 9, 6, 9, 8, 8, 6, 6, 7, 5, 6, 6, 7, 3, 5, 4, 5, 5, 6, 5, 7, 3, 4, 4, 4, 6, 5, 6, 6, 7, 3, 3, 4, 5, 6, 2, 3, 2, 2, 5, 2, 1, 3, 1, 1, 1, 2, 4, 1, 1, 5, 4, 2, 1, 4, 4, 3, 1, 0, 3, 3, 2, 4, 1, 3, 1, 2, 0, 2, 2, 1, 0, 1, 0, 1, 1, 2, 1, 0, 1, 1, 1, 3, 1, 1, 1, 1, 1, 1, 1, 1, 0, 1, 1, 1, 1, 2, 1, 0, 0, 0, 1, 1, 1, 1, 2, 0, 2, 0, 0, 1, 1, 0, 1, 0, 0, 1, 1, 0, 2, 1, 1, 0, 0, 1, 0, 1, 0, 1, 1, 1, 2, 1, 0, 1, 1, 2, 0, 1, 1, 1, 0, 1, 0, 1, 1, 1, 2, 0, 1, 0, 0, 2, 1, 1, 2, 0, 2, 0, 0, 1, 0, 0, 2, 1, 1, 1, 1, 1, 1, 1, 2, 1, 0, 0, 1, 0, 0, 0, 1, 0, 1, 0, 1, 1, 1, 0, 1, 1, 0, 1, 1, 1, 1, 2, 0, 2, 0, 2, 1, 0, 0, 1, 1, 0, 2, 2, 2, 0, 0, 2, 1, 0, 2, 1, 1, 0, 1, 0, 1, 0, 2, 1, 1, 1, 1, 1, 2, 1, 0, 0, 2, 2, 1, 1, 0, 1, 1, 0, 1, 0, 0, 0, 0, 1, 2, 3, 1, 0, 1, 3, 2, 1, 2, 1, 1, 1, 1, 0, 0, 1, 0, 2, 1, 1, 0, 2, 2, 1, 2, 2, 2, 2, 3, 2, 0, 1, 2, 2, 1, 1, 1, 1, 1, 1, 1, 1, 0, 0, 3, 2, 2, 1, 1, 1, 1, 1, 1, 0, 1, 0, 1, 1, 1, 1, 0, 1, 1, 0, 0, 1, 1, 2, 1, 1, 1, 0, 0, 0, 1, 1, 1, 1, 0, 0, 1, 1, 0, 1, 0, 0, 1, 0, 0, 1, 1, 0, 0, 0, 0, 1, 1, 1, 0, 1, 1, 0, 0, 1, 1, 0, 0, 0, 2, 0, 1, 1, 1, 2, 1, 1, 0, 1, 1, 0, 0, 1, 1, 1, 1, 1, 2, 2, 1, 2, 1, 2, 1, 1, 1, 1, 2, 1, 0, 1, 1, 2, 1, 1, 1, 1, 2, 1, 1, 2, 3, 1, 1, 2, 1, 1, 1, 1, 3, 0, 0, 2, 3, 1, 1, 0, 0, 1, 0, 1, 1, 0, 0, 1, 2, 1, 1, 3, 2, 1, 1, 1, 1, 0, 2, 1, 3, 3, 1, 2, 0, 2, 3, 1, 1, 1, 0, 1, 2, 0, 1, 3, 0, 1, 1, 0, 1, 3, 1, 1, 1, 2, 2, 0, 2, 2, 1, 1, 1, 0, 1, 2, 1, 1, 0, 0, 2, 2, 1, 2, 1, 2, 1, 3, 3, 0, 1, 1, 2, 0, 1, 0, 1, 2, 3, 1, 1, 0, 0, 1, 1, 0, 1, 0, 1, 2, 0, 2, 3, 0, 0, 2, 2, 2, 2, 2, 2, 0, 1, 2, 2, 1, 1, 0, 2, 0, 0, 0, 1, 1, 0, 1, 1, 0, 0, 3, 0, 1, 3, 2, 0, 3, 1, 2, 1, 0, 1, 1, 1, 3, 2, 1, 2, 1, 1, 0, 0, 1, 0, 1, 0, 1, 2, 2, 1, 0, 1, 1, 1, 1, 1, 1, 0, 1, 1, 1, 0, 1, 1, 1, 0, 0, 1, 0, 0, 0, 1, 1, 1, 0, 3, 1, 0, 2, 1, 1, 0, 1, 1, 0, 2, 0, 2, 1, 0, 1, 1, 1, 2, 2, 1, 2, 0, 1, 1, 2, 0, 0, 1, 2, 1, 1, 2, 1, 1, 1, 2, 1, 1, 2, 1, 2, 0, 1, 2, 2, 2, 1, 2, 1, 0, 0, 2, 2, 2, 1, 1, 0, 2, 2, 1, 2, 1, 0, 0, 2, 2, 1, 1, 2, 1, 2, 0, 2, 1, 1, 0, 2, 2, 1, 1, 1, 2, 3, 0, 2, 3, 2, 2, 0, 2, 1, 1, 1, 1, 1, 2, 0, 0, 0, 0, 1, 1, 0, 1, 2, 1, 2, 0, 2, 0, 2, 1, 2, 1, 0, 0, 1, 0, 3]

################################################################
################### jail_ex_download_list: ######################

[1, 1, 4, 2, 4, 4, 2, 2, 2, 2, 1, 4, 4, 4, 1, 2, 1, 4, 4, 1, 5, 1, 1, 1, 1, 1, 1, 1, 2, 2, 1, 1, 1, 1, 1, 0, 1, 0, 1, 2, 1, 0, 1, 1, 1, 1, 1, 1, 1, 1, 1, 1, 0, 1, 1, 1, 1, 0, 0, 0, 1, 0, 1, 1, 1, 1, 1, 0, 0, 1, 1, 1, 1, 1, 1, 1, 1, 1, 1, 1, 2, 1, 0, 1, 1, 0, 1, 0, 1, 1, 1, 1, 1, 0, 0, 0, 1, 1, 0, 1, 1, 1, 0, 1, 1, 1, 0, 0, 1, 1, 0, 1, 1, 1, 1, 0, 0, 1, 1, 0, 0, 1, 1, 1, 1, 0, 1, 0, 1, 0, 0, 1, 1, 0, 1, 0, 1, 1, 1, 0, 1, 1, 0, 1, 0, 1, 1, 0, 1, 1, 1, 1, 0, 1, 1, 1, 1, 0, 1, 1, 0, 1, 0, 1, 1, 1, 0, 0, 1, 0, 1, 0, 0, 1, 1, 1, 1, 1, 0, 1, 1, 1, 1, 1, 0, 0, 1, 1, 1, 1, 1, 1, 1, 1, 1, 1, 0, 1, 1, 1, 1, 0, 0, 1, 0, 0, 1, 1, 1, 1, 1, 0, 0, 1, 1, 1, 1, 1, 0, 0, 1, 1, 0, 1, 1, 0, 1, 1, 1, 0, 0, 1, 1, 0, 0, 1, 0, 1, 1, 1, 1, 1, 1, 0, 0, 1, 1, 1, 0, 1, 1, 1, 0, 0, 1, 0, 1, 1, 1, 1, 1, 1, 1, 0, 1, 1, 1, 1, 0, 1, 1, 0, 0, 1, 0, 1, 1, 1, 0, 1, 0, 1, 1, 1, 1, 1, 1, 1, 1, 1, 1, 1, 0, 1, 1, 1, 1, 1, 1, 1, 1, 0, 0, 1, 0, 1, 1, 1, 1, 0, 1, 0, 0, 1, 0, 0, 0, 0, 1, 1, 0, 1, 0, 1, 1, 0, 1, 1, 0, 0, 1, 0, 1, 1, 1, 0, 0, 1, 1, 1, 1, 1, 0, 0, 1, 1, 1, 1, 0, 1, 0, 0, 1, 0, 0, 1, 1, 1, 0, 1, 0, 0, 1, 1, 0, 1, 1, 1, 0, 0, 1, 1, 0, 0, 1, 1, 0, 0, 1, 0, 1, 1, 1, 1, 0, 1, 0, 0, 1, 1, 0, 0, 1, 0, 0, 0, 1, 1, 1, 1, 0, 1, 1, 1, 1, 0, 0, 0, 0, 1, 1, 1, 1, 0, 1, 1, 1, 1, 0, 1, 1, 1, 0, 0, 1, 0, 1, 1, 1, 1, 1, 0, 0, 0, 1, 1, 0, 0, 0, 1, 1, 1, 0, 1, 1, 0, 0, 1, 1, 1, 1, 0, 0, 0, 1, 1, 1, 1, 0, 1, 1, 1, 1, 0, 1, 0, 1, 0, 0, 1, 1, 1, 0, 0, 1, 1, 1, 1, 1, 1, 0, 1, 1, 1, 0, 1, 0, 1, 1, 1, 1, 1, 1, 1, 1, 0, 1, 1, 1, 0, 1, 0, 1, 1, 1, 1, 1, 1, 1, 1, 0, 1, 1, 1, 0, 1, 0, 0, 1, 0, 1, 0, 0, 1, 1, 1, 1, 0, 1, 1, 1, 1, 1, 0, 1, 1, 1, 1, 1, 1, 1, 1, 1, 0, 0, 1, 0, 0, 1, 0, 1, 1, 0, 1, 0, 1, 1, 1, 1, 0, 1, 1, 1, 1, 0, 0, 1, 0, 0, 1, 1, 1, 1, 0, 0, 1, 0, 0, 1, 1, 0, 1, 0, 1, 0, 1, 1, 1, 1, 1, 1, 1, 0, 1, 1, 0, 1, 0, 0, 1, 1, 1, 0, 1, 1, 1, 1, 1, 0, 1, 1, 1, 1, 0, 1, 1, 1, 1, 1, 0, 1, 1, 0, 1, 1, 1, 1, 1, 1, 1, 0, 0, 0, 0, 1, 0, 0, 0, 0, 1, 1, 1, 1, 1, 1, 1, 0, 0, 1, 0, 1, 1, 1, 1, 0, 0, 1, 1, 0, 1, 1, 1, 1, 1, 0, 1, 0, 1, 1, 1, 1, 1, 1, 1, 0, 0, 1, 1, 1, 1, 1, 0, 0, 1, 1, 1, 0, 0, 0, 0, 1, 0, 1, 1, 0, 1, 1, 1, 0, 1, 1, 1, 0, 0, 0, 1, 1, 1, 1, 0, 1, 0, 1, 1, 0, 1, 1, 1, 1, 1, 1, 1, 1, 1, 0, 1, 1, 1, 1, 1, 0, 0, 1, 1, 1, 1, 0, 0, 0, 1, 1, 1, 1, 1, 0, 1, 0, 1, 1, 1, 1, 1, 0, 1, 1, 0, 1, 0, 0, 1, 1, 0, 0, 1, 1, 1, 1, 1, 0, 0]

################################################################
################################################################
################### process_jail_download_list: ######################

[7, 7, 11, 7, 11, 11, 7, 8, 8, 8, 7, 11, 11, 10, 8, 8, 8, 11, 11, 7, 12, 8, 8, 8, 7, 7, 7, 7, 8, 8, 7, 7, 7, 7, 8, 6, 7, 6, 7, 8, 8, 7, 8, 8, 7, 7, 7, 8, 8, 7, 7, 7, 7, 7, 7, 7, 6, 6, 7, 7, 7, 7, 6, 7, 7, 7, 7, 7, 7, 7, 7, 7, 7, 7, 7, 7, 8, 8, 7, 7, 8, 7, 7, 6, 7, 7, 7, 7, 6, 7, 6, 7, 8, 6, 6, 7, 7, 7, 7, 8, 7, 6, 7, 7, 7, 7, 7, 6, 7, 7, 6, 7, 6, 6, 7, 6, 7, 7, 6, 7, 7, 7, 6, 7, 6, 6, 6, 6, 8, 6, 6, 6, 7, 7, 7, 7, 7, 7, 7, 6, 7, 7, 6, 7, 6, 7, 7, 6, 6, 7, 6, 7, 6, 7, 7, 7, 7, 6, 7, 6, 6, 7, 6, 6, 7, 8, 6, 6, 6, 6, 6, 6, 6, 7, 6, 7, 6, 7, 6, 7, 6, 6, 6, 7, 6, 6, 6, 7, 6, 6, 7, 7, 7, 7, 7, 7, 6, 7, 7, 7, 8, 6, 7, 7, 6, 6, 7, 6, 7, 7, 6, 6, 6, 7, 7, 7, 7, 7, 6, 6, 7, 7, 6, 6, 6, 6, 7, 7, 6, 6, 6, 6, 6, 6, 6, 7, 6, 7, 7, 7, 7, 6, 7, 6, 6, 7, 7, 7, 6, 7, 6, 7, 6, 6, 6, 6, 6, 6, 7, 7, 7, 7, 6, 6, 6, 7, 7, 7, 7, 7, 7, 6, 6, 7, 6, 7, 7, 7, 6, 6, 6, 7, 7, 7, 7, 6, 8, 8, 6, 7, 7, 7, 6, 7, 7, 7, 7, 6, 7, 7, 7, 6, 6, 7, 6, 7, 7, 6, 7, 7, 7, 6, 6, 7, 7, 6, 6, 6, 6, 7, 6, 7, 6, 7, 7, 6, 7, 7, 6, 6, 7, 6, 7, 7, 7, 6, 6, 7, 7, 6, 7, 7, 6, 7, 7, 7, 6, 7, 6, 7, 6, 6, 7, 6, 6, 7, 6, 7, 6, 7, 6, 6, 6, 6, 6, 7, 7, 7, 6, 6, 7, 6, 6, 6, 6, 7, 6, 6, 7, 6, 6, 7, 6, 7, 6, 6, 6, 6, 7, 6, 6, 6, 6, 6, 6, 6, 6, 6, 7, 7, 6, 7, 7, 7, 7, 6, 6, 6, 6, 6, 7, 7, 6, 6, 7, 7, 7, 7, 6, 7, 6, 7, 6, 6, 7, 6, 7, 6, 6, 7, 7, 6, 6, 6, 6, 7, 6, 6, 6, 7, 7, 7, 6, 7, 7, 6, 6, 6, 7, 6, 7, 7, 6, 6, 6, 6, 7, 7, 7, 7, 7, 8, 8, 6, 6, 6, 7, 6, 6, 6, 6, 6, 6, 6, 7, 7, 7, 7, 6, 7, 6, 7, 7, 7, 7, 6, 6, 7, 7, 7, 6, 7, 7, 6, 7, 6, 7, 7, 7, 6, 7, 6, 7, 6, 6, 7, 7, 6, 7, 7, 6, 6, 7, 8, 7, 7, 6, 6, 7, 7, 6, 6, 7, 7, 7, 7, 7, 6, 6, 7, 6, 6, 7, 6, 7, 6, 6, 6, 7, 7, 7, 7, 7, 6, 6, 7, 6, 6, 6, 6, 7, 7, 6, 7, 6, 7, 6, 7, 7, 6, 7, 7, 7, 7, 6, 6, 7, 6, 6, 7, 7, 7, 7, 6, 6, 7, 7, 6, 7, 7, 6, 7, 6, 7, 6, 7, 7, 7, 7, 7, 6, 7, 6, 6, 6, 6, 7, 6, 6, 7, 7, 7, 6, 7, 7, 8, 8, 7, 6, 7, 7, 7, 7, 6, 7, 7, 7, 6, 7, 6, 7, 7, 6, 6, 7, 7, 6, 7, 6, 7, 6, 7, 6, 6, 7, 6, 7, 6, 6, 6, 7, 7, 7, 6, 7, 7, 6, 6, 7, 7, 7, 6, 6, 7, 7, 6, 7, 7, 6, 7, 7, 7, 7, 7, 6, 7, 6, 7, 7, 7, 7, 7, 7, 7, 6, 6, 7, 6, 7, 6, 7, 6, 6, 7, 7, 7, 6, 6, 6, 6, 7, 6, 7, 7, 6, 7, 7, 6, 6, 6, 7, 6, 6, 6, 6, 7, 7, 7, 7, 6, 7, 6, 6, 7, 6, 7, 6, 7, 7, 7, 7, 6, 7, 7, 7, 6, 7, 7, 7, 8, 6, 6, 6, 6, 7, 6, 6, 6, 6, 7, 7, 7, 7, 7, 6, 7, 6, 7, 7, 7, 7, 7, 6, 6, 7, 6, 6, 6, 6, 7, 6, 6, 6, 7, 7, 7, 6, 7, 6, 6]

################################################################
################################################################
################### process_jail_list: ######################

[6, 6, 7, 5, 7, 7, 5, 6, 6, 6, 6, 7, 7, 6, 7, 6, 7, 7, 7, 6, 7, 7, 7, 7, 6, 6, 6, 6, 6, 6, 6, 6, 6, 6, 7, 6, 6, 6, 6, 6, 7, 7, 7, 7, 6, 6, 6, 7, 7, 6, 6, 6, 7, 6, 6, 6, 5, 6, 7, 7, 6, 7, 5, 6, 6, 6, 6, 7, 7, 6, 6, 6, 6, 6, 6, 6, 7, 7, 6, 6, 6, 6, 7, 5, 6, 7, 6, 7, 5, 6, 5, 6, 7, 6, 6, 7, 6, 6, 7, 7, 6, 5, 7, 6, 6, 6, 7, 6, 6, 6, 6, 6, 5, 5, 6, 6, 7, 6, 5, 7, 7, 6, 5, 6, 5, 6, 5, 6, 7, 6, 6, 5, 6, 7, 6, 7, 6, 6, 6, 6, 6, 6, 6, 6, 6, 6, 6, 6, 5, 6, 5, 6, 6, 6, 6, 6, 6, 6, 6, 5, 6, 6, 6, 5, 6, 7, 6, 6, 5, 6, 5, 6, 6, 6, 5, 6, 5, 6, 6, 6, 5, 5, 5, 6, 6, 6, 5, 6, 5, 5, 6, 6, 6, 6, 6, 6, 6, 6, 6, 6, 7, 6, 7, 6, 6, 6, 6, 5, 6, 6, 5, 6, 6, 6, 6, 6, 6, 6, 6, 6, 6, 6, 6, 5, 5, 6, 6, 6, 5, 6, 6, 5, 5, 6, 6, 6, 6, 6, 6, 6, 6, 5, 6, 6, 6, 6, 6, 6, 6, 6, 5, 6, 6, 6, 5, 6, 5, 5, 6, 6, 6, 6, 5, 6, 5, 6, 6, 6, 7, 6, 6, 6, 6, 6, 6, 6, 6, 6, 6, 5, 6, 6, 6, 6, 6, 5, 7, 7, 5, 6, 6, 6, 6, 6, 6, 6, 6, 5, 6, 6, 6, 6, 6, 6, 6, 6, 6, 5, 6, 7, 6, 6, 6, 6, 7, 6, 6, 6, 5, 6, 6, 6, 6, 6, 6, 6, 6, 6, 6, 6, 6, 6, 6, 6, 6, 6, 6, 6, 6, 5, 6, 6, 6, 7, 6, 6, 5, 6, 6, 6, 6, 6, 6, 6, 6, 6, 5, 6, 6, 6, 6, 6, 5, 5, 6, 6, 6, 6, 6, 6, 6, 5, 6, 6, 5, 6, 6, 6, 6, 6, 5, 6, 5, 6, 6, 5, 6, 6, 6, 5, 6, 6, 5, 6, 6, 6, 5, 5, 6, 6, 6, 6, 6, 6, 6, 6, 6, 6, 6, 5, 6, 6, 5, 6, 6, 6, 6, 6, 6, 6, 5, 6, 6, 6, 6, 6, 6, 5, 5, 6, 6, 6, 6, 6, 5, 6, 6, 6, 6, 6, 6, 6, 6, 6, 6, 6, 6, 5, 6, 5, 6, 7, 6, 6, 5, 5, 6, 6, 7, 6, 6, 7, 7, 6, 5, 6, 6, 6, 6, 5, 5, 5, 6, 6, 6, 6, 6, 6, 5, 6, 6, 6, 6, 6, 7, 5, 6, 6, 6, 6, 5, 6, 6, 5, 6, 6, 6, 6, 6, 6, 6, 6, 6, 5, 5, 6, 6, 5, 6, 6, 6, 5, 6, 7, 7, 6, 6, 6, 6, 7, 5, 6, 7, 6, 6, 6, 6, 6, 5, 6, 5, 5, 6, 6, 6, 5, 5, 5, 6, 6, 6, 6, 6, 6, 6, 6, 6, 6, 5, 6, 6, 6, 6, 6, 6, 6, 5, 6, 6, 6, 6, 6, 6, 6, 6, 6, 6, 6, 6, 6, 6, 6, 6, 6, 6, 6, 7, 6, 6, 6, 6, 6, 6, 6, 6, 6, 6, 6, 6, 6, 5, 6, 6, 5, 5, 6, 6, 6, 6, 6, 6, 6, 6, 6, 6, 7, 7, 6, 6, 6, 6, 6, 6, 6, 6, 6, 6, 5, 6, 6, 6, 6, 6, 5, 6, 6, 5, 6, 5, 6, 6, 7, 6, 6, 6, 6, 7, 6, 6, 5, 6, 6, 6, 5, 6, 6, 6, 6, 6, 7, 6, 5, 5, 6, 7, 6, 6, 6, 6, 6, 6, 6, 6, 6, 6, 6, 6, 6, 6, 6, 6, 6, 6, 6, 6, 6, 6, 5, 6, 5, 6, 6, 6, 6, 6, 6, 6, 6, 6, 6, 6, 6, 6, 6, 6, 6, 6, 5, 6, 5, 6, 5, 6, 6, 6, 6, 6, 6, 6, 6, 6, 6, 5, 6, 6, 6, 5, 6, 6, 6, 6, 5, 6, 6, 7, 5, 6, 6, 6, 7, 6, 6, 5, 5, 6, 5, 6, 6, 6, 6, 6, 6, 6, 6, 6, 6, 6, 6, 6, 6, 6, 6, 6, 5, 6, 6, 5, 6, 6, 6, 5, 6, 6, 6, 6, 6, 5, 6, 6, 6]

################################################################
