Numero total de amostras 770

Tempo total de processamento: 0:16:44

############## TEMPOS DE PROCESSAMENTO DO EXERCICIO NO JAIL  ####################
Soma 4413 segundos
Media 5.731168831168831 segundos
Desvio padr達o 0.4462716371151533 segundos
Minimo 5 segundos
Maximo 7 segundos

95% 5.0 segundos
99% 5.0 segundos

############## TEMPOS DE PROCESSAMENTO DO EXERCICIO NO JAIL COM DOWNLOAD  ################
Soma 4969 segundos
Media 6.453246753246753 segundos
Desvio padr達o 0.5182599296658491 segundos
Minimo 6 segundos
Maximo 9 segundos

95% 6.0 segundos
99% 6.0 segundos

################### TEMPOS DE DOWNLOAD DO EXERCICIO NO JAIL #######################
Soma 556 segundos
Media 0.7220779220779221 segundos
Desvio padr達o 0.4760834196856454 segundos
Minimo 0 segundos
Maximo 3 segundos

95% 0.0 segundos
99% 0.0 segundos

############################ TEMPOS DE ESPERA NA FILA ############################
Soma 135118
Media 175.47792207792207 segundos
Desvio padr達o 95.96381978313781 segundos
Minimo 0 segundos
Maximo 341 segundos

95% 11.0 segundos
99% 11.0 segundos

################### queue_wait_time_list: ######################

[19, 0, 12, 14, 12, 11, 16, 6, 13, 11, 8, 8, 8, 7, 15, 12, 9, 11, 12, 17, 15, 23, 24, 18, 16, 15, 18, 24, 20, 20, 18, 17, 33, 26, 19, 28, 23, 27, 22, 30, 25, 24, 29, 30, 25, 27, 33, 21, 20, 23, 25, 27, 31, 32, 28, 37, 35, 32, 31, 41, 35, 43, 34, 34, 38, 37, 45, 47, 36, 39, 38, 44, 43, 48, 43, 42, 41, 49, 46, 44, 47, 50, 49, 51, 78, 53, 51, 53, 53, 56, 56, 55, 55, 56, 35, 39, 40, 41, 45, 44, 47, 45, 49, 48, 57, 57, 61, 59, 59, 63, 61, 63, 68, 61, 59, 65, 64, 64, 62, 68, 63, 66, 70, 68, 71, 66, 71, 67, 69, 70, 72, 70, 72, 74, 71, 69, 79, 69, 76, 79, 74, 79, 136, 144, 150, 148, 156, 154, 218, 179, 246, 180, 201, 184, 189, 259, 192, 209, 212, 197, 222, 214, 233, 242, 256, 228, 237, 283, 252, 292, 265, 264, 271, 275, 279, 295, 287, 298, 304, 300, 304, 307, 310, 307, 316, 330, 331, 336, 50, 115, 122, 78, 80, 128, 161, 176, 224, 182, 202, 251, 186, 190, 206, 194, 231, 218, 198, 210, 219, 213, 242, 226, 240, 256, 236, 261, 264, 270, 279, 268, 283, 275, 287, 291, 295, 300, 303, 312, 308, 312, 318, 317, 326, 334, 335, 52, 53, 80, 79, 81, 81, 82, 82, 83, 83, 160, 164, 166, 190, 175, 178, 215, 182, 193, 186, 202, 198, 207, 211, 217, 223, 227, 230, 230, 235, 246, 250, 256, 263, 269, 272, 281, 284, 293, 297, 301, 309, 312, 316, 325, 329, 335, 52, 82, 85, 86, 203, 178, 220, 183, 206, 188, 232, 191, 247, 195, 210, 199, 222, 260, 215, 236, 245, 226, 244, 256, 238, 239, 277, 251, 268, 264, 273, 282, 278, 285, 286, 291, 294, 299, 300, 302, 307, 315, 305, 320, 330, 325, 333, 57, 58, 57, 59, 62, 64, 65, 65, 68, 71, 86, 86, 90, 88, 92, 85, 95, 86, 90, 90, 96, 91, 90, 94, 97, 97, 91, 97, 94, 94, 100, 106, 96, 98, 101, 103, 97, 107, 102, 101, 100, 103, 105, 107, 102, 104, 103, 70, 74, 105, 145, 106, 147, 109, 146, 109, 109, 108, 108, 111, 111, 153, 190, 177, 184, 195, 187, 203, 199, 208, 212, 227, 224, 231, 235, 239, 241, 246, 250, 255, 264, 269, 272, 281, 286, 293, 294, 301, 310, 315, 315, 321, 329, 338, 72, 116, 116, 119, 116, 72, 77, 86, 85, 123, 87, 92, 110, 111, 113, 113, 118, 115, 118, 118, 120, 122, 120, 120, 125, 123, 122, 124, 127, 124, 127, 126, 125, 128, 129, 132, 131, 129, 131, 128, 133, 133, 133, 131, 135, 133, 135, 87, 89, 93, 138, 142, 141, 141, 140, 140, 136, 136, 138, 137, 140, 137, 137, 139, 186, 142, 143, 142, 183, 178, 180, 194, 190, 203, 198, 207, 230, 234, 241, 249, 254, 258, 266, 273, 278, 286, 289, 293, 301, 306, 315, 319, 324, 328, 93, 96, 99, 99, 100, 102, 105, 105, 144, 148, 152, 148, 144, 143, 145, 158, 149, 146, 156, 154, 152, 147, 164, 159, 151, 150, 153, 158, 154, 152, 154, 155, 157, 156, 158, 157, 162, 165, 161, 161, 159, 164, 166, 165, 164, 166, 163, 120, 127, 133, 216, 200, 229, 168, 167, 176, 262, 205, 180, 188, 221, 207, 193, 196, 240, 233, 212, 248, 226, 258, 244, 239, 245, 276, 254, 272, 262, 268, 278, 277, 280, 282, 285, 289, 290, 289, 301, 297, 306, 314, 318, 328, 332, 332, 111, 112, 162, 180, 199, 185, 213, 167, 187, 169, 204, 168, 170, 170, 169, 170, 192, 220, 196, 216, 208, 225, 230, 238, 248, 232, 253, 242, 254, 257, 263, 259, 267, 262, 270, 274, 281, 287, 295, 297, 303, 310, 312, 318, 327, 332, 337, 114, 119, 123, 131, 150, 184, 172, 172, 197, 189, 174, 170, 174, 205, 172, 174, 172, 175, 172, 192, 174, 202, 207, 212, 217, 217, 220, 223, 233, 224, 242, 244, 249, 258, 260, 266, 275, 280, 288, 292, 296, 305, 309, 313, 323, 327, 337, 114, 120, 127, 160, 201, 246, 176, 175, 205, 181, 270, 223, 189, 210, 193, 196, 233, 266, 214, 227, 216, 248, 238, 229, 257, 288, 253, 262, 284, 279, 270, 274, 290, 296, 292, 299, 298, 304, 308, 311, 313, 317, 320, 322, 326, 331, 334, 321, 323, 331, 321, 323, 333, 324, 327, 329, 323, 324, 337, 336, 338, 337, 341, 341, 340]

################################################################
################### jail_ex_download_list: ######################

[0, 1, 1, 1, 0, 1, 1, 1, 1, 1, 3, 3, 2, 2, 1, 1, 0, 1, 1, 1, 0, 1, 1, 0, 1, 0, 1, 1, 1, 0, 1, 1, 1, 0, 1, 1, 1, 1, 0, 1, 1, 1, 1, 1, 1, 1, 1, 1, 1, 0, 1, 1, 1, 1, 1, 1, 1, 1, 1, 1, 1, 0, 1, 1, 1, 1, 0, 1, 1, 1, 1, 1, 1, 1, 1, 1, 1, 1, 1, 1, 1, 1, 1, 0, 0, 1, 0, 1, 1, 0, 0, 1, 1, 1, 2, 0, 1, 1, 1, 0, 1, 1, 1, 1, 0, 0, 1, 0, 1, 0, 1, 1, 0, 1, 1, 1, 1, 1, 0, 1, 1, 1, 1, 1, 0, 1, 1, 1, 1, 1, 0, 0, 0, 1, 1, 1, 0, 1, 1, 0, 1, 1, 1, 1, 0, 0, 1, 1, 1, 0, 1, 1, 0, 1, 0, 1, 1, 1, 1, 1, 0, 0, 0, 0, 0, 1, 1, 1, 1, 0, 1, 1, 1, 1, 1, 1, 1, 1, 0, 1, 1, 0, 1, 1, 1, 1, 1, 0, 1, 1, 1, 1, 0, 1, 1, 1, 0, 1, 1, 1, 0, 1, 0, 0, 1, 1, 1, 0, 1, 1, 1, 1, 1, 0, 1, 0, 1, 1, 1, 0, 1, 0, 0, 1, 1, 1, 1, 0, 1, 1, 1, 1, 1, 0, 1, 0, 1, 1, 1, 0, 1, 1, 1, 1, 1, 0, 0, 0, 0, 1, 0, 0, 0, 1, 0, 0, 1, 0, 0, 1, 0, 1, 1, 1, 1, 1, 1, 0, 1, 1, 1, 0, 1, 0, 1, 1, 0, 1, 1, 1, 1, 0, 1, 1, 0, 1, 1, 1, 1, 0, 1, 0, 1, 1, 1, 1, 0, 1, 1, 1, 1, 0, 1, 1, 1, 1, 1, 1, 1, 1, 1, 1, 1, 1, 1, 0, 1, 0, 1, 0, 1, 1, 1, 1, 1, 0, 0, 0, 1, 0, 1, 1, 1, 0, 0, 1, 0, 0, 0, 1, 0, 0, 1, 0, 1, 1, 1, 1, 1, 1, 1, 1, 1, 0, 1, 1, 0, 1, 0, 1, 1, 0, 1, 1, 0, 1, 1, 0, 0, 1, 1, 0, 1, 1, 0, 1, 1, 1, 1, 1, 1, 1, 0, 1, 0, 0, 1, 1, 1, 1, 1, 1, 1, 1, 1, 1, 1, 0, 1, 1, 1, 1, 1, 1, 1, 1, 1, 1, 1, 1, 0, 1, 1, 1, 1, 0, 1, 0, 1, 0, 0, 1, 1, 1, 0, 1, 0, 1, 1, 0, 1, 1, 0, 0, 1, 1, 1, 1, 1, 1, 1, 0, 1, 1, 1, 1, 1, 1, 0, 1, 1, 0, 1, 0, 1, 0, 1, 1, 0, 0, 1, 1, 1, 1, 1, 1, 0, 1, 1, 1, 1, 0, 1, 0, 1, 1, 1, 1, 0, 1, 0, 1, 1, 0, 1, 1, 1, 1, 0, 0, 1, 1, 1, 1, 1, 1, 1, 1, 1, 0, 1, 0, 1, 1, 1, 1, 1, 0, 0, 1, 0, 1, 1, 1, 1, 0, 1, 1, 1, 1, 1, 0, 1, 1, 1, 1, 0, 1, 1, 0, 1, 1, 1, 1, 0, 0, 0, 1, 1, 0, 1, 1, 1, 0, 1, 1, 1, 1, 1, 1, 1, 1, 1, 1, 1, 1, 1, 1, 1, 1, 1, 0, 1, 1, 1, 1, 1, 0, 0, 0, 0, 1, 1, 1, 0, 1, 1, 1, 1, 0, 1, 0, 1, 1, 2, 0, 1, 1, 0, 0, 1, 1, 1, 0, 0, 1, 1, 1, 0, 1, 0, 1, 0, 1, 1, 0, 1, 1, 1, 1, 1, 1, 1, 0, 1, 1, 1, 1, 1, 1, 0, 1, 0, 1, 0, 1, 1, 1, 1, 0, 0, 1, 0, 0, 1, 1, 1, 1, 1, 1, 1, 0, 1, 1, 1, 0, 1, 1, 0, 0, 1, 1, 1, 1, 1, 1, 0, 1, 0, 0, 1, 0, 1, 1, 1, 0, 0, 0, 0, 1, 1, 1, 1, 1, 1, 0, 0, 1, 0, 0, 1, 1, 0, 1, 1, 1, 1, 1, 0, 1, 0, 0, 0, 1, 1, 0, 1, 0, 1, 1, 1, 1, 1, 0, 1, 0, 1, 1, 1, 0, 1, 1, 1, 0, 1, 0, 0, 1, 1, 0, 1, 0, 1, 1, 1, 1, 0, 1, 0, 0, 0, 1, 0, 0, 1, 1, 1, 0, 0, 1, 1, 1, 0, 1, 0, 1, 1, 1, 1, 1, 1, 1, 1, 1, 1, 0, 1, 0, 1, 0, 0, 0, 1, 1, 1, 1, 1, 0, 0, 1]

################################################################
################################################################
################### process_jail_download_list: ######################

[6, 7, 7, 6, 6, 6, 7, 7, 7, 6, 8, 9, 8, 8, 7, 7, 6, 6, 7, 7, 6, 7, 6, 6, 7, 6, 6, 7, 7, 6, 7, 7, 6, 6, 7, 7, 6, 7, 6, 7, 6, 6, 7, 6, 7, 7, 7, 7, 8, 6, 7, 7, 7, 7, 7, 6, 6, 7, 7, 7, 7, 6, 7, 7, 7, 7, 6, 6, 7, 7, 7, 7, 6, 7, 7, 6, 7, 6, 7, 7, 6, 7, 7, 6, 6, 6, 6, 7, 7, 6, 6, 7, 6, 6, 8, 6, 6, 7, 6, 6, 6, 7, 6, 7, 6, 6, 7, 6, 7, 6, 7, 6, 6, 6, 7, 7, 6, 6, 6, 7, 7, 6, 7, 6, 6, 7, 7, 7, 7, 6, 6, 6, 6, 7, 6, 7, 6, 6, 7, 6, 7, 7, 6, 7, 6, 6, 6, 7, 7, 6, 7, 7, 6, 6, 6, 7, 6, 7, 7, 6, 6, 6, 6, 6, 6, 6, 7, 7, 6, 6, 7, 6, 7, 7, 6, 6, 6, 7, 6, 6, 7, 6, 6, 7, 7, 6, 6, 6, 7, 7, 6, 6, 6, 7, 7, 6, 6, 7, 6, 7, 6, 7, 6, 6, 6, 7, 7, 6, 7, 7, 7, 7, 6, 6, 7, 6, 7, 7, 6, 6, 6, 6, 6, 7, 6, 6, 7, 6, 7, 6, 7, 6, 6, 6, 6, 6, 7, 7, 7, 6, 6, 7, 7, 7, 7, 6, 6, 6, 6, 7, 6, 6, 6, 7, 6, 6, 6, 6, 6, 6, 6, 7, 7, 6, 7, 7, 7, 6, 7, 6, 6, 6, 7, 6, 6, 6, 6, 7, 6, 6, 7, 6, 7, 7, 6, 6, 6, 6, 7, 6, 6, 6, 6, 6, 7, 7, 6, 7, 6, 7, 6, 6, 6, 7, 6, 7, 6, 7, 7, 7, 7, 6, 6, 7, 7, 6, 6, 6, 6, 6, 6, 7, 7, 7, 7, 6, 6, 6, 7, 6, 7, 7, 6, 6, 6, 7, 6, 6, 6, 7, 6, 6, 6, 6, 6, 7, 7, 7, 7, 6, 7, 6, 7, 6, 7, 6, 6, 7, 6, 7, 7, 6, 7, 7, 6, 7, 7, 6, 6, 6, 7, 6, 7, 6, 6, 6, 6, 7, 7, 7, 7, 6, 6, 6, 6, 6, 6, 6, 7, 6, 7, 7, 7, 7, 6, 6, 7, 6, 6, 6, 6, 7, 7, 7, 7, 7, 7, 7, 7, 6, 6, 6, 7, 7, 7, 6, 7, 6, 6, 6, 6, 6, 7, 6, 6, 7, 6, 7, 6, 6, 6, 6, 6, 6, 7, 7, 7, 7, 7, 6, 7, 6, 7, 7, 6, 6, 7, 6, 6, 6, 7, 6, 7, 6, 7, 6, 7, 7, 6, 6, 7, 6, 7, 7, 7, 7, 6, 6, 7, 6, 7, 6, 7, 6, 6, 7, 7, 7, 6, 6, 6, 7, 7, 6, 7, 7, 6, 7, 6, 6, 6, 7, 7, 6, 7, 6, 7, 7, 6, 6, 7, 6, 7, 7, 6, 7, 7, 6, 6, 6, 6, 7, 6, 6, 6, 6, 7, 6, 6, 6, 6, 6, 7, 6, 6, 7, 6, 7, 7, 6, 7, 7, 6, 7, 6, 6, 6, 6, 6, 6, 7, 7, 6, 6, 6, 6, 6, 7, 6, 6, 6, 7, 7, 7, 7, 7, 7, 7, 6, 7, 7, 6, 6, 6, 7, 6, 7, 6, 6, 6, 6, 7, 6, 6, 6, 7, 7, 7, 7, 6, 6, 6, 7, 6, 7, 6, 7, 6, 6, 6, 6, 7, 6, 6, 6, 7, 6, 7, 6, 7, 6, 7, 6, 6, 7, 6, 7, 7, 6, 7, 7, 7, 7, 6, 7, 7, 7, 7, 6, 6, 6, 6, 6, 6, 6, 7, 6, 6, 7, 6, 6, 7, 6, 6, 6, 6, 7, 7, 7, 6, 7, 6, 7, 6, 6, 6, 7, 6, 6, 6, 7, 6, 6, 7, 7, 7, 6, 7, 6, 6, 7, 6, 7, 7, 7, 6, 6, 6, 6, 7, 6, 7, 7, 6, 6, 6, 6, 6, 6, 6, 7, 7, 6, 7, 7, 7, 7, 7, 6, 6, 6, 6, 6, 6, 7, 6, 7, 6, 7, 6, 7, 6, 6, 6, 7, 6, 7, 6, 6, 6, 7, 7, 7, 6, 7, 6, 6, 6, 7, 6, 7, 6, 7, 7, 7, 7, 6, 7, 6, 6, 6, 6, 6, 6, 6, 7, 7, 6, 6, 6, 6, 6, 6, 7, 6, 7, 7, 6, 7, 6, 7, 6, 7, 6, 6, 6, 7, 6, 7, 6, 6, 6, 6, 6, 7, 7, 7, 6, 6, 6]

################################################################
################################################################
################### process_jail_list: ######################

[6, 6, 6, 5, 6, 5, 6, 6, 6, 5, 5, 6, 6, 6, 6, 6, 6, 5, 6, 6, 6, 6, 5, 6, 6, 6, 5, 6, 6, 6, 6, 6, 5, 6, 6, 6, 5, 6, 6, 6, 5, 5, 6, 5, 6, 6, 6, 6, 7, 6, 6, 6, 6, 6, 6, 5, 5, 6, 6, 6, 6, 6, 6, 6, 6, 6, 6, 5, 6, 6, 6, 6, 5, 6, 6, 5, 6, 5, 6, 6, 5, 6, 6, 6, 6, 5, 6, 6, 6, 6, 6, 6, 5, 5, 6, 6, 5, 6, 5, 6, 5, 6, 5, 6, 6, 6, 6, 6, 6, 6, 6, 5, 6, 5, 6, 6, 5, 5, 6, 6, 6, 5, 6, 5, 6, 6, 6, 6, 6, 5, 6, 6, 6, 6, 5, 6, 6, 5, 6, 6, 6, 6, 5, 6, 6, 6, 5, 6, 6, 6, 6, 6, 6, 5, 6, 6, 5, 6, 6, 5, 6, 6, 6, 6, 6, 5, 6, 6, 5, 6, 6, 5, 6, 6, 5, 5, 5, 6, 6, 5, 6, 6, 5, 6, 6, 5, 5, 6, 6, 6, 5, 5, 6, 6, 6, 5, 6, 6, 5, 6, 6, 6, 6, 6, 5, 6, 6, 6, 6, 6, 6, 6, 5, 6, 6, 6, 6, 6, 5, 6, 5, 6, 6, 6, 5, 5, 6, 6, 6, 5, 6, 5, 5, 6, 5, 6, 6, 6, 6, 6, 5, 6, 6, 6, 6, 6, 6, 6, 6, 6, 6, 6, 6, 6, 6, 6, 5, 6, 6, 5, 6, 6, 6, 5, 6, 6, 6, 6, 6, 5, 5, 6, 6, 6, 5, 5, 6, 6, 5, 5, 6, 6, 6, 6, 6, 5, 5, 5, 6, 6, 5, 6, 5, 5, 6, 6, 6, 6, 5, 6, 5, 6, 5, 6, 5, 6, 5, 6, 6, 6, 6, 5, 5, 6, 6, 6, 5, 6, 5, 6, 5, 6, 6, 6, 6, 6, 6, 6, 6, 6, 6, 6, 5, 6, 6, 6, 6, 6, 6, 6, 6, 6, 5, 6, 5, 6, 6, 6, 6, 5, 6, 5, 6, 6, 6, 5, 6, 6, 6, 6, 6, 6, 6, 6, 6, 6, 6, 6, 6, 5, 6, 6, 6, 5, 6, 5, 5, 6, 6, 6, 6, 5, 6, 5, 6, 6, 5, 5, 6, 5, 6, 6, 6, 6, 5, 5, 6, 6, 5, 5, 5, 6, 6, 6, 6, 6, 6, 6, 6, 5, 6, 5, 6, 6, 6, 6, 6, 6, 5, 6, 6, 5, 6, 5, 6, 6, 6, 6, 5, 6, 5, 5, 6, 6, 6, 6, 6, 6, 6, 5, 6, 6, 6, 6, 5, 5, 6, 5, 6, 5, 6, 6, 6, 6, 6, 6, 6, 6, 6, 6, 6, 5, 6, 6, 6, 6, 6, 5, 6, 5, 6, 6, 6, 6, 5, 6, 6, 6, 6, 5, 6, 6, 6, 6, 6, 6, 5, 6, 6, 6, 5, 6, 6, 5, 6, 5, 6, 6, 5, 6, 6, 6, 6, 6, 5, 6, 6, 6, 6, 5, 6, 6, 5, 5, 5, 6, 6, 5, 5, 5, 5, 6, 6, 5, 5, 6, 6, 6, 6, 6, 6, 6, 5, 6, 6, 6, 6, 5, 5, 6, 6, 6, 5, 6, 5, 5, 5, 6, 5, 5, 5, 6, 6, 6, 6, 6, 6, 6, 5, 6, 6, 6, 5, 5, 6, 5, 6, 6, 6, 6, 6, 6, 5, 5, 6, 6, 6, 6, 6, 6, 5, 6, 6, 5, 5, 6, 6, 5, 6, 6, 5, 6, 5, 6, 6, 6, 5, 6, 6, 6, 6, 6, 6, 5, 6, 6, 6, 6, 5, 6, 6, 6, 6, 6, 6, 6, 6, 6, 5, 5, 6, 5, 6, 5, 6, 6, 5, 5, 6, 6, 6, 6, 6, 6, 5, 5, 6, 6, 6, 5, 6, 6, 6, 5, 5, 6, 6, 5, 6, 6, 6, 5, 5, 6, 6, 6, 6, 6, 6, 6, 6, 6, 6, 6, 6, 6, 6, 6, 6, 6, 5, 6, 6, 5, 5, 6, 6, 5, 6, 6, 6, 6, 6, 6, 6, 6, 6, 6, 6, 5, 6, 6, 6, 5, 6, 6, 6, 6, 6, 5, 6, 5, 5, 6, 6, 6, 6, 5, 5, 6, 6, 6, 6, 6, 6, 6, 6, 5, 6, 6, 6, 6, 6, 6, 6, 6, 6, 6, 6, 6, 6, 5, 6, 6, 5, 6, 6, 6, 6, 5, 5, 5, 6, 6, 6, 6, 6, 5, 6, 5, 6, 5, 6, 5, 5, 6, 6, 6, 6, 6, 6, 6, 5, 5, 6, 6, 6, 6, 6, 5]

################################################################
