Numero total de amostras 770

Tempo total de processamento: 0:20:29

############## TEMPOS DE PROCESSAMENTO DO EXERCICIO NO JAIL  ####################
Soma 4913 segundos
Media 6.380519480519481 segundos
Desvio padr達o 0.5013071125059775 segundos
Minimo 5 segundos
Maximo 8 segundos

95% 6.0 segundos
99% 6.0 segundos

############## TEMPOS DE PROCESSAMENTO DO EXERCICIO NO JAIL COM DOWNLOAD  ################
Soma 6108 segundos
Media 7.932467532467532 segundos
Desvio padr達o 0.9077504031397645 segundos
Minimo 6 segundos
Maximo 13 segundos

95% 7.0 segundos
99% 7.0 segundos

################### TEMPOS DE DOWNLOAD DO EXERCICIO NO JAIL #######################
Soma 1195 segundos
Media 1.551948051948052 segundos
Desvio padr達o 0.8125813269364583 segundos
Minimo 0 segundos
Maximo 6 segundos

95% 0.0 segundos
99% 0.0 segundos

############################ TEMPOS DE ESPERA NA FILA ############################
Soma 229184
Media 297.64155844155846 segundos
Desvio padr達o 153.53570196989833 segundos
Minimo 0 segundos
Maximo 565 segundos

95% 8.0 segundos
99% 8.0 segundos

################### queue_wait_time_list: ######################

[6, 30, 6, 0, 8, 1, 14, 0, 11, 15, 16, 5, 20, 7, 8, 13, 15, 17, 15, 20, 19, 25, 48, 44, 19, 26, 21, 35, 33, 27, 33, 55, 37, 32, 45, 34, 39, 37, 50, 40, 57, 47, 45, 44, 52, 55, 55, 25, 27, 31, 35, 40, 43, 63, 58, 62, 68, 69, 57, 61, 58, 78, 84, 71, 82, 67, 92, 68, 74, 72, 86, 73, 77, 78, 103, 84, 82, 89, 90, 96, 87, 94, 108, 93, 93, 111, 98, 103, 97, 105, 108, 112, 104, 107, 49, 64, 307, 317, 326, 113, 404, 414, 114, 114, 508, 115, 117, 117, 119, 432, 448, 483, 524, 499, 536, 556, 51, 53, 56, 64, 69, 72, 122, 120, 124, 123, 127, 126, 120, 124, 129, 131, 130, 125, 129, 135, 133, 132, 133, 141, 139, 137, 138, 139, 142, 146, 150, 142, 143, 148, 147, 151, 145, 149, 154, 152, 152, 154, 156, 158, 156, 157, 159, 275, 286, 304, 311, 159, 160, 160, 161, 161, 321, 405, 433, 442, 449, 512, 499, 523, 547, 562, 79, 79, 83, 88, 94, 98, 97, 103, 163, 164, 165, 168, 174, 177, 169, 166, 170, 171, 172, 177, 175, 180, 178, 178, 182, 180, 185, 183, 184, 184, 181, 186, 190, 187, 193, 189, 191, 192, 195, 193, 197, 195, 196, 200, 198, 199, 200, 201, 202, 202, 204, 408, 418, 432, 488, 511, 500, 523, 535, 549, 561, 109, 108, 119, 122, 123, 127, 206, 210, 221, 207, 218, 207, 212, 216, 209, 212, 215, 211, 216, 216, 218, 224, 222, 228, 224, 225, 226, 230, 228, 228, 229, 232, 235, 232, 234, 238, 236, 237, 240, 235, 243, 238, 242, 246, 242, 244, 246, 130, 132, 408, 419, 423, 246, 435, 247, 444, 248, 249, 487, 511, 250, 499, 250, 523, 250, 534, 251, 252, 252, 254, 254, 548, 563, 135, 279, 275, 276, 279, 138, 288, 276, 141, 279, 143, 277, 280, 438, 147, 149, 155, 154, 256, 257, 258, 260, 261, 264, 261, 263, 266, 264, 265, 269, 267, 268, 269, 271, 274, 271, 273, 285, 282, 283, 284, 286, 290, 290, 289, 293, 287, 290, 445, 293, 411, 492, 511, 500, 523, 535, 548, 562, 157, 163, 454, 483, 512, 492, 294, 501, 526, 294, 295, 297, 299, 299, 535, 548, 561, 161, 166, 168, 170, 173, 175, 178, 181, 302, 313, 302, 304, 305, 299, 309, 306, 307, 309, 310, 315, 311, 316, 313, 315, 319, 316, 319, 321, 319, 320, 320, 323, 324, 323, 324, 327, 326, 327, 330, 327, 328, 328, 330, 333, 331, 331, 333, 185, 278, 283, 288, 292, 299, 457, 337, 565, 483, 338, 338, 338, 339, 340, 333, 335, 488, 515, 334, 335, 526, 336, 541, 336, 336, 550, 186, 323, 457, 461, 465, 489, 515, 341, 492, 341, 527, 502, 341, 343, 342, 342, 343, 540, 554, 187, 310, 330, 461, 489, 515, 492, 505, 343, 526, 346, 539, 346, 345, 346, 346, 349, 349, 349, 192, 193, 195, 199, 204, 205, 208, 212, 349, 351, 351, 351, 354, 360, 354, 354, 358, 357, 358, 361, 356, 360, 363, 366, 358, 363, 364, 366, 368, 366, 366, 371, 368, 369, 369, 377, 372, 372, 374, 374, 374, 373, 372, 379, 377, 377, 379, 304, 315, 324, 330, 491, 515, 380, 381, 504, 527, 553, 214, 332, 495, 515, 503, 529, 380, 539, 381, 552, 383, 383, 383, 384, 385, 386, 386, 468, 220, 221, 222, 226, 231, 231, 234, 400, 237, 391, 391, 388, 394, 397, 393, 390, 398, 395, 402, 397, 394, 407, 401, 402, 398, 409, 401, 405, 405, 412, 407, 405, 414, 411, 411, 415, 416, 414, 417, 412, 416, 419, 414, 419, 421, 422, 239, 349, 352, 496, 517, 505, 529, 422, 539, 423, 423, 425, 425, 426, 553, 241, 352, 361, 369, 386, 395, 426, 519, 531, 426, 544, 429, 428, 428, 429, 429, 552, 495, 505, 244, 256, 256, 260, 260, 262, 264, 432, 437, 436, 435, 436, 432, 438, 440, 442, 437, 435, 441, 450, 447, 439, 443, 441, 446, 456, 454, 448, 445, 446, 465, 457, 450, 453, 450, 461, 452, 464, 453, 466, 456, 461, 465, 460, 468, 468, 464, 354, 363, 371, 398, 509, 518, 530, 467, 469, 470, 471, 545, 496, 558, 270, 358, 508, 520, 530, 545, 471, 471, 472, 474, 473, 476, 558, 496, 269, 280, 507, 299, 361, 364, 366, 374, 377, 387, 390, 402, 519, 532, 475, 545, 475, 557, 477, 476, 479, 480, 478, 272, 376, 391, 509, 520, 480, 532, 480, 483, 484, 544, 497, 557]

################################################################
################### jail_ex_download_list: ######################

[5, 2, 6, 2, 3, 3, 3, 3, 2, 3, 2, 1, 2, 1, 2, 1, 3, 2, 1, 4, 3, 5, 2, 2, 4, 2, 3, 2, 1, 4, 2, 2, 2, 3, 3, 2, 3, 2, 2, 3, 2, 2, 3, 3, 2, 2, 2, 2, 4, 2, 2, 2, 2, 3, 3, 3, 1, 3, 3, 3, 3, 2, 4, 3, 3, 2, 3, 3, 4, 4, 2, 3, 2, 2, 2, 3, 3, 3, 2, 3, 3, 2, 1, 3, 2, 2, 3, 3, 3, 3, 2, 2, 3, 2, 3, 3, 1, 1, 1, 1, 2, 1, 2, 2, 2, 2, 2, 2, 1, 1, 2, 2, 1, 1, 2, 3, 2, 2, 2, 3, 2, 3, 1, 1, 2, 2, 2, 1, 2, 3, 2, 1, 2, 2, 2, 2, 1, 2, 2, 1, 1, 2, 2, 2, 2, 2, 1, 3, 3, 2, 2, 1, 2, 2, 1, 1, 1, 1, 1, 2, 1, 1, 1, 1, 1, 2, 2, 2, 1, 2, 1, 2, 1, 1, 1, 2, 1, 0, 1, 1, 1, 1, 2, 2, 4, 2, 2, 3, 3, 3, 1, 1, 2, 2, 2, 1, 2, 1, 2, 2, 1, 2, 1, 1, 1, 1, 1, 1, 1, 1, 1, 1, 1, 2, 1, 1, 1, 1, 2, 2, 1, 1, 1, 1, 1, 1, 2, 2, 2, 2, 1, 2, 1, 2, 2, 1, 3, 2, 2, 1, 2, 2, 2, 3, 4, 2, 1, 2, 1, 2, 2, 1, 3, 2, 2, 2, 1, 1, 3, 1, 3, 2, 3, 3, 2, 1, 2, 1, 1, 2, 1, 1, 1, 2, 1, 1, 1, 1, 1, 1, 2, 1, 1, 2, 2, 1, 1, 1, 2, 1, 1, 1, 2, 1, 1, 2, 1, 1, 2, 2, 1, 3, 1, 1, 2, 1, 1, 2, 2, 2, 1, 2, 1, 2, 2, 2, 1, 1, 1, 1, 1, 3, 1, 1, 1, 2, 2, 1, 3, 1, 1, 1, 1, 1, 1, 1, 2, 1, 1, 1, 2, 1, 1, 2, 2, 1, 1, 1, 1, 1, 1, 1, 2, 1, 2, 1, 1, 1, 1, 2, 1, 2, 2, 1, 1, 4, 1, 1, 2, 1, 1, 2, 3, 2, 1, 1, 2, 2, 1, 1, 3, 2, 1, 3, 2, 1, 1, 2, 2, 3, 3, 1, 2, 1, 2, 1, 2, 1, 1, 1, 1, 1, 1, 2, 3, 1, 1, 1, 1, 2, 1, 1, 1, 0, 1, 1, 1, 1, 1, 1, 0, 1, 0, 1, 1, 1, 1, 1, 1, 0, 1, 0, 0, 1, 1, 0, 1, 1, 1, 1, 2, 2, 1, 3, 2, 1, 1, 3, 0, 1, 1, 1, 1, 1, 0, 3, 1, 1, 0, 1, 1, 2, 1, 1, 1, 1, 0, 2, 2, 1, 2, 1, 0, 1, 1, 2, 2, 1, 1, 1, 2, 1, 3, 2, 2, 1, 1, 1, 2, 2, 2, 1, 1, 2, 1, 3, 1, 2, 1, 1, 1, 1, 1, 1, 1, 2, 1, 2, 1, 2, 2, 1, 1, 1, 1, 1, 0, 1, 2, 1, 1, 1, 1, 1, 1, 1, 0, 1, 0, 1, 1, 0, 0, 1, 0, 1, 1, 1, 1, 1, 1, 1, 1, 1, 1, 1, 1, 1, 1, 1, 2, 1, 1, 1, 2, 2, 1, 1, 2, 2, 2, 1, 0, 0, 2, 2, 1, 1, 3, 1, 3, 0, 1, 1, 1, 1, 2, 2, 2, 1, 1, 1, 1, 1, 1, 1, 1, 2, 1, 2, 1, 1, 0, 1, 2, 1, 2, 1, 2, 2, 1, 2, 1, 2, 1, 1, 1, 1, 2, 1, 1, 1, 1, 1, 2, 1, 1, 1, 1, 1, 1, 2, 1, 0, 2, 1, 1, 1, 1, 1, 1, 1, 2, 2, 1, 1, 2, 1, 1, 3, 1, 1, 1, 1, 2, 1, 1, 1, 2, 1, 1, 1, 2, 2, 1, 2, 2, 2, 1, 1, 1, 2, 1, 2, 1, 1, 1, 1, 1, 1, 1, 1, 2, 1, 2, 2, 2, 1, 1, 1, 1, 1, 1, 1, 2, 1, 1, 1, 1, 0, 2, 1, 2, 1, 1, 2, 1, 1, 1, 3, 1, 1, 2, 1, 1, 2, 1, 1, 1, 1, 1, 2, 2, 2, 1, 1, 1, 2, 2, 2, 1, 0, 2, 1, 2, 2, 2, 2, 1, 1, 1, 1, 2, 2, 2, 2, 2, 3, 1, 1, 1, 1, 1, 1, 2, 1, 1, 0, 1, 2, 2, 3, 1, 2, 2, 2, 3, 1, 0, 1, 1, 1, 1, 2, 2, 3, 3, 2, 1, 3]

################################################################
################################################################
################### process_jail_download_list: ######################

[12, 9, 13, 8, 10, 9, 10, 10, 9, 10, 9, 7, 10, 7, 9, 8, 9, 9, 7, 10, 10, 11, 9, 9, 10, 9, 9, 9, 7, 11, 9, 8, 10, 9, 10, 9, 10, 10, 8, 10, 9, 9, 9, 10, 9, 8, 8, 9, 10, 9, 8, 9, 9, 10, 9, 10, 8, 9, 9, 10, 9, 9, 10, 10, 10, 8, 9, 9, 10, 10, 9, 10, 9, 9, 9, 10, 10, 9, 9, 10, 9, 8, 8, 9, 9, 8, 10, 9, 10, 9, 9, 9, 9, 9, 10, 9, 7, 7, 7, 8, 8, 7, 9, 9, 8, 9, 8, 9, 8, 7, 8, 8, 7, 7, 9, 9, 9, 9, 9, 9, 8, 10, 7, 8, 8, 8, 8, 8, 8, 9, 8, 8, 8, 8, 8, 9, 8, 8, 8, 7, 8, 9, 8, 8, 8, 8, 7, 9, 9, 8, 8, 8, 8, 8, 8, 7, 8, 7, 7, 8, 7, 7, 7, 8, 7, 9, 8, 8, 8, 8, 8, 8, 7, 7, 7, 8, 8, 7, 7, 8, 7, 7, 9, 9, 10, 9, 9, 10, 10, 9, 8, 7, 8, 9, 8, 8, 9, 8, 9, 8, 8, 8, 8, 7, 7, 8, 8, 8, 7, 8, 7, 8, 8, 8, 8, 8, 8, 8, 8, 8, 8, 7, 7, 7, 8, 8, 8, 8, 8, 8, 8, 8, 8, 8, 8, 8, 9, 9, 9, 8, 9, 9, 8, 9, 10, 8, 7, 8, 7, 8, 8, 8, 9, 9, 8, 8, 8, 7, 9, 7, 9, 9, 9, 9, 8, 8, 8, 8, 8, 8, 8, 8, 8, 8, 7, 8, 8, 8, 8, 7, 8, 8, 7, 8, 8, 8, 7, 8, 8, 8, 8, 7, 8, 8, 7, 8, 7, 7, 8, 8, 7, 9, 8, 7, 9, 8, 8, 8, 9, 9, 8, 8, 8, 8, 9, 8, 8, 7, 7, 8, 8, 9, 7, 7, 8, 8, 8, 8, 9, 7, 8, 8, 7, 7, 8, 8, 8, 7, 7, 8, 8, 7, 7, 8, 8, 8, 7, 8, 7, 8, 7, 8, 8, 7, 9, 8, 8, 8, 8, 8, 8, 8, 8, 7, 7, 10, 7, 7, 8, 7, 7, 8, 8, 8, 7, 7, 8, 9, 8, 8, 9, 8, 7, 9, 8, 7, 8, 8, 8, 9, 9, 8, 8, 8, 8, 8, 8, 7, 7, 7, 8, 8, 8, 8, 9, 7, 8, 8, 8, 9, 7, 8, 7, 7, 8, 7, 8, 7, 7, 8, 7, 7, 7, 7, 7, 7, 7, 7, 7, 7, 7, 6, 7, 7, 7, 6, 7, 7, 8, 7, 8, 8, 8, 9, 9, 7, 7, 9, 7, 7, 7, 8, 7, 7, 6, 9, 7, 7, 7, 7, 7, 8, 7, 7, 7, 7, 6, 9, 8, 7, 8, 8, 6, 7, 7, 8, 8, 7, 7, 8, 7, 7, 10, 9, 8, 8, 7, 8, 8, 8, 8, 8, 7, 8, 7, 10, 7, 8, 7, 7, 7, 7, 7, 8, 7, 8, 8, 8, 8, 9, 8, 7, 7, 7, 7, 7, 7, 8, 8, 7, 8, 7, 7, 7, 7, 7, 7, 7, 7, 7, 7, 7, 7, 7, 7, 7, 7, 7, 7, 7, 7, 7, 7, 7, 7, 7, 7, 7, 8, 8, 8, 8, 7, 6, 8, 9, 8, 7, 8, 8, 9, 8, 7, 7, 8, 8, 8, 7, 10, 7, 9, 7, 7, 7, 8, 7, 9, 9, 8, 8, 7, 8, 7, 7, 8, 7, 7, 9, 7, 8, 8, 8, 7, 8, 9, 8, 8, 7, 8, 8, 8, 8, 8, 8, 7, 7, 8, 7, 8, 8, 7, 7, 7, 7, 8, 7, 7, 8, 7, 7, 7, 8, 8, 7, 8, 8, 7, 8, 7, 7, 8, 7, 8, 9, 7, 7, 8, 7, 7, 9, 7, 7, 7, 7, 8, 7, 8, 8, 9, 7, 7, 7, 8, 8, 7, 8, 8, 8, 7, 8, 8, 8, 8, 8, 7, 8, 8, 7, 7, 7, 7, 7, 8, 7, 8, 8, 8, 8, 8, 7, 7, 7, 7, 8, 9, 7, 7, 8, 7, 6, 8, 8, 8, 7, 8, 8, 7, 7, 7, 9, 8, 7, 8, 7, 7, 8, 8, 7, 7, 7, 8, 8, 9, 8, 7, 8, 7, 8, 8, 8, 8, 7, 8, 8, 8, 8, 9, 9, 7, 7, 7, 8, 8, 8, 8, 8, 9, 9, 7, 7, 7, 7, 8, 7, 9, 7, 8, 7, 8, 8, 8, 10, 8, 8, 8, 8, 9, 7, 7, 7, 7, 8, 7, 8, 8, 9, 10, 8, 7, 9]

################################################################
################################################################
################### process_jail_list: ######################

[7, 7, 7, 6, 7, 6, 7, 7, 7, 7, 7, 6, 8, 6, 7, 7, 6, 7, 6, 6, 7, 6, 7, 7, 6, 7, 6, 7, 6, 7, 7, 6, 8, 6, 7, 7, 7, 8, 6, 7, 7, 7, 6, 7, 7, 6, 6, 7, 6, 7, 6, 7, 7, 7, 6, 7, 7, 6, 6, 7, 6, 7, 6, 7, 7, 6, 6, 6, 6, 6, 7, 7, 7, 7, 7, 7, 7, 6, 7, 7, 6, 6, 7, 6, 7, 6, 7, 6, 7, 6, 7, 7, 6, 7, 7, 6, 6, 6, 6, 7, 6, 6, 7, 7, 6, 7, 6, 7, 7, 6, 6, 6, 6, 6, 7, 6, 7, 7, 7, 6, 6, 7, 6, 7, 6, 6, 6, 7, 6, 6, 6, 7, 6, 6, 6, 7, 7, 6, 6, 6, 7, 7, 6, 6, 6, 6, 6, 6, 6, 6, 6, 7, 6, 6, 7, 6, 7, 6, 6, 6, 6, 6, 6, 7, 6, 7, 6, 6, 7, 6, 7, 6, 6, 6, 6, 6, 7, 7, 6, 7, 6, 6, 7, 7, 6, 7, 7, 7, 7, 6, 7, 6, 6, 7, 6, 7, 7, 7, 7, 6, 7, 6, 7, 6, 6, 7, 7, 7, 6, 7, 6, 7, 7, 6, 7, 7, 7, 7, 6, 6, 7, 6, 6, 6, 7, 7, 6, 6, 6, 6, 7, 6, 7, 6, 6, 7, 6, 7, 7, 7, 7, 7, 6, 6, 6, 6, 6, 6, 6, 6, 6, 7, 6, 7, 6, 6, 7, 6, 6, 6, 6, 7, 6, 6, 6, 7, 6, 7, 7, 6, 7, 7, 7, 6, 6, 7, 7, 7, 7, 6, 6, 7, 6, 6, 6, 7, 6, 7, 6, 7, 7, 6, 6, 7, 6, 6, 6, 6, 6, 6, 6, 6, 7, 6, 7, 7, 7, 6, 7, 7, 7, 6, 7, 6, 7, 6, 7, 6, 6, 7, 7, 6, 6, 6, 7, 6, 6, 7, 6, 6, 7, 7, 6, 6, 7, 7, 6, 6, 6, 7, 6, 6, 6, 6, 6, 7, 6, 7, 6, 7, 6, 7, 6, 6, 7, 7, 7, 7, 7, 6, 7, 6, 6, 6, 6, 6, 6, 6, 6, 6, 6, 6, 5, 6, 6, 6, 6, 7, 7, 7, 6, 6, 6, 6, 6, 6, 7, 6, 6, 6, 6, 7, 6, 7, 6, 7, 6, 6, 6, 6, 7, 7, 7, 6, 6, 6, 7, 7, 7, 7, 6, 7, 6, 7, 7, 6, 7, 6, 6, 7, 7, 6, 7, 6, 6, 6, 6, 6, 6, 7, 6, 6, 7, 6, 6, 6, 6, 6, 7, 6, 6, 6, 7, 6, 7, 6, 6, 6, 7, 6, 6, 7, 6, 6, 6, 6, 6, 6, 7, 6, 6, 6, 6, 6, 6, 6, 6, 7, 6, 6, 6, 7, 6, 6, 6, 6, 6, 6, 6, 7, 5, 6, 7, 7, 6, 7, 6, 7, 6, 6, 6, 7, 6, 6, 6, 7, 6, 6, 6, 6, 6, 6, 6, 7, 6, 6, 7, 6, 7, 7, 6, 6, 6, 6, 6, 6, 7, 7, 6, 6, 7, 6, 6, 6, 6, 6, 7, 6, 7, 6, 6, 7, 7, 6, 7, 6, 6, 6, 6, 6, 6, 6, 6, 6, 6, 6, 6, 6, 7, 7, 6, 7, 6, 5, 6, 7, 7, 6, 6, 6, 7, 7, 7, 7, 6, 6, 7, 6, 7, 6, 6, 7, 6, 6, 7, 6, 7, 7, 6, 7, 6, 7, 6, 6, 7, 6, 6, 7, 6, 6, 7, 7, 7, 7, 7, 7, 6, 6, 6, 6, 7, 6, 7, 6, 6, 6, 7, 6, 6, 7, 6, 6, 6, 6, 6, 6, 6, 7, 6, 6, 6, 6, 7, 7, 6, 7, 6, 7, 6, 6, 7, 6, 6, 7, 6, 6, 6, 6, 6, 6, 6, 6, 6, 6, 6, 6, 7, 7, 7, 6, 6, 6, 6, 6, 6, 6, 6, 6, 6, 7, 7, 6, 7, 6, 6, 7, 7, 6, 6, 6, 6, 6, 6, 6, 6, 6, 6, 7, 7, 6, 6, 6, 6, 7, 7, 6, 6, 7, 6, 6, 6, 7, 6, 6, 7, 6, 6, 6, 6, 6, 7, 6, 6, 6, 6, 6, 7, 6, 6, 6, 7, 6, 7, 6, 6, 7, 6, 6, 6, 6, 7, 7, 6, 7, 6, 6, 7, 7, 6, 6, 6, 7, 6, 6, 6, 6, 7, 6, 6, 6, 6, 6, 7, 6, 7, 6, 7, 7, 7, 6, 6, 7, 7, 6, 6, 6, 6, 6, 7, 6, 6, 7, 6, 6, 6, 6, 7, 6, 6, 6]

################################################################
