Numero total de amostras 770

Tempo total de processamento: 0:20:42

############## TEMPOS DE PROCESSAMENTO DO EXERCICIO NO JAIL  ####################
Soma 4512 segundos
Media 5.85974025974026 segundos
Desvio padr達o 0.43671136423486917 segundos
Minimo 5 segundos
Maximo 7 segundos

95% 5.0 segundos
99% 5.0 segundos

############## TEMPOS DE PROCESSAMENTO DO EXERCICIO NO JAIL COM DOWNLOAD  ################
Soma 4963 segundos
Media 6.445454545454545 segundos
Desvio padr達o 0.5124541042599281 segundos
Minimo 6 segundos
Maximo 8 segundos

95% 6.0 segundos
99% 6.0 segundos

################### TEMPOS DE DOWNLOAD DO EXERCICIO NO JAIL #######################
Soma 451 segundos
Media 0.5857142857142857 segundos
Desvio padr達o 0.5056086176198966 segundos
Minimo 0 segundos
Maximo 2 segundos

95% 0.0 segundos
99% 0.0 segundos

############################ TEMPOS DE ESPERA NA FILA ############################
Soma 228804
Media 297.14805194805194 segundos
Desvio padr達o 166.68567168642824 segundos
Minimo 3 segundos
Maximo 585 segundos

95% 10.0 segundos
99% 10.0 segundos

################### queue_wait_time_list: ######################

[14, 26, 14, 6, 5, 14, 4, 3, 13, 32, 10, 9, 22, 10, 9, 14, 8, 14, 12, 20, 23, 20, 20, 22, 19, 29, 31, 26, 25, 28, 32, 38, 27, 34, 33, 41, 39, 37, 41, 38, 48, 42, 47, 46, 48, 45, 44, 22, 25, 28, 30, 35, 34, 41, 45, 54, 51, 64, 63, 51, 58, 59, 55, 69, 56, 56, 78, 73, 72, 64, 64, 64, 84, 68, 71, 82, 70, 86, 72, 73, 72, 79, 77, 82, 81, 82, 86, 89, 86, 91, 93, 93, 90, 92, 435, 438, 441, 92, 92, 93, 575, 49, 447, 463, 577, 52, 462, 466, 473, 474, 492, 497, 579, 68, 50, 55, 54, 58, 62, 59, 67, 97, 97, 102, 101, 105, 105, 98, 107, 111, 102, 114, 108, 105, 114, 112, 109, 119, 115, 117, 117, 122, 115, 120, 122, 126, 122, 124, 128, 126, 132, 127, 128, 134, 130, 132, 137, 133, 137, 136, 465, 578, 137, 139, 138, 140, 68, 76, 147, 468, 478, 481, 149, 148, 150, 141, 150, 486, 142, 488, 141, 496, 498, 143, 580, 143, 144, 144, 145, 146, 148, 77, 306, 79, 81, 87, 90, 93, 93, 97, 154, 153, 160, 154, 156, 157, 157, 161, 159, 161, 171, 162, 162, 166, 168, 166, 169, 171, 174, 169, 174, 172, 177, 178, 178, 175, 183, 183, 177, 179, 188, 189, 179, 190, 183, 193, 184, 184, 190, 504, 519, 525, 194, 528, 192, 193, 531, 197, 196, 581, 101, 104, 108, 111, 113, 118, 119, 121, 205, 207, 202, 195, 199, 211, 198, 201, 205, 201, 213, 204, 204, 214, 207, 216, 209, 210, 214, 220, 222, 217, 220, 219, 226, 222, 222, 237, 226, 228, 224, 228, 228, 234, 229, 231, 234, 234, 233, 504, 237, 518, 520, 549, 555, 582, 124, 526, 532, 535, 538, 583, 238, 237, 241, 241, 241, 240, 243, 128, 130, 133, 134, 152, 243, 245, 246, 247, 246, 255, 246, 250, 257, 251, 253, 255, 256, 259, 257, 259, 262, 263, 266, 260, 266, 269, 262, 269, 272, 265, 272, 269, 268, 276, 275, 272, 278, 278, 282, 278, 281, 281, 283, 284, 284, 286, 543, 547, 549, 554, 584, 287, 287, 287, 289, 152, 307, 153, 307, 303, 304, 156, 307, 158, 306, 310, 163, 164, 165, 169, 170, 293, 289, 293, 296, 289, 295, 295, 298, 299, 298, 298, 301, 301, 301, 312, 306, 311, 316, 311, 315, 321, 314, 318, 322, 319, 318, 325, 324, 321, 324, 327, 585, 585, 327, 327, 330, 330, 330, 331, 333, 575, 174, 177, 309, 311, 315, 338, 342, 342, 575, 333, 333, 578, 333, 581, 336, 336, 336, 336, 339, 339, 338, 178, 184, 187, 189, 196, 200, 200, 202, 345, 344, 344, 347, 348, 350, 347, 353, 350, 351, 357, 353, 353, 359, 357, 357, 359, 363, 363, 359, 368, 365, 362, 368, 371, 364, 372, 369, 368, 374, 374, 370, 378, 376, 378, 381, 380, 377, 383, 319, 322, 324, 328, 382, 383, 383, 386, 385, 208, 207, 211, 213, 215, 218, 389, 341, 366, 372, 374, 380, 399, 393, 405, 395, 389, 393, 402, 386, 395, 387, 389, 396, 388, 399, 400, 392, 392, 401, 398, 401, 395, 402, 406, 216, 222, 224, 228, 225, 230, 418, 409, 415, 412, 408, 412, 408, 421, 415, 411, 423, 418, 414, 427, 421, 416, 436, 423, 419, 429, 432, 423, 426, 439, 425, 429, 433, 432, 442, 436, 431, 445, 439, 435, 444, 442, 438, 448, 444, 441, 448, 243, 342, 360, 363, 366, 458, 453, 461, 463, 453, 447, 455, 449, 457, 450, 451, 456, 450, 452, 454, 456, 458, 459, 458, 244, 247, 248, 247, 253, 257, 261, 263, 469, 473, 467, 462, 465, 470, 475, 472, 469, 479, 476, 472, 475, 482, 479, 479, 485, 482, 482, 500, 485, 485, 487, 488, 493, 491, 491, 488, 496, 501, 490, 495, 502, 494, 496, 502, 502, 504, 344, 347, 373, 379, 506, 266, 272, 275, 350, 354, 357, 513, 514, 514, 517, 508, 508, 507, 508, 510, 512, 511, 511, 514, 275, 278, 280, 283, 289, 292, 292, 519, 517, 523, 517, 519, 523, 524, 529, 526, 523, 529, 533, 526, 534, 535, 529, 532, 538, 535, 540, 538, 538, 543, 540, 540, 540, 544, 544, 545, 546, 547, 548, 549, 552, 551, 553, 552, 554, 555, 557, 404, 408, 417, 420, 422, 558, 558, 558, 295, 404, 410, 413, 428, 559, 560, 560, 561, 562, 564, 563, 564, 301, 570, 303, 304, 426, 429, 445, 572, 572, 573, 574, 565, 566, 567, 567, 568, 569, 569, 569]

################################################################
################### jail_ex_download_list: ######################

[1, 0, 1, 2, 2, 1, 2, 2, 1, 0, 1, 1, 1, 1, 1, 1, 1, 1, 1, 0, 1, 1, 0, 1, 0, 1, 1, 0, 0, 1, 0, 1, 1, 1, 1, 1, 1, 1, 0, 1, 0, 0, 1, 1, 1, 0, 0, 0, 0, 1, 1, 1, 1, 1, 1, 1, 1, 1, 0, 1, 0, 1, 1, 1, 1, 1, 1, 1, 0, 1, 1, 1, 1, 1, 0, 0, 1, 0, 1, 1, 1, 1, 1, 1, 1, 1, 0, 1, 0, 0, 0, 0, 1, 1, 0, 1, 1, 0, 1, 0, 1, 0, 0, 1, 1, 2, 0, 0, 0, 1, 1, 1, 0, 0, 1, 1, 1, 0, 0, 1, 0, 1, 0, 0, 0, 1, 1, 1, 1, 1, 0, 0, 0, 1, 0, 0, 0, 0, 1, 0, 0, 1, 1, 1, 0, 0, 1, 1, 1, 0, 0, 0, 1, 1, 1, 0, 1, 0, 0, 0, 0, 1, 1, 0, 1, 0, 1, 1, 0, 0, 1, 0, 0, 1, 1, 0, 1, 0, 1, 1, 1, 0, 1, 1, 0, 0, 1, 0, 1, 1, 0, 1, 1, 1, 1, 0, 1, 1, 1, 1, 1, 1, 0, 1, 0, 1, 1, 1, 1, 0, 0, 0, 1, 1, 0, 1, 0, 1, 0, 0, 1, 0, 1, 1, 0, 0, 0, 1, 1, 0, 1, 1, 1, 0, 1, 1, 1, 1, 0, 1, 1, 1, 0, 1, 0, 0, 0, 0, 1, 1, 0, 1, 0, 1, 0, 0, 0, 1, 1, 1, 1, 0, 1, 0, 1, 1, 1, 1, 1, 1, 0, 1, 0, 1, 1, 1, 0, 0, 1, 0, 0, 1, 0, 1, 1, 1, 0, 0, 1, 0, 1, 0, 1, 0, 0, 1, 1, 1, 1, 0, 1, 1, 0, 1, 1, 1, 1, 0, 1, 1, 0, 0, 0, 0, 1, 1, 1, 0, 1, 1, 1, 0, 1, 1, 1, 0, 1, 0, 0, 0, 1, 1, 1, 1, 1, 1, 1, 0, 1, 1, 0, 0, 1, 1, 1, 0, 0, 0, 1, 0, 1, 0, 1, 0, 1, 1, 0, 0, 0, 1, 1, 0, 0, 0, 1, 0, 0, 1, 1, 0, 0, 1, 1, 0, 1, 0, 1, 1, 0, 0, 0, 1, 1, 0, 0, 1, 1, 0, 1, 0, 1, 0, 1, 0, 1, 0, 1, 0, 1, 0, 0, 1, 0, 1, 0, 1, 0, 1, 1, 1, 1, 1, 0, 1, 0, 0, 1, 1, 1, 1, 0, 0, 1, 1, 1, 0, 1, 0, 1, 1, 0, 1, 1, 0, 1, 1, 1, 0, 0, 1, 0, 1, 1, 0, 0, 1, 0, 1, 0, 0, 1, 0, 1, 0, 1, 0, 1, 0, 0, 0, 0, 1, 1, 0, 1, 1, 1, 0, 0, 0, 1, 1, 1, 0, 0, 1, 0, 0, 0, 1, 1, 1, 1, 0, 1, 0, 0, 0, 1, 1, 0, 0, 1, 0, 1, 0, 0, 1, 0, 0, 1, 0, 1, 1, 1, 0, 0, 0, 0, 0, 0, 1, 1, 1, 1, 1, 0, 1, 0, 0, 0, 1, 1, 0, 0, 1, 1, 1, 0, 0, 1, 1, 0, 0, 1, 1, 1, 1, 0, 1, 0, 1, 1, 1, 1, 0, 0, 0, 0, 0, 0, 1, 1, 0, 0, 1, 1, 1, 1, 0, 1, 0, 1, 1, 1, 1, 1, 0, 1, 0, 0, 0, 0, 1, 0, 1, 1, 0, 1, 0, 0, 1, 0, 1, 0, 0, 1, 1, 0, 1, 0, 1, 0, 1, 1, 1, 1, 0, 0, 0, 0, 1, 1, 1, 0, 1, 1, 1, 0, 1, 1, 1, 1, 1, 1, 1, 1, 1, 1, 0, 0, 1, 0, 1, 0, 1, 0, 1, 1, 0, 1, 0, 0, 1, 0, 1, 0, 0, 0, 1, 1, 0, 0, 1, 1, 1, 0, 1, 1, 1, 0, 1, 0, 1, 0, 1, 1, 0, 1, 1, 1, 1, 0, 0, 1, 1, 1, 1, 1, 1, 1, 1, 0, 0, 0, 0, 0, 1, 1, 0, 0, 1, 0, 1, 1, 1, 1, 1, 1, 1, 1, 1, 0, 0, 1, 0, 0, 1, 1, 0, 0, 0, 1, 1, 0, 0, 1, 0, 0, 0, 1, 1, 1, 1, 1, 1, 0, 0, 1, 0, 0, 1, 1, 1, 0, 0, 1, 0, 0, 1, 1, 1, 0, 1, 1, 1, 0, 1, 0, 1, 1, 1, 1, 1, 1, 1, 1, 1, 0, 1, 0, 0, 1, 1, 0, 1, 1, 0, 1, 1, 0, 0, 0, 0, 0, 0, 1, 1, 0, 1]

################################################################
################################################################
################### process_jail_download_list: ######################

[7, 6, 7, 8, 8, 6, 8, 8, 6, 6, 7, 7, 7, 7, 7, 7, 7, 7, 7, 6, 7, 6, 6, 7, 6, 7, 7, 6, 6, 6, 6, 7, 6, 7, 7, 7, 7, 7, 7, 7, 6, 7, 7, 7, 7, 6, 6, 6, 6, 7, 7, 7, 7, 7, 7, 7, 7, 7, 6, 7, 7, 7, 6, 7, 7, 7, 7, 7, 6, 7, 7, 7, 7, 7, 6, 6, 7, 6, 7, 6, 6, 7, 7, 7, 6, 7, 6, 7, 6, 6, 6, 6, 6, 7, 6, 6, 7, 6, 7, 6, 6, 6, 6, 7, 7, 7, 7, 7, 6, 7, 6, 8, 6, 6, 7, 7, 6, 7, 6, 7, 6, 7, 6, 6, 6, 6, 7, 7, 7, 7, 6, 6, 7, 7, 6, 6, 7, 6, 7, 6, 6, 7, 7, 6, 6, 6, 7, 7, 7, 6, 6, 6, 7, 6, 7, 6, 7, 6, 6, 6, 7, 7, 7, 6, 6, 6, 7, 7, 6, 7, 7, 7, 6, 7, 6, 6, 7, 6, 6, 7, 7, 6, 7, 6, 6, 6, 7, 6, 7, 6, 6, 7, 6, 7, 7, 6, 7, 7, 7, 7, 6, 7, 6, 6, 6, 7, 7, 6, 7, 6, 6, 6, 6, 7, 6, 7, 6, 7, 6, 6, 6, 6, 7, 7, 6, 6, 6, 7, 7, 6, 7, 7, 7, 6, 6, 7, 7, 6, 7, 7, 7, 6, 6, 7, 7, 7, 6, 6, 7, 6, 6, 7, 6, 7, 6, 6, 6, 6, 7, 7, 6, 6, 6, 6, 6, 6, 6, 7, 7, 7, 6, 6, 6, 7, 7, 7, 6, 6, 6, 6, 6, 7, 6, 7, 6, 7, 6, 6, 7, 6, 7, 6, 7, 6, 6, 7, 7, 7, 7, 6, 7, 7, 6, 7, 7, 7, 7, 6, 6, 7, 6, 6, 6, 6, 7, 7, 6, 6, 6, 7, 6, 6, 6, 7, 6, 6, 7, 6, 6, 6, 6, 6, 7, 6, 7, 6, 7, 6, 7, 7, 6, 6, 7, 7, 7, 6, 6, 6, 7, 6, 7, 6, 6, 6, 7, 7, 6, 6, 6, 6, 7, 6, 6, 6, 7, 6, 6, 7, 6, 6, 6, 6, 7, 6, 6, 6, 6, 7, 6, 6, 6, 7, 7, 6, 6, 7, 7, 6, 7, 6, 7, 6, 6, 6, 7, 6, 7, 6, 7, 6, 6, 6, 6, 7, 6, 6, 6, 6, 7, 7, 7, 7, 6, 6, 6, 6, 6, 6, 7, 7, 6, 6, 6, 7, 6, 6, 7, 6, 7, 7, 6, 6, 7, 6, 6, 7, 6, 6, 6, 6, 6, 7, 6, 6, 6, 7, 6, 6, 6, 6, 6, 6, 7, 7, 7, 6, 6, 6, 6, 6, 6, 7, 6, 6, 7, 7, 7, 6, 6, 6, 7, 7, 7, 6, 6, 7, 6, 6, 6, 7, 6, 6, 7, 6, 7, 6, 6, 6, 7, 6, 6, 6, 7, 6, 6, 6, 6, 7, 6, 6, 7, 6, 7, 6, 7, 6, 6, 6, 6, 6, 6, 6, 7, 7, 7, 6, 6, 7, 6, 6, 6, 7, 7, 7, 6, 7, 7, 7, 6, 7, 7, 7, 6, 6, 7, 7, 7, 7, 6, 6, 6, 7, 6, 6, 7, 7, 7, 6, 6, 6, 6, 7, 7, 6, 6, 6, 7, 6, 7, 6, 7, 6, 6, 6, 7, 6, 7, 6, 7, 6, 6, 6, 6, 7, 6, 7, 7, 7, 7, 6, 6, 7, 6, 6, 6, 6, 7, 7, 6, 7, 6, 7, 6, 7, 7, 6, 6, 7, 6, 6, 6, 6, 6, 7, 6, 6, 7, 7, 6, 6, 6, 7, 7, 6, 7, 6, 6, 7, 7, 6, 6, 7, 6, 6, 6, 7, 6, 7, 7, 7, 7, 6, 6, 7, 6, 7, 6, 6, 7, 7, 6, 6, 6, 7, 7, 6, 6, 6, 6, 7, 6, 7, 6, 7, 6, 8, 6, 6, 7, 6, 7, 7, 6, 6, 7, 6, 7, 7, 6, 6, 7, 7, 6, 6, 6, 7, 7, 6, 7, 6, 6, 7, 6, 7, 6, 6, 7, 6, 7, 7, 7, 6, 6, 6, 7, 6, 6, 7, 6, 6, 6, 6, 7, 7, 6, 6, 7, 6, 6, 6, 6, 6, 6, 7, 6, 7, 6, 6, 6, 6, 6, 7, 6, 7, 6, 6, 6, 6, 6, 6, 7, 7, 6, 6, 7, 6, 6, 6, 6, 7, 6, 7, 7, 6, 7, 6, 7, 7, 6, 7, 6, 6, 7, 6, 6, 7, 7, 6, 7, 7, 6, 6, 6, 6, 6, 6, 6, 6, 6, 7]

################################################################
################################################################
################### process_jail_list: ######################

[6, 6, 6, 6, 6, 5, 6, 6, 5, 6, 6, 6, 6, 6, 6, 6, 6, 6, 6, 6, 6, 5, 6, 6, 6, 6, 6, 6, 6, 5, 6, 6, 5, 6, 6, 6, 6, 6, 7, 6, 6, 7, 6, 6, 6, 6, 6, 6, 6, 6, 6, 6, 6, 6, 6, 6, 6, 6, 6, 6, 7, 6, 5, 6, 6, 6, 6, 6, 6, 6, 6, 6, 6, 6, 6, 6, 6, 6, 6, 5, 5, 6, 6, 6, 5, 6, 6, 6, 6, 6, 6, 6, 5, 6, 6, 5, 6, 6, 6, 6, 5, 6, 6, 6, 6, 5, 7, 7, 6, 6, 5, 7, 6, 6, 6, 6, 5, 7, 6, 6, 6, 6, 6, 6, 6, 5, 6, 6, 6, 6, 6, 6, 7, 6, 6, 6, 7, 6, 6, 6, 6, 6, 6, 5, 6, 6, 6, 6, 6, 6, 6, 6, 6, 5, 6, 6, 6, 6, 6, 6, 7, 6, 6, 6, 5, 6, 6, 6, 6, 7, 6, 7, 6, 6, 5, 6, 6, 6, 5, 6, 6, 6, 6, 5, 6, 6, 6, 6, 6, 5, 6, 6, 5, 6, 6, 6, 6, 6, 6, 6, 5, 6, 6, 5, 6, 6, 6, 5, 6, 6, 6, 6, 5, 6, 6, 6, 6, 6, 6, 6, 5, 6, 6, 6, 6, 6, 6, 6, 6, 6, 6, 6, 6, 6, 5, 6, 6, 5, 7, 6, 6, 5, 6, 6, 7, 7, 6, 6, 6, 5, 6, 6, 6, 6, 6, 6, 6, 5, 6, 6, 5, 6, 5, 6, 5, 5, 5, 6, 6, 6, 6, 5, 6, 6, 6, 6, 6, 6, 5, 6, 6, 6, 6, 6, 5, 6, 6, 6, 6, 6, 6, 6, 6, 6, 6, 6, 6, 6, 6, 6, 6, 6, 6, 6, 6, 6, 6, 6, 5, 6, 6, 6, 6, 6, 6, 6, 5, 6, 5, 6, 5, 6, 5, 6, 5, 6, 6, 6, 6, 6, 5, 5, 6, 5, 6, 5, 6, 6, 6, 6, 6, 6, 6, 6, 6, 6, 6, 6, 6, 6, 6, 6, 5, 6, 6, 6, 6, 6, 6, 5, 6, 6, 6, 6, 6, 6, 6, 6, 5, 6, 6, 5, 6, 6, 5, 6, 5, 6, 6, 6, 6, 6, 6, 6, 6, 6, 6, 6, 6, 6, 6, 6, 5, 6, 6, 6, 6, 6, 6, 6, 6, 5, 6, 6, 6, 5, 6, 5, 6, 6, 6, 6, 6, 5, 6, 6, 5, 5, 6, 6, 6, 6, 5, 6, 5, 6, 6, 6, 6, 6, 6, 5, 6, 6, 5, 6, 5, 6, 6, 5, 6, 6, 5, 6, 6, 6, 6, 5, 6, 6, 5, 6, 6, 7, 6, 6, 5, 6, 6, 6, 6, 6, 5, 6, 6, 6, 6, 6, 6, 6, 6, 6, 6, 6, 6, 6, 6, 6, 6, 6, 5, 5, 6, 6, 6, 6, 6, 6, 6, 5, 6, 6, 6, 6, 5, 6, 6, 6, 6, 6, 6, 6, 6, 5, 6, 6, 6, 6, 6, 6, 6, 5, 6, 6, 6, 5, 6, 6, 6, 6, 6, 6, 6, 7, 6, 6, 6, 6, 6, 7, 6, 6, 6, 6, 6, 6, 6, 6, 6, 5, 6, 6, 5, 5, 6, 7, 7, 6, 6, 6, 6, 6, 6, 6, 6, 5, 6, 5, 6, 6, 6, 6, 5, 5, 6, 5, 6, 6, 6, 6, 6, 6, 6, 6, 6, 6, 6, 7, 6, 6, 6, 6, 6, 5, 6, 6, 6, 6, 6, 6, 6, 6, 6, 6, 6, 5, 5, 7, 6, 6, 6, 5, 5, 6, 6, 5, 6, 6, 6, 5, 5, 6, 6, 5, 6, 5, 5, 6, 6, 6, 6, 6, 6, 5, 6, 6, 6, 6, 6, 7, 6, 6, 6, 6, 6, 6, 6, 6, 7, 6, 5, 6, 6, 6, 6, 5, 6, 5, 5, 6, 6, 6, 6, 6, 6, 7, 5, 6, 6, 5, 6, 6, 6, 6, 6, 5, 6, 6, 5, 5, 6, 6, 6, 6, 6, 7, 7, 5, 6, 6, 6, 6, 6, 6, 5, 5, 6, 5, 6, 6, 6, 5, 6, 6, 6, 6, 6, 6, 5, 6, 6, 6, 6, 6, 6, 6, 6, 6, 6, 6, 5, 5, 5, 6, 5, 6, 6, 6, 5, 6, 6, 6, 5, 6, 6, 6, 5, 6, 6, 5, 6, 6, 6, 5, 6, 5, 6, 5, 6, 6, 5, 6, 6, 5, 6, 5, 6, 6, 6, 6, 6, 6, 6, 5, 6, 6, 6, 6, 6, 6, 6, 6, 6, 6, 6, 6, 5, 5, 6, 6]

################################################################
