Numero total de amostras 770

Tempo total de processamento: 0:18:47

############## TEMPOS DE PROCESSAMENTO DO EXERCICIO NO JAIL  ####################
Soma 5045 segundos
Media 6.5519480519480515 segundos
Desvio padr達o 0.5301581213798731 segundos
Minimo 6 segundos
Maximo 8 segundos

95% 6.0 segundos
99% 6.0 segundos

############## TEMPOS DE PROCESSAMENTO DO EXERCICIO NO JAIL COM DOWNLOAD  ################
Soma 6738 segundos
Media 8.75064935064935 segundos
Desvio padr達o 1.171149216553827 segundos
Minimo 6 segundos
Maximo 15 segundos

95% 7.0 segundos
99% 7.0 segundos

################### TEMPOS DE DOWNLOAD DO EXERCICIO NO JAIL #######################
Soma 1693 segundos
Media 2.1987012987012986 segundos
Desvio padr達o 1.0222198287599404 segundos
Minimo 0 segundos
Maximo 8 segundos

95% 0.0 segundos
99% 0.0 segundos

############################ TEMPOS DE ESPERA NA FILA ############################
Soma 200589
Media 260.50519480519483 segundos
Desvio padr達o 136.6781624945409 segundos
Minimo 2 segundos
Maximo 465 segundos

95% 8.9165 segundos
99% 9.839299999999998 segundos

################### queue_wait_time_list: ######################

[8, 11, 22, 16, 4, 4, 23, 13, 12, 5, 32, 2, 3, 4, 16, 6, 11, 11, 17, 11, 23, 30, 17, 16, 17, 31, 18, 23, 26, 23, 22, 26, 31, 28, 36, 27, 30, 32, 34, 38, 40, 43, 36, 36, 38, 36, 37, 383, 22, 21, 25, 28, 31, 32, 33, 49, 46, 52, 54, 45, 57, 42, 47, 64, 46, 50, 49, 68, 54, 67, 52, 61, 58, 55, 56, 57, 62, 59, 75, 61, 71, 66, 66, 64, 68, 72, 72, 77, 79, 76, 79, 83, 74, 78, 77, 39, 382, 39, 45, 48, 50, 53, 58, 60, 60, 93, 104, 90, 88, 85, 84, 83, 100, 95, 87, 92, 99, 89, 91, 93, 97, 107, 95, 107, 100, 101, 98, 109, 119, 112, 105, 114, 111, 105, 118, 109, 122, 121, 112, 116, 114, 115, 118, 62, 65, 71, 71, 75, 80, 86, 127, 122, 142, 130, 143, 124, 127, 385, 140, 127, 132, 132, 123, 136, 122, 125, 128, 144, 124, 134, 131, 137, 134, 130, 144, 138, 132, 439, 136, 137, 141, 137, 445, 139, 141, 72, 82, 87, 88, 91, 94, 145, 146, 147, 148, 150, 152, 146, 151, 155, 152, 154, 156, 158, 161, 160, 163, 159, 173, 169, 181, 160, 162, 165, 174, 162, 164, 170, 169, 173, 169, 173, 171, 174, 183, 177, 183, 184, 183, 177, 178, 181, 96, 103, 108, 189, 192, 190, 387, 194, 193, 195, 392, 438, 450, 184, 186, 186, 187, 186, 188, 189, 190, 102, 110, 389, 390, 440, 447, 194, 195, 195, 198, 197, 200, 199, 105, 388, 113, 117, 119, 215, 210, 201, 209, 216, 200, 206, 204, 204, 219, 207, 217, 219, 211, 212, 216, 224, 218, 215, 224, 216, 224, 228, 228, 221, 230, 227, 223, 231, 240, 225, 234, 233, 227, 233, 229, 240, 232, 236, 233, 238, 240, 238, 394, 145, 147, 148, 150, 244, 248, 248, 244, 246, 242, 251, 249, 268, 246, 255, 247, 262, 257, 249, 252, 257, 281, 253, 260, 255, 256, 273, 262, 270, 261, 263, 265, 270, 264, 264, 273, 278, 267, 267, 272, 273, 277, 278, 281, 279, 282, 282, 154, 156, 172, 395, 441, 291, 449, 291, 292, 291, 294, 294, 293, 285, 284, 286, 285, 286, 288, 290, 289, 159, 168, 397, 401, 406, 443, 293, 294, 294, 298, 297, 299, 299, 300, 161, 168, 171, 175, 175, 179, 182, 306, 305, 303, 315, 302, 308, 305, 323, 305, 317, 321, 310, 307, 306, 313, 308, 310, 310, 312, 331, 326, 314, 313, 318, 316, 328, 317, 317, 325, 321, 320, 320, 324, 331, 325, 332, 323, 325, 328, 328, 400, 201, 202, 205, 332, 335, 333, 362, 334, 332, 337, 335, 340, 340, 334, 336, 364, 353, 336, 337, 337, 344, 350, 340, 339, 343, 342, 358, 346, 346, 353, 351, 349, 348, 350, 348, 355, 354, 362, 352, 358, 362, 361, 357, 366, 366, 366, 361, 400, 403, 451, 461, 365, 366, 368, 368, 368, 208, 209, 213, 213, 221, 373, 376, 370, 374, 370, 378, 375, 378, 372, 381, 375, 369, 371, 368, 368, 372, 375, 378, 374, 369, 381, 377, 381, 373, 380, 377, 375, 408, 409, 456, 378, 220, 381, 381, 383, 408, 456, 463, 220, 224, 226, 228, 383, 234, 235, 236, 385, 239, 386, 383, 394, 388, 385, 387, 383, 390, 396, 390, 386, 387, 389, 392, 399, 392, 389, 392, 392, 397, 395, 395, 392, 395, 398, 400, 398, 398, 401, 399, 403, 398, 403, 402, 402, 400, 403, 404, 408, 412, 458, 243, 404, 404, 406, 406, 410, 414, 242, 243, 259, 249, 250, 253, 254, 258, 261, 406, 406, 413, 406, 408, 409, 411, 406, 411, 412, 411, 408, 411, 412, 412, 414, 412, 416, 413, 414, 415, 412, 419, 416, 417, 421, 415, 424, 421, 420, 421, 418, 420, 422, 424, 423, 423, 424, 263, 416, 419, 422, 425, 425, 424, 426, 425, 426, 427, 428, 427, 427, 428, 266, 274, 418, 429, 429, 432, 431, 432, 432, 432, 432, 268, 418, 422, 434, 433, 435, 434, 434, 435, 436, 437, 438, 273, 277, 278, 442, 306, 437, 439, 440, 440, 443, 437, 440, 445, 448, 443, 445, 440, 443, 450, 445, 450, 443, 445, 463, 448, 449, 445, 459, 458, 452, 449, 456, 453, 459, 452, 451, 456, 452, 457, 455, 459, 464, 463, 458, 462, 462, 464, 421, 465, 465, 300, 302, 304, 307, 309, 312, 314, 314, 317, 319, 319, 322, 328, 328, 327, 330, 333, 335, 338, 337, 338, 340, 345, 345, 344, 353, 358, 357, 357, 362, 365, 438, 443]

################################################################
################### jail_ex_download_list: ######################

[4, 4, 2, 4, 1, 3, 2, 1, 4, 7, 2, 8, 8, 8, 1, 4, 4, 4, 3, 4, 2, 2, 4, 3, 4, 2, 3, 3, 3, 2, 3, 2, 2, 3, 3, 3, 2, 2, 2, 3, 4, 3, 2, 2, 5, 2, 4, 1, 2, 4, 3, 3, 2, 2, 2, 3, 3, 3, 2, 2, 3, 3, 3, 2, 3, 2, 2, 3, 3, 3, 3, 2, 3, 3, 3, 2, 3, 3, 2, 3, 2, 3, 3, 2, 2, 3, 3, 3, 3, 2, 4, 3, 3, 4, 3, 5, 2, 4, 3, 3, 2, 3, 2, 3, 3, 2, 3, 2, 3, 2, 3, 3, 3, 4, 2, 2, 2, 2, 2, 4, 3, 3, 3, 3, 3, 3, 2, 3, 3, 3, 3, 3, 3, 3, 3, 2, 2, 2, 3, 3, 2, 2, 3, 3, 4, 2, 2, 3, 4, 2, 3, 4, 2, 3, 3, 3, 3, 1, 2, 3, 2, 3, 3, 2, 3, 2, 3, 2, 3, 3, 3, 4, 3, 3, 2, 4, 3, 1, 2, 2, 2, 3, 1, 3, 2, 2, 4, 2, 2, 2, 4, 3, 3, 2, 3, 4, 3, 2, 3, 2, 3, 3, 3, 3, 5, 3, 5, 3, 2, 3, 2, 2, 4, 3, 4, 4, 4, 3, 3, 2, 3, 2, 2, 3, 3, 3, 3, 2, 2, 3, 3, 2, 3, 3, 2, 4, 3, 3, 1, 2, 2, 3, 2, 1, 1, 3, 2, 1, 2, 3, 3, 3, 4, 3, 3, 0, 1, 2, 1, 4, 4, 3, 3, 3, 3, 3, 2, 2, 3, 3, 3, 2, 3, 3, 3, 2, 3, 3, 3, 3, 3, 3, 2, 2, 3, 2, 2, 2, 2, 2, 3, 2, 3, 3, 2, 2, 3, 1, 2, 3, 2, 3, 3, 3, 2, 2, 3, 2, 2, 2, 2, 2, 2, 2, 1, 2, 3, 4, 3, 3, 2, 2, 3, 1, 2, 1, 2, 4, 3, 3, 2, 1, 2, 2, 2, 2, 3, 2, 2, 2, 3, 3, 3, 2, 2, 3, 3, 3, 3, 3, 3, 3, 4, 4, 3, 3, 2, 3, 3, 3, 3, 3, 3, 3, 2, 2, 2, 3, 2, 3, 3, 3, 2, 2, 3, 3, 3, 4, 4, 3, 2, 3, 3, 2, 2, 1, 1, 1, 1, 3, 3, 3, 2, 2, 2, 2, 3, 2, 1, 2, 3, 4, 2, 3, 2, 1, 2, 2, 1, 2, 2, 1, 1, 2, 3, 2, 2, 2, 3, 2, 2, 3, 1, 1, 2, 2, 3, 2, 2, 3, 3, 2, 1, 3, 3, 2, 2, 1, 3, 1, 2, 1, 2, 2, 1, 3, 3, 3, 2, 1, 1, 2, 1, 1, 2, 1, 1, 2, 2, 1, 1, 3, 2, 2, 2, 1, 3, 2, 2, 4, 1, 3, 2, 2, 3, 3, 3, 4, 3, 3, 3, 4, 1, 3, 3, 2, 3, 2, 0, 0, 2, 2, 2, 1, 3, 2, 2, 1, 0, 0, 0, 3, 3, 2, 2, 2, 2, 1, 2, 1, 2, 1, 2, 1, 2, 1, 2, 1, 2, 2, 2, 1, 1, 2, 2, 2, 1, 1, 1, 1, 2, 2, 1, 0, 1, 2, 1, 2, 1, 1, 0, 1, 2, 1, 2, 2, 2, 3, 2, 2, 3, 2, 1, 2, 0, 2, 1, 0, 1, 1, 2, 1, 0, 2, 2, 1, 2, 0, 1, 2, 2, 2, 2, 1, 2, 2, 2, 1, 1, 1, 1, 1, 1, 1, 1, 1, 1, 1, 1, 2, 1, 1, 1, 1, 3, 3, 1, 1, 0, 0, 2, 2, 2, 2, 2, 2, 2, 2, 2, 2, 2, 1, 1, 0, 1, 1, 1, 1, 1, 0, 1, 1, 1, 1, 1, 1, 1, 1, 1, 1, 1, 1, 1, 1, 1, 2, 0, 1, 1, 1, 1, 1, 1, 2, 1, 1, 2, 1, 1, 1, 1, 1, 1, 0, 1, 2, 1, 1, 1, 1, 2, 2, 3, 3, 3, 3, 1, 1, 1, 1, 2, 3, 2, 2, 2, 4, 1, 1, 1, 1, 1, 3, 2, 2, 2, 1, 1, 3, 2, 3, 1, 2, 2, 1, 2, 1, 1, 2, 1, 1, 1, 1, 1, 2, 1, 1, 1, 1, 1, 2, 1, 1, 2, 2, 2, 2, 2, 2, 2, 2, 2, 2, 2, 2, 2, 2, 2, 1, 1, 1, 2, 2, 2, 1, 1, 2, 1, 2, 2, 2, 2, 3, 2, 2, 3, 2, 2, 2, 1, 1, 2, 3, 2, 1, 1, 1, 2, 2, 2, 3, 3, 3, 4, 2, 3, 3, 2, 1, 1, 1]

################################################################
################################################################
################### process_jail_download_list: ######################

[10, 10, 8, 11, 8, 9, 9, 7, 10, 14, 8, 14, 14, 15, 7, 11, 10, 11, 9, 11, 9, 9, 11, 9, 10, 8, 9, 9, 10, 9, 9, 8, 9, 9, 9, 9, 8, 8, 9, 10, 11, 10, 8, 8, 12, 9, 10, 7, 8, 10, 9, 9, 9, 8, 9, 10, 10, 9, 9, 9, 9, 10, 10, 9, 10, 9, 9, 10, 9, 10, 9, 9, 9, 9, 9, 9, 9, 9, 8, 9, 9, 10, 11, 9, 10, 10, 10, 10, 10, 9, 11, 10, 10, 10, 10, 11, 8, 11, 10, 10, 9, 9, 9, 9, 10, 9, 9, 9, 10, 9, 9, 10, 10, 11, 9, 10, 9, 9, 9, 11, 10, 10, 10, 10, 10, 10, 9, 10, 9, 10, 9, 10, 9, 10, 10, 9, 9, 9, 10, 10, 9, 9, 10, 10, 11, 10, 9, 9, 11, 9, 10, 10, 9, 9, 9, 10, 9, 7, 9, 10, 9, 10, 9, 9, 10, 9, 9, 9, 10, 9, 10, 10, 9, 9, 9, 10, 10, 7, 8, 9, 9, 9, 8, 10, 9, 9, 10, 9, 9, 9, 11, 9, 9, 9, 9, 10, 9, 9, 10, 9, 10, 10, 10, 9, 12, 9, 11, 9, 9, 9, 9, 8, 11, 9, 11, 11, 11, 9, 10, 9, 9, 9, 8, 10, 10, 10, 9, 9, 9, 9, 9, 8, 10, 10, 9, 10, 9, 10, 7, 9, 9, 10, 8, 7, 7, 9, 9, 8, 9, 9, 10, 10, 10, 9, 10, 7, 7, 8, 7, 10, 11, 10, 10, 10, 10, 10, 9, 8, 10, 10, 10, 9, 10, 11, 10, 9, 10, 10, 10, 10, 9, 10, 8, 9, 10, 9, 9, 9, 9, 9, 10, 9, 9, 10, 8, 8, 9, 8, 9, 9, 9, 9, 10, 10, 9, 8, 9, 9, 8, 9, 9, 9, 9, 9, 7, 9, 10, 10, 10, 10, 9, 9, 10, 8, 9, 8, 10, 10, 9, 10, 9, 8, 10, 9, 9, 9, 10, 9, 9, 9, 10, 10, 10, 9, 8, 10, 10, 9, 9, 9, 10, 9, 10, 11, 10, 10, 9, 9, 9, 11, 10, 11, 10, 9, 8, 8, 8, 9, 8, 9, 9, 9, 9, 9, 10, 10, 10, 11, 11, 10, 9, 10, 10, 9, 8, 7, 7, 7, 7, 10, 10, 10, 9, 10, 9, 9, 9, 9, 8, 8, 10, 11, 8, 10, 9, 7, 8, 8, 7, 8, 8, 8, 8, 8, 9, 9, 9, 8, 10, 9, 9, 9, 7, 7, 8, 8, 9, 8, 8, 10, 9, 9, 7, 9, 9, 8, 8, 7, 9, 8, 9, 8, 8, 9, 7, 10, 11, 10, 9, 7, 8, 9, 8, 8, 9, 8, 8, 9, 8, 7, 8, 9, 8, 8, 8, 8, 9, 9, 9, 10, 8, 9, 8, 8, 9, 9, 9, 10, 9, 9, 9, 10, 7, 10, 9, 8, 9, 9, 7, 7, 8, 9, 8, 8, 9, 9, 8, 7, 7, 7, 7, 10, 10, 8, 9, 9, 8, 7, 9, 7, 9, 8, 8, 8, 8, 8, 8, 8, 9, 8, 9, 7, 8, 8, 8, 9, 8, 8, 7, 7, 8, 9, 8, 7, 8, 8, 7, 9, 7, 7, 7, 8, 8, 8, 9, 9, 8, 10, 9, 9, 10, 8, 7, 8, 7, 9, 8, 7, 8, 8, 8, 7, 7, 8, 8, 7, 8, 7, 7, 8, 8, 8, 8, 7, 8, 8, 8, 8, 7, 7, 8, 7, 7, 7, 8, 7, 8, 8, 7, 8, 7, 7, 8, 7, 9, 10, 7, 7, 6, 7, 8, 8, 9, 9, 9, 9, 9, 9, 9, 10, 8, 7, 7, 6, 8, 8, 7, 7, 7, 7, 7, 7, 7, 7, 7, 7, 7, 7, 7, 7, 7, 8, 7, 7, 8, 9, 7, 7, 7, 8, 8, 7, 7, 8, 7, 7, 8, 8, 7, 8, 8, 7, 7, 7, 8, 8, 7, 7, 8, 7, 9, 9, 9, 9, 10, 10, 8, 8, 8, 7, 8, 9, 8, 8, 8, 11, 7, 7, 7, 8, 7, 9, 8, 8, 8, 7, 7, 9, 9, 11, 7, 8, 8, 7, 8, 7, 7, 8, 8, 8, 7, 7, 8, 8, 8, 8, 8, 7, 7, 8, 8, 7, 8, 8, 9, 9, 9, 8, 9, 9, 9, 9, 9, 8, 9, 8, 8, 7, 7, 7, 9, 8, 8, 7, 7, 8, 7, 9, 8, 8, 8, 9, 8, 8, 10, 8, 8, 8, 8, 8, 8, 9, 9, 8, 8, 8, 9, 8, 8, 10, 10, 10, 10, 9, 9, 10, 9, 7, 7, 7]

################################################################
################################################################
################### process_jail_list: ######################

[6, 6, 6, 7, 7, 6, 7, 6, 6, 7, 6, 6, 6, 7, 6, 7, 6, 7, 6, 7, 7, 7, 7, 6, 6, 6, 6, 6, 7, 7, 6, 6, 7, 6, 6, 6, 6, 6, 7, 7, 7, 7, 6, 6, 7, 7, 6, 6, 6, 6, 6, 6, 7, 6, 7, 7, 7, 6, 7, 7, 6, 7, 7, 7, 7, 7, 7, 7, 6, 7, 6, 7, 6, 6, 6, 7, 6, 6, 6, 6, 7, 7, 8, 7, 8, 7, 7, 7, 7, 7, 7, 7, 7, 6, 7, 6, 6, 7, 7, 7, 7, 6, 7, 6, 7, 7, 6, 7, 7, 7, 6, 7, 7, 7, 7, 8, 7, 7, 7, 7, 7, 7, 7, 7, 7, 7, 7, 7, 6, 7, 6, 7, 6, 7, 7, 7, 7, 7, 7, 7, 7, 7, 7, 7, 7, 8, 7, 6, 7, 7, 7, 6, 7, 6, 6, 7, 6, 6, 7, 7, 7, 7, 6, 7, 7, 7, 6, 7, 7, 6, 7, 6, 6, 6, 7, 6, 7, 6, 6, 7, 7, 6, 7, 7, 7, 7, 6, 7, 7, 7, 7, 6, 6, 7, 6, 6, 6, 7, 7, 7, 7, 7, 7, 6, 7, 6, 6, 6, 7, 6, 7, 6, 7, 6, 7, 7, 7, 6, 7, 7, 6, 7, 6, 7, 7, 7, 6, 7, 7, 6, 6, 6, 7, 7, 7, 6, 6, 7, 6, 7, 7, 7, 6, 6, 6, 6, 7, 7, 7, 6, 7, 7, 6, 6, 7, 7, 6, 6, 6, 6, 7, 7, 7, 7, 7, 7, 7, 6, 7, 7, 7, 7, 7, 8, 7, 7, 7, 7, 7, 7, 6, 7, 6, 7, 7, 7, 7, 7, 7, 7, 7, 7, 6, 7, 6, 6, 6, 7, 7, 6, 7, 6, 7, 7, 7, 6, 6, 7, 6, 7, 7, 7, 7, 7, 6, 7, 7, 6, 7, 7, 7, 7, 7, 7, 7, 7, 8, 6, 6, 7, 7, 7, 8, 7, 7, 7, 7, 7, 7, 7, 7, 7, 7, 7, 6, 7, 7, 6, 6, 6, 7, 6, 6, 7, 7, 7, 7, 6, 6, 8, 7, 8, 7, 6, 6, 6, 6, 6, 6, 6, 6, 6, 7, 7, 7, 7, 7, 7, 7, 7, 7, 7, 7, 7, 6, 6, 6, 6, 6, 7, 7, 7, 7, 8, 7, 7, 6, 7, 7, 6, 7, 7, 6, 7, 7, 6, 6, 6, 6, 6, 6, 7, 7, 6, 6, 7, 7, 6, 7, 7, 7, 6, 6, 6, 6, 6, 6, 6, 6, 7, 6, 7, 6, 6, 6, 6, 6, 6, 6, 7, 7, 7, 6, 7, 6, 7, 8, 7, 7, 6, 7, 7, 7, 7, 7, 7, 7, 7, 6, 6, 7, 6, 6, 6, 6, 7, 6, 7, 7, 6, 7, 6, 6, 6, 6, 6, 6, 6, 6, 6, 6, 6, 6, 7, 6, 6, 6, 7, 7, 7, 6, 7, 6, 7, 6, 7, 6, 6, 7, 7, 7, 7, 7, 6, 7, 7, 6, 6, 7, 6, 7, 7, 6, 7, 6, 7, 6, 7, 7, 6, 7, 6, 7, 6, 6, 7, 7, 7, 6, 6, 6, 7, 7, 7, 7, 6, 6, 7, 6, 6, 7, 7, 6, 7, 7, 7, 6, 7, 7, 7, 7, 6, 6, 6, 7, 7, 7, 7, 7, 7, 6, 6, 7, 6, 6, 6, 6, 7, 6, 6, 6, 6, 6, 6, 6, 6, 6, 7, 6, 6, 7, 6, 6, 6, 7, 6, 7, 7, 6, 6, 6, 6, 7, 6, 6, 7, 6, 6, 6, 7, 6, 6, 7, 7, 7, 7, 7, 7, 7, 8, 6, 6, 6, 6, 7, 7, 6, 6, 6, 7, 6, 6, 6, 6, 6, 6, 6, 6, 6, 6, 6, 7, 6, 6, 7, 7, 7, 6, 6, 7, 7, 6, 6, 6, 6, 6, 6, 7, 6, 7, 7, 6, 6, 7, 7, 6, 6, 6, 7, 6, 7, 7, 6, 6, 7, 7, 7, 7, 7, 6, 6, 6, 6, 6, 6, 7, 6, 6, 6, 7, 6, 6, 6, 6, 6, 6, 6, 6, 7, 8, 6, 6, 6, 6, 6, 6, 6, 6, 7, 7, 6, 6, 7, 6, 7, 7, 7, 6, 6, 6, 7, 6, 6, 6, 7, 7, 7, 6, 7, 7, 7, 7, 7, 6, 7, 6, 6, 6, 6, 6, 7, 6, 6, 6, 6, 6, 6, 7, 6, 6, 6, 6, 6, 6, 7, 6, 6, 6, 7, 7, 6, 6, 7, 7, 7, 7, 7, 6, 6, 7, 7, 7, 6, 7, 6, 7, 7, 6, 6, 6]

################################################################
