Numero total de amostras 770

Tempo total de processamento: 0:18:13

############## TEMPOS DE PROCESSAMENTO DO EXERCICIO NO JAIL  ####################
Soma 4981 segundos
Media 6.468831168831169 segundos
Desvio padr達o 0.5219244460074584 segundos
Minimo 5 segundos
Maximo 8 segundos

95% 6.0 segundos
99% 6.0 segundos

############## TEMPOS DE PROCESSAMENTO DO EXERCICIO NO JAIL COM DOWNLOAD  ################
Soma 6519 segundos
Media 8.466233766233767 segundos
Desvio padr達o 1.245053630473782 segundos
Minimo 6 segundos
Maximo 17 segundos

95% 7.0 segundos
99% 7.0 segundos

################### TEMPOS DE DOWNLOAD DO EXERCICIO NO JAIL #######################
Soma 1538 segundos
Media 1.9974025974025975 segundos
Desvio padr達o 1.113083236986698 segundos
Minimo 0 segundos
Maximo 10 segundos

95% 0.0 segundos
99% 0.0 segundos

############################ TEMPOS DE ESPERA NA FILA ############################
Soma 190600
Media 247.53246753246754 segundos
Desvio padr達o 127.56150382285264 segundos
Minimo 1 segundos
Maximo 433 segundos

95% 8.305499999999999 segundos
99% 8.6131 segundos

################### queue_wait_time_list: ######################

[8, 18, 7, 2, 19, 1, 43, 7, 18, 4, 6, 16, 37, 8, 9, 14, 18, 15, 14, 16, 39, 16, 22, 19, 41, 23, 24, 21, 21, 20, 23, 27, 30, 24, 35, 27, 30, 30, 30, 30, 31, 36, 33, 38, 35, 35, 36, 23, 24, 31, 33, 33, 33, 35, 56, 40, 80, 50, 49, 43, 54, 48, 45, 52, 54, 48, 53, 73, 56, 53, 62, 52, 57, 67, 57, 60, 63, 65, 79, 63, 68, 67, 72, 76, 68, 81, 76, 78, 82, 82, 76, 120, 80, 82, 83, 83, 233, 242, 288, 296, 299, 305, 377, 350, 407, 355, 382, 362, 413, 390, 367, 395, 417, 399, 422, 404, 43, 221, 236, 252, 261, 294, 301, 310, 350, 373, 408, 355, 376, 368, 413, 386, 390, 417, 395, 423, 400, 404, 426, 45, 211, 217, 83, 83, 302, 358, 374, 408, 362, 377, 368, 414, 381, 386, 419, 390, 423, 396, 399, 427, 404, 42, 48, 50, 53, 56, 56, 60, 63, 83, 87, 83, 89, 85, 92, 85, 91, 95, 103, 93, 94, 96, 91, 107, 93, 97, 98, 95, 98, 119, 99, 103, 116, 111, 99, 108, 108, 108, 107, 113, 116, 108, 114, 116, 113, 115, 117, 115, 120, 284, 305, 404, 351, 373, 357, 409, 378, 365, 370, 382, 413, 386, 419, 391, 396, 428, 400, 68, 254, 121, 121, 121, 122, 124, 265, 268, 314, 350, 375, 409, 352, 378, 360, 414, 365, 383, 369, 386, 419, 391, 422, 400, 430, 70, 70, 75, 78, 80, 82, 81, 83, 125, 127, 134, 127, 128, 128, 128, 128, 133, 131, 132, 132, 135, 135, 143, 137, 148, 146, 140, 139, 140, 137, 142, 152, 149, 144, 154, 143, 148, 155, 146, 157, 150, 159, 161, 158, 155, 159, 157, 84, 96, 160, 163, 163, 164, 164, 310, 166, 165, 167, 167, 313, 317, 328, 331, 405, 349, 370, 422, 375, 352, 351, 396, 359, 379, 409, 365, 402, 383, 429, 388, 414, 392, 419, 84, 89, 95, 172, 177, 172, 174, 176, 173, 167, 172, 168, 176, 169, 173, 169, 171, 178, 171, 174, 177, 175, 175, 180, 179, 181, 181, 313, 322, 334, 352, 364, 369, 358, 375, 379, 384, 388, 391, 396, 400, 406, 410, 415, 419, 422, 430, 96, 206, 208, 206, 98, 207, 211, 100, 218, 105, 213, 211, 208, 213, 112, 113, 114, 114, 192, 184, 192, 185, 186, 181, 203, 186, 222, 190, 199, 194, 190, 193, 191, 196, 200, 202, 214, 200, 205, 217, 214, 202, 204, 214, 220, 216, 219, 117, 213, 221, 221, 222, 316, 223, 318, 328, 370, 406, 224, 358, 397, 225, 374, 365, 429, 226, 227, 227, 228, 230, 230, 402, 379, 410, 384, 388, 415, 392, 420, 424, 124, 125, 128, 129, 130, 134, 136, 138, 241, 241, 237, 250, 263, 232, 236, 233, 232, 237, 237, 254, 243, 258, 240, 247, 242, 251, 244, 247, 248, 247, 256, 249, 255, 262, 255, 253, 269, 265, 259, 260, 263, 268, 269, 263, 271, 267, 141, 370, 337, 406, 352, 375, 401, 360, 380, 365, 271, 411, 273, 272, 273, 272, 273, 274, 295, 300, 307, 315, 325, 330, 385, 415, 389, 392, 421, 397, 425, 144, 247, 360, 372, 406, 367, 376, 411, 381, 416, 275, 276, 277, 276, 279, 277, 325, 336, 385, 350, 352, 393, 420, 397, 425, 402, 429, 150, 236, 246, 249, 259, 372, 377, 407, 385, 280, 280, 281, 280, 411, 387, 355, 362, 393, 417, 367, 397, 421, 403, 425, 430, 148, 152, 154, 158, 291, 288, 281, 284, 286, 283, 290, 285, 298, 300, 287, 297, 294, 292, 290, 289, 300, 291, 293, 298, 302, 295, 303, 297, 301, 305, 302, 309, 308, 307, 301, 304, 310, 302, 306, 307, 305, 307, 310, 313, 310, 308, 312, 181, 184, 187, 189, 190, 320, 315, 314, 314, 315, 313, 318, 317, 329, 314, 321, 315, 322, 322, 320, 318, 318, 322, 332, 326, 322, 333, 328, 332, 328, 325, 325, 325, 330, 334, 327, 332, 337, 338, 332, 334, 333, 355, 334, 337, 333, 337, 263, 372, 407, 339, 339, 378, 356, 381, 362, 411, 368, 385, 417, 388, 422, 393, 398, 425, 432, 194, 201, 215, 373, 232, 408, 377, 381, 340, 339, 340, 411, 362, 386, 367, 416, 389, 421, 394, 399, 426, 404, 431, 195, 201, 206, 232, 267, 348, 282, 282, 343, 286, 345, 382, 342, 348, 339, 342, 343, 345, 344, 339, 361, 346, 341, 343, 421, 344, 373, 345, 347, 355, 345, 395, 345, 348, 348, 367, 389, 386, 399, 404, 433, 412, 427]

################################################################
################### jail_ex_download_list: ######################

[5, 1, 8, 3, 2, 3, 3, 9, 1, 2, 10, 3, 3, 3, 3, 3, 3, 3, 2, 2, 1, 3, 2, 2, 2, 2, 5, 3, 3, 3, 5, 3, 3, 4, 3, 3, 1, 2, 2, 3, 2, 4, 3, 4, 3, 4, 5, 2, 4, 3, 3, 3, 4, 4, 4, 3, 2, 3, 1, 3, 1, 3, 2, 3, 3, 4, 3, 1, 3, 3, 4, 3, 5, 2, 5, 4, 3, 2, 2, 2, 4, 1, 3, 1, 5, 3, 2, 3, 1, 2, 2, 2, 1, 3, 2, 3, 2, 4, 2, 2, 1, 1, 1, 1, 1, 2, 1, 2, 1, 0, 1, 1, 1, 1, 1, 1, 3, 2, 4, 3, 2, 3, 1, 2, 1, 1, 1, 2, 1, 1, 1, 1, 0, 1, 1, 1, 1, 1, 2, 2, 3, 2, 3, 2, 1, 1, 1, 2, 2, 1, 1, 0, 2, 1, 0, 1, 1, 1, 1, 1, 1, 3, 3, 2, 3, 5, 6, 5, 3, 4, 2, 3, 2, 3, 2, 3, 2, 2, 2, 2, 1, 1, 2, 3, 2, 2, 2, 3, 3, 2, 4, 2, 3, 3, 5, 4, 4, 3, 3, 3, 2, 3, 3, 3, 4, 3, 3, 3, 2, 2, 2, 1, 1, 1, 2, 1, 1, 1, 1, 1, 1, 1, 0, 0, 1, 1, 1, 3, 3, 2, 3, 3, 2, 2, 2, 2, 1, 1, 0, 1, 1, 1, 2, 1, 1, 1, 2, 1, 1, 1, 0, 1, 2, 4, 4, 1, 2, 2, 3, 3, 2, 2, 2, 2, 3, 2, 2, 3, 2, 2, 1, 2, 3, 3, 2, 2, 2, 2, 2, 3, 2, 2, 3, 2, 2, 2, 2, 2, 2, 2, 2, 3, 3, 1, 3, 3, 3, 2, 2, 2, 3, 2, 3, 3, 2, 3, 3, 1, 2, 2, 3, 3, 1, 1, 2, 2, 1, 2, 1, 2, 0, 2, 3, 0, 2, 1, 1, 1, 0, 1, 2, 1, 1, 1, 1, 3, 3, 2, 2, 2, 2, 2, 2, 2, 3, 2, 3, 2, 3, 3, 3, 2, 3, 2, 2, 3, 2, 2, 2, 3, 3, 2, 2, 1, 2, 2, 2, 2, 3, 1, 1, 1, 1, 1, 1, 1, 1, 0, 2, 1, 2, 2, 2, 3, 2, 2, 3, 3, 2, 4, 2, 1, 3, 2, 3, 2, 1, 2, 3, 3, 4, 2, 3, 2, 2, 2, 2, 2, 3, 2, 2, 5, 2, 5, 3, 4, 3, 2, 3, 3, 2, 3, 2, 2, 2, 2, 2, 3, 2, 3, 3, 2, 3, 3, 1, 3, 2, 3, 1, 1, 3, 2, 1, 3, 2, 1, 2, 4, 4, 3, 3, 3, 2, 1, 1, 1, 1, 1, 1, 0, 1, 1, 1, 1, 3, 2, 2, 2, 2, 3, 3, 2, 4, 4, 3, 2, 3, 3, 4, 4, 4, 3, 3, 2, 2, 3, 4, 3, 2, 1, 3, 3, 3, 3, 3, 2, 3, 3, 2, 2, 2, 1, 2, 2, 2, 2, 1, 2, 2, 1, 2, 1, 2, 1, 2, 1, 1, 1, 2, 1, 2, 2, 3, 3, 2, 2, 2, 1, 2, 2, 2, 1, 1, 1, 0, 0, 1, 1, 1, 3, 2, 1, 1, 1, 1, 1, 1, 1, 1, 3, 2, 2, 2, 2, 2, 3, 0, 1, 1, 2, 1, 1, 1, 1, 1, 2, 2, 3, 2, 3, 2, 1, 1, 1, 1, 2, 2, 2, 2, 1, 1, 1, 2, 1, 0, 1, 1, 1, 1, 2, 1, 2, 2, 2, 3, 2, 2, 2, 2, 3, 2, 3, 2, 1, 1, 3, 2, 3, 2, 2, 3, 1, 2, 2, 0, 2, 2, 1, 1, 2, 1, 1, 1, 1, 1, 2, 2, 2, 2, 1, 2, 1, 2, 1, 1, 2, 1, 0, 3, 2, 2, 2, 3, 1, 1, 0, 1, 1, 1, 2, 2, 1, 2, 2, 1, 1, 2, 1, 2, 2, 2, 1, 2, 2, 1, 2, 1, 1, 2, 2, 2, 1, 0, 3, 2, 1, 2, 2, 2, 2, 2, 1, 1, 2, 1, 2, 1, 1, 0, 1, 0, 2, 1, 3, 1, 0, 1, 1, 1, 0, 1, 1, 3, 1, 5, 2, 2, 1, 3, 1, 1, 1, 1, 2, 1, 1, 3, 1, 1, 2, 1, 1, 0, 1, 2, 0, 2, 4, 2, 4, 4, 2, 1, 2, 2, 2, 2, 1, 0, 1, 1, 2, 1, 1, 1, 2, 2, 3, 2, 1, 2, 1, 1, 2, 1, 1, 2, 1, 1, 1, 0, 0, 2, 1, 1, 1, 0, 1, 1, 1]

################################################################
################################################################
################### process_jail_download_list: ######################

[12, 7, 15, 10, 9, 10, 9, 15, 8, 8, 17, 10, 10, 9, 10, 9, 9, 9, 9, 9, 7, 9, 8, 9, 8, 8, 11, 9, 9, 9, 11, 10, 9, 11, 9, 9, 7, 9, 8, 10, 8, 10, 10, 11, 9, 11, 11, 9, 11, 10, 10, 9, 10, 11, 10, 9, 9, 10, 7, 10, 8, 10, 9, 10, 10, 10, 9, 8, 9, 10, 10, 10, 12, 9, 12, 11, 9, 9, 8, 9, 11, 8, 10, 8, 12, 10, 9, 9, 8, 8, 9, 9, 8, 9, 9, 9, 9, 10, 9, 9, 7, 8, 7, 7, 8, 8, 7, 9, 7, 6, 7, 7, 7, 7, 7, 7, 9, 9, 10, 10, 9, 9, 7, 8, 7, 7, 7, 8, 7, 7, 8, 7, 7, 7, 7, 7, 7, 7, 8, 8, 9, 9, 9, 9, 8, 7, 7, 8, 8, 7, 7, 7, 8, 8, 7, 8, 8, 7, 7, 7, 7, 10, 9, 9, 10, 11, 13, 11, 10, 10, 9, 10, 8, 10, 8, 10, 9, 8, 9, 9, 8, 8, 9, 9, 9, 8, 9, 9, 10, 8, 11, 9, 9, 9, 12, 10, 10, 10, 9, 9, 8, 9, 10, 9, 10, 9, 9, 9, 9, 9, 8, 8, 7, 7, 8, 7, 7, 7, 7, 7, 8, 7, 7, 7, 7, 7, 7, 10, 10, 9, 9, 10, 8, 9, 9, 9, 7, 8, 6, 7, 8, 7, 8, 8, 7, 7, 8, 7, 7, 7, 7, 7, 8, 10, 10, 8, 9, 8, 9, 9, 8, 8, 8, 8, 9, 9, 9, 9, 9, 9, 8, 8, 9, 9, 9, 9, 9, 9, 9, 9, 8, 8, 10, 8, 9, 9, 9, 9, 9, 9, 9, 9, 9, 8, 9, 9, 9, 9, 9, 8, 9, 8, 9, 9, 9, 9, 9, 8, 8, 9, 9, 9, 7, 8, 8, 8, 7, 8, 7, 8, 7, 8, 9, 7, 8, 7, 7, 8, 7, 7, 8, 7, 8, 7, 8, 10, 9, 9, 8, 8, 8, 9, 9, 9, 10, 9, 10, 9, 10, 9, 9, 8, 9, 8, 9, 10, 9, 8, 9, 10, 10, 9, 8, 8, 8, 8, 8, 8, 9, 7, 8, 7, 7, 8, 7, 8, 7, 6, 7, 7, 8, 8, 8, 10, 9, 9, 9, 10, 8, 10, 9, 8, 9, 8, 9, 8, 8, 8, 9, 9, 11, 9, 10, 10, 9, 9, 9, 9, 10, 9, 9, 11, 9, 12, 10, 11, 10, 9, 10, 9, 8, 9, 9, 8, 9, 8, 8, 10, 8, 9, 9, 9, 10, 10, 7, 10, 8, 9, 7, 7, 10, 8, 7, 10, 8, 7, 8, 11, 11, 10, 10, 9, 8, 7, 8, 7, 7, 8, 7, 7, 7, 8, 8, 8, 9, 9, 9, 8, 9, 10, 10, 9, 11, 10, 11, 9, 10, 9, 10, 10, 10, 10, 9, 10, 9, 10, 10, 10, 9, 8, 10, 9, 10, 10, 10, 9, 10, 10, 9, 9, 9, 8, 9, 9, 9, 10, 8, 9, 9, 7, 8, 8, 8, 7, 8, 7, 7, 8, 8, 7, 8, 9, 9, 9, 9, 9, 8, 7, 8, 8, 9, 7, 7, 7, 7, 7, 7, 7, 7, 10, 9, 7, 7, 7, 7, 7, 7, 7, 8, 9, 9, 9, 9, 9, 9, 9, 7, 7, 7, 8, 7, 7, 8, 7, 7, 8, 9, 10, 9, 10, 10, 7, 8, 7, 7, 9, 8, 9, 9, 8, 7, 8, 8, 7, 7, 7, 7, 7, 7, 8, 7, 9, 10, 9, 10, 9, 9, 9, 9, 10, 8, 9, 10, 8, 7, 9, 8, 10, 9, 9, 9, 7, 9, 9, 7, 8, 9, 7, 8, 8, 7, 8, 8, 7, 7, 8, 8, 8, 8, 8, 8, 7, 8, 8, 7, 8, 7, 7, 10, 9, 9, 9, 9, 7, 8, 7, 7, 7, 7, 9, 8, 7, 8, 9, 7, 8, 8, 7, 9, 9, 8, 8, 8, 8, 7, 9, 8, 7, 8, 8, 8, 8, 7, 9, 8, 7, 8, 8, 8, 8, 8, 7, 8, 9, 7, 9, 8, 7, 6, 7, 7, 9, 7, 9, 7, 7, 7, 7, 8, 7, 7, 7, 9, 8, 12, 9, 9, 8, 10, 7, 7, 7, 7, 8, 8, 8, 9, 7, 7, 8, 7, 7, 7, 7, 8, 7, 8, 11, 10, 10, 10, 9, 7, 9, 9, 8, 9, 7, 7, 8, 8, 8, 7, 8, 8, 8, 8, 9, 8, 7, 8, 7, 7, 8, 8, 7, 9, 8, 7, 7, 7, 7, 8, 7, 7, 8, 7, 7, 7, 8]

################################################################
################################################################
################### process_jail_list: ######################

[7, 6, 7, 7, 7, 7, 6, 6, 7, 6, 7, 7, 7, 6, 7, 6, 6, 6, 7, 7, 6, 6, 6, 7, 6, 6, 6, 6, 6, 6, 6, 7, 6, 7, 6, 6, 6, 7, 6, 7, 6, 6, 7, 7, 6, 7, 6, 7, 7, 7, 7, 6, 6, 7, 6, 6, 7, 7, 6, 7, 7, 7, 7, 7, 7, 6, 6, 7, 6, 7, 6, 7, 7, 7, 7, 7, 6, 7, 6, 7, 7, 7, 7, 7, 7, 7, 7, 6, 7, 6, 7, 7, 7, 6, 7, 6, 7, 6, 7, 7, 6, 7, 6, 6, 7, 6, 6, 7, 6, 6, 6, 6, 6, 6, 6, 6, 6, 7, 6, 7, 7, 6, 6, 6, 6, 6, 6, 6, 6, 6, 7, 6, 7, 6, 6, 6, 6, 6, 6, 6, 6, 7, 6, 7, 7, 6, 6, 6, 6, 6, 6, 7, 6, 7, 7, 7, 7, 6, 6, 6, 6, 7, 6, 7, 7, 6, 7, 6, 7, 6, 7, 7, 6, 7, 6, 7, 7, 6, 7, 7, 7, 7, 7, 6, 7, 6, 7, 6, 7, 6, 7, 7, 6, 6, 7, 6, 6, 7, 6, 6, 6, 6, 7, 6, 6, 6, 6, 6, 7, 7, 6, 7, 6, 6, 6, 6, 6, 6, 6, 6, 7, 6, 7, 7, 6, 6, 6, 7, 7, 7, 6, 7, 6, 7, 7, 7, 6, 7, 6, 6, 7, 6, 6, 7, 6, 6, 6, 6, 6, 6, 7, 6, 6, 6, 6, 7, 7, 6, 6, 6, 6, 6, 6, 6, 6, 7, 7, 6, 7, 7, 7, 6, 6, 6, 7, 7, 7, 7, 7, 6, 6, 6, 7, 6, 7, 7, 7, 7, 7, 7, 7, 6, 6, 7, 6, 6, 6, 7, 7, 6, 6, 6, 6, 6, 7, 6, 6, 7, 6, 7, 6, 6, 6, 7, 6, 6, 6, 6, 6, 6, 7, 6, 6, 7, 6, 6, 6, 7, 7, 6, 6, 6, 7, 6, 7, 7, 6, 7, 6, 6, 6, 7, 7, 7, 7, 7, 7, 7, 7, 6, 6, 6, 6, 6, 7, 7, 7, 6, 7, 7, 7, 7, 6, 7, 6, 6, 6, 6, 6, 6, 7, 6, 6, 7, 6, 7, 6, 6, 5, 6, 6, 6, 6, 7, 7, 7, 6, 7, 6, 6, 7, 7, 6, 6, 6, 6, 7, 6, 6, 6, 7, 7, 7, 8, 7, 7, 7, 7, 7, 7, 7, 6, 7, 7, 7, 7, 7, 7, 7, 6, 6, 6, 7, 6, 7, 6, 6, 7, 6, 6, 6, 7, 7, 7, 6, 7, 6, 6, 6, 6, 7, 6, 6, 7, 6, 6, 6, 7, 7, 7, 7, 6, 6, 6, 7, 6, 6, 7, 6, 7, 6, 7, 7, 7, 6, 7, 7, 6, 7, 7, 7, 7, 7, 6, 8, 7, 7, 6, 6, 6, 6, 7, 6, 8, 7, 7, 6, 7, 7, 7, 7, 6, 7, 7, 7, 7, 7, 7, 7, 7, 7, 7, 7, 7, 7, 8, 7, 7, 7, 6, 6, 7, 6, 6, 6, 6, 6, 7, 6, 6, 6, 7, 6, 6, 7, 7, 6, 6, 6, 6, 7, 6, 6, 6, 7, 7, 6, 6, 6, 7, 7, 6, 6, 6, 6, 6, 6, 6, 7, 6, 7, 7, 7, 7, 7, 6, 7, 6, 6, 6, 6, 6, 7, 6, 6, 6, 7, 7, 7, 7, 8, 6, 7, 6, 6, 7, 6, 7, 7, 7, 6, 7, 6, 6, 7, 6, 6, 6, 6, 6, 6, 7, 8, 7, 7, 7, 7, 7, 7, 7, 6, 6, 8, 7, 6, 6, 6, 7, 7, 7, 6, 6, 7, 7, 7, 6, 7, 6, 7, 6, 6, 7, 7, 6, 6, 6, 6, 6, 6, 7, 6, 6, 6, 7, 6, 6, 6, 7, 7, 7, 7, 7, 6, 6, 7, 7, 6, 6, 6, 7, 6, 6, 6, 7, 6, 7, 6, 6, 7, 7, 6, 7, 6, 6, 6, 7, 7, 6, 6, 6, 6, 7, 7, 6, 6, 6, 6, 6, 6, 6, 6, 6, 7, 7, 6, 7, 7, 6, 6, 6, 7, 7, 6, 6, 6, 7, 6, 6, 7, 7, 6, 6, 6, 7, 7, 7, 7, 7, 7, 6, 6, 6, 6, 6, 7, 7, 6, 6, 6, 6, 6, 6, 7, 6, 6, 7, 6, 7, 8, 6, 6, 7, 6, 7, 7, 6, 7, 6, 7, 7, 7, 6, 6, 7, 7, 6, 6, 6, 6, 6, 6, 6, 6, 6, 7, 6, 7, 7, 6, 6, 7, 7, 6, 6, 6, 7, 7, 6, 6, 7]

################################################################
