Numero total de amostras 770

Tempo total de processamento: 0:11:01

############## TEMPOS DE PROCESSAMENTO DO EXERCICIO NO JAIL  ####################
Soma 4524 segundos
Media 5.875324675324675 segundos
Desvio padr達o 0.34945443348087607 segundos
Minimo 5 segundos
Maximo 7 segundos

95% 5.0 segundos
99% 5.0 segundos

############## TEMPOS DE PROCESSAMENTO DO EXERCICIO NO JAIL COM DOWNLOAD  ################
Soma 5024 segundos
Media 6.524675324675325 segundos
Desvio padr達o 0.529679109953374 segundos
Minimo 6 segundos
Maximo 9 segundos

95% 6.0 segundos
99% 6.0 segundos

################### TEMPOS DE DOWNLOAD DO EXERCICIO NO JAIL #######################
Soma 500 segundos
Media 0.6493506493506493 segundos
Desvio padr達o 0.5087860205502609 segundos
Minimo 0 segundos
Maximo 3 segundos

95% 0.0 segundos
99% 0.0 segundos

############################ TEMPOS DE ESPERA NA FILA ############################
Soma 1119
Media 1.4532467532467532 segundos
Desvio padr達o 1.183664178373572 segundos
Minimo 0 segundos
Maximo 7 segundos

95% 0.0 segundos
99% 0.0 segundos

################### queue_wait_time_list: ######################

[5, 2, 4, 4, 4, 2, 2, 4, 3, 4, 2, 3, 5, 4, 3, 3, 2, 2, 1, 3, 4, 6, 2, 5, 0, 3, 1, 3, 2, 4, 1, 4, 2, 2, 3, 1, 2, 2, 1, 3, 0, 1, 1, 4, 3, 2, 2, 1, 2, 0, 2, 2, 2, 2, 1, 2, 1, 1, 2, 2, 2, 2, 1, 2, 1, 2, 1, 0, 1, 1, 0, 1, 1, 2, 0, 3, 0, 1, 1, 1, 0, 1, 2, 0, 1, 2, 0, 2, 2, 2, 1, 0, 1, 2, 1, 0, 1, 2, 1, 0, 0, 1, 0, 2, 3, 0, 2, 1, 0, 1, 1, 1, 1, 1, 3, 0, 2, 2, 2, 2, 1, 1, 3, 1, 2, 2, 1, 3, 0, 3, 1, 2, 2, 1, 3, 3, 2, 2, 1, 1, 0, 2, 2, 2, 3, 2, 2, 1, 2, 1, 1, 0, 1, 2, 2, 1, 1, 0, 1, 3, 1, 2, 0, 0, 1, 0, 1, 1, 3, 2, 2, 1, 3, 1, 1, 0, 1, 3, 0, 3, 1, 1, 2, 2, 1, 2, 3, 3, 2, 1, 1, 1, 1, 0, 1, 1, 2, 0, 0, 1, 1, 1, 1, 1, 1, 2, 1, 2, 1, 2, 1, 2, 1, 1, 1, 1, 0, 0, 2, 1, 0, 2, 1, 0, 1, 1, 1, 1, 1, 0, 2, 1, 1, 1, 1, 2, 1, 2, 0, 0, 0, 0, 0, 1, 1, 1, 1, 1, 0, 2, 1, 1, 0, 2, 1, 0, 0, 0, 2, 2, 1, 1, 0, 1, 1, 1, 1, 1, 1, 1, 0, 1, 1, 1, 1, 0, 1, 1, 1, 1, 1, 0, 1, 3, 1, 0, 0, 2, 2, 1, 0, 0, 0, 1, 2, 3, 0, 2, 1, 0, 3, 1, 0, 2, 1, 2, 1, 2, 1, 1, 1, 1, 1, 1, 0, 0, 2, 2, 2, 2, 1, 2, 2, 2, 1, 2, 1, 2, 1, 1, 1, 1, 1, 3, 0, 1, 0, 2, 3, 0, 0, 1, 1, 2, 0, 2, 2, 0, 3, 1, 2, 3, 2, 1, 2, 1, 1, 1, 1, 1, 0, 0, 0, 2, 1, 1, 0, 1, 1, 1, 1, 1, 0, 1, 1, 1, 0, 1, 1, 1, 1, 1, 1, 0, 1, 1, 0, 0, 1, 3, 2, 0, 0, 1, 1, 1, 2, 2, 0, 2, 1, 0, 0, 1, 3, 1, 1, 0, 1, 0, 0, 1, 1, 2, 0, 1, 0, 2, 3, 1, 1, 1, 0, 0, 0, 1, 1, 1, 3, 2, 2, 6, 2, 4, 4, 1, 4, 5, 7, 4, 2, 3, 5, 2, 5, 3, 6, 6, 7, 3, 4, 5, 5, 4, 4, 2, 4, 5, 2, 5, 6, 4, 3, 5, 5, 4, 5, 6, 5, 2, 2, 4, 3, 3, 3, 4, 3, 2, 1, 1, 0, 1, 0, 2, 1, 0, 2, 0, 1, 2, 1, 1, 2, 2, 2, 2, 2, 1, 1, 1, 2, 1, 2, 0, 1, 2, 2, 1, 0, 1, 2, 1, 2, 0, 1, 1, 1, 1, 1, 2, 1, 1, 1, 1, 0, 0, 0, 2, 1, 2, 0, 1, 1, 1, 2, 1, 1, 2, 1, 1, 1, 0, 2, 0, 1, 1, 1, 0, 1, 1, 1, 0, 1, 1, 1, 2, 1, 1, 0, 1, 1, 0, 0, 2, 1, 1, 2, 1, 1, 1, 1, 1, 2, 1, 2, 1, 1, 1, 1, 0, 2, 2, 3, 1, 1, 1, 1, 0, 0, 1, 0, 1, 1, 2, 1, 0, 0, 2, 1, 1, 1, 1, 1, 1, 1, 1, 2, 0, 1, 0, 1, 1, 1, 1, 1, 0, 0, 1, 1, 0, 2, 2, 1, 1, 1, 0, 0, 2, 2, 2, 2, 2, 2, 1, 0, 2, 1, 1, 2, 0, 2, 2, 0, 1, 1, 1, 2, 3, 2, 1, 1, 1, 2, 1, 0, 1, 1, 1, 2, 1, 1, 1, 2, 2, 3, 2, 2, 1, 1, 1, 1, 2, 2, 0, 0, 2, 1, 1, 2, 2, 1, 1, 2, 1, 1, 1, 1, 2, 0, 2, 1, 1, 2, 3, 1, 3, 2, 1, 2, 2, 2, 1, 2, 1, 0, 1, 2, 3, 3, 2, 3, 0, 0, 3, 3, 2, 2, 2, 1, 3, 1, 3, 2, 2, 2, 2, 1, 1, 0, 1, 0, 1, 1, 0, 2, 1, 1, 2, 3, 1, 0, 1, 2, 2, 2, 0, 0, 0, 1, 1, 3, 0, 0, 0, 0, 3, 1, 3, 3, 1, 1, 2, 1, 0, 2, 3, 3, 2, 2, 1]

################################################################
################### jail_ex_download_list: ######################

[1, 1, 0, 0, 1, 1, 1, 1, 0, 1, 1, 2, 1, 3, 1, 1, 3, 2, 2, 3, 0, 0, 0, 1, 1, 1, 1, 1, 1, 1, 1, 1, 1, 1, 0, 1, 1, 1, 1, 0, 1, 0, 0, 0, 0, 0, 1, 0, 1, 1, 0, 1, 1, 0, 0, 1, 1, 0, 0, 0, 0, 0, 1, 1, 1, 1, 0, 1, 0, 1, 1, 0, 1, 0, 1, 1, 1, 0, 1, 1, 1, 1, 1, 1, 0, 1, 1, 0, 1, 0, 1, 1, 1, 1, 1, 1, 0, 1, 1, 0, 1, 1, 1, 1, 1, 1, 0, 0, 1, 0, 0, 1, 1, 1, 1, 1, 1, 1, 0, 0, 1, 1, 0, 1, 0, 0, 1, 1, 1, 0, 1, 1, 1, 0, 0, 0, 1, 1, 1, 0, 1, 1, 1, 1, 0, 0, 1, 1, 0, 0, 1, 0, 1, 1, 0, 1, 1, 1, 1, 1, 0, 1, 0, 1, 1, 1, 1, 0, 1, 1, 0, 1, 1, 0, 0, 1, 1, 1, 1, 0, 1, 1, 1, 1, 0, 0, 1, 0, 1, 0, 0, 1, 1, 1, 1, 0, 0, 1, 1, 0, 0, 0, 1, 0, 1, 1, 1, 1, 0, 1, 1, 0, 0, 1, 0, 0, 1, 1, 1, 1, 1, 0, 0, 1, 1, 1, 1, 1, 1, 1, 0, 0, 1, 1, 1, 0, 0, 1, 1, 0, 1, 1, 1, 0, 0, 1, 1, 1, 1, 0, 0, 0, 1, 1, 1, 1, 1, 1, 1, 1, 0, 0, 0, 1, 1, 1, 0, 0, 1, 0, 1, 1, 0, 1, 1, 1, 1, 1, 1, 1, 0, 1, 0, 0, 1, 1, 1, 1, 0, 1, 1, 1, 0, 1, 0, 0, 1, 0, 0, 1, 1, 1, 1, 0, 0, 1, 0, 1, 1, 1, 1, 1, 1, 0, 1, 1, 1, 1, 0, 1, 0, 1, 0, 0, 1, 1, 1, 0, 1, 1, 1, 1, 1, 0, 1, 0, 1, 1, 0, 1, 1, 1, 0, 1, 1, 0, 0, 1, 1, 0, 0, 0, 0, 1, 0, 0, 1, 1, 1, 1, 1, 1, 1, 1, 0, 0, 1, 0, 1, 0, 1, 0, 1, 1, 1, 0, 1, 1, 1, 0, 0, 1, 0, 1, 0, 0, 1, 0, 0, 0, 0, 1, 1, 1, 1, 0, 1, 1, 1, 1, 0, 1, 1, 0, 1, 1, 0, 1, 1, 0, 1, 0, 1, 1, 1, 1, 1, 0, 1, 1, 1, 0, 0, 1, 1, 1, 0, 1, 0, 1, 1, 0, 1, 1, 1, 1, 0, 1, 1, 1, 1, 1, 0, 1, 0, 0, 0, 0, 1, 1, 1, 1, 0, 1, 1, 1, 1, 0, 1, 0, 0, 0, 1, 1, 1, 1, 0, 0, 0, 1, 1, 1, 1, 1, 1, 1, 0, 1, 1, 1, 0, 0, 1, 1, 0, 1, 1, 0, 1, 1, 0, 0, 1, 1, 1, 0, 0, 1, 1, 1, 0, 0, 1, 1, 1, 1, 1, 1, 1, 1, 0, 0, 1, 1, 0, 1, 1, 0, 0, 0, 0, 0, 0, 1, 1, 1, 0, 0, 1, 0, 1, 0, 0, 0, 0, 0, 0, 0, 1, 1, 0, 1, 1, 1, 0, 1, 1, 1, 1, 0, 1, 1, 1, 0, 1, 1, 1, 1, 1, 1, 1, 1, 1, 0, 1, 1, 0, 1, 0, 0, 1, 1, 1, 1, 0, 1, 0, 1, 1, 0, 1, 0, 0, 1, 1, 0, 1, 0, 1, 1, 1, 0, 0, 0, 1, 1, 1, 1, 0, 1, 0, 1, 0, 1, 0, 0, 0, 1, 0, 1, 1, 1, 1, 1, 1, 1, 1, 0, 0, 1, 1, 1, 0, 1, 1, 1, 1, 0, 0, 0, 1, 0, 0, 0, 1, 0, 0, 1, 0, 1, 0, 1, 1, 1, 1, 1, 0, 0, 0, 1, 1, 1, 0, 1, 1, 1, 0, 1, 0, 1, 1, 1, 1, 1, 0, 1, 0, 1, 1, 1, 0, 0, 0, 1, 1, 0, 0, 1, 1, 1, 1, 0, 1, 1, 1, 1, 1, 1, 1, 1, 1, 0, 0, 0, 1, 0, 1, 1, 0, 0, 1, 1, 0, 1, 1, 1, 1, 1, 1, 0, 0, 1, 1, 0, 1, 0, 1, 0, 0, 0, 1, 0, 1, 1, 0, 1, 0, 1, 1, 1, 1, 0, 0, 0, 1, 1, 1, 0, 0, 1, 1, 0, 1, 1, 1, 0, 0, 1, 1, 1, 1, 1, 1, 1, 0, 1, 0, 0, 1, 1, 1, 1, 0, 1, 0, 1, 0, 1, 0, 1]

################################################################
################################################################
################### process_jail_download_list: ######################

[7, 7, 6, 6, 7, 7, 7, 7, 6, 7, 7, 8, 7, 9, 7, 7, 9, 8, 8, 9, 6, 6, 6, 7, 7, 7, 7, 7, 7, 7, 6, 6, 7, 7, 6, 7, 7, 7, 7, 6, 6, 6, 6, 6, 6, 6, 7, 6, 7, 7, 6, 6, 6, 6, 6, 7, 7, 6, 6, 6, 6, 6, 7, 7, 7, 7, 6, 7, 6, 7, 6, 6, 7, 6, 6, 6, 6, 6, 6, 7, 7, 7, 7, 7, 6, 7, 6, 6, 7, 6, 7, 6, 7, 6, 7, 7, 6, 6, 7, 6, 7, 6, 6, 7, 6, 7, 6, 6, 7, 6, 6, 7, 6, 7, 7, 7, 7, 7, 6, 6, 7, 6, 6, 6, 6, 6, 7, 7, 7, 6, 7, 7, 7, 6, 6, 6, 6, 7, 7, 6, 7, 7, 7, 7, 6, 6, 7, 7, 6, 6, 7, 6, 7, 7, 6, 7, 7, 7, 7, 7, 6, 7, 6, 7, 7, 7, 7, 6, 7, 7, 6, 7, 7, 6, 6, 7, 7, 7, 7, 6, 7, 7, 7, 7, 6, 6, 7, 6, 7, 6, 6, 7, 7, 6, 7, 6, 6, 7, 7, 6, 6, 6, 6, 6, 7, 6, 7, 7, 6, 7, 7, 6, 6, 6, 6, 6, 7, 7, 7, 7, 7, 6, 6, 7, 6, 6, 7, 6, 7, 7, 6, 6, 7, 7, 7, 6, 6, 6, 7, 6, 7, 7, 6, 6, 6, 7, 6, 7, 7, 6, 6, 6, 7, 6, 7, 7, 7, 7, 6, 6, 6, 6, 6, 7, 7, 6, 6, 6, 7, 6, 7, 7, 6, 7, 7, 7, 7, 7, 7, 7, 6, 7, 6, 6, 7, 7, 7, 7, 6, 7, 7, 7, 6, 7, 6, 6, 7, 6, 6, 7, 7, 7, 7, 6, 6, 6, 6, 7, 7, 6, 7, 6, 7, 6, 7, 7, 6, 7, 6, 7, 6, 7, 6, 6, 7, 6, 6, 6, 7, 6, 7, 7, 7, 6, 7, 6, 7, 7, 6, 7, 7, 7, 6, 6, 6, 6, 6, 7, 7, 6, 6, 6, 6, 7, 6, 6, 7, 7, 6, 6, 7, 7, 6, 6, 6, 6, 7, 6, 7, 6, 6, 6, 6, 7, 6, 6, 7, 7, 7, 6, 6, 7, 6, 7, 6, 6, 7, 6, 6, 6, 6, 7, 7, 7, 7, 6, 7, 6, 6, 6, 6, 7, 7, 6, 7, 7, 6, 7, 7, 6, 7, 6, 6, 7, 7, 7, 7, 6, 7, 7, 7, 6, 6, 7, 7, 7, 6, 6, 6, 7, 7, 6, 7, 7, 7, 7, 6, 7, 7, 7, 7, 7, 6, 6, 7, 6, 7, 6, 7, 7, 7, 7, 6, 7, 7, 7, 7, 6, 7, 6, 6, 6, 7, 7, 7, 7, 6, 6, 6, 6, 7, 6, 6, 7, 7, 7, 6, 7, 7, 7, 6, 6, 7, 7, 6, 7, 6, 6, 6, 7, 6, 6, 6, 7, 7, 6, 6, 7, 6, 7, 6, 6, 7, 7, 7, 7, 6, 7, 7, 7, 6, 6, 7, 7, 6, 7, 7, 6, 6, 6, 6, 6, 6, 7, 7, 7, 6, 6, 7, 6, 7, 6, 6, 6, 6, 6, 6, 6, 6, 6, 6, 7, 7, 7, 6, 7, 7, 7, 6, 6, 6, 7, 6, 6, 7, 7, 7, 6, 7, 7, 6, 7, 7, 6, 7, 6, 6, 7, 6, 6, 6, 7, 6, 7, 6, 7, 6, 6, 6, 6, 7, 6, 6, 7, 7, 6, 7, 6, 7, 6, 7, 6, 6, 6, 6, 7, 7, 7, 6, 7, 6, 7, 6, 7, 6, 6, 6, 7, 6, 7, 7, 7, 7, 6, 6, 7, 7, 6, 6, 7, 7, 7, 6, 7, 7, 7, 7, 6, 6, 6, 7, 6, 6, 6, 7, 6, 6, 7, 6, 7, 6, 7, 6, 7, 7, 7, 6, 7, 7, 7, 7, 7, 6, 7, 7, 7, 6, 7, 6, 7, 7, 7, 6, 6, 6, 7, 6, 7, 7, 6, 6, 6, 6, 7, 7, 6, 6, 7, 6, 7, 7, 6, 6, 7, 7, 7, 7, 7, 7, 7, 7, 6, 6, 6, 6, 6, 7, 7, 6, 6, 7, 7, 6, 7, 6, 7, 7, 6, 7, 6, 6, 7, 7, 6, 6, 6, 6, 6, 6, 6, 7, 6, 7, 7, 6, 7, 6, 7, 6, 6, 7, 6, 6, 6, 7, 7, 7, 6, 6, 6, 7, 6, 6, 7, 7, 6, 6, 6, 7, 6, 7, 7, 7, 6, 6, 7, 6, 6, 7, 7, 7, 7, 6, 6, 7, 7, 6, 7, 6, 6]

################################################################
################################################################
################### process_jail_list: ######################

[6, 6, 6, 6, 6, 6, 6, 6, 6, 6, 6, 6, 6, 6, 6, 6, 6, 6, 6, 6, 6, 6, 6, 6, 6, 6, 6, 6, 6, 6, 5, 5, 6, 6, 6, 6, 6, 6, 6, 6, 5, 6, 6, 6, 6, 6, 6, 6, 6, 6, 6, 5, 5, 6, 6, 6, 6, 6, 6, 6, 6, 6, 6, 6, 6, 6, 6, 6, 6, 6, 5, 6, 6, 6, 5, 5, 5, 6, 5, 6, 6, 6, 6, 6, 6, 6, 5, 6, 6, 6, 6, 5, 6, 5, 6, 6, 6, 5, 6, 6, 6, 5, 5, 6, 5, 6, 6, 6, 6, 6, 6, 6, 5, 6, 6, 6, 6, 6, 6, 6, 6, 5, 6, 5, 6, 6, 6, 6, 6, 6, 6, 6, 6, 6, 6, 6, 5, 6, 6, 6, 6, 6, 6, 6, 6, 6, 6, 6, 6, 6, 6, 6, 6, 6, 6, 6, 6, 6, 6, 6, 6, 6, 6, 6, 6, 6, 6, 6, 6, 6, 6, 6, 6, 6, 6, 6, 6, 6, 6, 6, 6, 6, 6, 6, 6, 6, 6, 6, 6, 6, 6, 6, 6, 5, 6, 6, 6, 6, 6, 6, 6, 6, 5, 6, 6, 5, 6, 6, 6, 6, 6, 6, 6, 5, 6, 6, 6, 6, 6, 6, 6, 6, 6, 6, 5, 5, 6, 5, 6, 6, 6, 6, 6, 6, 6, 6, 6, 5, 6, 6, 6, 6, 5, 6, 6, 6, 5, 6, 6, 6, 6, 6, 6, 5, 6, 6, 6, 6, 5, 5, 6, 6, 6, 6, 6, 5, 6, 6, 6, 6, 6, 6, 6, 6, 6, 6, 6, 6, 6, 6, 6, 6, 6, 6, 6, 6, 6, 6, 6, 6, 6, 6, 6, 6, 6, 6, 6, 6, 6, 6, 6, 6, 6, 6, 6, 5, 6, 6, 6, 5, 6, 5, 6, 6, 6, 6, 5, 6, 6, 6, 6, 6, 6, 6, 6, 5, 5, 6, 6, 5, 6, 6, 6, 6, 6, 6, 6, 6, 6, 6, 6, 6, 6, 5, 5, 6, 6, 6, 6, 6, 6, 6, 6, 6, 6, 6, 6, 6, 5, 5, 6, 6, 5, 5, 6, 6, 6, 6, 6, 6, 5, 6, 5, 6, 5, 6, 6, 6, 6, 6, 6, 6, 6, 6, 6, 6, 6, 6, 6, 6, 6, 6, 6, 6, 6, 6, 6, 5, 5, 5, 6, 6, 6, 6, 6, 6, 6, 6, 6, 6, 6, 6, 5, 6, 6, 6, 6, 6, 6, 6, 6, 6, 6, 6, 6, 6, 6, 5, 6, 6, 6, 6, 6, 6, 6, 6, 6, 6, 6, 6, 6, 6, 6, 5, 7, 6, 7, 6, 6, 6, 6, 6, 6, 6, 6, 6, 6, 6, 6, 6, 6, 6, 6, 6, 6, 6, 6, 6, 6, 5, 6, 5, 5, 6, 6, 6, 6, 6, 6, 6, 6, 6, 6, 6, 6, 6, 5, 6, 5, 6, 6, 6, 5, 6, 6, 6, 6, 6, 5, 6, 6, 6, 6, 6, 6, 6, 5, 6, 6, 6, 6, 6, 6, 6, 6, 6, 6, 6, 6, 6, 6, 6, 6, 6, 6, 6, 6, 6, 6, 6, 6, 6, 6, 6, 6, 6, 6, 6, 5, 5, 6, 6, 6, 6, 6, 6, 6, 6, 5, 6, 5, 6, 5, 6, 6, 6, 6, 5, 6, 6, 5, 6, 6, 6, 6, 5, 6, 6, 6, 6, 5, 6, 5, 6, 6, 6, 6, 5, 5, 6, 6, 6, 6, 6, 6, 6, 6, 6, 6, 5, 6, 6, 6, 6, 5, 6, 6, 6, 6, 6, 6, 6, 6, 6, 6, 6, 6, 6, 6, 6, 6, 6, 6, 5, 5, 6, 6, 6, 6, 6, 6, 6, 6, 6, 6, 6, 6, 6, 6, 6, 6, 6, 6, 6, 6, 6, 6, 6, 6, 6, 6, 6, 5, 6, 6, 6, 6, 7, 7, 6, 6, 6, 6, 6, 6, 6, 6, 6, 6, 6, 6, 6, 5, 5, 6, 6, 6, 6, 6, 5, 6, 6, 6, 6, 6, 6, 6, 6, 5, 6, 6, 6, 5, 6, 6, 6, 6, 6, 6, 6, 6, 6, 6, 6, 5, 6, 6, 6, 6, 6, 6, 6, 6, 6, 5, 6, 6, 5, 6, 6, 6, 6, 6, 6, 5, 6, 5, 6, 6, 6, 6, 6, 6, 6, 6, 6, 6, 6, 5, 5, 6, 6, 6, 6, 6, 6, 6, 6, 6, 5, 6, 6, 5, 6, 6, 6, 6, 5, 6, 5, 6, 6, 6, 5, 6, 6, 6, 6, 6, 6, 6, 6, 6, 5, 7, 6, 6, 6, 6, 5]

################################################################
