Numero total de amostras 770

Tempo total de processamento: 1:26:25

############## TEMPOS DE PROCESSAMENTO DO EXERCICIO NO JAIL  ####################
Soma 4565 segundos
Media 5.928571428571429 segundos
Desvio padr達o 0.3080551236121118 segundos
Minimo 5 segundos
Maximo 7 segundos

95% 5.0 segundos
99% 5.0 segundos

############## TEMPOS DE PROCESSAMENTO DO EXERCICIO NO JAIL COM DOWNLOAD  ################
Soma 5190 segundos
Media 6.740259740259741 segundos
Desvio padr達o 0.5560201202235752 segundos
Minimo 6 segundos
Maximo 13 segundos

95% 6.0 segundos
99% 6.0 segundos

################### TEMPOS DE DOWNLOAD DO EXERCICIO NO JAIL #######################
Soma 625 segundos
Media 0.8116883116883117 segundos
Desvio padr達o 0.4857646338235967 segundos
Minimo 0 segundos
Maximo 6 segundos

95% 0.0 segundos
99% 0.0 segundos

############################ TEMPOS DE ESPERA NA FILA ############################
Soma 1763580
Media 2290.3636363636365 segundos
Desvio padr達o 1299.0463546020821 segundos
Minimo 6 segundos
Maximo 4531 segundos

95% 64.1385 segundos
99% 66.29169999999999 segundos

################### queue_wait_time_list: ######################

[35, 49, 6, 18, 56, 27, 62, 76, 82, 87, 99, 106, 112, 125, 131, 142, 148, 155, 167, 173, 179, 191, 197, 210, 216, 223, 235, 241, 247, 260, 268, 274, 286, 292, 304, 310, 316, 330, 336, 342, 354, 360, 364, 376, 383, 397, 403, 4287, 43, 69, 422, 429, 442, 448, 454, 466, 473, 479, 491, 498, 504, 515, 522, 534, 540, 547, 558, 564, 570, 582, 589, 600, 606, 611, 623, 629, 635, 647, 651, 657, 670, 675, 687, 692, 698, 711, 717, 723, 734, 740, 746, 757, 763, 775, 780, 93, 119, 136, 792, 804, 809, 815, 826, 833, 838, 850, 855, 861, 873, 879, 889, 895, 901, 913, 920, 926, 937, 943, 948, 958, 964, 976, 982, 988, 1000, 1007, 1006, 1016, 1021, 1033, 1039, 1046, 1060, 1065, 1072, 1085, 1091, 1098, 1111, 1118, 1131, 1137, 1182, 1225, 1142, 1295, 1189, 1149, 1325, 1230, 1154, 1195, 1265, 1161, 4311, 1201, 1167, 1236, 1301, 1171, 1207, 1271, 1178, 1242, 4328, 1213, 1331, 1247, 1219, 1277, 1306, 4352, 1254, 1284, 4375, 1260, 1313, 1290, 4392, 4416, 1318, 161, 4437, 185, 204, 1342, 1348, 1359, 1366, 1377, 1383, 1388, 1399, 1405, 1411, 1423, 1429, 1440, 1446, 1452, 1464, 1469, 1475, 1487, 1493, 1498, 1510, 1516, 1527, 1534, 1539, 1550, 1556, 1561, 1573, 1579, 1585, 1594, 1601, 1613, 1619, 1625, 1636, 1643, 1649, 1661, 1666, 1677, 1683, 1737, 1690, 1782, 1742, 1695, 4462, 1823, 1699, 1748, 1789, 1706, 1859, 1754, 1711, 4480, 1794, 1717, 1758, 1829, 1724, 4502, 1764, 1731, 1800, 4525, 1835, 1771, 1805, 1777, 1840, 1811, 1818, 1846, 1852, 229, 254, 1870, 1876, 1887, 1893, 1899, 1910, 1916, 1922, 1934, 1940, 1944, 1944, 1950, 1963, 1969, 1976, 1988, 1994, 2001, 2014, 2020, 2033, 2038, 2041, 2054, 2059, 2066, 2079, 2085, 2091, 2105, 2108, 2122, 2127, 2134, 2141, 2147, 2153, 2163, 2170, 2175, 2189, 2196, 2208, 2215, 2222, 2227, 280, 298, 323, 2231, 2237, 2251, 2257, 2270, 2276, 2282, 2296, 2302, 2308, 2320, 2326, 2336, 2343, 2347, 2360, 2365, 2372, 2384, 2391, 2398, 2411, 2417, 2430, 2433, 2440, 2452, 2459, 2465, 2476, 2482, 2487, 2499, 2505, 2516, 2520, 2527, 2540, 2546, 2553, 2564, 2570, 2583, 2588, 348, 2593, 2606, 2612, 2625, 2630, 2636, 2647, 2653, 2659, 2671, 2677, 2688, 2695, 2700, 2713, 2719, 2724, 2735, 2741, 2747, 2759, 2765, 2776, 2782, 2787, 2800, 2805, 2811, 2821, 2827, 2833, 2845, 2851, 2863, 2869, 2874, 2887, 2892, 2898, 2910, 2915, 2928, 2933, 2939, 2950, 2956, 2963, 2968, 2974, 371, 390, 416, 410, 2991, 2998, 3004, 3013, 3020, 3025, 3039, 3044, 3050, 3061, 3067, 3079, 3086, 3091, 3102, 3108, 3115, 3124, 3131, 3136, 3149, 3154, 3167, 3172, 3178, 3189, 3192, 3198, 3210, 3216, 3228, 3235, 3241, 3252, 3259, 3265, 3277, 3283, 3289, 3300, 3306, 3318, 3324, 3387, 3330, 3446, 3393, 3336, 3341, 3399, 3452, 3345, 3404, 3352, 3359, 3411, 3364, 3417, 3370, 3376, 3422, 3382, 3428, 3434, 3441, 436, 460, 3469, 3475, 3487, 3493, 3498, 3510, 3516, 3523, 3534, 3540, 3546, 3557, 3564, 3572, 3578, 3585, 3597, 3604, 3610, 3621, 3625, 3638, 3645, 3648, 3659, 3665, 3672, 3683, 3689, 3696, 3707, 3711, 3725, 3731, 3737, 3748, 3755, 3760, 3773, 3778, 3784, 3796, 3801, 3814, 3818, 485, 510, 528, 3830, 3842, 3848, 3854, 3866, 3872, 3877, 3888, 3894, 3900, 3911, 3917, 3930, 3935, 3941, 3951, 3957, 3964, 3976, 3982, 3987, 3998, 4004, 4016, 4022, 4028, 4039, 4044, 4050, 4062, 4068, 4079, 4085, 4091, 4103, 4108, 4114, 4125, 4131, 4136, 4149, 4154, 4165, 4171, 4270, 4276, 4282, 4294, 4299, 552, 575, 4183, 4189, 4200, 4206, 4213, 4224, 4230, 4235, 4247, 4252, 4259, 4305, 4316, 4323, 4335, 4341, 4347, 4358, 4363, 4369, 4381, 4387, 4398, 4404, 4409, 4419, 4426, 4432, 4444, 4450, 4456, 4467, 4473, 4485, 4491, 4496, 4509, 4514, 4520, 4531, 595, 616, 641, 663, 682, 705, 729, 751, 769, 1545, 786, 797, 821, 844, 867, 884, 907, 931, 954, 970, 993, 1012, 1027, 1053, 1079, 1105, 1124, 1568, 1336, 1354, 1371, 1393, 1418, 1434, 1458, 1480, 1504, 1521, 1591, 1607, 1630, 1655, 1672, 1864, 1881, 1905, 1928, 1950, 1957, 1982, 2008, 2026, 2047, 2072, 2098, 2115, 2139, 2156, 2182, 2202, 2814, 2225, 2244, 2263, 2289, 2315, 2331, 2354, 2379, 2405, 2423, 2446, 2470, 2492, 2510, 2534, 2558, 2576, 2600, 2618, 2642, 2664, 2682, 2707, 2729, 2754, 2771, 2793, 2839, 2856, 2881, 2904, 2922, 2945, 2985, 2980, 3006, 3032, 3056, 3073, 3097, 3119, 3143, 3161, 3183, 3205, 3223, 3247, 3271, 3295, 3312, 3904, 3458, 3464, 3482, 3504, 3529, 3552, 3568, 3591, 3616, 3632, 3653, 3679, 3701, 3718, 3742, 3767, 3790, 3808, 3923, 3823, 3836, 3859, 3883, 3946, 3969, 3993, 4010, 4033, 4057, 4074, 4097, 4120, 4143, 4160, 4178, 4195, 4218, 4241, 4265]

################################################################
################### jail_ex_download_list: ######################

[2, 1, 6, 2, 1, 3, 1, 1, 0, 1, 1, 1, 1, 1, 1, 1, 2, 1, 1, 1, 1, 1, 1, 1, 1, 1, 1, 1, 1, 4, 1, 0, 1, 1, 1, 1, 1, 1, 1, 1, 1, 1, 1, 1, 1, 1, 1, 1, 2, 1, 1, 2, 1, 1, 1, 1, 1, 1, 1, 1, 1, 1, 1, 1, 1, 1, 1, 0, 0, 1, 1, 1, 1, 0, 1, 1, 1, 0, 1, 0, 1, 1, 1, 1, 1, 1, 1, 1, 1, 1, 0, 0, 1, 0, 1, 1, 1, 1, 0, 1, 1, 1, 1, 1, 1, 0, 1, 1, 1, 0, 1, 1, 1, 1, 1, 0, 1, 0, 1, 1, 1, 1, 1, 0, 1, 0, 1, 0, 1, 1, 1, 1, 1, 1, 1, 0, 1, 1, 1, 0, 1, 1, 1, 0, 1, 1, 1, 0, 1, 1, 1, 1, 0, 1, 0, 1, 0, 1, 1, 1, 0, 1, 1, 1, 1, 1, 0, 1, 1, 1, 1, 1, 1, 1, 0, 1, 0, 1, 1, 1, 1, 1, 1, 1, 2, 1, 1, 1, 1, 1, 1, 1, 1, 1, 1, 1, 1, 1, 0, 1, 0, 1, 1, 1, 1, 0, 0, 0, 1, 0, 1, 0, 1, 0, 1, 1, 0, 1, 0, 0, 1, 1, 1, 0, 1, 0, 1, 1, 1, 0, 0, 1, 1, 1, 1, 1, 1, 1, 0, 1, 1, 1, 1, 0, 1, 1, 1, 1, 1, 1, 1, 1, 0, 1, 1, 0, 1, 1, 1, 1, 1, 1, 1, 1, 1, 1, 1, 1, 1, 1, 1, 1, 1, 1, 1, 0, 0, 1, 0, 1, 0, 1, 1, 1, 1, 0, 1, 1, 1, 1, 1, 1, 1, 0, 1, 0, 1, 0, 1, 1, 1, 1, 0, 1, 0, 1, 1, 0, 1, 1, 1, 1, 1, 0, 2, 1, 1, 1, 0, 1, 1, 1, 1, 1, 1, 1, 1, 1, 1, 1, 1, 1, 1, 1, 1, 1, 0, 1, 0, 1, 1, 1, 1, 0, 1, 1, 0, 1, 1, 1, 1, 1, 1, 1, 0, 1, 1, 1, 0, 1, 1, 1, 1, 0, 1, 1, 1, 1, 0, 1, 1, 1, 1, 1, 1, 0, 1, 1, 1, 1, 1, 1, 1, 1, 1, 0, 1, 0, 1, 1, 0, 1, 0, 1, 0, 1, 0, 1, 1, 1, 1, 0, 1, 1, 1, 1, 0, 1, 1, 1, 1, 1, 1, 1, 1, 0, 1, 0, 1, 0, 1, 1, 1, 1, 1, 0, 1, 1, 1, 0, 1, 0, 1, 0, 1, 0, 1, 0, 1, 1, 1, 1, 1, 1, 1, 1, 1, 1, 1, 0, 1, 1, 0, 1, 1, 1, 1, 1, 0, 1, 1, 1, 0, 1, 1, 1, 1, 0, 1, 1, 1, 0, 1, 1, 1, 1, 1, 1, 1, 1, 1, 1, 1, 1, 1, 1, 1, 1, 1, 1, 1, 1, 1, 1, 1, 1, 1, 1, 0, 1, 1, 1, 1, 1, 0, 1, 1, 1, 1, 1, 1, 1, 1, 1, 1, 1, 1, 1, 0, 1, 1, 0, 1, 0, 1, 1, 1, 1, 0, 1, 1, 0, 0, 0, 1, 1, 1, 0, 1, 1, 0, 1, 1, 1, 1, 0, 1, 0, 1, 1, 1, 1, 1, 1, 1, 0, 1, 1, 1, 1, 1, 1, 0, 1, 1, 1, 0, 1, 0, 1, 1, 1, 1, 1, 0, 0, 1, 1, 1, 1, 1, 1, 1, 0, 1, 0, 1, 0, 1, 1, 1, 2, 0, 1, 1, 0, 1, 1, 1, 1, 1, 1, 0, 1, 1, 1, 0, 1, 1, 0, 1, 1, 1, 1, 1, 0, 1, 1, 1, 0, 1, 1, 1, 0, 1, 0, 1, 1, 1, 1, 1, 0, 1, 1, 1, 1, 1, 1, 1, 1, 1, 1, 1, 1, 1, 1, 0, 1, 0, 0, 1, 1, 1, 1, 1, 1, 1, 1, 1, 1, 1, 0, 1, 1, 0, 1, 1, 1, 1, 0, 1, 1, 1, 1, 1, 0, 1, 1, 1, 1, 1, 1, 1, 1, 0, 0, 0, 0, 1, 1, 1, 1, 1, 1, 0, 1, 1, 1, 1, 0, 1, 1, 1, 1, 0, 0, 1, 1, 1, 1, 0, 1, 1, 1, 0, 1, 1, 0, 1, 0, 1, 1, 1, 1, 1, 0, 0, 1, 1, 1, 1, 1, 1, 1, 1, 0, 0, 0, 1, 1, 0, 1, 0, 1, 1, 0, 1, 1, 1, 1, 1, 0, 1, 0, 0, 1, 0, 0, 1, 0, 0, 1, 0, 1, 1, 0, 0, 1, 1, 0]

################################################################
################################################################
################### process_jail_download_list: ######################

[9, 7, 13, 9, 7, 9, 7, 7, 6, 7, 7, 7, 7, 7, 6, 7, 8, 7, 7, 7, 6, 7, 7, 7, 7, 7, 7, 7, 7, 10, 7, 6, 7, 7, 7, 7, 7, 7, 7, 7, 7, 7, 7, 7, 7, 7, 7, 7, 9, 7, 7, 8, 7, 7, 7, 7, 7, 7, 7, 7, 7, 7, 7, 7, 7, 6, 7, 7, 6, 7, 7, 7, 7, 6, 7, 6, 7, 6, 7, 6, 7, 7, 7, 7, 7, 7, 7, 7, 7, 7, 6, 6, 7, 6, 7, 7, 7, 7, 6, 6, 7, 7, 7, 6, 7, 6, 7, 6, 7, 6, 7, 6, 7, 7, 7, 6, 7, 6, 7, 7, 6, 7, 7, 6, 7, 6, 7, 6, 7, 6, 7, 7, 6, 7, 7, 6, 7, 7, 7, 6, 7, 7, 7, 6, 7, 7, 7, 6, 7, 7, 7, 7, 6, 7, 6, 7, 6, 7, 7, 7, 6, 7, 6, 6, 7, 7, 6, 7, 7, 7, 7, 7, 7, 7, 6, 7, 6, 6, 7, 6, 7, 7, 7, 7, 8, 7, 7, 7, 7, 7, 6, 7, 6, 7, 7, 7, 6, 7, 6, 7, 6, 7, 6, 7, 7, 6, 7, 6, 7, 6, 7, 6, 7, 7, 7, 7, 6, 7, 6, 6, 7, 6, 7, 6, 7, 6, 7, 7, 7, 6, 6, 7, 7, 7, 7, 7, 7, 7, 6, 6, 6, 6, 7, 6, 7, 7, 7, 7, 7, 7, 7, 7, 6, 7, 6, 6, 7, 7, 7, 7, 6, 7, 7, 7, 7, 7, 6, 6, 7, 7, 7, 7, 6, 7, 7, 6, 6, 7, 6, 7, 6, 6, 7, 7, 7, 6, 6, 7, 6, 6, 7, 6, 7, 6, 7, 6, 7, 6, 7, 7, 7, 7, 6, 7, 6, 7, 7, 6, 7, 7, 6, 7, 7, 7, 8, 7, 7, 7, 6, 7, 7, 7, 6, 7, 7, 7, 7, 7, 7, 7, 7, 7, 7, 7, 7, 7, 6, 7, 6, 7, 6, 7, 7, 6, 7, 7, 6, 7, 6, 7, 7, 7, 7, 7, 6, 7, 7, 7, 6, 7, 7, 7, 7, 6, 7, 7, 7, 7, 6, 7, 7, 7, 6, 7, 7, 6, 7, 7, 7, 7, 7, 7, 7, 6, 7, 6, 7, 6, 7, 7, 6, 7, 6, 7, 6, 7, 6, 7, 7, 7, 7, 6, 7, 7, 7, 7, 6, 7, 7, 7, 7, 7, 7, 7, 7, 6, 7, 6, 7, 6, 7, 7, 7, 7, 7, 6, 7, 7, 7, 6, 7, 6, 7, 6, 7, 6, 7, 6, 7, 6, 7, 7, 7, 7, 7, 7, 7, 7, 7, 6, 7, 7, 6, 7, 6, 7, 7, 7, 6, 7, 6, 7, 6, 7, 7, 7, 7, 6, 7, 7, 6, 6, 7, 7, 6, 7, 7, 7, 7, 7, 7, 7, 7, 7, 7, 7, 7, 7, 7, 7, 7, 7, 7, 7, 7, 6, 7, 7, 6, 7, 7, 7, 6, 7, 6, 7, 7, 7, 7, 6, 6, 7, 6, 7, 7, 7, 6, 7, 6, 7, 7, 6, 7, 6, 7, 7, 7, 7, 7, 7, 7, 6, 7, 6, 7, 7, 7, 6, 6, 7, 6, 7, 7, 7, 7, 6, 7, 6, 7, 7, 7, 7, 7, 6, 7, 6, 7, 7, 7, 7, 6, 7, 6, 7, 7, 7, 6, 7, 6, 7, 7, 7, 7, 7, 6, 6, 7, 8, 7, 7, 7, 7, 7, 6, 7, 6, 7, 6, 7, 7, 7, 8, 6, 7, 7, 6, 6, 7, 7, 7, 6, 7, 6, 7, 7, 7, 6, 7, 7, 6, 7, 7, 7, 6, 7, 6, 7, 6, 7, 6, 7, 7, 7, 6, 6, 6, 7, 7, 7, 7, 7, 6, 7, 7, 7, 7, 7, 7, 7, 7, 7, 7, 7, 7, 7, 7, 6, 7, 6, 6, 7, 6, 7, 7, 7, 7, 7, 7, 7, 7, 7, 6, 7, 7, 6, 7, 7, 7, 7, 6, 7, 7, 7, 7, 7, 6, 7, 7, 7, 7, 7, 7, 7, 7, 6, 6, 6, 6, 7, 7, 7, 7, 7, 7, 6, 7, 7, 7, 7, 6, 7, 7, 7, 6, 6, 6, 7, 7, 7, 7, 6, 7, 6, 7, 6, 7, 7, 6, 7, 6, 7, 7, 7, 7, 6, 6, 6, 7, 7, 7, 7, 7, 6, 6, 6, 6, 6, 6, 7, 7, 6, 7, 6, 7, 7, 6, 7, 7, 7, 7, 7, 6, 7, 6, 6, 7, 6, 6, 7, 6, 6, 7, 6, 7, 6, 6, 6, 7, 7, 6]

################################################################
################################################################
################### process_jail_list: ######################

[7, 6, 7, 7, 6, 6, 6, 6, 6, 6, 6, 6, 6, 6, 5, 6, 6, 6, 6, 6, 5, 6, 6, 6, 6, 6, 6, 6, 6, 6, 6, 6, 6, 6, 6, 6, 6, 6, 6, 6, 6, 6, 6, 6, 6, 6, 6, 6, 7, 6, 6, 6, 6, 6, 6, 6, 6, 6, 6, 6, 6, 6, 6, 6, 6, 5, 6, 7, 6, 6, 6, 6, 6, 6, 6, 5, 6, 6, 6, 6, 6, 6, 6, 6, 6, 6, 6, 6, 6, 6, 6, 6, 6, 6, 6, 6, 6, 6, 6, 5, 6, 6, 6, 5, 6, 6, 6, 5, 6, 6, 6, 5, 6, 6, 6, 6, 6, 6, 6, 6, 5, 6, 6, 6, 6, 6, 6, 6, 6, 5, 6, 6, 5, 6, 6, 6, 6, 6, 6, 6, 6, 6, 6, 6, 6, 6, 6, 6, 6, 6, 6, 6, 6, 6, 6, 6, 6, 6, 6, 6, 6, 6, 5, 5, 6, 6, 6, 6, 6, 6, 6, 6, 6, 6, 6, 6, 6, 5, 6, 5, 6, 6, 6, 6, 6, 6, 6, 6, 6, 6, 5, 6, 5, 6, 6, 6, 5, 6, 6, 6, 6, 6, 5, 6, 6, 6, 7, 6, 6, 6, 6, 6, 6, 7, 6, 6, 6, 6, 6, 6, 6, 5, 6, 6, 6, 6, 6, 6, 6, 6, 6, 6, 6, 6, 6, 6, 6, 6, 6, 5, 5, 5, 6, 6, 6, 6, 6, 6, 6, 6, 6, 6, 6, 6, 5, 6, 6, 6, 6, 6, 5, 6, 6, 6, 6, 6, 5, 5, 6, 6, 6, 6, 5, 6, 6, 6, 6, 6, 6, 6, 6, 5, 6, 6, 6, 6, 5, 6, 5, 5, 6, 5, 6, 6, 6, 6, 6, 6, 6, 6, 6, 6, 6, 6, 6, 6, 6, 6, 6, 6, 5, 6, 6, 7, 6, 6, 6, 6, 6, 6, 6, 6, 5, 6, 6, 6, 6, 6, 6, 6, 6, 6, 6, 6, 6, 6, 6, 6, 6, 6, 5, 6, 6, 6, 6, 6, 6, 6, 5, 6, 6, 6, 6, 6, 6, 6, 6, 6, 6, 6, 6, 6, 6, 6, 6, 6, 6, 6, 6, 6, 6, 6, 5, 6, 6, 6, 6, 6, 6, 6, 6, 6, 6, 5, 6, 6, 6, 6, 6, 6, 6, 6, 6, 6, 6, 6, 6, 6, 6, 6, 6, 6, 6, 6, 6, 6, 6, 6, 6, 6, 6, 6, 6, 6, 6, 6, 6, 6, 6, 6, 6, 6, 6, 6, 6, 6, 6, 6, 6, 6, 6, 6, 6, 6, 6, 6, 6, 6, 6, 5, 6, 6, 6, 6, 6, 6, 6, 6, 6, 6, 6, 6, 6, 6, 5, 6, 6, 6, 6, 6, 5, 6, 6, 6, 6, 6, 6, 6, 6, 6, 5, 6, 6, 6, 5, 6, 6, 6, 6, 6, 6, 6, 6, 6, 6, 6, 6, 6, 6, 6, 6, 6, 6, 6, 6, 5, 6, 6, 6, 6, 6, 6, 5, 6, 6, 6, 6, 6, 6, 5, 5, 6, 5, 6, 6, 6, 5, 6, 6, 6, 6, 6, 6, 6, 6, 6, 6, 6, 7, 6, 6, 6, 7, 6, 6, 6, 6, 6, 5, 6, 6, 6, 6, 6, 6, 6, 6, 6, 6, 6, 6, 6, 6, 5, 6, 6, 6, 6, 6, 6, 5, 6, 6, 6, 6, 6, 6, 6, 6, 6, 6, 6, 6, 6, 6, 6, 6, 7, 6, 6, 6, 6, 6, 6, 6, 6, 6, 6, 6, 6, 6, 6, 6, 6, 6, 6, 5, 6, 6, 6, 5, 6, 6, 6, 6, 6, 6, 6, 6, 6, 6, 6, 6, 5, 6, 6, 6, 5, 6, 6, 6, 6, 6, 6, 5, 6, 6, 6, 6, 6, 6, 6, 6, 6, 6, 6, 6, 6, 6, 6, 6, 6, 6, 6, 6, 6, 6, 6, 6, 6, 6, 5, 6, 6, 6, 6, 6, 6, 6, 6, 6, 6, 6, 6, 6, 6, 6, 6, 6, 6, 6, 6, 6, 6, 6, 6, 6, 6, 6, 6, 6, 6, 6, 6, 6, 6, 6, 6, 6, 6, 6, 6, 6, 6, 6, 6, 6, 6, 6, 6, 6, 6, 6, 5, 6, 6, 6, 6, 6, 6, 6, 6, 5, 6, 6, 6, 6, 6, 6, 6, 6, 6, 6, 6, 5, 6, 6, 6, 6, 6, 6, 6, 5, 5, 5, 6, 6, 6, 6, 6, 6, 6, 6, 6, 6, 6, 6, 6, 6, 6, 6, 6, 6, 6, 6, 6, 6, 6, 6, 6, 6, 6, 6, 6, 5, 6, 6, 6, 6, 6]

################################################################
