Numero total de amostras 770

Tempo total de processamento: 0:11:52

############## TEMPOS DE PROCESSAMENTO DO EXERCICIO NO JAIL  ####################
Soma 5033 segundos
Media 6.536363636363636 segundos
Desvio padrão 0.598137605439854 segundos
Minimo 5 segundos
Maximo 8 segundos

95% 6.0 segundos
99% 6.0 segundos

############## TEMPOS DE PROCESSAMENTO DO EXERCICIO NO JAIL COM DOWNLOAD  ################
Soma 5702 segundos
Media 7.405194805194805 segundos
Desvio padrão 0.7725646451152842 segundos
Minimo 6 segundos
Maximo 11 segundos

95% 6.0 segundos
99% 6.0 segundos

################### TEMPOS DE DOWNLOAD DO EXERCICIO NO JAIL #######################
Soma 669 segundos
Media 0.8688311688311688 segundos
Desvio padrão 0.5390611704825441 segundos
Minimo 0 segundos
Maximo 4 segundos

95% 0.0 segundos
99% 0.0 segundos

############################ TEMPOS DE ESPERA NA FILA ############################
Soma 29715
Media 38.59090909090909 segundos
Desvio padrão 13.095262173066484 segundos
Minimo 4 segundos
Maximo 61 segundos

95% 7.305499999999999 segundos
99% 7.613099999999999 segundos

################### queue_wait_time_list: ######################

[15, 15, 7, 13, 15, 7, 10, 12, 8, 9, 10, 11, 7, 8, 15, 5, 15, 7, 4, 6, 17, 19, 12, 12, 13, 11, 11, 16, 11, 12, 8, 12, 7, 13, 9, 16, 11, 12, 14, 15, 15, 17, 16, 20, 13, 17, 16, 11, 14, 14, 18, 21, 17, 17, 20, 18, 21, 20, 19, 23, 19, 18, 22, 30, 18, 23, 18, 20, 18, 20, 19, 18, 20, 21, 19, 20, 21, 20, 19, 21, 21, 22, 21, 20, 19, 23, 23, 21, 21, 24, 20, 22, 22, 22, 19, 20, 21, 22, 33, 32, 23, 31, 32, 23, 32, 23, 32, 30, 21, 22, 26, 25, 26, 25, 25, 24, 35, 31, 32, 31, 32, 30, 33, 33, 32, 49, 32, 35, 33, 34, 33, 33, 35, 36, 35, 37, 33, 34, 36, 38, 37, 39, 19, 32, 33, 31, 25, 32, 24, 32, 32, 27, 25, 25, 24, 27, 23, 24, 23, 30, 31, 32, 35, 31, 31, 31, 33, 36, 32, 33, 33, 33, 33, 32, 36, 34, 34, 35, 37, 35, 37, 37, 37, 40, 39, 40, 39, 39, 39, 22, 22, 23, 23, 29, 27, 30, 28, 28, 30, 28, 31, 27, 27, 26, 26, 25, 25, 28, 28, 26, 28, 28, 29, 27, 29, 25, 28, 27, 27, 27, 26, 27, 29, 28, 27, 27, 28, 28, 31, 28, 28, 26, 25, 28, 30, 29, 25, 29, 31, 32, 32, 30, 31, 33, 33, 29, 29, 28, 30, 30, 32, 31, 31, 31, 32, 31, 31, 31, 31, 34, 32, 32, 32, 35, 33, 35, 35, 36, 34, 33, 34, 35, 36, 33, 38, 36, 39, 38, 39, 39, 39, 40, 39, 27, 28, 27, 28, 28, 31, 32, 30, 30, 30, 29, 30, 29, 29, 30, 30, 30, 29, 30, 30, 30, 34, 29, 29, 31, 29, 29, 30, 31, 31, 31, 31, 33, 32, 33, 33, 33, 34, 35, 33, 33, 36, 33, 35, 36, 36, 36, 29, 27, 29, 32, 33, 33, 31, 32, 31, 33, 29, 31, 33, 31, 31, 29, 29, 28, 29, 32, 34, 29, 31, 32, 30, 34, 30, 31, 31, 33, 48, 32, 35, 33, 35, 35, 36, 35, 36, 35, 39, 36, 39, 39, 39, 39, 41, 39, 49, 40, 51, 51, 57, 55, 54, 54, 54, 52, 58, 54, 55, 53, 54, 59, 54, 59, 56, 59, 57, 57, 37, 39, 35, 37, 37, 38, 37, 39, 41, 40, 41, 42, 41, 53, 39, 52, 40, 53, 40, 41, 40, 40, 54, 55, 59, 55, 58, 53, 55, 55, 60, 56, 58, 56, 58, 61, 37, 39, 38, 39, 40, 39, 40, 38, 39, 39, 42, 42, 42, 39, 40, 41, 40, 43, 42, 42, 42, 42, 41, 41, 39, 43, 41, 43, 42, 41, 40, 42, 42, 43, 42, 41, 43, 43, 43, 44, 41, 41, 43, 42, 44, 43, 42, 42, 42, 56, 60, 54, 43, 43, 43, 43, 44, 44, 55, 54, 56, 54, 54, 53, 58, 54, 54, 57, 53, 57, 54, 57, 58, 59, 40, 40, 42, 58, 54, 54, 57, 42, 43, 54, 55, 53, 44, 44, 57, 43, 43, 43, 44, 43, 43, 44, 44, 53, 55, 53, 56, 57, 54, 58, 58, 59, 40, 42, 41, 42, 41, 42, 43, 43, 43, 44, 45, 45, 45, 46, 44, 43, 44, 43, 44, 46, 45, 44, 44, 45, 46, 48, 45, 46, 44, 45, 46, 48, 48, 45, 45, 45, 45, 47, 47, 46, 47, 45, 46, 48, 47, 47, 47, 51, 48, 48, 47, 47, 54, 58, 57, 54, 54, 58, 54, 58, 54, 58, 53, 54, 59, 54, 55, 57, 44, 45, 45, 49, 58, 54, 53, 58, 54, 53, 58, 53, 54, 58, 59, 56, 54, 53, 59, 53, 54, 44, 53, 54, 50, 49, 48, 48, 46, 47, 53, 54, 58, 55, 53, 58, 52, 58, 56, 56, 58, 54, 59, 54, 59, 43, 49, 50, 50, 45, 46, 45, 51, 51, 47, 44, 51, 48, 45, 48, 47, 49, 49, 47, 46, 47, 48, 49, 50, 47, 45, 48, 50, 50, 49, 46, 47, 49, 51, 50, 49, 48, 48, 49, 52, 50, 53, 50, 51, 52, 52, 54, 51, 53, 56, 53, 51, 55, 58, 54, 54, 58, 53, 55, 59, 55, 58, 55, 56, 59, 56, 56, 54, 48, 49, 50, 48, 48, 50, 48, 52, 53, 51, 53, 50, 51, 54, 53, 53, 51, 53, 53, 51, 54, 51, 53, 53, 53, 53, 53, 53, 51, 54, 53, 52, 54, 51, 54, 54, 54, 54, 54, 53, 53, 52, 54, 53, 53, 54, 55]

################################################################
################### jail_ex_download_list: ######################

[1, 1, 2, 2, 0, 2, 1, 2, 4, 4, 1, 1, 4, 3, 1, 4, 1, 4, 4, 4, 0, 1, 1, 1, 1, 2, 2, 1, 1, 1, 1, 1, 1, 1, 1, 1, 2, 2, 1, 1, 1, 1, 1, 1, 1, 1, 1, 2, 1, 1, 1, 1, 2, 1, 1, 2, 1, 1, 1, 1, 0, 1, 1, 1, 1, 1, 1, 1, 1, 1, 0, 1, 1, 1, 1, 1, 1, 1, 1, 1, 1, 1, 1, 1, 1, 1, 1, 1, 1, 1, 1, 1, 1, 1, 1, 1, 1, 1, 1, 0, 1, 1, 1, 1, 0, 1, 1, 1, 1, 1, 0, 1, 1, 1, 1, 1, 1, 1, 0, 1, 1, 0, 0, 1, 1, 1, 1, 1, 1, 1, 1, 1, 0, 1, 1, 0, 1, 2, 1, 1, 1, 1, 1, 1, 1, 1, 0, 1, 1, 1, 1, 1, 1, 1, 1, 2, 2, 1, 1, 1, 0, 0, 1, 1, 1, 1, 0, 1, 1, 0, 1, 0, 1, 1, 0, 1, 0, 1, 0, 1, 1, 1, 1, 0, 1, 0, 1, 1, 1, 1, 1, 1, 1, 0, 1, 1, 1, 1, 1, 1, 0, 1, 1, 1, 1, 1, 1, 1, 1, 1, 1, 1, 0, 1, 1, 1, 1, 1, 0, 1, 1, 1, 0, 0, 1, 1, 1, 1, 1, 1, 2, 1, 1, 1, 1, 1, 2, 1, 0, 0, 1, 1, 1, 1, 0, 0, 1, 1, 1, 1, 0, 1, 1, 1, 0, 1, 1, 1, 1, 1, 1, 1, 1, 1, 1, 1, 0, 0, 1, 1, 1, 1, 1, 1, 1, 1, 0, 1, 1, 1, 0, 0, 1, 1, 1, 1, 1, 1, 0, 1, 1, 0, 1, 1, 1, 1, 0, 0, 1, 1, 1, 0, 1, 1, 1, 1, 1, 1, 0, 1, 1, 1, 1, 1, 1, 0, 1, 1, 0, 0, 1, 1, 1, 1, 1, 1, 1, 1, 1, 2, 0, 1, 1, 1, 1, 1, 1, 1, 1, 1, 1, 1, 1, 1, 1, 1, 0, 0, 0, 0, 0, 1, 1, 0, 0, 1, 1, 1, 1, 1, 1, 1, 1, 1, 1, 1, 0, 0, 1, 2, 1, 1, 1, 1, 0, 0, 1, 1, 1, 1, 1, 1, 1, 1, 1, 1, 1, 1, 1, 0, 1, 1, 1, 1, 1, 0, 1, 1, 1, 0, 0, 1, 1, 1, 1, 1, 1, 1, 0, 1, 0, 0, 1, 1, 1, 1, 1, 1, 1, 0, 1, 1, 1, 0, 1, 1, 1, 1, 1, 1, 1, 1, 0, 1, 1, 1, 1, 1, 1, 1, 0, 1, 1, 1, 0, 1, 1, 1, 1, 1, 1, 0, 1, 1, 1, 1, 1, 1, 1, 0, 1, 1, 1, 1, 1, 1, 1, 1, 0, 0, 1, 1, 1, 1, 0, 0, 1, 1, 1, 0, 0, 1, 1, 0, 1, 0, 2, 0, 1, 1, 1, 1, 0, 1, 0, 1, 1, 1, 0, 1, 0, 1, 1, 0, 1, 0, 1, 1, 1, 1, 1, 1, 0, 1, 1, 0, 1, 1, 1, 0, 0, 1, 0, 1, 0, 1, 1, 1, 0, 1, 1, 1, 1, 1, 1, 1, 1, 1, 1, 1, 1, 2, 1, 1, 1, 1, 1, 1, 1, 0, 1, 1, 1, 0, 0, 0, 1, 1, 1, 1, 1, 1, 1, 1, 1, 0, 0, 1, 0, 1, 1, 1, 0, 1, 1, 1, 1, 1, 1, 1, 1, 1, 0, 1, 1, 0, 1, 1, 1, 1, 1, 1, 1, 1, 1, 1, 1, 0, 0, 1, 0, 1, 1, 1, 1, 1, 2, 1, 1, 1, 1, 1, 1, 0, 1, 1, 1, 0, 1, 1, 1, 1, 0, 1, 0, 1, 1, 1, 1, 1, 1, 0, 1, 1, 0, 1, 1, 0, 1, 1, 1, 1, 1, 0, 1, 0, 1, 1, 1, 0, 1, 0, 1, 0, 1, 1, 1, 1, 1, 1, 1, 1, 1, 1, 1, 1, 1, 0, 1, 1, 1, 0, 1, 1, 1, 1, 1, 1, 0, 1, 0, 1, 1, 0, 1, 1, 1, 1, 0, 1, 0, 1, 1, 1, 2, 1, 1, 1, 1, 0, 1, 1, 0, 1, 1, 1, 1, 0, 0, 1, 0, 1, 1, 0, 0, 1, 1, 0, 1, 0, 1, 1, 2, 0, 1, 0, 1, 1, 1, 1, 1, 1, 1, 0, 1, 1, 1, 1, 1, 1, 1, 1, 1, 0, 1, 1, 1, 1, 1, 0, 1, 1, 1, 1, 1, 0, 1, 0, 1, 1, 0, 1, 1, 1, 1, 0, 1, 1, 1, 1]

################################################################
################################################################
################### process_jail_download_list: ######################

[7, 7, 9, 9, 7, 9, 9, 9, 11, 11, 8, 9, 11, 11, 8, 11, 9, 11, 11, 11, 7, 7, 8, 8, 8, 10, 9, 7, 8, 9, 8, 9, 8, 8, 8, 9, 10, 10, 8, 8, 7, 7, 9, 8, 8, 8, 7, 10, 8, 9, 8, 8, 9, 8, 8, 9, 7, 7, 8, 8, 7, 8, 8, 7, 8, 8, 8, 7, 7, 7, 7, 8, 8, 7, 7, 7, 8, 7, 8, 8, 7, 7, 8, 8, 8, 8, 9, 9, 7, 9, 8, 9, 8, 8, 8, 8, 8, 8, 8, 7, 7, 8, 8, 8, 6, 7, 7, 7, 8, 8, 7, 8, 8, 8, 7, 7, 8, 7, 7, 6, 7, 6, 7, 7, 7, 8, 7, 7, 7, 8, 7, 7, 7, 7, 7, 7, 7, 9, 8, 8, 7, 7, 8, 8, 8, 7, 7, 7, 7, 7, 8, 7, 7, 8, 8, 8, 9, 7, 7, 7, 6, 7, 7, 7, 7, 7, 7, 7, 7, 6, 7, 7, 7, 7, 7, 7, 7, 7, 7, 7, 8, 7, 8, 7, 8, 7, 7, 7, 8, 7, 8, 9, 9, 7, 7, 8, 8, 7, 7, 8, 7, 7, 7, 8, 7, 7, 7, 7, 7, 7, 7, 7, 7, 8, 7, 7, 7, 8, 7, 7, 8, 8, 8, 7, 7, 7, 8, 7, 7, 8, 8, 8, 8, 8, 7, 8, 8, 8, 7, 7, 7, 8, 7, 8, 6, 7, 8, 8, 7, 7, 6, 7, 8, 8, 7, 7, 7, 8, 7, 7, 7, 8, 7, 8, 7, 8, 7, 6, 7, 7, 8, 7, 7, 7, 7, 9, 7, 8, 7, 7, 7, 7, 7, 8, 7, 7, 7, 8, 7, 7, 7, 7, 7, 7, 7, 7, 7, 6, 7, 7, 7, 7, 7, 7, 8, 7, 8, 7, 7, 8, 7, 7, 7, 7, 8, 7, 7, 7, 7, 7, 8, 8, 8, 8, 7, 7, 7, 7, 8, 8, 7, 7, 7, 7, 8, 7, 7, 7, 7, 8, 7, 7, 7, 7, 8, 7, 7, 7, 7, 6, 6, 8, 7, 7, 7, 7, 8, 7, 7, 8, 9, 7, 7, 7, 7, 7, 7, 6, 7, 9, 7, 9, 7, 7, 7, 7, 7, 7, 7, 8, 8, 8, 8, 9, 7, 7, 7, 8, 8, 6, 8, 8, 6, 7, 7, 7, 7, 7, 8, 6, 7, 7, 9, 7, 7, 9, 9, 8, 7, 8, 8, 7, 7, 7, 8, 7, 7, 7, 8, 7, 7, 7, 7, 7, 8, 7, 7, 7, 8, 9, 8, 8, 7, 7, 8, 7, 8, 7, 7, 8, 7, 7, 7, 7, 7, 8, 7, 7, 7, 7, 8, 7, 7, 7, 8, 7, 7, 7, 8, 7, 8, 7, 7, 7, 8, 7, 7, 7, 7, 7, 7, 7, 8, 8, 6, 7, 8, 7, 7, 7, 7, 7, 7, 7, 7, 7, 8, 7, 7, 7, 7, 7, 6, 7, 6, 7, 9, 7, 7, 6, 7, 7, 8, 6, 7, 7, 7, 8, 8, 8, 7, 8, 7, 6, 7, 7, 7, 7, 7, 6, 7, 7, 7, 7, 7, 7, 7, 8, 8, 9, 9, 7, 7, 8, 7, 7, 8, 8, 6, 7, 8, 8, 7, 7, 8, 8, 8, 8, 7, 7, 7, 7, 7, 7, 7, 6, 7, 8, 8, 8, 7, 8, 8, 8, 7, 7, 6, 7, 7, 8, 7, 7, 7, 7, 7, 8, 7, 8, 8, 8, 7, 8, 7, 7, 7, 7, 7, 7, 8, 7, 7, 7, 8, 7, 7, 7, 8, 7, 6, 7, 7, 7, 7, 7, 7, 7, 9, 7, 9, 8, 8, 7, 7, 6, 7, 8, 7, 7, 7, 7, 7, 7, 6, 7, 7, 7, 7, 7, 8, 8, 9, 7, 7, 8, 6, 8, 8, 7, 8, 8, 7, 7, 7, 7, 7, 7, 7, 7, 7, 7, 7, 7, 7, 6, 7, 8, 8, 8, 7, 8, 8, 7, 7, 7, 8, 7, 8, 7, 8, 7, 7, 7, 8, 7, 8, 7, 8, 8, 6, 8, 7, 7, 7, 6, 7, 7, 7, 8, 7, 7, 7, 8, 7, 8, 8, 8, 7, 8, 7, 7, 8, 7, 7, 7, 9, 7, 8, 7, 6, 8, 7, 7, 7, 7, 6, 8, 8, 7, 7, 7, 7, 8, 8, 7, 8, 7, 8, 8, 7, 7, 8, 7, 7, 7, 8, 7, 7, 8, 7, 7, 7, 7, 8, 6, 8, 7, 8, 7, 8, 7, 7, 7, 7, 8, 8, 7, 7, 6, 7, 7, 7, 7, 7, 6, 7, 6, 7, 7, 8, 7]

################################################################
################################################################
################### process_jail_list: ######################

[6, 6, 7, 7, 7, 7, 8, 7, 7, 7, 7, 8, 7, 8, 7, 7, 8, 7, 7, 7, 7, 6, 7, 7, 7, 8, 7, 6, 7, 8, 7, 8, 7, 7, 7, 8, 8, 8, 7, 7, 6, 6, 8, 7, 7, 7, 6, 8, 7, 8, 7, 7, 7, 7, 7, 7, 6, 6, 7, 7, 7, 7, 7, 6, 7, 7, 7, 6, 6, 6, 7, 7, 7, 6, 6, 6, 7, 6, 7, 7, 6, 6, 7, 7, 7, 7, 8, 8, 6, 8, 7, 8, 7, 7, 7, 7, 7, 7, 7, 7, 6, 7, 7, 7, 6, 6, 6, 6, 7, 7, 7, 7, 7, 7, 6, 6, 7, 6, 7, 5, 6, 6, 7, 6, 6, 7, 6, 6, 6, 7, 6, 6, 7, 6, 6, 7, 6, 7, 7, 7, 6, 6, 7, 7, 7, 6, 7, 6, 6, 6, 7, 6, 6, 7, 7, 6, 7, 6, 6, 6, 6, 7, 6, 6, 6, 6, 7, 6, 6, 6, 6, 7, 6, 6, 7, 6, 7, 6, 7, 6, 7, 6, 7, 7, 7, 7, 6, 6, 7, 6, 7, 8, 8, 7, 6, 7, 7, 6, 6, 7, 7, 6, 6, 7, 6, 6, 6, 6, 6, 6, 6, 6, 7, 7, 6, 6, 6, 7, 7, 6, 7, 7, 8, 7, 6, 6, 7, 6, 6, 7, 6, 7, 7, 7, 6, 7, 6, 7, 7, 7, 6, 7, 6, 7, 6, 7, 7, 7, 6, 6, 6, 6, 7, 7, 7, 6, 6, 7, 6, 6, 6, 7, 6, 7, 6, 7, 7, 6, 6, 6, 7, 6, 6, 6, 6, 8, 7, 7, 6, 6, 7, 7, 6, 7, 6, 6, 6, 7, 7, 6, 6, 7, 6, 6, 6, 6, 7, 6, 6, 6, 6, 7, 6, 6, 7, 6, 7, 6, 7, 7, 6, 6, 6, 6, 7, 7, 6, 6, 7, 7, 7, 7, 7, 7, 6, 6, 6, 6, 7, 6, 7, 6, 6, 6, 7, 6, 6, 6, 6, 7, 6, 6, 6, 6, 7, 6, 7, 7, 7, 6, 6, 7, 6, 7, 7, 6, 7, 6, 6, 7, 8, 6, 6, 6, 6, 6, 7, 6, 6, 7, 6, 8, 6, 6, 7, 7, 6, 6, 6, 7, 7, 7, 7, 8, 6, 6, 6, 7, 7, 6, 7, 7, 5, 6, 6, 7, 6, 6, 7, 6, 7, 6, 8, 6, 6, 8, 8, 7, 7, 7, 8, 7, 6, 6, 7, 6, 6, 6, 7, 7, 6, 6, 6, 7, 7, 6, 6, 6, 7, 8, 7, 7, 7, 6, 7, 6, 7, 6, 6, 7, 7, 6, 6, 6, 7, 7, 6, 6, 6, 6, 7, 7, 6, 6, 7, 6, 6, 6, 7, 7, 7, 6, 6, 6, 7, 6, 6, 6, 7, 7, 6, 6, 7, 7, 6, 7, 7, 6, 6, 7, 7, 6, 6, 7, 6, 7, 6, 7, 6, 6, 6, 6, 6, 6, 6, 6, 8, 6, 7, 5, 7, 6, 7, 6, 6, 7, 6, 7, 7, 7, 6, 7, 7, 5, 6, 7, 6, 6, 6, 6, 7, 6, 7, 6, 7, 6, 6, 7, 8, 8, 8, 6, 6, 7, 6, 6, 7, 7, 5, 6, 7, 6, 6, 6, 7, 7, 7, 7, 6, 7, 6, 6, 6, 7, 7, 6, 6, 7, 7, 7, 6, 7, 7, 7, 6, 7, 6, 6, 7, 7, 6, 6, 7, 6, 6, 7, 6, 7, 7, 7, 6, 7, 7, 6, 6, 7, 6, 6, 7, 6, 6, 6, 7, 6, 6, 6, 7, 7, 6, 6, 7, 6, 6, 6, 6, 6, 7, 6, 8, 7, 7, 6, 6, 6, 6, 7, 6, 7, 6, 6, 6, 6, 6, 6, 7, 6, 6, 6, 7, 7, 8, 7, 6, 7, 6, 7, 7, 7, 7, 7, 6, 6, 6, 7, 6, 7, 6, 6, 6, 7, 6, 7, 6, 6, 6, 7, 7, 7, 6, 7, 7, 6, 6, 6, 7, 6, 7, 7, 7, 6, 6, 7, 7, 6, 7, 6, 7, 7, 6, 7, 7, 6, 6, 6, 6, 6, 6, 7, 7, 6, 7, 7, 6, 7, 6, 7, 6, 7, 6, 7, 7, 6, 7, 6, 8, 6, 7, 7, 6, 7, 7, 6, 6, 7, 6, 7, 7, 7, 6, 7, 6, 7, 6, 7, 7, 7, 7, 7, 6, 6, 7, 6, 6, 7, 7, 6, 6, 7, 6, 6, 6, 6, 7, 6, 7, 6, 7, 6, 7, 7, 6, 6, 6, 7, 7, 7, 6, 6, 6, 6, 7, 6, 6, 5, 6, 6, 6, 6, 7, 6]

################################################################
Numero total de amostras 770

Tempo total de processamento: 0:10:55

############## TEMPOS DE PROCESSAMENTO DO EXERCICIO NO JAIL  ####################
Soma 4628 segundos
Media 6.01038961038961 segundos
Desvio padrão 0.4441786278047937 segundos
Minimo 5 segundos
Maximo 7 segundos

95% 5.0 segundos
99% 5.0 segundos

############## TEMPOS DE PROCESSAMENTO DO EXERCICIO NO JAIL COM DOWNLOAD  ################
Soma 5175 segundos
Media 6.720779220779221 segundos
Desvio padrão 0.6334481317930617 segundos
Minimo 6 segundos
Maximo 10 segundos

95% 6.0 segundos
99% 6.0 segundos

################### TEMPOS DE DOWNLOAD DO EXERCICIO NO JAIL #######################
Soma 547 segundos
Media 0.7103896103896103 segundos
Desvio padrão 0.5564461481007951 segundos
Minimo 0 segundos
Maximo 4 segundos

95% 0.0 segundos
99% 0.0 segundos

############################ TEMPOS DE ESPERA NA FILA ############################
Soma 3816
Media 4.955844155844156 segundos
Desvio padrão 3.2454761124512714 segundos
Minimo 0 segundos
Maximo 13 segundos

95% 0.0 segundos
99% 0.0 segundos

################### queue_wait_time_list: ######################

[8, 12, 7, 13, 12, 9, 13, 12, 9, 10, 12, 13, 7, 13, 8, 12, 5, 9, 13, 8, 6, 4, 11, 11, 10, 11, 11, 10, 7, 11, 12, 13, 9, 8, 11, 11, 10, 11, 10, 8, 9, 12, 12, 10, 9, 12, 13, 11, 11, 10, 12, 9, 12, 10, 8, 12, 11, 11, 11, 9, 12, 11, 10, 8, 9, 9, 10, 10, 10, 12, 12, 10, 11, 13, 12, 10, 10, 11, 11, 11, 11, 9, 10, 11, 10, 10, 8, 8, 11, 11, 9, 9, 9, 9, 8, 9, 11, 9, 10, 8, 10, 10, 9, 8, 9, 9, 8, 10, 10, 9, 9, 8, 9, 10, 9, 10, 10, 10, 10, 9, 10, 9, 9, 9, 8, 9, 9, 8, 8, 9, 9, 8, 8, 9, 9, 9, 9, 8, 8, 8, 10, 9, 9, 8, 7, 9, 8, 9, 7, 8, 7, 9, 8, 9, 8, 8, 9, 7, 8, 9, 8, 8, 9, 8, 8, 9, 8, 8, 8, 7, 9, 9, 8, 7, 9, 8, 8, 7, 7, 7, 7, 7, 8, 7, 7, 7, 6, 8, 7, 8, 5, 6, 7, 7, 7, 8, 6, 7, 7, 6, 7, 7, 8, 7, 7, 7, 8, 7, 6, 5, 8, 7, 7, 7, 7, 7, 6, 8, 8, 8, 5, 7, 7, 6, 6, 5, 5, 6, 7, 8, 7, 7, 6, 8, 8, 6, 5, 7, 6, 7, 6, 6, 7, 7, 5, 7, 5, 6, 6, 7, 6, 5, 8, 7, 8, 7, 6, 6, 8, 8, 8, 7, 7, 6, 6, 5, 7, 7, 7, 6, 7, 6, 6, 6, 6, 5, 6, 7, 5, 6, 5, 7, 6, 7, 5, 6, 5, 5, 6, 6, 5, 6, 6, 6, 6, 6, 7, 4, 5, 5, 5, 6, 5, 5, 5, 5, 5, 6, 5, 6, 5, 4, 6, 5, 5, 6, 5, 6, 5, 5, 4, 5, 7, 4, 4, 4, 5, 6, 6, 4, 4, 4, 3, 4, 5, 4, 5, 5, 4, 7, 5, 4, 6, 5, 6, 5, 4, 4, 6, 4, 5, 4, 5, 4, 3, 7, 5, 4, 5, 4, 6, 7, 6, 5, 5, 4, 4, 6, 4, 5, 4, 5, 5, 4, 3, 6, 4, 4, 7, 4, 4, 4, 6, 6, 5, 7, 6, 6, 3, 4, 6, 6, 6, 6, 5, 5, 6, 6, 4, 6, 5, 5, 4, 6, 3, 5, 5, 5, 5, 5, 7, 4, 3, 3, 4, 5, 7, 4, 5, 7, 6, 5, 4, 6, 4, 5, 6, 6, 5, 4, 6, 5, 5, 4, 5, 5, 5, 5, 4, 4, 3, 5, 3, 3, 4, 3, 4, 3, 5, 4, 5, 3, 3, 4, 4, 3, 5, 4, 5, 4, 4, 4, 4, 3, 4, 4, 4, 3, 4, 2, 2, 3, 3, 2, 3, 3, 2, 4, 2, 2, 3, 3, 3, 2, 2, 2, 2, 2, 4, 3, 1, 2, 2, 1, 2, 2, 1, 0, 2, 2, 2, 1, 1, 2, 0, 2, 2, 2, 1, 2, 2, 1, 3, 1, 1, 2, 1, 2, 2, 0, 1, 0, 3, 2, 1, 1, 2, 2, 2, 1, 0, 0, 1, 2, 2, 3, 3, 2, 1, 0, 3, 2, 2, 2, 1, 1, 2, 2, 0, 1, 1, 2, 0, 1, 1, 1, 2, 0, 1, 1, 2, 0, 1, 2, 1, 1, 1, 2, 1, 1, 1, 3, 1, 1, 2, 0, 3, 2, 2, 1, 3, 1, 2, 3, 2, 0, 1, 1, 3, 2, 2, 1, 2, 1, 2, 1, 1, 0, 1, 1, 2, 3, 0, 3, 1, 2, 2, 2, 1, 3, 1, 3, 2, 2, 2, 1, 1, 1, 0, 2, 2, 1, 0, 0, 0, 1, 0, 2, 2, 0, 1, 1, 0, 2, 3, 1, 2, 2, 2, 1, 2, 2, 1, 0, 2, 1, 2, 3, 1, 1, 1, 2, 0, 1, 0, 2, 1, 0, 2, 2, 2, 2, 2, 2, 1, 2, 2, 2, 2, 2, 1, 2, 0, 2, 1, 2, 2, 3, 2, 1, 1, 4, 3, 1, 3, 2, 3, 2, 2, 2, 1, 2, 0, 1, 2, 1, 1, 3, 3, 1, 2, 2, 4, 2, 4, 1, 2, 1, 1, 2, 4, 1, 0, 1, 1, 1, 0, 3, 2, 1, 2, 2, 1, 3, 2, 1, 2, 1, 3, 3, 4, 0, 2, 0, 1, 2, 4, 3, 3, 3, 3, 4, 4, 3, 4, 3, 4, 3, 4, 3, 2, 2, 1, 3, 0, 4, 3, 4, 1, 3, 2, 4, 2, 4, 2, 2, 2, 3, 3, 2]

################################################################
################### jail_ex_download_list: ######################

[1, 1, 2, 1, 1, 2, 1, 1, 3, 3, 1, 1, 3, 1, 3, 0, 3, 1, 0, 4, 4, 4, 1, 0, 1, 1, 1, 1, 1, 0, 1, 1, 1, 1, 0, 0, 1, 1, 1, 1, 1, 1, 1, 1, 1, 0, 0, 1, 1, 1, 0, 1, 0, 1, 1, 1, 1, 1, 1, 1, 1, 0, 1, 1, 0, 1, 1, 0, 1, 1, 1, 1, 1, 0, 0, 1, 1, 1, 1, 1, 0, 1, 0, 1, 1, 0, 1, 1, 1, 1, 0, 1, 0, 1, 1, 0, 0, 1, 1, 1, 1, 0, 0, 2, 0, 1, 0, 1, 1, 1, 0, 1, 1, 1, 1, 0, 1, 0, 0, 0, 1, 0, 0, 1, 1, 1, 1, 1, 1, 1, 1, 1, 1, 1, 0, 0, 0, 0, 1, 1, 1, 1, 1, 1, 1, 0, 0, 0, 0, 1, 1, 1, 1, 0, 1, 0, 1, 1, 1, 0, 0, 0, 1, 0, 0, 1, 0, 1, 1, 1, 0, 1, 1, 1, 0, 0, 1, 1, 1, 1, 0, 1, 1, 1, 1, 0, 0, 0, 1, 1, 0, 0, 0, 1, 0, 0, 1, 1, 1, 0, 1, 1, 0, 1, 1, 0, 1, 0, 0, 1, 0, 0, 1, 1, 1, 0, 1, 1, 0, 0, 0, 1, 1, 1, 0, 1, 1, 1, 1, 0, 1, 1, 1, 1, 1, 1, 1, 1, 1, 1, 0, 1, 1, 1, 1, 0, 1, 1, 0, 1, 1, 1, 1, 0, 1, 1, 1, 1, 0, 1, 0, 0, 1, 1, 1, 1, 0, 0, 0, 1, 1, 1, 1, 0, 1, 1, 1, 0, 0, 0, 1, 1, 0, 1, 1, 1, 1, 1, 1, 0, 1, 0, 1, 1, 0, 0, 1, 1, 1, 1, 1, 1, 1, 1, 1, 1, 1, 0, 1, 1, 0, 0, 1, 1, 0, 0, 0, 1, 1, 0, 1, 1, 0, 1, 1, 1, 0, 0, 1, 1, 0, 0, 1, 1, 1, 1, 0, 1, 1, 0, 1, 1, 0, 0, 1, 1, 1, 1, 1, 1, 0, 1, 2, 1, 1, 1, 1, 1, 1, 1, 1, 1, 1, 0, 1, 1, 1, 1, 1, 1, 1, 1, 1, 0, 1, 1, 1, 1, 1, 1, 1, 1, 1, 1, 1, 0, 0, 0, 1, 1, 1, 1, 0, 0, 1, 1, 1, 1, 0, 1, 1, 1, 1, 1, 1, 1, 1, 1, 1, 0, 0, 1, 1, 1, 1, 2, 1, 1, 1, 1, 0, 1, 1, 1, 1, 1, 1, 0, 0, 1, 0, 1, 0, 0, 1, 0, 1, 1, 0, 1, 1, 1, 0, 1, 0, 0, 1, 1, 0, 1, 0, 1, 0, 1, 0, 0, 1, 0, 0, 1, 0, 1, 1, 1, 0, 0, 0, 1, 1, 1, 1, 1, 1, 1, 1, 1, 0, 0, 0, 1, 1, 0, 1, 1, 1, 0, 1, 1, 0, 0, 1, 1, 1, 1, 1, 1, 1, 0, 1, 0, 0, 0, 1, 0, 1, 0, 0, 0, 1, 1, 1, 0, 1, 0, 0, 0, 0, 1, 0, 1, 0, 1, 0, 1, 1, 1, 1, 0, 1, 1, 1, 1, 1, 1, 1, 1, 0, 1, 1, 1, 0, 1, 0, 1, 1, 1, 1, 1, 1, 1, 1, 0, 1, 0, 1, 0, 0, 1, 2, 1, 0, 2, 0, 0, 0, 1, 1, 1, 1, 1, 0, 0, 1, 1, 1, 1, 0, 1, 0, 0, 0, 0, 1, 0, 0, 1, 1, 1, 0, 1, 1, 1, 0, 0, 0, 0, 1, 1, 0, 1, 0, 0, 0, 0, 1, 1, 0, 0, 1, 1, 1, 1, 1, 0, 1, 1, 0, 0, 1, 0, 1, 1, 1, 1, 0, 1, 1, 1, 1, 1, 1, 1, 1, 0, 0, 1, 1, 0, 0, 0, 1, 0, 0, 1, 1, 1, 1, 0, 1, 1, 1, 1, 1, 1, 1, 0, 1, 1, 1, 1, 0, 0, 0, 0, 0, 1, 0, 0, 0, 0, 1, 1, 1, 1, 1, 1, 0, 1, 1, 1, 1, 0, 0, 1, 1, 1, 0, 0, 0, 0, 1, 1, 1, 1, 1, 1, 1, 1, 1, 1, 0, 1, 0, 1, 1, 1, 0, 0, 0, 1, 1, 1, 1, 1, 0, 1, 1, 1, 1, 1, 1, 1, 0, 1, 1, 0, 1, 1, 1, 1, 0, 1, 1, 1, 1, 1, 0, 1, 1, 1, 1, 1, 0, 1, 0, 1, 0, 0, 0, 0, 1, 1, 1, 1, 1, 1, 1, 1, 1, 0, 1, 1, 0, 0, 1, 1, 0, 0, 1, 1]

################################################################
################################################################
################### process_jail_download_list: ######################

[8, 7, 8, 7, 7, 8, 6, 7, 9, 9, 8, 7, 10, 7, 10, 7, 10, 7, 6, 10, 10, 10, 8, 7, 7, 7, 8, 8, 7, 6, 7, 7, 7, 7, 6, 6, 7, 7, 7, 7, 7, 7, 6, 7, 7, 6, 6, 7, 7, 7, 6, 7, 6, 8, 7, 7, 7, 6, 7, 7, 7, 6, 7, 7, 6, 7, 6, 6, 7, 7, 7, 7, 7, 6, 6, 7, 7, 7, 6, 7, 6, 7, 6, 7, 7, 6, 7, 7, 6, 7, 7, 7, 6, 7, 7, 6, 6, 7, 7, 7, 7, 7, 6, 8, 6, 7, 6, 7, 7, 7, 6, 7, 7, 6, 7, 6, 7, 6, 6, 6, 7, 6, 6, 7, 7, 6, 7, 7, 7, 6, 7, 7, 7, 7, 6, 6, 7, 6, 7, 7, 6, 7, 7, 7, 7, 6, 7, 6, 7, 7, 7, 7, 7, 7, 7, 7, 7, 7, 7, 7, 6, 6, 7, 6, 6, 6, 6, 7, 6, 7, 6, 7, 7, 6, 6, 6, 7, 7, 7, 7, 6, 7, 6, 7, 7, 6, 6, 6, 7, 7, 7, 7, 6, 8, 6, 6, 7, 7, 7, 6, 7, 7, 7, 7, 7, 7, 7, 7, 7, 7, 6, 6, 7, 7, 7, 6, 7, 7, 6, 6, 6, 7, 8, 8, 7, 7, 7, 8, 6, 7, 7, 7, 7, 7, 7, 7, 8, 7, 7, 7, 6, 7, 7, 7, 7, 6, 7, 7, 6, 6, 6, 7, 6, 6, 7, 7, 6, 7, 6, 7, 6, 6, 7, 7, 7, 7, 6, 6, 6, 7, 7, 7, 7, 6, 7, 7, 7, 6, 6, 6, 7, 7, 7, 6, 7, 7, 7, 7, 7, 6, 7, 6, 7, 7, 6, 6, 7, 7, 6, 7, 7, 7, 7, 7, 7, 7, 6, 6, 7, 7, 6, 6, 7, 7, 6, 6, 6, 8, 7, 6, 7, 7, 6, 7, 7, 7, 7, 7, 7, 7, 6, 6, 7, 7, 8, 7, 6, 7, 7, 6, 7, 7, 7, 7, 8, 7, 8, 7, 6, 7, 6, 8, 7, 7, 7, 7, 7, 7, 7, 7, 7, 7, 6, 6, 7, 7, 7, 7, 6, 7, 6, 7, 7, 6, 8, 7, 6, 7, 6, 7, 7, 7, 7, 8, 7, 6, 6, 6, 7, 7, 7, 7, 6, 6, 7, 7, 7, 7, 6, 6, 7, 7, 7, 7, 7, 7, 7, 7, 7, 7, 6, 7, 8, 7, 8, 9, 7, 7, 6, 7, 6, 7, 7, 7, 7, 7, 6, 6, 6, 7, 6, 7, 7, 6, 6, 6, 7, 6, 6, 7, 7, 7, 6, 6, 6, 6, 6, 7, 6, 7, 6, 7, 7, 7, 6, 7, 6, 6, 6, 7, 6, 7, 7, 7, 6, 7, 6, 6, 7, 7, 7, 7, 7, 7, 7, 6, 6, 6, 6, 7, 7, 6, 6, 7, 7, 6, 7, 7, 6, 6, 7, 7, 7, 7, 6, 7, 6, 6, 7, 6, 6, 6, 7, 6, 7, 6, 7, 6, 7, 6, 7, 7, 6, 6, 6, 6, 6, 7, 6, 7, 6, 7, 6, 7, 6, 7, 7, 6, 6, 7, 7, 7, 7, 7, 7, 7, 6, 6, 7, 7, 6, 7, 6, 6, 7, 7, 7, 7, 7, 7, 6, 6, 7, 6, 7, 7, 6, 7, 8, 7, 6, 8, 7, 6, 6, 6, 7, 7, 6, 7, 6, 6, 7, 7, 7, 7, 6, 6, 6, 7, 7, 6, 7, 6, 6, 6, 7, 7, 6, 6, 6, 7, 6, 6, 6, 6, 7, 7, 6, 7, 6, 6, 6, 6, 7, 7, 6, 6, 7, 7, 7, 7, 7, 6, 7, 7, 6, 6, 7, 6, 6, 7, 7, 7, 6, 7, 7, 7, 7, 7, 7, 7, 7, 6, 6, 7, 7, 6, 6, 7, 7, 7, 7, 7, 7, 7, 7, 7, 7, 7, 7, 7, 7, 6, 7, 6, 6, 7, 7, 7, 6, 7, 7, 7, 7, 6, 6, 6, 6, 6, 7, 6, 7, 7, 7, 7, 7, 7, 7, 7, 7, 6, 6, 7, 6, 7, 6, 6, 6, 6, 7, 7, 7, 8, 7, 7, 7, 7, 7, 8, 6, 7, 6, 8, 6, 7, 6, 6, 6, 8, 7, 7, 7, 7, 6, 6, 7, 7, 7, 8, 7, 6, 6, 7, 7, 6, 7, 6, 7, 7, 7, 7, 7, 8, 8, 6, 7, 6, 7, 6, 7, 6, 6, 6, 6, 6, 6, 7, 7, 6, 7, 7, 7, 7, 7, 7, 7, 7, 7, 6, 7, 6, 6, 6, 7, 7, 7, 7, 7, 7]

################################################################
################################################################
################### process_jail_list: ######################

[7, 6, 6, 6, 6, 6, 5, 6, 6, 6, 7, 6, 7, 6, 7, 7, 7, 6, 6, 6, 6, 6, 7, 7, 6, 6, 7, 7, 6, 6, 6, 6, 6, 6, 6, 6, 6, 6, 6, 6, 6, 6, 5, 6, 6, 6, 6, 6, 6, 6, 6, 6, 6, 7, 6, 6, 6, 5, 6, 6, 6, 6, 6, 6, 6, 6, 5, 6, 6, 6, 6, 6, 6, 6, 6, 6, 6, 6, 5, 6, 6, 6, 6, 6, 6, 6, 6, 6, 5, 6, 7, 6, 6, 6, 6, 6, 6, 6, 6, 6, 6, 7, 6, 6, 6, 6, 6, 6, 6, 6, 6, 6, 6, 5, 6, 6, 6, 6, 6, 6, 6, 6, 6, 6, 6, 5, 6, 6, 6, 5, 6, 6, 6, 6, 6, 6, 7, 6, 6, 6, 5, 6, 6, 6, 6, 6, 7, 6, 7, 6, 6, 6, 6, 7, 6, 7, 6, 6, 6, 7, 6, 6, 6, 6, 6, 5, 6, 6, 5, 6, 6, 6, 6, 5, 6, 6, 6, 6, 6, 6, 6, 6, 5, 6, 6, 6, 6, 6, 6, 6, 7, 7, 6, 7, 6, 6, 6, 6, 6, 6, 6, 6, 7, 6, 6, 7, 6, 7, 7, 6, 6, 6, 6, 6, 6, 6, 6, 6, 6, 6, 6, 6, 7, 7, 7, 6, 6, 7, 5, 7, 6, 6, 6, 6, 6, 6, 7, 6, 6, 6, 6, 6, 6, 6, 6, 6, 6, 6, 6, 5, 5, 6, 5, 6, 6, 6, 5, 6, 6, 6, 6, 6, 6, 6, 6, 6, 6, 6, 6, 6, 6, 6, 6, 6, 6, 6, 6, 6, 6, 6, 6, 6, 7, 5, 6, 6, 6, 6, 6, 6, 6, 6, 6, 6, 6, 6, 6, 6, 5, 6, 6, 6, 6, 6, 6, 6, 5, 6, 6, 6, 6, 6, 6, 6, 6, 6, 6, 7, 6, 6, 6, 6, 6, 6, 6, 6, 7, 7, 6, 6, 6, 6, 6, 6, 7, 6, 6, 6, 6, 6, 6, 6, 7, 7, 7, 6, 7, 6, 5, 6, 6, 7, 5, 6, 6, 6, 6, 6, 6, 6, 6, 6, 5, 6, 6, 6, 6, 6, 5, 6, 5, 6, 6, 6, 7, 6, 5, 6, 5, 6, 6, 6, 6, 7, 6, 6, 6, 6, 6, 6, 6, 6, 6, 6, 6, 6, 6, 6, 6, 5, 6, 6, 6, 6, 6, 6, 6, 6, 6, 7, 6, 6, 7, 6, 7, 7, 6, 6, 5, 6, 6, 6, 6, 6, 6, 6, 5, 6, 6, 6, 6, 6, 7, 6, 5, 6, 6, 5, 6, 6, 6, 6, 6, 5, 6, 6, 5, 6, 6, 6, 6, 6, 7, 6, 6, 7, 5, 6, 6, 6, 6, 6, 6, 6, 6, 7, 6, 5, 6, 6, 6, 6, 6, 6, 6, 5, 6, 6, 6, 6, 6, 6, 5, 6, 6, 6, 6, 6, 6, 6, 6, 6, 6, 6, 5, 6, 5, 6, 6, 6, 6, 6, 6, 6, 6, 6, 7, 6, 6, 5, 6, 7, 5, 6, 6, 6, 6, 6, 6, 6, 6, 6, 6, 6, 5, 6, 6, 6, 5, 6, 6, 6, 6, 6, 6, 6, 6, 5, 6, 6, 6, 6, 6, 5, 6, 6, 6, 6, 6, 6, 5, 6, 6, 6, 6, 7, 6, 6, 6, 6, 6, 6, 7, 6, 6, 5, 6, 6, 5, 6, 6, 6, 6, 6, 6, 6, 6, 5, 6, 7, 7, 6, 6, 6, 6, 5, 6, 6, 6, 5, 5, 6, 6, 6, 6, 6, 6, 6, 6, 6, 6, 6, 6, 6, 6, 6, 6, 6, 6, 6, 6, 6, 6, 6, 6, 6, 6, 6, 6, 6, 5, 6, 6, 6, 6, 6, 6, 6, 6, 6, 6, 6, 6, 6, 6, 6, 6, 6, 6, 7, 6, 7, 7, 6, 6, 6, 6, 7, 6, 6, 6, 6, 6, 5, 6, 6, 5, 6, 6, 6, 6, 7, 7, 7, 7, 5, 6, 6, 6, 6, 6, 5, 6, 6, 6, 6, 7, 6, 6, 6, 6, 6, 6, 6, 5, 6, 6, 6, 6, 6, 6, 6, 6, 7, 6, 6, 6, 6, 6, 7, 6, 6, 6, 7, 5, 6, 6, 6, 6, 7, 6, 6, 6, 6, 6, 5, 6, 6, 6, 7, 6, 5, 6, 6, 6, 6, 6, 5, 6, 6, 7, 6, 6, 7, 7, 5, 7, 5, 6, 5, 6, 5, 6, 5, 6, 5, 6, 7, 7, 6, 6, 6, 6, 6, 6, 6, 6, 6, 6, 6, 6, 5, 6, 6, 6, 6, 7, 7, 6, 6]

################################################################
