Numero total de amostras 770

Tempo total de processamento: 0:42:36

############## TEMPOS DE PROCESSAMENTO DO EXERCICIO NO JAIL  ####################
Soma 4538 segundos
Media 5.893506493506494 segundos
Desvio padr達o 0.32085019457751895 segundos
Minimo 5 segundos
Maximo 7 segundos

95% 5.0 segundos
99% 5.0 segundos

############## TEMPOS DE PROCESSAMENTO DO EXERCICIO NO JAIL COM DOWNLOAD  ################
Soma 5115 segundos
Media 6.642857142857143 segundos
Desvio padr達o 0.5182208753955526 segundos
Minimo 6 segundos
Maximo 9 segundos

95% 6.0 segundos
99% 6.0 segundos

################### TEMPOS DE DOWNLOAD DO EXERCICIO NO JAIL #######################
Soma 577 segundos
Media 0.7493506493506493 segundos
Desvio padr達o 0.47893913520075915 segundos
Minimo 0 segundos
Maximo 3 segundos

95% 0.0 segundos
99% 0.0 segundos

############################ TEMPOS DE ESPERA NA FILA ############################
Soma 737328
Media 957.5688311688311 segundos
Desvio padr達o 544.409913900527 segundos
Minimo 5 segundos
Maximo 1893 segundos

95% 21.527499999999996 segundos
99% 23.065499999999997 segundos

################### queue_wait_time_list: ######################

[20, 32, 25, 1013, 6, 5, 20, 31, 11, 37, 11, 17, 16, 53, 26, 42, 47, 43, 54, 59, 66, 64, 66, 73, 76, 80, 77, 85, 90, 88, 95, 105, 99, 109, 107, 115, 120, 117, 126, 128, 130, 134, 138, 142, 146, 143, 152, 156, 1024, 38, 49, 60, 68, 163, 170, 168, 172, 177, 176, 181, 187, 192, 197, 194, 204, 205, 204, 212, 220, 214, 224, 223, 230, 235, 231, 240, 243, 243, 246, 252, 256, 262, 258, 268, 273, 270, 279, 282, 280, 285, 290, 296, 302, 299, 307, 312, 1033, 72, 83, 93, 100, 316, 319, 317, 325, 329, 329, 334, 340, 345, 349, 347, 354, 354, 353, 359, 365, 360, 366, 372, 378, 383, 383, 390, 396, 393, 402, 410, 404, 415, 412, 421, 427, 423, 431, 437, 433, 440, 444, 448, 454, 452, 460, 463, 1046, 1048, 1059, 463, 466, 1071, 1519, 1568, 1574, 1584, 1594, 1604, 112, 122, 136, 141, 470, 476, 473, 483, 491, 487, 496, 493, 501, 507, 504, 512, 517, 514, 520, 523, 530, 531, 530, 537, 541, 539, 547, 551, 549, 554, 555, 561, 567, 564, 572, 574, 572, 580, 588, 582, 592, 591, 597, 604, 601, 610, 612, 149, 1083, 1086, 1096, 614, 1526, 1532, 617, 1541, 1553, 620, 622, 1590, 1616, 1621, 1629, 1105, 158, 162, 170, 182, 187, 629, 631, 636, 640, 638, 642, 648, 653, 658, 657, 661, 668, 665, 672, 680, 675, 685, 683, 690, 696, 694, 699, 704, 702, 706, 708, 712, 719, 715, 723, 728, 725, 733, 737, 735, 740, 745, 748, 751, 751, 756, 759, 1113, 1133, 762, 1137, 1147, 766, 1191, 1199, 765, 1207, 1639, 768, 771, 1679, 1683, 1692, 1703, 1735, 1745, 199, 208, 217, 226, 779, 784, 782, 790, 793, 792, 796, 802, 807, 812, 811, 816, 822, 820, 827, 833, 830, 835, 842, 847, 852, 850, 859, 861, 859, 866, 871, 868, 876, 875, 882, 887, 885, 892, 897, 895, 900, 906, 911, 915, 914, 920, 924, 1155, 1161, 1173, 1182, 924, 1222, 926, 1227, 1647, 928, 1658, 1669, 932, 1718, 933, 1724, 1732, 936, 1739, 939, 1761, 942, 945, 947, 237, 1235, 1247, 948, 1295, 952, 1319, 1324, 955, 1334, 1342, 957, 1765, 1776, 959, 1784, 1829, 962, 1838, 1848, 965, 967, 968, 971, 973, 976, 1016, 1011, 249, 1022, 1019, 255, 265, 276, 1028, 982, 986, 984, 992, 997, 994, 999, 1004, 1008, 1031, 1009, 1030, 1035, 1039, 1038, 1043, 1047, 1050, 1055, 1053, 1062, 1067, 1065, 1071, 1077, 1075, 1080, 1085, 1088, 1094, 1090, 1099, 1104, 1101, 1109, 1115, 1110, 1119, 1121, 1124, 1124, 1126, 1129, 1257, 1262, 1300, 1308, 1351, 1361, 1793, 1797, 1808, 1817, 1860, 1864, 1873, 288, 293, 305, 313, 314, 324, 1133, 1140, 1144, 1143, 1147, 1152, 1151, 1155, 1159, 1166, 1170, 1167, 1177, 1181, 1178, 1185, 1192, 1188, 1194, 1194, 1198, 1204, 1203, 1210, 1215, 1213, 1220, 1225, 1231, 1235, 1232, 1239, 1245, 1241, 1250, 1253, 1249, 1253, 1257, 1264, 1268, 1270, 1273, 1275, 1280, 1282, 1285, 1287, 1292, 1293, 1296, 1367, 1421, 1428, 1437, 1448, 1458, 334, 341, 349, 355, 1300, 1303, 1302, 1309, 1315, 1313, 1318, 1323, 1327, 1334, 1329, 1339, 1343, 1340, 1346, 1353, 1347, 1359, 1358, 1362, 1367, 1366, 1369, 1375, 1373, 1379, 1384, 1389, 1395, 1391, 1400, 1405, 1400, 1412, 1415, 1413, 1417, 1423, 1428, 1433, 1433, 1438, 1444, 371, 376, 387, 399, 1448, 1453, 1453, 1457, 1460, 1462, 1466, 1472, 1476, 1482, 1476, 1484, 1490, 1485, 1494, 1500, 1494, 1505, 1505, 1510, 1515, 1515, 1518, 1521, 1521, 1527, 1531, 1535, 1541, 1535, 1546, 1552, 1548, 1557, 1562, 1558, 1563, 1570, 1574, 1580, 1579, 1586, 1590, 406, 418, 429, 442, 1596, 1601, 1601, 1605, 1610, 1609, 1615, 1621, 1626, 1629, 1626, 1634, 1638, 1634, 1644, 1648, 1642, 1653, 1654, 1659, 1665, 1664, 1670, 1675, 1675, 1679, 1684, 1688, 1692, 1688, 1698, 1702, 1698, 1707, 1712, 1708, 1712, 1719, 1722, 1728, 1728, 1733, 1738, 446, 457, 465, 469, 479, 1740, 1744, 1754, 1748, 1748, 1755, 1762, 1765, 1771, 1771, 1778, 1781, 1781, 1786, 1788, 1788, 1793, 1797, 1803, 1808, 1803, 1813, 1819, 1814, 1823, 1827, 1824, 1833, 1832, 1838, 1843, 1843, 1849, 1854, 1854, 1859, 1864, 1867, 1873, 1868, 1878, 1878, 489, 497, 510, 556, 557, 1380, 1385, 1396, 1407, 1443, 1466, 1471, 1481, 1491, 1882, 1881, 1887, 1886, 1891, 1891, 1893, 1877, 523, 526, 535, 545, 568, 576, 585, 595, 606, 863, 624, 627, 634, 646, 651, 660, 670, 678, 687, 698, 707, 710, 719, 730, 742, 748, 754, 870, 774, 776, 787, 799, 805, 814, 824, 839, 844, 855, 879, 889, 904, 909, 918, 978, 989, 1002, 1006, 1499, 1510]

################################################################
################### jail_ex_download_list: ######################

[1, 1, 2, 1, 2, 3, 1, 1, 2, 1, 2, 0, 1, 1, 1, 1, 1, 1, 1, 1, 1, 1, 1, 1, 1, 0, 1, 1, 1, 1, 1, 1, 1, 1, 1, 1, 1, 0, 1, 1, 1, 0, 1, 1, 0, 1, 1, 1, 1, 1, 1, 0, 1, 1, 0, 0, 1, 1, 1, 1, 0, 1, 1, 0, 0, 1, 1, 1, 1, 1, 1, 0, 1, 1, 1, 0, 1, 0, 1, 1, 1, 1, 1, 0, 1, 1, 1, 1, 1, 1, 0, 1, 0, 0, 1, 1, 0, 2, 1, 1, 2, 0, 1, 1, 1, 1, 1, 1, 0, 1, 1, 1, 0, 1, 1, 1, 1, 2, 1, 1, 1, 1, 0, 1, 1, 0, 0, 1, 1, 1, 1, 1, 1, 1, 1, 1, 1, 1, 1, 0, 2, 0, 0, 1, 1, 0, 1, 1, 1, 1, 0, 1, 1, 1, 1, 0, 1, 1, 1, 1, 1, 1, 1, 1, 1, 0, 1, 1, 1, 1, 1, 1, 1, 1, 0, 1, 0, 1, 1, 0, 1, 1, 0, 1, 1, 0, 1, 0, 1, 0, 0, 1, 1, 1, 1, 1, 1, 1, 1, 1, 1, 0, 1, 2, 1, 0, 1, 1, 1, 0, 0, 1, 1, 0, 1, 1, 1, 0, 0, 0, 1, 1, 1, 0, 1, 0, 1, 0, 1, 0, 1, 0, 1, 1, 0, 1, 1, 0, 0, 1, 1, 0, 0, 1, 1, 0, 1, 0, 0, 1, 0, 1, 1, 1, 0, 1, 1, 0, 1, 1, 1, 0, 1, 1, 1, 1, 1, 1, 0, 1, 1, 1, 0, 1, 1, 1, 1, 1, 1, 1, 1, 1, 1, 1, 1, 1, 1, 2, 1, 2, 1, 1, 1, 0, 1, 1, 1, 0, 1, 0, 0, 1, 1, 1, 1, 1, 1, 1, 1, 0, 1, 0, 0, 1, 1, 0, 1, 1, 1, 0, 0, 1, 0, 0, 1, 0, 1, 0, 1, 0, 0, 1, 0, 1, 1, 0, 1, 0, 1, 1, 1, 1, 1, 1, 1, 0, 0, 0, 1, 1, 1, 0, 1, 0, 0, 1, 1, 1, 0, 0, 1, 1, 0, 1, 0, 1, 1, 1, 1, 1, 1, 1, 1, 0, 1, 0, 0, 1, 1, 1, 1, 1, 1, 0, 1, 1, 1, 0, 0, 1, 0, 0, 0, 1, 1, 0, 1, 1, 1, 1, 1, 1, 1, 1, 1, 1, 1, 0, 1, 0, 1, 1, 1, 1, 1, 1, 1, 0, 1, 1, 1, 1, 1, 0, 1, 1, 1, 1, 1, 1, 0, 0, 1, 1, 0, 1, 0, 0, 0, 1, 1, 1, 1, 1, 1, 0, 1, 1, 0, 1, 2, 1, 0, 1, 1, 0, 1, 1, 0, 1, 1, 1, 1, 0, 1, 1, 1, 0, 1, 1, 1, 0, 1, 1, 1, 1, 1, 0, 1, 1, 0, 1, 1, 0, 1, 1, 0, 1, 1, 0, 1, 0, 1, 1, 1, 0, 1, 1, 0, 1, 1, 1, 0, 0, 1, 1, 1, 1, 1, 0, 0, 1, 1, 1, 0, 1, 1, 1, 1, 0, 1, 1, 1, 1, 1, 1, 0, 1, 0, 0, 1, 1, 1, 0, 1, 1, 0, 1, 1, 1, 0, 1, 1, 0, 1, 1, 1, 1, 0, 1, 0, 1, 0, 1, 0, 0, 1, 1, 1, 1, 1, 2, 0, 1, 1, 1, 1, 1, 1, 0, 1, 0, 1, 1, 1, 1, 1, 1, 1, 1, 0, 1, 1, 1, 0, 1, 1, 1, 0, 1, 0, 1, 1, 1, 0, 1, 1, 0, 1, 0, 1, 1, 0, 0, 1, 1, 1, 1, 1, 1, 1, 1, 1, 1, 1, 1, 1, 1, 0, 1, 1, 1, 1, 0, 1, 1, 0, 0, 1, 0, 0, 1, 1, 0, 1, 1, 0, 1, 0, 0, 1, 0, 0, 1, 0, 1, 1, 1, 1, 0, 0, 1, 1, 1, 1, 0, 1, 0, 1, 1, 1, 1, 1, 0, 1, 1, 0, 0, 1, 0, 0, 1, 1, 0, 1, 0, 1, 0, 1, 1, 1, 1, 1, 1, 1, 1, 1, 1, 1, 0, 1, 1, 0, 1, 0, 1, 0, 1, 0, 1, 1, 0, 0, 1, 1, 0, 1, 1, 1, 1, 0, 0, 1, 1, 1, 1, 1, 0, 1, 1, 1, 1, 1, 0, 0, 1, 1, 1, 1, 1, 1, 1, 0, 1, 0, 1, 1, 1, 1, 1, 1, 1, 1, 1, 1, 1, 1, 0, 1, 1, 0, 1, 0, 1, 1, 1, 0, 1, 1, 1, 1, 0, 1, 1, 1, 1, 0, 1, 1, 1]

################################################################
################################################################
################### process_jail_download_list: ######################

[7, 7, 7, 7, 8, 9, 7, 7, 8, 7, 7, 6, 7, 7, 7, 7, 7, 7, 7, 7, 7, 7, 7, 7, 7, 6, 7, 7, 6, 7, 7, 7, 7, 7, 7, 6, 7, 6, 7, 8, 7, 6, 7, 7, 6, 7, 7, 7, 7, 7, 7, 6, 7, 7, 6, 6, 7, 7, 7, 7, 6, 7, 7, 6, 6, 7, 7, 7, 7, 6, 7, 6, 7, 7, 7, 6, 7, 6, 7, 7, 7, 7, 7, 6, 7, 7, 7, 7, 7, 7, 6, 7, 6, 6, 7, 7, 6, 8, 7, 7, 8, 6, 7, 7, 6, 7, 7, 7, 6, 7, 7, 6, 6, 7, 7, 7, 7, 8, 7, 7, 7, 7, 6, 7, 7, 6, 6, 7, 7, 7, 7, 7, 6, 7, 7, 7, 7, 7, 7, 6, 8, 6, 6, 7, 7, 6, 6, 7, 7, 7, 6, 7, 7, 7, 7, 6, 7, 7, 7, 6, 7, 7, 7, 7, 7, 6, 7, 6, 6, 7, 7, 6, 7, 7, 6, 7, 6, 7, 7, 6, 7, 7, 6, 7, 7, 6, 7, 6, 7, 6, 6, 7, 6, 6, 7, 6, 6, 6, 7, 7, 6, 6, 7, 8, 7, 6, 6, 7, 7, 6, 6, 7, 7, 6, 7, 7, 7, 6, 6, 6, 7, 7, 7, 6, 8, 6, 7, 6, 7, 6, 7, 6, 7, 6, 6, 7, 7, 6, 6, 7, 6, 6, 6, 7, 6, 6, 7, 6, 6, 7, 6, 7, 7, 7, 6, 7, 7, 6, 7, 7, 7, 6, 7, 6, 7, 7, 7, 7, 6, 6, 7, 7, 6, 7, 7, 7, 7, 6, 7, 7, 7, 7, 7, 7, 7, 7, 7, 8, 7, 7, 7, 7, 7, 6, 7, 7, 7, 6, 7, 6, 6, 7, 6, 6, 7, 7, 6, 7, 7, 6, 7, 6, 6, 7, 6, 6, 7, 6, 7, 6, 6, 7, 6, 6, 7, 6, 7, 6, 7, 6, 6, 7, 6, 7, 7, 6, 7, 6, 6, 7, 7, 7, 7, 7, 7, 6, 6, 6, 7, 7, 7, 6, 7, 6, 6, 6, 7, 7, 6, 6, 7, 7, 6, 7, 6, 6, 7, 7, 7, 7, 7, 7, 7, 6, 6, 6, 6, 6, 7, 7, 6, 6, 7, 6, 7, 7, 7, 6, 6, 7, 6, 6, 6, 7, 6, 6, 7, 6, 7, 6, 7, 7, 6, 7, 6, 7, 7, 6, 7, 6, 7, 7, 6, 7, 7, 6, 7, 6, 7, 6, 7, 7, 7, 6, 7, 7, 6, 7, 7, 7, 6, 6, 7, 7, 6, 7, 6, 6, 6, 7, 7, 6, 7, 7, 7, 6, 7, 7, 6, 7, 8, 7, 6, 7, 7, 6, 7, 6, 6, 7, 7, 7, 7, 6, 7, 7, 7, 6, 7, 7, 7, 6, 7, 7, 7, 7, 6, 6, 7, 7, 6, 7, 7, 6, 7, 7, 6, 7, 7, 6, 7, 6, 7, 7, 7, 6, 7, 7, 6, 6, 7, 7, 6, 6, 7, 7, 7, 7, 7, 6, 6, 7, 7, 7, 6, 6, 7, 7, 7, 6, 7, 6, 7, 7, 7, 7, 6, 7, 6, 6, 7, 6, 6, 6, 7, 6, 6, 7, 7, 7, 6, 7, 7, 6, 7, 7, 7, 7, 6, 7, 6, 7, 6, 7, 6, 6, 7, 7, 7, 7, 7, 7, 6, 7, 7, 6, 7, 7, 7, 6, 7, 6, 7, 7, 6, 7, 7, 7, 7, 6, 6, 7, 7, 7, 6, 7, 7, 7, 6, 7, 6, 7, 7, 6, 6, 7, 6, 6, 7, 6, 7, 7, 6, 6, 6, 7, 6, 7, 7, 6, 7, 7, 6, 7, 7, 6, 7, 7, 6, 7, 7, 7, 7, 6, 7, 7, 6, 6, 7, 6, 6, 7, 6, 6, 7, 7, 6, 7, 6, 6, 7, 6, 6, 7, 6, 7, 6, 7, 7, 6, 6, 7, 7, 7, 7, 6, 8, 6, 7, 7, 7, 7, 7, 6, 7, 7, 6, 6, 7, 6, 6, 7, 7, 6, 7, 6, 7, 6, 6, 7, 6, 7, 7, 6, 6, 7, 7, 7, 7, 6, 7, 7, 6, 7, 6, 7, 6, 6, 6, 7, 7, 6, 6, 7, 7, 6, 6, 7, 7, 7, 6, 6, 6, 7, 7, 7, 6, 6, 7, 7, 7, 6, 7, 6, 6, 7, 7, 7, 7, 7, 7, 7, 6, 7, 6, 7, 7, 7, 7, 7, 7, 7, 6, 6, 6, 6, 7, 6, 7, 6, 6, 6, 6, 7, 7, 7, 6, 7, 7, 7, 7, 6, 7, 7, 7, 7, 6, 7, 7, 7]

################################################################
################################################################
################### process_jail_list: ######################

[6, 6, 5, 6, 6, 6, 6, 6, 6, 6, 5, 6, 6, 6, 6, 6, 6, 6, 6, 6, 6, 6, 6, 6, 6, 6, 6, 6, 5, 6, 6, 6, 6, 6, 6, 5, 6, 6, 6, 7, 6, 6, 6, 6, 6, 6, 6, 6, 6, 6, 6, 6, 6, 6, 6, 6, 6, 6, 6, 6, 6, 6, 6, 6, 6, 6, 6, 6, 6, 5, 6, 6, 6, 6, 6, 6, 6, 6, 6, 6, 6, 6, 6, 6, 6, 6, 6, 6, 6, 6, 6, 6, 6, 6, 6, 6, 6, 6, 6, 6, 6, 6, 6, 6, 5, 6, 6, 6, 6, 6, 6, 5, 6, 6, 6, 6, 6, 6, 6, 6, 6, 6, 6, 6, 6, 6, 6, 6, 6, 6, 6, 6, 5, 6, 6, 6, 6, 6, 6, 6, 6, 6, 6, 6, 6, 6, 5, 6, 6, 6, 6, 6, 6, 6, 6, 6, 6, 6, 6, 5, 6, 6, 6, 6, 6, 6, 6, 5, 5, 6, 6, 5, 6, 6, 6, 6, 6, 6, 6, 6, 6, 6, 6, 6, 6, 6, 6, 6, 6, 6, 6, 6, 5, 5, 6, 5, 5, 5, 6, 6, 5, 6, 6, 6, 6, 6, 5, 6, 6, 6, 6, 6, 6, 6, 6, 6, 6, 6, 6, 6, 6, 6, 6, 6, 7, 6, 6, 6, 6, 6, 6, 6, 6, 5, 6, 6, 6, 6, 6, 6, 5, 6, 6, 6, 5, 6, 6, 6, 6, 6, 6, 6, 6, 6, 6, 6, 6, 6, 6, 6, 6, 6, 6, 5, 6, 6, 6, 6, 6, 5, 6, 6, 6, 6, 6, 6, 6, 5, 6, 6, 6, 6, 6, 6, 6, 6, 6, 6, 6, 5, 6, 6, 6, 6, 6, 6, 6, 6, 6, 6, 6, 6, 5, 5, 6, 6, 5, 6, 6, 6, 6, 6, 6, 6, 5, 6, 6, 5, 6, 6, 6, 6, 6, 6, 6, 6, 6, 6, 6, 6, 6, 6, 6, 6, 6, 6, 6, 6, 5, 6, 6, 6, 6, 6, 6, 6, 6, 6, 6, 6, 6, 6, 6, 6, 6, 5, 6, 6, 6, 6, 6, 6, 6, 6, 6, 5, 6, 6, 6, 6, 6, 6, 6, 6, 5, 6, 6, 5, 6, 6, 5, 5, 6, 6, 6, 6, 6, 6, 6, 6, 6, 6, 6, 6, 5, 6, 6, 5, 6, 5, 6, 6, 5, 6, 5, 6, 6, 6, 6, 6, 6, 6, 5, 6, 6, 5, 6, 6, 6, 5, 6, 6, 6, 6, 6, 6, 5, 6, 6, 6, 6, 6, 6, 6, 6, 6, 6, 6, 6, 6, 6, 5, 6, 6, 6, 6, 6, 6, 6, 6, 6, 6, 6, 6, 6, 6, 6, 5, 6, 6, 6, 6, 6, 6, 6, 6, 6, 6, 6, 6, 6, 6, 6, 6, 6, 6, 5, 6, 6, 6, 6, 6, 6, 6, 6, 6, 6, 6, 6, 6, 6, 6, 6, 6, 6, 6, 6, 6, 6, 5, 6, 6, 6, 6, 6, 6, 6, 6, 6, 6, 6, 6, 6, 6, 6, 5, 6, 6, 6, 6, 6, 5, 6, 6, 6, 6, 6, 6, 6, 6, 6, 5, 5, 6, 6, 5, 6, 6, 6, 6, 6, 6, 6, 6, 6, 6, 6, 6, 6, 6, 6, 6, 6, 6, 6, 6, 6, 6, 6, 6, 6, 5, 6, 6, 6, 5, 6, 6, 6, 6, 6, 6, 6, 6, 5, 6, 6, 6, 6, 5, 6, 6, 6, 6, 6, 6, 6, 6, 6, 6, 6, 6, 6, 5, 6, 6, 5, 6, 6, 6, 6, 6, 6, 6, 5, 6, 5, 6, 6, 5, 6, 6, 5, 6, 6, 5, 6, 6, 6, 6, 6, 6, 6, 6, 6, 6, 6, 6, 6, 6, 6, 6, 5, 6, 6, 6, 6, 6, 6, 6, 6, 6, 6, 6, 6, 6, 5, 6, 6, 6, 6, 6, 6, 6, 6, 6, 7, 6, 6, 6, 6, 6, 6, 6, 6, 6, 6, 6, 6, 6, 6, 6, 6, 6, 6, 6, 6, 6, 5, 6, 5, 6, 6, 5, 5, 6, 6, 6, 6, 6, 6, 6, 6, 6, 6, 6, 6, 5, 6, 6, 6, 6, 6, 6, 6, 6, 5, 6, 6, 6, 6, 6, 5, 6, 6, 6, 5, 6, 6, 6, 6, 5, 6, 6, 6, 6, 6, 6, 6, 6, 6, 6, 6, 6, 6, 6, 6, 6, 6, 6, 6, 6, 5, 5, 5, 5, 6, 6, 6, 5, 6, 5, 6, 6, 6, 6, 6, 6, 6, 6, 6, 6, 6, 6, 6, 6, 6, 6, 6, 6]

################################################################
