Numero total de amostras 770

Tempo total de processamento: 0:11:05

############## TEMPOS DE PROCESSAMENTO DO EXERCICIO NO JAIL  ####################
Soma 4525 segundos
Media 5.876623376623376 segundos
Desvio padr達o 0.3405099704458212 segundos
Minimo 5 segundos
Maximo 7 segundos

95% 5.0 segundos
99% 5.0 segundos

############## TEMPOS DE PROCESSAMENTO DO EXERCICIO NO JAIL COM DOWNLOAD  ################
Soma 5033 segundos
Media 6.536363636363636 segundos
Desvio padr達o 0.5012734668300486 segundos
Minimo 6 segundos
Maximo 8 segundos

95% 6.0 segundos
99% 6.0 segundos

################### TEMPOS DE DOWNLOAD DO EXERCICIO NO JAIL #######################
Soma 508 segundos
Media 0.6597402597402597 segundos
Desvio padr達o 0.476529591962049 segundos
Minimo 0 segundos
Maximo 2 segundos

95% 0.0 segundos
99% 0.0 segundos

############################ TEMPOS DE ESPERA NA FILA ############################
Soma 672
Media 0.8727272727272727 segundos
Desvio padr達o 0.7433927775568786 segundos
Minimo 0 segundos
Maximo 4 segundos

95% 0.0 segundos
99% 0.0 segundos

################### queue_wait_time_list: ######################

[1, 1, 1, 0, 4, 0, 1, 0, 0, 4, 4, 2, 2, 3, 1, 1, 2, 2, 2, 1, 2, 1, 2, 2, 3, 1, 1, 2, 1, 1, 1, 1, 1, 1, 1, 0, 2, 0, 2, 1, 2, 1, 0, 0, 1, 1, 1, 0, 1, 2, 1, 1, 1, 1, 1, 0, 2, 0, 0, 2, 1, 1, 2, 2, 1, 0, 1, 1, 2, 1, 0, 1, 0, 1, 0, 1, 1, 1, 1, 1, 0, 1, 2, 1, 0, 2, 1, 1, 0, 1, 1, 1, 1, 1, 1, 1, 0, 1, 1, 0, 1, 1, 2, 0, 1, 0, 1, 2, 0, 0, 1, 2, 0, 0, 0, 0, 1, 2, 2, 1, 0, 0, 1, 1, 0, 0, 1, 2, 2, 1, 1, 0, 0, 1, 0, 1, 0, 2, 0, 1, 1, 1, 0, 1, 0, 1, 0, 0, 0, 1, 0, 0, 2, 2, 1, 1, 2, 0, 1, 1, 0, 1, 1, 1, 0, 0, 0, 1, 0, 1, 0, 1, 1, 0, 0, 1, 1, 0, 1, 0, 1, 2, 1, 3, 1, 1, 0, 2, 0, 2, 1, 0, 2, 0, 0, 1, 2, 0, 1, 3, 2, 2, 2, 1, 2, 1, 2, 0, 0, 0, 0, 1, 1, 0, 0, 1, 1, 0, 2, 2, 0, 1, 1, 2, 2, 1, 2, 2, 2, 1, 0, 0, 1, 1, 2, 1, 2, 2, 2, 1, 2, 2, 1, 2, 0, 2, 2, 1, 1, 1, 1, 1, 1, 0, 2, 1, 2, 2, 0, 1, 0, 1, 1, 3, 0, 2, 2, 1, 1, 1, 1, 1, 2, 2, 3, 2, 1, 1, 1, 0, 2, 3, 1, 1, 1, 1, 1, 1, 0, 0, 1, 1, 0, 0, 0, 1, 1, 1, 2, 0, 1, 0, 1, 1, 1, 0, 0, 1, 0, 1, 1, 0, 1, 1, 1, 1, 2, 0, 1, 1, 0, 1, 1, 1, 1, 2, 2, 1, 1, 0, 0, 1, 1, 2, 0, 1, 0, 1, 1, 0, 1, 1, 2, 1, 1, 1, 0, 1, 0, 0, 1, 0, 1, 0, 1, 1, 1, 1, 0, 3, 2, 0, 1, 2, 0, 2, 1, 0, 2, 1, 2, 1, 1, 1, 2, 2, 0, 1, 1, 0, 1, 2, 1, 1, 0, 1, 1, 1, 1, 0, 1, 1, 1, 1, 2, 1, 1, 0, 1, 1, 1, 2, 1, 2, 1, 2, 1, 0, 1, 1, 2, 1, 0, 1, 1, 1, 1, 2, 1, 0, 1, 0, 1, 1, 1, 0, 1, 0, 0, 1, 1, 0, 0, 1, 0, 0, 1, 1, 1, 0, 1, 0, 0, 0, 0, 0, 1, 1, 1, 1, 0, 1, 0, 1, 1, 1, 2, 0, 1, 1, 1, 0, 1, 0, 0, 0, 1, 0, 1, 0, 1, 2, 1, 0, 0, 1, 0, 1, 1, 0, 0, 1, 0, 1, 0, 1, 1, 3, 0, 1, 2, 0, 0, 0, 1, 0, 1, 1, 1, 1, 1, 0, 0, 2, 1, 1, 2, 1, 1, 2, 1, 1, 0, 2, 2, 0, 1, 2, 1, 2, 2, 0, 1, 3, 0, 1, 2, 0, 1, 1, 0, 1, 2, 3, 1, 2, 1, 1, 2, 0, 1, 0, 1, 0, 1, 0, 1, 1, 2, 1, 0, 1, 0, 2, 0, 0, 1, 1, 1, 0, 0, 2, 1, 1, 0, 0, 0, 1, 0, 1, 1, 0, 0, 0, 1, 0, 1, 1, 0, 0, 0, 1, 2, 1, 0, 1, 1, 0, 1, 0, 1, 0, 0, 1, 1, 0, 0, 1, 1, 1, 1, 1, 0, 0, 1, 0, 1, 0, 0, 1, 1, 1, 0, 0, 1, 1, 0, 0, 1, 1, 1, 1, 0, 1, 0, 1, 0, 1, 1, 1, 1, 0, 2, 1, 1, 0, 0, 1, 2, 1, 0, 0, 1, 1, 0, 2, 1, 0, 1, 1, 1, 2, 1, 0, 0, 1, 1, 2, 1, 2, 1, 1, 1, 0, 0, 1, 0, 0, 0, 2, 1, 2, 1, 0, 0, 0, 0, 1, 0, 1, 1, 1, 0, 0, 2, 1, 0, 1, 1, 0, 1, 1, 1, 0, 0, 2, 0, 2, 0, 2, 2, 1, 1, 1, 0, 1, 0, 1, 1, 1, 1, 1, 1, 0, 1, 0, 0, 1, 1, 1, 1, 0, 0, 1, 0, 1, 1, 0, 1, 1, 1, 1, 0, 0, 1, 1, 1, 0, 0, 1, 1, 1, 1, 1, 0, 0, 2, 0, 1, 1, 1, 0, 1, 0, 0, 0, 1, 0, 0, 1, 0, 0, 1, 1, 1, 1, 1, 1, 1, 0]

################################################################
################### jail_ex_download_list: ######################

[0, 1, 1, 1, 1, 1, 1, 1, 1, 0, 1, 2, 0, 1, 0, 1, 1, 1, 1, 1, 1, 1, 1, 0, 1, 1, 1, 0, 1, 1, 1, 0, 1, 0, 1, 1, 0, 1, 1, 1, 0, 1, 0, 1, 1, 0, 1, 1, 1, 0, 0, 1, 0, 1, 1, 0, 1, 1, 0, 1, 1, 0, 0, 1, 0, 1, 1, 1, 1, 0, 1, 0, 1, 1, 1, 1, 1, 0, 1, 0, 1, 1, 1, 1, 1, 0, 0, 0, 1, 0, 0, 1, 1, 1, 0, 1, 1, 1, 1, 1, 1, 0, 0, 1, 0, 1, 1, 0, 0, 1, 1, 0, 1, 1, 1, 1, 0, 0, 0, 1, 1, 1, 1, 0, 1, 1, 0, 0, 0, 1, 0, 1, 0, 1, 1, 1, 1, 0, 1, 1, 1, 0, 1, 0, 1, 0, 1, 1, 1, 1, 1, 1, 1, 1, 0, 1, 0, 1, 0, 1, 1, 0, 0, 1, 1, 1, 1, 0, 1, 0, 1, 0, 0, 0, 1, 0, 0, 1, 1, 0, 0, 0, 0, 0, 1, 1, 1, 1, 1, 0, 1, 1, 1, 1, 1, 0, 0, 1, 1, 0, 1, 1, 1, 0, 1, 1, 1, 1, 1, 0, 1, 1, 1, 1, 1, 0, 0, 1, 1, 1, 1, 1, 1, 1, 0, 1, 1, 0, 1, 1, 1, 1, 1, 1, 0, 0, 0, 0, 0, 1, 1, 0, 1, 1, 1, 0, 0, 1, 1, 1, 0, 1, 1, 1, 0, 1, 0, 0, 1, 1, 1, 0, 0, 1, 1, 1, 1, 1, 0, 1, 1, 1, 1, 1, 1, 0, 0, 0, 0, 1, 0, 0, 1, 0, 0, 1, 0, 0, 1, 1, 1, 0, 1, 1, 1, 1, 1, 0, 1, 1, 0, 1, 1, 1, 1, 1, 1, 0, 1, 1, 0, 1, 1, 1, 0, 1, 1, 1, 1, 0, 1, 1, 1, 1, 1, 0, 1, 1, 0, 1, 1, 1, 0, 1, 1, 1, 1, 0, 1, 0, 1, 0, 1, 1, 1, 1, 1, 1, 1, 1, 0, 1, 1, 1, 0, 1, 1, 0, 1, 0, 1, 1, 0, 1, 1, 0, 1, 0, 0, 0, 0, 0, 1, 1, 0, 0, 1, 1, 1, 1, 1, 1, 1, 1, 1, 1, 1, 0, 0, 1, 1, 1, 0, 0, 0, 1, 0, 1, 1, 1, 1, 0, 1, 0, 1, 0, 0, 1, 0, 0, 0, 1, 0, 1, 1, 0, 0, 1, 1, 1, 1, 0, 1, 0, 0, 1, 1, 1, 0, 0, 0, 1, 1, 1, 0, 1, 0, 1, 0, 1, 1, 1, 1, 1, 0, 0, 1, 0, 1, 1, 1, 0, 1, 1, 1, 1, 0, 1, 0, 0, 1, 1, 1, 0, 1, 1, 0, 1, 1, 0, 0, 0, 0, 1, 0, 0, 1, 1, 1, 1, 1, 1, 1, 1, 1, 0, 0, 0, 1, 0, 1, 1, 1, 1, 1, 0, 1, 0, 0, 1, 0, 1, 0, 1, 0, 0, 0, 1, 1, 0, 0, 1, 0, 1, 1, 0, 1, 1, 1, 0, 0, 1, 1, 1, 0, 1, 1, 1, 1, 1, 1, 1, 1, 1, 1, 1, 1, 0, 0, 1, 0, 1, 1, 0, 0, 0, 0, 1, 1, 1, 1, 1, 1, 1, 1, 1, 0, 1, 0, 0, 1, 0, 1, 1, 1, 1, 1, 0, 1, 0, 1, 1, 0, 1, 0, 1, 0, 1, 1, 1, 1, 1, 0, 1, 1, 0, 1, 1, 1, 1, 0, 1, 1, 0, 0, 0, 1, 0, 1, 1, 1, 0, 1, 1, 1, 1, 0, 1, 1, 1, 1, 0, 1, 0, 1, 1, 1, 1, 1, 0, 1, 1, 1, 0, 0, 1, 1, 0, 1, 1, 0, 0, 0, 1, 1, 1, 1, 0, 1, 1, 1, 1, 1, 1, 1, 0, 1, 1, 1, 1, 0, 1, 1, 1, 0, 0, 1, 1, 1, 0, 0, 0, 0, 1, 1, 1, 1, 1, 1, 1, 1, 1, 1, 0, 1, 1, 1, 1, 1, 0, 0, 1, 1, 1, 0, 0, 1, 1, 0, 1, 1, 1, 1, 1, 1, 0, 1, 0, 1, 1, 1, 1, 0, 1, 1, 0, 1, 0, 1, 0, 1, 1, 0, 1, 1, 1, 1, 0, 0, 0, 0, 1, 1, 0, 1, 1, 1, 1, 0, 1, 0, 0, 0, 1, 0, 1, 1, 1, 1, 1, 0, 0, 1, 1, 1, 1, 0, 1, 1, 0, 0, 1, 0, 1, 1, 1, 0, 1, 1, 0, 1, 1, 1, 0, 1, 0, 1, 1, 0, 1]

################################################################
################################################################
################### process_jail_download_list: ######################

[6, 7, 7, 7, 6, 7, 7, 7, 7, 6, 6, 8, 6, 7, 6, 7, 7, 7, 7, 6, 7, 7, 7, 6, 7, 7, 7, 6, 6, 7, 7, 6, 7, 6, 7, 6, 6, 7, 6, 6, 6, 6, 6, 7, 7, 6, 7, 7, 6, 6, 6, 7, 6, 7, 6, 6, 6, 7, 6, 7, 7, 6, 6, 6, 6, 7, 7, 7, 7, 6, 7, 6, 6, 7, 7, 6, 6, 6, 7, 6, 7, 7, 7, 6, 7, 6, 6, 6, 7, 6, 6, 7, 7, 7, 6, 7, 6, 7, 7, 7, 7, 6, 6, 7, 6, 7, 7, 6, 6, 7, 7, 6, 7, 7, 7, 6, 6, 6, 6, 7, 6, 6, 7, 6, 7, 7, 6, 6, 6, 6, 6, 6, 6, 6, 7, 7, 7, 6, 7, 7, 6, 6, 7, 6, 7, 6, 7, 7, 7, 7, 7, 6, 7, 7, 6, 6, 6, 7, 6, 6, 7, 6, 6, 7, 7, 7, 6, 6, 7, 6, 7, 6, 6, 6, 7, 6, 6, 7, 6, 6, 6, 6, 6, 6, 7, 7, 7, 7, 7, 6, 6, 7, 6, 7, 7, 6, 6, 7, 7, 6, 7, 7, 7, 6, 6, 7, 7, 6, 7, 6, 7, 7, 6, 7, 7, 6, 6, 7, 7, 6, 6, 7, 6, 6, 6, 7, 7, 6, 7, 7, 7, 7, 6, 7, 6, 6, 6, 6, 6, 7, 6, 6, 7, 6, 7, 6, 6, 7, 7, 7, 6, 6, 7, 7, 6, 7, 6, 6, 7, 7, 7, 6, 6, 7, 7, 6, 6, 7, 6, 6, 7, 6, 7, 7, 7, 6, 6, 6, 6, 7, 6, 6, 7, 6, 6, 7, 6, 6, 7, 7, 7, 6, 7, 7, 7, 6, 6, 6, 6, 7, 6, 7, 7, 7, 7, 7, 7, 6, 7, 6, 6, 7, 7, 6, 6, 7, 7, 6, 7, 6, 6, 7, 7, 7, 7, 6, 6, 7, 6, 7, 7, 7, 6, 7, 7, 7, 6, 6, 7, 6, 7, 6, 6, 7, 7, 7, 7, 7, 7, 7, 6, 7, 6, 7, 6, 7, 7, 6, 7, 6, 7, 7, 6, 7, 7, 6, 7, 6, 6, 6, 6, 6, 7, 7, 6, 6, 7, 7, 7, 7, 7, 7, 7, 6, 7, 7, 7, 6, 6, 7, 7, 7, 6, 6, 6, 7, 6, 7, 7, 7, 7, 6, 7, 6, 7, 6, 6, 7, 6, 6, 6, 6, 6, 6, 7, 6, 6, 6, 7, 7, 7, 6, 7, 6, 6, 7, 6, 7, 6, 6, 6, 7, 7, 7, 6, 7, 6, 7, 6, 7, 7, 7, 7, 6, 6, 6, 7, 6, 7, 7, 7, 6, 6, 6, 7, 7, 6, 7, 6, 6, 7, 7, 7, 6, 7, 7, 6, 7, 6, 6, 6, 6, 6, 7, 6, 6, 7, 7, 7, 7, 7, 6, 7, 7, 6, 6, 6, 6, 7, 6, 6, 7, 7, 7, 7, 6, 7, 6, 6, 7, 6, 6, 6, 7, 6, 6, 6, 6, 7, 6, 6, 7, 6, 7, 7, 6, 7, 7, 7, 6, 6, 7, 7, 6, 6, 6, 7, 7, 7, 7, 6, 7, 7, 6, 7, 7, 6, 6, 6, 7, 6, 6, 7, 6, 6, 6, 6, 7, 7, 6, 7, 7, 7, 7, 7, 7, 6, 7, 6, 6, 6, 6, 7, 7, 7, 7, 7, 6, 7, 6, 6, 6, 6, 6, 6, 7, 6, 7, 7, 7, 7, 7, 6, 7, 7, 6, 6, 7, 7, 7, 6, 7, 7, 6, 6, 6, 6, 6, 7, 6, 6, 6, 7, 7, 7, 7, 6, 7, 6, 7, 6, 6, 7, 6, 7, 7, 7, 7, 7, 6, 7, 7, 7, 6, 6, 6, 7, 6, 7, 6, 6, 6, 6, 6, 7, 7, 7, 6, 7, 6, 7, 7, 7, 7, 7, 6, 7, 7, 7, 7, 6, 7, 7, 7, 6, 6, 7, 7, 7, 6, 7, 6, 6, 7, 7, 7, 7, 7, 7, 7, 7, 7, 6, 6, 7, 7, 7, 7, 7, 6, 6, 7, 7, 7, 7, 6, 7, 7, 6, 7, 6, 7, 7, 7, 7, 6, 6, 6, 7, 7, 7, 7, 6, 7, 7, 6, 7, 6, 7, 6, 7, 7, 6, 7, 7, 7, 7, 6, 6, 6, 6, 7, 7, 6, 7, 7, 7, 7, 6, 7, 6, 6, 6, 7, 6, 6, 7, 7, 7, 7, 6, 6, 7, 6, 7, 7, 6, 7, 7, 6, 6, 7, 6, 6, 7, 7, 6, 7, 7, 6, 7, 7, 7, 7, 7, 6, 7, 7, 6, 7]

################################################################
################################################################
################### process_jail_list: ######################

[6, 6, 6, 6, 5, 6, 6, 6, 6, 6, 5, 6, 6, 6, 6, 6, 6, 6, 6, 5, 6, 6, 6, 6, 6, 6, 6, 6, 5, 6, 6, 6, 6, 6, 6, 5, 6, 6, 5, 5, 6, 5, 6, 6, 6, 6, 6, 6, 5, 6, 6, 6, 6, 6, 5, 6, 5, 6, 6, 6, 6, 6, 6, 5, 6, 6, 6, 6, 6, 6, 6, 6, 5, 6, 6, 5, 5, 6, 6, 6, 6, 6, 6, 5, 6, 6, 6, 6, 6, 6, 6, 6, 6, 6, 6, 6, 5, 6, 6, 6, 6, 6, 6, 6, 6, 6, 6, 6, 6, 6, 6, 6, 6, 6, 6, 5, 6, 6, 6, 6, 5, 5, 6, 6, 6, 6, 6, 6, 6, 5, 6, 5, 6, 5, 6, 6, 6, 6, 6, 6, 5, 6, 6, 6, 6, 6, 6, 6, 6, 6, 6, 5, 6, 6, 6, 5, 6, 6, 6, 5, 6, 6, 6, 6, 6, 6, 5, 6, 6, 6, 6, 6, 6, 6, 6, 6, 6, 6, 5, 6, 6, 6, 6, 6, 6, 6, 6, 6, 6, 6, 5, 6, 5, 6, 6, 6, 6, 6, 6, 6, 6, 6, 6, 6, 5, 6, 6, 5, 6, 6, 6, 6, 5, 6, 6, 6, 6, 6, 6, 5, 5, 6, 5, 5, 6, 6, 6, 6, 6, 6, 6, 6, 5, 6, 6, 6, 6, 6, 6, 6, 5, 6, 6, 5, 6, 6, 6, 6, 6, 6, 6, 5, 6, 6, 6, 6, 6, 6, 6, 6, 6, 6, 6, 6, 6, 5, 5, 6, 6, 5, 6, 5, 6, 6, 6, 6, 6, 6, 6, 6, 6, 6, 6, 6, 6, 6, 6, 6, 6, 6, 6, 6, 6, 6, 6, 5, 5, 6, 5, 6, 6, 6, 6, 6, 6, 6, 6, 6, 6, 5, 6, 6, 6, 5, 6, 6, 6, 5, 6, 6, 5, 6, 6, 6, 6, 6, 5, 6, 6, 6, 6, 6, 6, 6, 6, 6, 5, 6, 6, 6, 6, 6, 5, 6, 6, 6, 6, 6, 6, 6, 6, 6, 5, 6, 6, 6, 6, 6, 6, 6, 6, 6, 6, 6, 6, 6, 6, 6, 6, 6, 6, 6, 6, 6, 6, 6, 6, 6, 6, 6, 6, 6, 6, 5, 6, 6, 6, 6, 6, 6, 6, 6, 6, 6, 6, 6, 6, 6, 6, 6, 6, 6, 6, 6, 6, 6, 6, 6, 6, 6, 6, 5, 6, 5, 6, 6, 6, 5, 6, 6, 6, 6, 6, 6, 6, 6, 5, 6, 6, 6, 6, 6, 6, 6, 6, 6, 6, 6, 6, 6, 6, 6, 6, 5, 6, 6, 6, 6, 6, 6, 6, 6, 5, 5, 6, 6, 6, 6, 6, 6, 6, 6, 6, 6, 6, 6, 6, 6, 5, 6, 6, 6, 6, 6, 6, 6, 6, 6, 6, 6, 6, 5, 6, 6, 5, 6, 6, 6, 6, 6, 5, 6, 6, 6, 6, 6, 6, 6, 6, 6, 6, 5, 6, 6, 6, 6, 6, 5, 6, 6, 6, 6, 6, 6, 6, 6, 6, 6, 6, 6, 6, 6, 6, 5, 6, 5, 6, 6, 6, 6, 5, 6, 6, 5, 6, 6, 5, 6, 6, 6, 6, 5, 6, 6, 6, 6, 6, 6, 6, 5, 6, 6, 6, 6, 6, 6, 6, 6, 6, 6, 5, 6, 6, 6, 6, 6, 6, 6, 6, 6, 5, 5, 6, 5, 6, 6, 6, 6, 6, 6, 6, 6, 6, 6, 6, 6, 5, 6, 6, 6, 6, 6, 6, 6, 6, 6, 5, 6, 6, 5, 5, 6, 6, 6, 6, 6, 6, 6, 5, 6, 5, 6, 6, 6, 6, 6, 6, 6, 6, 6, 6, 6, 6, 6, 6, 5, 6, 6, 6, 5, 6, 6, 6, 5, 6, 6, 6, 6, 6, 5, 6, 6, 6, 6, 6, 6, 6, 6, 6, 6, 6, 6, 6, 6, 6, 6, 6, 6, 6, 6, 7, 6, 6, 6, 6, 6, 6, 6, 6, 6, 6, 6, 5, 6, 6, 6, 6, 6, 6, 6, 6, 6, 6, 6, 7, 6, 6, 6, 6, 6, 5, 6, 6, 6, 6, 6, 5, 6, 6, 6, 6, 6, 6, 6, 6, 6, 6, 6, 6, 6, 6, 6, 6, 6, 6, 6, 6, 6, 6, 6, 6, 6, 6, 6, 6, 6, 6, 6, 6, 6, 6, 6, 6, 6, 6, 5, 6, 6, 6, 6, 6, 6, 6, 5, 6, 6, 6, 6, 6, 6, 6, 6, 6, 5, 6, 6, 6, 6, 6, 6, 6, 6, 6, 7, 6, 6, 6, 6, 6, 6]

################################################################
