Numero total de amostras 770

Tempo total de processamento: 0:19:20

############## TEMPOS DE PROCESSAMENTO DO EXERCICIO NO JAIL  ####################
Soma 4905 segundos
Media 6.37012987012987 segundos
Desvio padr達o 0.4828392583122416 segundos
Minimo 6 segundos
Maximo 7 segundos

95% 6.0 segundos
99% 6.0 segundos

############## TEMPOS DE PROCESSAMENTO DO EXERCICIO NO JAIL COM DOWNLOAD  ################
Soma 5816 segundos
Media 7.5532467532467535 segundos
Desvio padr達o 0.8298935020995892 segundos
Minimo 6 segundos
Maximo 15 segundos

95% 6.0 segundos
99% 6.0 segundos

################### TEMPOS DE DOWNLOAD DO EXERCICIO NO JAIL #######################
Soma 911 segundos
Media 1.183116883116883 segundos
Desvio padr達o 0.7986844048472019 segundos
Minimo 0 segundos
Maximo 9 segundos

95% 0.0 segundos
99% 0.0 segundos

############################ TEMPOS DE ESPERA NA FILA ############################
Soma 211813
Media 275.08181818181816 segundos
Desvio padr達o 143.66250062213837 segundos
Minimo 6 segundos
Maximo 510 segundos

95% 18.0 segundos
99% 18.0 segundos

################### queue_wait_time_list: ######################

[36, 18, 18, 22, 9, 10, 23, 8, 18, 6, 21, 7, 26, 23, 17, 17, 27, 32, 23, 27, 26, 33, 26, 32, 36, 38, 36, 40, 33, 37, 40, 45, 43, 47, 44, 48, 43, 43, 50, 50, 53, 50, 55, 52, 53, 55, 58, 168, 28, 30, 32, 36, 42, 42, 44, 46, 58, 59, 59, 60, 62, 66, 68, 65, 69, 66, 62, 71, 69, 70, 70, 73, 76, 74, 75, 78, 77, 77, 82, 79, 80, 80, 86, 78, 83, 85, 93, 87, 88, 90, 92, 94, 88, 92, 95, 48, 95, 210, 96, 98, 218, 98, 98, 99, 99, 101, 223, 232, 233, 326, 355, 315, 343, 332, 321, 368, 383, 350, 338, 361, 430, 377, 399, 389, 424, 417, 435, 411, 442, 447, 460, 472, 453, 478, 466, 484, 489, 494, 502, 505, 509, 51, 102, 102, 102, 103, 103, 105, 105, 106, 278, 399, 356, 315, 339, 373, 322, 436, 345, 326, 362, 388, 332, 350, 378, 453, 368, 406, 394, 383, 418, 431, 448, 412, 424, 496, 441, 478, 466, 460, 484, 489, 509, 502, 54, 59, 61, 61, 64, 66, 72, 73, 74, 107, 109, 109, 111, 113, 112, 113, 117, 114, 119, 116, 118, 118, 124, 117, 122, 124, 128, 126, 122, 125, 130, 128, 132, 129, 131, 135, 133, 133, 137, 135, 140, 136, 138, 141, 139, 140, 142, 173, 183, 144, 144, 145, 293, 447, 350, 317, 378, 508, 328, 357, 406, 334, 384, 362, 339, 431, 345, 391, 368, 412, 454, 373, 436, 396, 419, 473, 401, 496, 425, 442, 461, 479, 467, 503, 484, 77, 83, 373, 145, 205, 205, 146, 146, 147, 147, 148, 216, 228, 238, 255, 259, 271, 334, 322, 317, 345, 396, 329, 357, 339, 391, 351, 385, 380, 407, 412, 419, 431, 449, 426, 455, 444, 461, 467, 473, 479, 485, 491, 496, 503, 509, 82, 148, 213, 150, 150, 151, 151, 152, 154, 256, 264, 273, 334, 391, 318, 437, 340, 323, 358, 374, 328, 346, 469, 364, 396, 352, 385, 369, 407, 419, 432, 401, 412, 461, 427, 496, 449, 510, 480, 474, 485, 491, 504, 168, 171, 169, 84, 169, 173, 172, 90, 91, 94, 171, 107, 155, 159, 156, 156, 166, 157, 159, 160, 164, 162, 162, 164, 161, 177, 167, 175, 175, 176, 179, 178, 179, 179, 182, 184, 183, 184, 188, 191, 190, 187, 188, 185, 191, 193, 189, 109, 170, 180, 198, 200, 200, 194, 194, 202, 195, 203, 203, 196, 204, 196, 204, 287, 198, 198, 298, 323, 314, 329, 334, 341, 346, 353, 358, 364, 369, 375, 380, 386, 391, 396, 402, 414, 420, 423, 439, 443, 456, 462, 469, 481, 491, 497, 111, 113, 114, 121, 121, 123, 125, 128, 131, 206, 209, 206, 208, 208, 209, 212, 214, 212, 213, 217, 214, 217, 219, 218, 222, 219, 229, 221, 223, 223, 227, 224, 225, 227, 224, 232, 230, 232, 235, 232, 234, 237, 236, 236, 237, 239, 241, 188, 386, 404, 346, 241, 316, 318, 242, 370, 420, 242, 243, 243, 244, 245, 324, 352, 391, 330, 376, 358, 335, 432, 408, 365, 380, 398, 434, 427, 414, 402, 450, 450, 444, 438, 457, 464, 475, 482, 469, 486, 481, 492, 498, 505, 133, 142, 181, 191, 210, 221, 228, 239, 284, 295, 246, 247, 247, 247, 248, 248, 336, 387, 319, 407, 342, 325, 353, 365, 381, 347, 359, 402, 370, 410, 393, 415, 428, 439, 421, 444, 434, 451, 457, 463, 469, 476, 486, 492, 500, 505, 136, 427, 371, 320, 348, 393, 325, 428, 354, 249, 331, 251, 376, 251, 252, 252, 253, 415, 336, 359, 399, 342, 381, 365, 464, 481, 404, 388, 423, 445, 409, 435, 457, 476, 451, 439, 453, 470, 493, 487, 500, 505, 137, 141, 154, 155, 157, 258, 256, 267, 258, 262, 260, 259, 268, 263, 263, 264, 266, 268, 269, 270, 272, 277, 273, 276, 279, 288, 279, 275, 285, 281, 286, 283, 294, 281, 288, 291, 290, 286, 290, 291, 297, 295, 296, 301, 297, 299, 301, 160, 165, 306, 255, 262, 274, 280, 292, 308, 302, 302, 307, 303, 307, 310, 308, 303, 304, 305, 310, 306, 320, 326, 331, 337, 342, 349, 354, 361, 366, 371, 377, 382, 388, 393, 399, 410, 416, 429, 440, 446, 458, 464, 471, 488, 493, 500, 164, 175, 185, 377, 312, 312, 313, 314, 337, 314, 394, 361, 343, 311, 472, 383, 311, 349, 320, 366, 410, 331, 399, 355, 372, 388, 441, 430, 416, 404, 453, 477, 435, 423, 466, 447, 482, 459, 488, 475, 500, 506, 494, 508]

################################################################
################### jail_ex_download_list: ######################

[1, 3, 4, 3, 7, 7, 3, 8, 4, 8, 4, 9, 2, 1, 4, 4, 2, 1, 3, 1, 1, 2, 2, 2, 1, 2, 2, 1, 2, 2, 1, 2, 1, 2, 1, 1, 2, 1, 2, 1, 1, 1, 1, 2, 1, 1, 1, 1, 2, 1, 3, 1, 1, 1, 1, 1, 1, 1, 2, 2, 1, 2, 1, 1, 1, 1, 1, 2, 1, 1, 1, 1, 1, 1, 1, 1, 1, 2, 2, 1, 2, 1, 1, 2, 2, 2, 1, 2, 1, 1, 1, 1, 2, 2, 1, 2, 1, 1, 2, 1, 1, 1, 2, 1, 1, 1, 1, 1, 1, 1, 2, 0, 1, 0, 1, 0, 1, 0, 0, 1, 1, 1, 1, 0, 1, 1, 1, 1, 1, 1, 1, 1, 1, 1, 1, 1, 1, 1, 1, 1, 0, 1, 1, 1, 2, 1, 1, 1, 1, 2, 2, 1, 1, 1, 0, 0, 2, 0, 0, 1, 1, 1, 0, 1, 1, 1, 0, 0, 1, 1, 1, 1, 1, 0, 1, 1, 1, 1, 2, 1, 1, 1, 1, 1, 2, 1, 1, 2, 1, 1, 2, 1, 1, 1, 1, 1, 1, 2, 1, 1, 1, 1, 2, 1, 2, 2, 1, 1, 1, 2, 1, 2, 1, 1, 2, 2, 1, 1, 2, 1, 1, 2, 1, 1, 1, 2, 1, 2, 2, 2, 1, 1, 1, 1, 1, 1, 1, 2, 1, 1, 1, 2, 0, 1, 1, 0, 0, 1, 1, 1, 1, 0, 1, 1, 1, 1, 1, 0, 1, 1, 0, 2, 1, 1, 0, 1, 1, 1, 1, 1, 2, 1, 2, 1, 1, 1, 1, 1, 2, 1, 1, 1, 1, 2, 1, 2, 1, 1, 0, 1, 1, 1, 1, 1, 1, 1, 1, 1, 1, 1, 1, 1, 0, 1, 1, 0, 1, 1, 1, 1, 0, 0, 1, 1, 1, 2, 1, 1, 1, 2, 1, 2, 1, 0, 2, 2, 3, 1, 1, 1, 1, 0, 1, 1, 0, 1, 0, 0, 1, 1, 1, 1, 1, 1, 1, 1, 1, 1, 1, 0, 1, 1, 1, 1, 1, 1, 0, 0, 1, 1, 1, 2, 1, 2, 2, 1, 1, 1, 1, 1, 1, 1, 1, 1, 1, 1, 2, 2, 1, 1, 1, 1, 1, 2, 2, 1, 1, 1, 2, 1, 1, 1, 1, 1, 1, 1, 1, 2, 1, 1, 1, 1, 2, 1, 1, 1, 1, 1, 2, 1, 2, 1, 1, 2, 1, 1, 1, 1, 1, 2, 2, 1, 2, 2, 2, 1, 1, 1, 1, 1, 1, 0, 1, 1, 1, 1, 1, 1, 1, 1, 1, 0, 0, 1, 1, 1, 1, 1, 1, 1, 1, 1, 1, 1, 1, 1, 1, 1, 2, 1, 1, 1, 1, 1, 1, 1, 1, 1, 1, 2, 2, 1, 2, 1, 1, 1, 1, 1, 1, 1, 1, 2, 2, 2, 2, 1, 1, 1, 1, 1, 1, 2, 1, 1, 1, 2, 1, 1, 1, 2, 0, 1, 1, 1, 1, 1, 1, 0, 2, 2, 1, 1, 1, 1, 0, 0, 1, 0, 1, 1, 0, 1, 1, 0, 1, 0, 0, 1, 1, 1, 0, 1, 1, 1, 0, 0, 2, 1, 1, 1, 1, 1, 1, 1, 1, 2, 2, 1, 1, 1, 2, 1, 1, 1, 1, 1, 1, 2, 1, 2, 1, 0, 1, 1, 0, 1, 1, 1, 0, 1, 1, 1, 1, 1, 0, 1, 1, 1, 1, 1, 1, 1, 1, 1, 1, 1, 1, 1, 0, 1, 1, 1, 1, 1, 1, 1, 1, 1, 1, 2, 0, 1, 1, 2, 1, 2, 2, 1, 1, 1, 1, 1, 1, 1, 1, 1, 1, 1, 1, 1, 1, 1, 1, 1, 1, 1, 0, 1, 1, 1, 1, 1, 2, 1, 1, 1, 2, 1, 2, 2, 2, 1, 2, 2, 2, 1, 2, 2, 2, 1, 2, 2, 2, 1, 2, 1, 2, 2, 1, 2, 1, 2, 1, 2, 1, 3, 1, 2, 2, 1, 2, 3, 1, 2, 2, 1, 2, 1, 1, 1, 1, 1, 1, 2, 2, 2, 2, 0, 1, 1, 1, 1, 1, 1, 1, 1, 1, 1, 1, 2, 0, 1, 1, 1, 1, 0, 1, 1, 1, 1, 1, 1, 1, 1, 1, 1, 1, 0, 1, 1, 1, 1, 1, 0, 1, 1, 2, 1, 1, 1, 0, 1, 1, 1, 1, 1, 1, 1, 0, 1, 2, 1, 1, 1, 1, 1, 1, 1, 1, 1, 1, 1, 1, 1, 1, 1, 1, 1, 1, 1, 0, 1, 1, 1, 1, 1, 1, 1, 1, 1]

################################################################
################################################################
################### process_jail_download_list: ######################

[7, 9, 10, 10, 13, 13, 9, 14, 10, 14, 10, 15, 8, 8, 10, 10, 9, 8, 9, 7, 7, 9, 8, 9, 8, 8, 8, 8, 9, 8, 7, 9, 7, 8, 8, 8, 8, 8, 8, 8, 8, 8, 8, 8, 8, 8, 7, 8, 8, 7, 9, 8, 7, 7, 7, 8, 8, 8, 8, 8, 8, 8, 7, 8, 7, 8, 8, 8, 8, 7, 8, 8, 7, 7, 7, 8, 7, 8, 9, 8, 8, 8, 8, 8, 8, 9, 7, 8, 8, 7, 8, 8, 8, 8, 7, 8, 8, 8, 8, 7, 7, 8, 8, 7, 8, 7, 8, 7, 8, 7, 8, 7, 7, 6, 8, 7, 7, 7, 7, 8, 7, 7, 7, 6, 7, 8, 7, 7, 7, 8, 7, 7, 7, 7, 7, 7, 7, 7, 7, 7, 7, 8, 8, 8, 8, 8, 8, 8, 8, 8, 8, 7, 7, 7, 7, 7, 8, 7, 6, 8, 7, 7, 7, 7, 7, 8, 7, 7, 8, 8, 7, 7, 7, 6, 7, 7, 7, 7, 8, 8, 7, 7, 7, 7, 9, 7, 8, 8, 8, 8, 8, 7, 7, 8, 7, 8, 8, 8, 7, 8, 8, 8, 8, 8, 8, 8, 8, 8, 8, 8, 7, 8, 8, 7, 8, 8, 7, 8, 8, 7, 7, 8, 7, 8, 7, 8, 7, 8, 8, 8, 7, 8, 8, 7, 8, 7, 8, 8, 7, 7, 7, 8, 7, 7, 8, 7, 7, 7, 7, 7, 7, 7, 7, 7, 8, 7, 7, 7, 7, 7, 7, 8, 7, 7, 6, 7, 7, 7, 7, 7, 9, 8, 8, 7, 8, 7, 8, 7, 8, 7, 8, 8, 8, 8, 8, 9, 7, 7, 7, 7, 7, 7, 7, 7, 7, 7, 7, 7, 7, 7, 8, 8, 6, 7, 7, 6, 7, 7, 7, 7, 7, 7, 8, 7, 7, 8, 8, 8, 8, 8, 8, 8, 8, 7, 8, 9, 9, 7, 7, 7, 7, 7, 7, 7, 7, 7, 7, 7, 7, 7, 7, 7, 7, 7, 8, 7, 7, 8, 7, 7, 8, 8, 7, 7, 7, 7, 7, 7, 8, 8, 8, 8, 7, 8, 8, 8, 8, 8, 8, 8, 8, 8, 7, 8, 7, 8, 8, 8, 8, 7, 8, 7, 7, 8, 8, 7, 8, 7, 8, 7, 7, 8, 8, 8, 7, 8, 7, 8, 8, 7, 8, 7, 9, 8, 8, 8, 7, 8, 9, 8, 8, 8, 8, 8, 7, 7, 8, 8, 7, 8, 8, 8, 8, 9, 8, 7, 8, 8, 7, 7, 7, 7, 7, 7, 7, 7, 7, 7, 7, 7, 7, 7, 7, 7, 7, 7, 7, 8, 7, 7, 7, 7, 7, 7, 8, 8, 8, 7, 8, 7, 7, 7, 8, 8, 7, 8, 7, 7, 8, 8, 8, 8, 8, 7, 8, 8, 7, 8, 7, 8, 7, 8, 9, 8, 8, 8, 8, 8, 7, 8, 7, 8, 7, 8, 8, 8, 8, 8, 7, 8, 7, 7, 8, 8, 7, 7, 7, 7, 8, 8, 8, 8, 7, 8, 6, 6, 7, 7, 7, 7, 7, 7, 7, 7, 7, 6, 7, 7, 7, 8, 7, 7, 7, 8, 7, 7, 8, 8, 7, 7, 7, 7, 8, 8, 7, 8, 8, 8, 7, 7, 8, 7, 8, 8, 7, 7, 8, 8, 8, 8, 7, 6, 7, 7, 7, 7, 7, 7, 6, 7, 7, 8, 7, 7, 7, 7, 7, 7, 7, 8, 7, 7, 7, 7, 8, 7, 7, 8, 7, 8, 7, 7, 7, 7, 7, 7, 8, 7, 7, 8, 7, 8, 7, 8, 8, 8, 9, 8, 7, 7, 7, 7, 7, 7, 7, 7, 7, 7, 7, 7, 7, 7, 8, 7, 7, 7, 6, 8, 7, 8, 7, 7, 8, 7, 7, 7, 8, 8, 8, 8, 8, 7, 9, 8, 9, 8, 9, 8, 9, 8, 8, 8, 9, 8, 9, 8, 9, 8, 8, 8, 8, 9, 8, 9, 7, 9, 8, 8, 8, 8, 9, 9, 8, 8, 9, 7, 9, 8, 7, 8, 8, 7, 8, 8, 9, 9, 8, 7, 8, 7, 7, 8, 8, 7, 7, 7, 7, 8, 7, 8, 7, 7, 7, 7, 7, 7, 7, 7, 7, 7, 7, 7, 7, 7, 7, 7, 7, 6, 8, 8, 8, 7, 7, 7, 7, 7, 8, 8, 8, 7, 6, 7, 7, 7, 8, 7, 7, 7, 7, 7, 8, 7, 7, 7, 7, 7, 7, 7, 7, 7, 7, 7, 7, 7, 7, 7, 7, 7, 8, 8, 7, 7, 7, 7, 7, 7, 8, 7, 7, 7]

################################################################
################################################################
################### process_jail_list: ######################

[6, 6, 6, 7, 6, 6, 6, 6, 6, 6, 6, 6, 6, 7, 6, 6, 7, 7, 6, 6, 6, 7, 6, 7, 7, 6, 6, 7, 7, 6, 6, 7, 6, 6, 7, 7, 6, 7, 6, 7, 7, 7, 7, 6, 7, 7, 6, 7, 6, 6, 6, 7, 6, 6, 6, 7, 7, 7, 6, 6, 7, 6, 6, 7, 6, 7, 7, 6, 7, 6, 7, 7, 6, 6, 6, 7, 6, 6, 7, 7, 6, 7, 7, 6, 6, 7, 6, 6, 7, 6, 7, 7, 6, 6, 6, 6, 7, 7, 6, 6, 6, 7, 6, 6, 7, 6, 7, 6, 7, 6, 6, 7, 6, 6, 7, 7, 6, 7, 7, 7, 6, 6, 6, 6, 6, 7, 6, 6, 6, 7, 6, 6, 6, 6, 6, 6, 6, 6, 6, 6, 7, 7, 7, 7, 6, 7, 7, 7, 7, 6, 6, 6, 6, 6, 7, 7, 6, 7, 6, 7, 6, 6, 7, 6, 6, 7, 7, 7, 7, 7, 6, 6, 6, 6, 6, 6, 6, 6, 6, 7, 6, 6, 6, 6, 7, 6, 7, 6, 7, 7, 6, 6, 6, 7, 6, 7, 7, 6, 6, 7, 7, 7, 6, 7, 6, 6, 7, 7, 7, 6, 6, 6, 7, 6, 6, 6, 6, 7, 6, 6, 6, 6, 6, 7, 6, 6, 6, 6, 6, 6, 6, 7, 7, 6, 7, 6, 7, 6, 6, 6, 6, 6, 7, 6, 7, 7, 7, 6, 6, 6, 6, 7, 6, 6, 7, 6, 6, 7, 6, 6, 7, 6, 6, 6, 6, 6, 6, 6, 6, 6, 7, 7, 6, 6, 7, 6, 7, 6, 6, 6, 7, 7, 7, 6, 7, 7, 6, 6, 7, 6, 6, 6, 6, 6, 6, 6, 6, 6, 6, 6, 7, 7, 6, 6, 6, 6, 6, 6, 6, 6, 7, 7, 7, 6, 6, 6, 7, 7, 7, 6, 7, 6, 7, 7, 6, 7, 6, 6, 6, 6, 6, 7, 6, 6, 7, 6, 7, 7, 6, 6, 6, 6, 6, 6, 7, 6, 6, 7, 6, 7, 7, 7, 6, 6, 6, 6, 7, 7, 7, 7, 7, 6, 6, 6, 6, 7, 7, 7, 7, 7, 7, 7, 6, 7, 6, 7, 6, 6, 7, 6, 7, 6, 6, 6, 6, 6, 7, 6, 6, 6, 6, 7, 7, 7, 6, 7, 6, 6, 7, 6, 7, 6, 7, 7, 7, 7, 6, 7, 7, 7, 6, 7, 7, 6, 6, 6, 7, 7, 6, 6, 6, 7, 6, 7, 6, 6, 7, 7, 6, 6, 6, 7, 6, 6, 6, 6, 6, 6, 6, 6, 6, 7, 7, 6, 6, 6, 6, 7, 6, 6, 6, 6, 6, 6, 7, 7, 7, 6, 6, 6, 6, 6, 7, 7, 6, 7, 6, 6, 7, 6, 6, 7, 6, 6, 7, 7, 6, 7, 6, 7, 6, 6, 7, 6, 6, 7, 7, 7, 6, 7, 6, 6, 6, 7, 7, 6, 7, 7, 6, 6, 7, 6, 7, 7, 6, 6, 6, 7, 6, 6, 7, 7, 6, 7, 6, 6, 6, 7, 6, 6, 7, 6, 6, 7, 6, 6, 7, 6, 6, 7, 7, 6, 6, 7, 7, 7, 6, 7, 6, 6, 6, 6, 7, 7, 6, 6, 6, 7, 6, 6, 6, 6, 7, 7, 6, 6, 7, 6, 7, 6, 6, 6, 6, 6, 7, 6, 6, 6, 6, 6, 6, 7, 6, 6, 7, 6, 6, 6, 6, 7, 6, 6, 6, 6, 7, 6, 6, 7, 7, 7, 6, 6, 6, 6, 6, 6, 7, 6, 6, 6, 7, 7, 6, 6, 7, 6, 7, 7, 6, 6, 6, 6, 6, 6, 6, 6, 6, 6, 6, 6, 6, 6, 7, 6, 6, 6, 6, 7, 6, 7, 6, 6, 6, 6, 6, 6, 6, 7, 6, 6, 6, 6, 7, 6, 7, 7, 7, 6, 7, 7, 6, 6, 7, 7, 7, 7, 7, 6, 7, 6, 7, 7, 7, 7, 6, 6, 7, 6, 6, 7, 7, 6, 7, 6, 7, 6, 7, 7, 6, 7, 7, 6, 7, 6, 7, 7, 6, 7, 7, 6, 6, 7, 7, 6, 6, 6, 6, 7, 6, 6, 7, 6, 6, 6, 6, 7, 6, 6, 6, 6, 6, 6, 6, 6, 6, 6, 6, 6, 7, 7, 7, 6, 6, 7, 6, 6, 6, 7, 7, 6, 6, 6, 6, 6, 7, 6, 6, 6, 7, 6, 6, 6, 6, 6, 6, 6, 6, 6, 6, 6, 6, 6, 6, 6, 6, 6, 6, 6, 7, 7, 7, 6, 6, 6, 6, 6, 7, 6, 6, 6]

################################################################
