Numero total de amostras 770

Tempo total de processamento: 0:30:50

############## TEMPOS DE PROCESSAMENTO DO EXERCICIO NO JAIL  ####################
Soma 4783 segundos
Media 6.211688311688311 segundos
Desvio padr達o 0.43319232583470896 segundos
Minimo 5 segundos
Maximo 7 segundos

95% 5.305499999999999 segundos
99% 5.613099999999999 segundos

############## TEMPOS DE PROCESSAMENTO DO EXERCICIO NO JAIL COM DOWNLOAD  ################
Soma 5548 segundos
Media 7.205194805194806 segundos
Desvio padr達o 0.6699284908332805 segundos
Minimo 6 segundos
Maximo 12 segundos

95% 6.0 segundos
99% 6.0 segundos

################### TEMPOS DE DOWNLOAD DO EXERCICIO NO JAIL #######################
Soma 765 segundos
Media 0.9935064935064936 segundos
Desvio padr達o 0.5932165593790102 segundos
Minimo 0 segundos
Maximo 5 segundos

95% 0.0 segundos
99% 0.0 segundos

############################ TEMPOS DE ESPERA NA FILA ############################
Soma 478406
Media 621.3064935064936 segundos
Desvio padr達o 337.19852657072914 segundos
Minimo 5 segundos
Maximo 1190 segundos

95% 21.305500000000002 segundos
99% 21.6131 segundos

################### queue_wait_time_list: ######################

[25, 26, 6, 20, 5, 6, 29, 15, 32, 14, 15, 27, 22, 21, 31, 37, 42, 38, 48, 43, 46, 56, 50, 51, 61, 57, 59, 62, 76, 67, 68, 71, 83, 77, 84, 88, 78, 93, 81, 89, 106, 102, 96, 93, 99, 103, 109, 34, 40, 47, 54, 65, 110, 114, 114, 116, 121, 127, 124, 130, 134, 124, 128, 139, 137, 144, 141, 143, 153, 146, 156, 159, 148, 154, 160, 164, 170, 165, 169, 184, 174, 175, 178, 180, 185, 191, 181, 203, 198, 196, 192, 194, 200, 207, 67, 680, 694, 713, 734, 205, 1068, 207, 1078, 1090, 210, 1095, 212, 215, 217, 218, 219, 224, 224, 224, 228, 230, 72, 80, 90, 94, 97, 234, 237, 243, 240, 240, 251, 245, 247, 255, 252, 253, 257, 260, 269, 263, 263, 286, 270, 272, 277, 278, 282, 281, 286, 301, 290, 291, 295, 296, 302, 308, 296, 309, 313, 307, 326, 315, 318, 320, 323, 323, 329, 103, 687, 701, 709, 721, 330, 723, 333, 1072, 1085, 334, 335, 339, 1106, 1116, 687, 112, 118, 119, 124, 133, 139, 340, 344, 344, 349, 356, 350, 354, 364, 359, 359, 369, 364, 365, 369, 374, 381, 376, 378, 386, 384, 389, 395, 385, 406, 395, 395, 400, 400, 405, 421, 409, 416, 427, 409, 416, 422, 423, 432, 426, 429, 435, 708, 729, 1082, 1101, 436, 436, 441, 441, 442, 446, 448, 448, 142, 743, 756, 781, 795, 451, 804, 452, 1117, 1140, 452, 1177, 455, 1185, 456, 456, 458, 460, 459, 463, 150, 745, 160, 164, 170, 175, 467, 469, 477, 473, 475, 484, 479, 479, 488, 484, 486, 488, 493, 498, 495, 496, 505, 500, 501, 509, 505, 513, 509, 511, 521, 516, 517, 525, 522, 523, 526, 530, 535, 531, 534, 541, 538, 538, 548, 543, 544, 653, 750, 774, 789, 809, 548, 1125, 1150, 550, 1188, 552, 553, 555, 557, 557, 186, 785, 807, 1129, 1139, 1154, 559, 561, 563, 564, 1175, 190, 817, 193, 201, 566, 567, 570, 574, 578, 576, 577, 585, 581, 584, 588, 587, 588, 591, 596, 597, 597, 597, 605, 600, 603, 609, 608, 616, 613, 613, 621, 617, 617, 626, 622, 626, 629, 633, 640, 635, 636, 645, 640, 642, 648, 646, 649, 650, 232, 874, 665, 882, 666, 655, 668, 658, 658, 670, 659, 670, 662, 662, 664, 673, 675, 676, 677, 678, 679, 822, 843, 235, 241, 248, 258, 258, 265, 682, 683, 684, 689, 696, 692, 693, 701, 696, 697, 705, 702, 704, 707, 710, 717, 712, 712, 721, 717, 718, 724, 721, 730, 726, 729, 736, 733, 733, 741, 736, 738, 742, 746, 752, 747, 750, 758, 754, 754, 758, 761, 763, 763, 763, 767, 767, 768, 772, 770, 773, 776, 830, 851, 275, 281, 286, 291, 302, 305, 777, 780, 780, 785, 791, 787, 789, 798, 793, 794, 802, 798, 799, 802, 807, 812, 808, 810, 819, 814, 814, 825, 821, 830, 826, 827, 835, 832, 834, 839, 838, 839, 842, 845, 851, 846, 847, 857, 853, 855, 860, 834, 843, 856, 860, 861, 862, 864, 866, 868, 869, 870, 874, 874, 878, 313, 319, 328, 340, 877, 354, 879, 884, 881, 880, 891, 886, 887, 894, 892, 895, 896, 902, 907, 902, 903, 911, 908, 908, 915, 913, 920, 918, 920, 926, 921, 923, 931, 927, 930, 933, 938, 944, 940, 942, 952, 947, 948, 956, 953, 954, 955, 890, 899, 909, 915, 936, 961, 346, 348, 359, 371, 374, 379, 960, 963, 963, 968, 975, 970, 972, 981, 978, 977, 985, 981, 983, 990, 989, 986, 996, 994, 1003, 998, 999, 1008, 1003, 1012, 1008, 1009, 1017, 1013, 1016, 1023, 1021, 1021, 1025, 1029, 1034, 1030, 1031, 1040, 1034, 1038, 1043, 899, 919, 944, 1060, 959, 1042, 1044, 1047, 1048, 1048, 1051, 1052, 1051, 1055, 1056, 1057, 390, 905, 925, 935, 949, 958, 966, 1060, 1062, 1065, 1064, 1066, 1069, 1069, 391, 399, 405, 411, 417, 1072, 1074, 1077, 1078, 1081, 1087, 1081, 1085, 1093, 1090, 1090, 1096, 1094, 1102, 1097, 1099, 1108, 1103, 1105, 1113, 1109, 1111, 1115, 1119, 1125, 1120, 1122, 1135, 1127, 1129, 1131, 1133, 1138, 1143, 1133, 1149, 1144, 1147, 1155, 1151, 1153, 1158, 968, 989, 1012, 1035, 1159, 1161, 425, 973, 995, 1016, 1025, 1039, 1164, 1164, 1165, 1166, 1167, 1169, 1171, 1171, 1173, 1175, 432, 1186, 621, 464, 464, 469, 474, 482, 491, 492, 496, 503, 507, 512, 517, 526, 529, 535, 539, 545, 566, 571, 572, 580, 583, 592, 594, 597, 603, 609, 613, 631, 631, 638, 645, 653, 978, 987, 1000, 1005, 1026, 1179, 1183, 1181, 1181, 1184, 1189, 1190]

################################################################
################### jail_ex_download_list: ######################

[1, 2, 5, 1, 5, 5, 1, 1, 1, 3, 2, 1, 2, 2, 2, 2, 1, 1, 1, 2, 2, 1, 2, 2, 2, 1, 2, 1, 1, 1, 2, 2, 2, 3, 1, 1, 1, 1, 2, 1, 2, 1, 1, 1, 1, 2, 1, 2, 2, 1, 1, 1, 1, 1, 2, 1, 1, 1, 1, 2, 1, 1, 2, 2, 1, 1, 1, 2, 2, 1, 1, 1, 1, 2, 1, 2, 1, 1, 1, 2, 1, 1, 2, 2, 2, 1, 2, 2, 1, 1, 1, 2, 2, 1, 1, 1, 0, 1, 1, 1, 1, 1, 1, 1, 2, 1, 1, 1, 2, 3, 2, 1, 1, 2, 2, 1, 3, 1, 1, 1, 2, 1, 1, 1, 1, 2, 1, 1, 2, 1, 1, 2, 0, 1, 1, 1, 2, 2, 1, 1, 1, 1, 1, 1, 1, 1, 2, 1, 1, 2, 1, 1, 1, 1, 1, 2, 1, 1, 1, 1, 2, 2, 0, 2, 1, 1, 1, 1, 2, 1, 1, 1, 0, 2, 1, 0, 1, 1, 1, 1, 1, 1, 1, 2, 1, 2, 1, 1, 1, 1, 1, 1, 1, 1, 2, 1, 1, 1, 2, 1, 1, 1, 2, 1, 1, 2, 1, 1, 1, 1, 2, 1, 2, 2, 1, 1, 1, 1, 2, 2, 1, 2, 1, 1, 1, 2, 1, 1, 0, 1, 1, 1, 2, 3, 1, 1, 1, 1, 1, 1, 0, 1, 1, 1, 1, 1, 1, 1, 1, 1, 1, 1, 1, 1, 1, 1, 1, 0, 1, 0, 2, 1, 1, 2, 0, 1, 1, 0, 1, 0, 0, 1, 0, 1, 1, 0, 0, 1, 0, 1, 1, 1, 1, 0, 1, 1, 0, 1, 1, 0, 1, 0, 1, 0, 1, 1, 1, 1, 0, 1, 1, 1, 1, 1, 1, 1, 1, 2, 1, 2, 1, 1, 0, 1, 1, 1, 1, 1, 1, 1, 2, 1, 0, 1, 1, 1, 1, 1, 0, 1, 1, 1, 0, 3, 2, 1, 1, 1, 1, 1, 0, 1, 1, 0, 0, 1, 1, 1, 1, 1, 1, 1, 1, 0, 1, 1, 1, 1, 0, 1, 1, 1, 0, 1, 1, 1, 1, 0, 1, 1, 1, 1, 1, 1, 0, 1, 0, 1, 0, 1, 1, 1, 1, 1, 0, 1, 1, 1, 1, 1, 1, 0, 1, 1, 1, 0, 0, 1, 1, 1, 1, 1, 1, 2, 1, 1, 1, 1, 1, 1, 1, 1, 1, 0, 0, 1, 1, 1, 0, 1, 0, 0, 0, 0, 1, 1, 0, 1, 1, 1, 0, 1, 1, 1, 1, 0, 0, 1, 1, 1, 1, 0, 1, 1, 0, 1, 1, 1, 1, 0, 1, 1, 1, 1, 1, 1, 0, 1, 1, 0, 0, 0, 1, 1, 1, 2, 1, 1, 1, 1, 1, 1, 0, 0, 1, 1, 1, 1, 1, 1, 1, 1, 1, 1, 1, 0, 1, 1, 1, 0, 0, 0, 1, 1, 0, 0, 0, 1, 1, 0, 1, 1, 1, 1, 1, 1, 1, 1, 0, 0, 0, 1, 1, 1, 1, 0, 1, 1, 1, 1, 0, 1, 1, 1, 1, 2, 2, 1, 2, 1, 1, 1, 0, 0, 0, 1, 1, 1, 1, 0, 0, 1, 1, 1, 1, 1, 0, 1, 0, 1, 0, 1, 0, 0, 1, 1, 1, 1, 1, 1, 1, 1, 1, 1, 1, 1, 1, 0, 1, 1, 1, 1, 1, 1, 2, 0, 1, 1, 2, 1, 1, 2, 1, 0, 1, 1, 0, 1, 1, 1, 1, 1, 0, 1, 1, 1, 1, 1, 1, 1, 1, 1, 1, 1, 1, 1, 1, 1, 1, 1, 1, 0, 0, 0, 1, 1, 1, 1, 1, 1, 1, 1, 0, 1, 1, 1, 1, 1, 1, 1, 0, 0, 0, 1, 0, 1, 1, 1, 1, 1, 1, 1, 1, 1, 1, 1, 1, 1, 1, 1, 0, 1, 1, 1, 1, 1, 1, 2, 1, 0, 1, 1, 1, 1, 1, 0, 1, 0, 1, 1, 1, 0, 0, 1, 1, 1, 1, 1, 1, 0, 1, 1, 1, 1, 1, 1, 1, 1, 1, 1, 1, 1, 2, 1, 1, 0, 0, 1, 1, 1, 1, 1, 1, 1, 1, 1, 1, 1, 1, 1, 1, 1, 1, 1, 1, 1, 0, 1, 1, 1, 1, 1, 0, 1, 0, 1, 1, 1, 1, 1, 1, 1, 1, 1, 1, 1, 1, 1, 0, 1, 1, 1, 0, 1, 1, 1, 1, 1, 1, 1, 1, 1, 1, 1, 1, 1, 1, 1, 1, 1, 1, 1, 1, 1, 0, 0, 1, 0, 1, 1]

################################################################
################################################################
################### process_jail_download_list: ######################

[7, 8, 11, 7, 11, 12, 8, 8, 7, 9, 8, 8, 8, 8, 9, 8, 8, 8, 8, 8, 8, 7, 8, 8, 8, 7, 8, 7, 7, 7, 8, 8, 8, 9, 8, 8, 7, 7, 9, 8, 8, 7, 7, 8, 7, 8, 8, 8, 8, 7, 7, 7, 7, 7, 8, 8, 7, 7, 7, 8, 7, 7, 8, 8, 7, 7, 8, 8, 8, 8, 7, 8, 7, 9, 7, 8, 7, 8, 8, 8, 7, 8, 8, 8, 8, 7, 8, 8, 7, 7, 7, 8, 8, 7, 7, 7, 6, 7, 6, 8, 8, 8, 7, 7, 8, 7, 7, 7, 9, 10, 8, 7, 8, 9, 8, 8, 9, 7, 7, 7, 8, 8, 7, 8, 7, 8, 7, 8, 8, 7, 8, 8, 6, 7, 7, 8, 8, 8, 8, 7, 7, 7, 7, 8, 7, 7, 8, 7, 8, 9, 8, 8, 8, 8, 8, 8, 7, 8, 8, 7, 9, 8, 7, 9, 7, 7, 7, 7, 8, 7, 8, 7, 7, 8, 7, 7, 8, 7, 7, 7, 8, 7, 7, 8, 7, 9, 7, 7, 7, 7, 8, 8, 7, 8, 8, 7, 7, 7, 8, 7, 7, 8, 9, 8, 7, 9, 7, 8, 7, 8, 8, 8, 9, 8, 7, 8, 8, 8, 8, 9, 7, 8, 7, 7, 8, 8, 7, 7, 7, 7, 7, 8, 8, 9, 8, 7, 7, 7, 8, 7, 7, 8, 7, 7, 7, 7, 7, 8, 7, 7, 7, 7, 7, 7, 7, 7, 7, 7, 8, 7, 8, 8, 8, 8, 7, 7, 7, 7, 8, 7, 7, 7, 6, 7, 7, 7, 6, 7, 6, 7, 7, 7, 7, 6, 7, 7, 6, 7, 7, 7, 7, 7, 7, 6, 7, 7, 7, 7, 6, 7, 7, 7, 7, 7, 7, 7, 7, 8, 7, 8, 7, 7, 7, 7, 8, 7, 7, 7, 7, 8, 9, 7, 7, 7, 7, 7, 7, 8, 7, 7, 8, 8, 7, 9, 8, 7, 7, 7, 7, 7, 6, 7, 7, 6, 6, 7, 7, 7, 7, 7, 7, 6, 7, 6, 7, 7, 7, 7, 7, 7, 7, 7, 7, 7, 7, 8, 7, 7, 7, 7, 7, 7, 7, 7, 7, 7, 7, 7, 7, 8, 7, 7, 7, 7, 6, 7, 7, 6, 8, 7, 8, 6, 7, 7, 7, 6, 6, 6, 7, 7, 7, 7, 7, 8, 7, 8, 7, 8, 7, 7, 7, 7, 7, 6, 6, 7, 7, 7, 6, 7, 6, 7, 6, 6, 7, 7, 6, 7, 7, 7, 6, 7, 7, 7, 7, 6, 6, 7, 7, 7, 7, 6, 7, 7, 6, 7, 7, 7, 7, 6, 7, 7, 7, 7, 6, 7, 7, 7, 7, 7, 7, 6, 8, 8, 8, 8, 8, 7, 7, 7, 7, 7, 6, 7, 7, 7, 7, 7, 7, 7, 7, 7, 6, 8, 7, 7, 7, 7, 8, 7, 7, 7, 7, 7, 6, 7, 6, 7, 7, 6, 7, 7, 7, 7, 7, 7, 7, 8, 6, 7, 6, 7, 7, 7, 7, 7, 7, 8, 7, 7, 6, 7, 7, 7, 7, 8, 8, 7, 8, 7, 7, 7, 7, 6, 7, 7, 7, 7, 7, 7, 7, 7, 7, 7, 7, 7, 7, 7, 6, 7, 6, 7, 6, 7, 6, 7, 7, 7, 8, 7, 7, 7, 7, 7, 7, 7, 7, 6, 7, 7, 7, 6, 7, 7, 8, 7, 7, 8, 8, 8, 7, 8, 7, 7, 7, 7, 6, 7, 7, 7, 7, 7, 7, 7, 7, 7, 7, 7, 7, 7, 7, 7, 7, 7, 7, 7, 7, 7, 7, 7, 7, 6, 6, 6, 7, 7, 7, 7, 7, 7, 7, 7, 7, 7, 7, 7, 7, 7, 7, 7, 6, 7, 6, 7, 6, 7, 7, 7, 7, 8, 7, 7, 7, 7, 7, 7, 7, 8, 7, 7, 6, 7, 7, 7, 8, 7, 8, 8, 7, 6, 7, 7, 7, 7, 7, 7, 7, 6, 7, 7, 7, 6, 7, 7, 7, 7, 7, 7, 7, 6, 7, 8, 7, 8, 7, 7, 8, 7, 7, 8, 7, 8, 8, 7, 8, 7, 7, 8, 7, 7, 7, 7, 7, 7, 7, 7, 7, 7, 7, 7, 7, 7, 7, 8, 7, 7, 6, 7, 7, 7, 7, 7, 7, 7, 7, 7, 7, 7, 8, 7, 7, 7, 7, 7, 7, 7, 8, 7, 7, 7, 7, 7, 6, 7, 7, 7, 7, 7, 7, 7, 7, 7, 7, 7, 7, 7, 7, 7, 7, 7, 7, 7, 7, 8, 6, 7, 7, 7, 7, 7]

################################################################
################################################################
################### process_jail_list: ######################

[6, 6, 6, 6, 6, 7, 7, 7, 6, 6, 6, 7, 6, 6, 7, 6, 7, 7, 7, 6, 6, 6, 6, 6, 6, 6, 6, 6, 6, 6, 6, 6, 6, 6, 7, 7, 6, 6, 7, 7, 6, 6, 6, 7, 6, 6, 7, 6, 6, 6, 6, 6, 6, 6, 6, 7, 6, 6, 6, 6, 6, 6, 6, 6, 6, 6, 7, 6, 6, 7, 6, 7, 6, 7, 6, 6, 6, 7, 7, 6, 6, 7, 6, 6, 6, 6, 6, 6, 6, 6, 6, 6, 6, 6, 6, 6, 6, 6, 5, 7, 7, 7, 6, 6, 6, 6, 6, 6, 7, 7, 6, 6, 7, 7, 6, 7, 6, 6, 6, 6, 6, 7, 6, 7, 6, 6, 6, 7, 6, 6, 7, 6, 6, 6, 6, 7, 6, 6, 7, 6, 6, 6, 6, 7, 6, 6, 6, 6, 7, 7, 7, 7, 7, 7, 7, 6, 6, 7, 7, 6, 7, 6, 7, 7, 6, 6, 6, 6, 6, 6, 7, 6, 7, 6, 6, 7, 7, 6, 6, 6, 7, 6, 6, 6, 6, 7, 6, 6, 6, 6, 7, 7, 6, 7, 6, 6, 6, 6, 6, 6, 6, 7, 7, 7, 6, 7, 6, 7, 6, 7, 6, 7, 7, 6, 6, 7, 7, 7, 6, 7, 6, 6, 6, 6, 7, 6, 6, 6, 7, 6, 6, 7, 6, 6, 7, 6, 6, 6, 7, 6, 7, 7, 6, 6, 6, 6, 6, 7, 6, 6, 6, 6, 6, 6, 6, 6, 6, 7, 7, 7, 6, 7, 7, 6, 7, 6, 6, 7, 7, 7, 7, 6, 6, 6, 6, 7, 6, 6, 6, 6, 6, 6, 6, 6, 6, 6, 6, 6, 6, 7, 6, 7, 6, 6, 6, 6, 6, 6, 6, 6, 6, 6, 6, 6, 6, 6, 6, 6, 6, 6, 6, 6, 7, 6, 7, 6, 6, 6, 6, 7, 7, 6, 7, 6, 6, 6, 6, 7, 7, 6, 7, 7, 7, 6, 6, 6, 6, 6, 6, 6, 6, 6, 6, 6, 6, 6, 6, 6, 6, 6, 6, 5, 6, 6, 6, 6, 6, 6, 7, 6, 6, 6, 7, 6, 6, 7, 6, 7, 6, 6, 6, 6, 6, 6, 7, 6, 7, 6, 7, 7, 6, 6, 6, 6, 6, 6, 6, 5, 7, 6, 7, 6, 6, 6, 6, 6, 6, 5, 6, 6, 6, 6, 6, 6, 6, 7, 6, 7, 6, 6, 6, 6, 6, 6, 6, 6, 6, 6, 6, 6, 6, 7, 6, 6, 6, 6, 6, 6, 6, 6, 6, 6, 6, 6, 6, 6, 6, 6, 6, 6, 6, 6, 6, 6, 6, 6, 6, 6, 6, 6, 6, 6, 6, 6, 5, 6, 7, 6, 6, 7, 7, 6, 7, 7, 7, 6, 7, 6, 6, 6, 6, 6, 6, 7, 6, 6, 6, 6, 6, 6, 6, 6, 5, 7, 6, 7, 6, 6, 7, 7, 7, 7, 6, 6, 6, 7, 6, 6, 6, 6, 6, 6, 6, 6, 6, 6, 6, 7, 6, 7, 6, 6, 6, 6, 6, 7, 6, 7, 6, 6, 6, 6, 6, 6, 6, 6, 6, 6, 6, 6, 6, 6, 7, 6, 7, 6, 6, 6, 6, 7, 7, 6, 6, 6, 6, 6, 7, 6, 6, 6, 6, 6, 6, 7, 5, 6, 6, 6, 7, 6, 6, 6, 6, 6, 6, 6, 6, 6, 6, 6, 6, 5, 6, 6, 6, 7, 6, 7, 6, 7, 6, 6, 6, 7, 6, 6, 6, 6, 6, 6, 6, 6, 7, 6, 6, 6, 6, 6, 6, 6, 6, 6, 6, 6, 6, 6, 6, 6, 6, 6, 6, 6, 6, 6, 6, 6, 6, 6, 6, 6, 6, 6, 7, 6, 6, 6, 6, 6, 6, 6, 6, 7, 6, 6, 6, 6, 6, 6, 6, 7, 6, 6, 6, 6, 6, 6, 6, 7, 6, 6, 6, 6, 6, 6, 7, 6, 7, 6, 6, 6, 6, 6, 6, 6, 6, 7, 6, 6, 6, 6, 6, 6, 7, 6, 6, 6, 6, 6, 6, 6, 6, 7, 6, 7, 6, 6, 7, 6, 6, 7, 6, 7, 6, 6, 7, 7, 7, 7, 6, 6, 6, 6, 6, 6, 6, 6, 6, 6, 6, 6, 6, 6, 6, 7, 6, 6, 6, 6, 6, 6, 6, 6, 7, 6, 7, 6, 6, 6, 7, 6, 6, 6, 6, 6, 6, 6, 7, 6, 7, 6, 6, 6, 6, 6, 6, 6, 6, 6, 6, 6, 6, 6, 6, 6, 6, 6, 6, 6, 6, 6, 6, 6, 6, 7, 6, 7, 6, 7, 6, 6]

################################################################
