Numero total de amostras 770

Tempo total de processamento: 0:11:05

############## TEMPOS DE PROCESSAMENTO DO EXERCICIO NO JAIL  ####################
Soma 5044 segundos
Media 6.55064935064935 segundos
Desvio padrão 0.5970976070708274 segundos
Minimo 5 segundos
Maximo 8 segundos

95% 5.0 segundos
99% 5.0 segundos

############## TEMPOS DE PROCESSAMENTO DO EXERCICIO NO JAIL COM DOWNLOAD  ################
Soma 5741 segundos
Media 7.455844155844156 segundos
Desvio padrão 0.7985365683782267 segundos
Minimo 6 segundos
Maximo 12 segundos

95% 6.0 segundos
99% 6.0 segundos

################### TEMPOS DE DOWNLOAD DO EXERCICIO NO JAIL #######################
Soma 697 segundos
Media 0.9051948051948052 segundos
Desvio padrão 0.5900464661200897 segundos
Minimo 0 segundos
Maximo 4 segundos

95% 0.0 segundos
99% 0.0 segundos

############################ TEMPOS DE ESPERA NA FILA ############################
Soma 2614
Media 3.394805194805195 segundos
Desvio padrão 2.3697167403686468 segundos
Minimo 0 segundos
Maximo 11 segundos

95% 0.0 segundos
99% 0.0 segundos

################### queue_wait_time_list: ######################

[9, 7, 1, 0, 5, 8, 7, 2, 4, 6, 3, 10, 7, 6, 9, 7, 8, 6, 9, 5, 7, 5, 6, 6, 8, 6, 10, 9, 6, 9, 9, 8, 6, 9, 5, 8, 6, 8, 8, 5, 7, 7, 8, 7, 8, 7, 8, 11, 3, 7, 7, 9, 7, 7, 8, 8, 6, 7, 7, 7, 6, 7, 5, 7, 8, 8, 7, 5, 6, 8, 6, 8, 6, 6, 7, 6, 9, 8, 5, 9, 3, 9, 6, 5, 6, 5, 6, 8, 7, 6, 4, 8, 4, 6, 7, 5, 7, 6, 6, 6, 7, 7, 7, 7, 3, 7, 1, 5, 7, 8, 3, 6, 2, 7, 4, 3, 7, 7, 6, 7, 6, 7, 7, 6, 6, 9, 9, 8, 6, 6, 7, 8, 7, 6, 6, 8, 5, 8, 8, 6, 7, 6, 4, 5, 6, 9, 6, 9, 6, 7, 6, 9, 3, 6, 8, 6, 7, 9, 7, 8, 6, 7, 7, 6, 5, 7, 8, 9, 6, 7, 7, 7, 5, 7, 7, 8, 6, 6, 7, 6, 7, 7, 6, 7, 5, 3, 5, 6, 6, 3, 5, 6, 7, 4, 6, 4, 5, 2, 5, 5, 4, 5, 5, 5, 4, 7, 4, 5, 4, 4, 7, 5, 2, 6, 6, 4, 4, 6, 5, 5, 5, 5, 4, 5, 3, 5, 4, 3, 5, 5, 5, 3, 3, 2, 4, 5, 3, 4, 3, 5, 3, 5, 3, 2, 1, 2, 3, 3, 4, 1, 1, 1, 4, 3, 2, 0, 4, 3, 4, 2, 4, 2, 4, 4, 3, 3, 4, 3, 4, 2, 4, 1, 2, 2, 4, 5, 2, 3, 2, 2, 4, 4, 4, 3, 1, 1, 3, 0, 3, 1, 2, 1, 3, 1, 2, 1, 2, 5, 1, 1, 0, 3, 1, 1, 3, 4, 1, 4, 1, 3, 2, 1, 2, 0, 4, 4, 3, 0, 3, 3, 4, 3, 5, 1, 3, 1, 3, 3, 2, 2, 4, 1, 1, 2, 4, 2, 3, 2, 2, 1, 2, 1, 4, 4, 5, 0, 3, 2, 3, 4, 4, 3, 3, 4, 4, 4, 3, 2, 2, 1, 5, 4, 3, 1, 4, 3, 3, 5, 2, 4, 2, 2, 3, 3, 5, 5, 3, 1, 3, 2, 2, 2, 0, 4, 1, 3, 5, 0, 2, 1, 4, 2, 0, 0, 2, 1, 1, 3, 4, 2, 4, 3, 1, 2, 1, 3, 1, 4, 3, 3, 4, 3, 1, 0, 2, 3, 1, 3, 2, 3, 2, 3, 2, 2, 0, 1, 2, 1, 2, 1, 3, 3, 2, 1, 1, 3, 1, 2, 1, 2, 2, 4, 2, 3, 2, 1, 2, 1, 3, 2, 3, 3, 2, 0, 2, 2, 1, 1, 2, 1, 2, 2, 3, 0, 1, 2, 1, 5, 2, 1, 0, 5, 4, 4, 1, 2, 5, 3, 4, 4, 3, 3, 2, 5, 2, 3, 2, 4, 3, 4, 4, 2, 2, 3, 2, 4, 2, 4, 2, 1, 4, 1, 3, 1, 6, 3, 4, 5, 0, 2, 4, 3, 4, 4, 3, 1, 2, 5, 5, 4, 4, 4, 3, 2, 3, 5, 2, 5, 4, 5, 3, 3, 3, 1, 1, 5, 1, 4, 2, 2, 5, 3, 4, 4, 4, 5, 3, 2, 3, 3, 4, 4, 3, 3, 4, 3, 3, 2, 5, 4, 3, 1, 3, 2, 4, 5, 5, 3, 6, 1, 3, 2, 4, 3, 1, 2, 4, 1, 2, 3, 4, 3, 1, 1, 3, 1, 1, 2, 2, 2, 3, 2, 4, 2, 0, 2, 1, 3, 2, 0, 3, 1, 0, 0, 2, 2, 2, 2, 1, 1, 0, 2, 3, 3, 2, 1, 2, 2, 1, 3, 2, 1, 2, 1, 2, 0, 1, 1, 1, 1, 1, 1, 2, 1, 0, 3, 1, 1, 3, 2, 1, 1, 1, 1, 1, 1, 1, 1, 1, 1, 0, 1, 0, 1, 0, 2, 1, 1, 1, 0, 0, 0, 1, 2, 1, 2, 2, 1, 2, 2, 1, 1, 0, 1, 2, 2, 0, 1, 3, 0, 1, 2, 1, 1, 1, 2, 1, 1, 1, 0, 0, 0, 2, 0, 1, 1, 0, 1, 2, 1, 0, 0, 1, 2, 1, 2, 2, 1, 1, 2, 2, 2, 1, 1, 2, 1, 2, 1, 2, 0, 2, 1, 2, 1, 0, 1, 1, 1, 1, 1, 1, 1, 1, 1, 1, 0, 2, 1, 1, 3, 1, 2, 1, 1, 0, 2, 3, 1, 1, 2, 3, 2, 1, 3, 0, 2, 2, 1, 2, 1, 2, 3, 3, 3, 1, 2, 1, 1, 2, 1]

################################################################
################### jail_ex_download_list: ######################

[1, 3, 1, 1, 4, 1, 1, 4, 4, 4, 4, 1, 1, 1, 0, 0, 1, 0, 0, 1, 3, 2, 2, 1, 2, 1, 1, 2, 1, 1, 1, 1, 2, 0, 0, 1, 2, 1, 1, 2, 1, 1, 1, 1, 0, 0, 1, 0, 1, 1, 1, 1, 1, 0, 0, 1, 1, 1, 1, 1, 1, 2, 1, 1, 1, 1, 1, 1, 1, 1, 1, 1, 1, 1, 1, 2, 1, 1, 1, 1, 1, 0, 2, 2, 2, 2, 0, 1, 0, 1, 2, 2, 1, 0, 1, 0, 1, 1, 1, 2, 0, 1, 2, 1, 2, 2, 1, 2, 1, 1, 0, 2, 1, 1, 1, 1, 1, 2, 1, 1, 1, 1, 1, 1, 1, 1, 0, 1, 1, 1, 1, 1, 1, 1, 1, 1, 1, 0, 0, 1, 1, 1, 1, 1, 1, 0, 1, 1, 0, 1, 1, 1, 1, 1, 1, 1, 1, 0, 1, 1, 1, 0, 1, 1, 1, 1, 0, 0, 1, 1, 1, 1, 0, 1, 1, 0, 1, 1, 1, 1, 0, 1, 0, 1, 1, 1, 1, 0, 0, 0, 0, 0, 1, 1, 0, 2, 0, 1, 2, 2, 1, 1, 0, 1, 1, 1, 1, 0, 1, 0, 0, 0, 1, 0, 1, 1, 1, 2, 1, 1, 0, 1, 1, 1, 1, 0, 1, 0, 1, 1, 1, 1, 1, 1, 0, 0, 1, 0, 1, 0, 1, 1, 1, 2, 1, 1, 2, 1, 1, 1, 2, 1, 1, 0, 1, 2, 0, 1, 1, 1, 1, 1, 2, 1, 2, 1, 0, 0, 1, 1, 0, 1, 0, 2, 0, 1, 1, 1, 1, 1, 1, 1, 1, 1, 1, 2, 0, 1, 0, 1, 1, 1, 1, 0, 1, 1, 1, 1, 1, 1, 2, 0, 1, 0, 0, 1, 2, 0, 0, 1, 1, 1, 0, 1, 0, 1, 1, 1, 2, 1, 0, 0, 2, 1, 2, 2, 1, 2, 1, 1, 1, 1, 1, 1, 1, 2, 1, 1, 2, 1, 2, 1, 1, 1, 1, 1, 0, 2, 2, 0, 1, 0, 0, 1, 1, 1, 1, 1, 1, 2, 0, 1, 1, 1, 0, 1, 1, 0, 1, 0, 1, 1, 1, 1, 1, 1, 1, 1, 1, 1, 0, 1, 1, 1, 1, 1, 0, 1, 1, 2, 1, 1, 1, 1, 1, 1, 1, 1, 0, 1, 0, 1, 1, 1, 1, 1, 1, 0, 1, 0, 1, 1, 1, 0, 0, 0, 0, 1, 1, 1, 1, 1, 1, 1, 1, 1, 1, 1, 1, 1, 0, 0, 1, 1, 1, 1, 0, 0, 1, 0, 1, 1, 1, 0, 1, 0, 1, 1, 0, 0, 1, 0, 1, 1, 0, 1, 1, 1, 1, 1, 1, 1, 1, 1, 0, 0, 1, 1, 1, 1, 1, 1, 1, 1, 1, 0, 0, 1, 1, 1, 1, 1, 1, 2, 1, 1, 1, 1, 1, 1, 0, 1, 1, 1, 1, 1, 1, 1, 1, 1, 1, 1, 1, 1, 0, 1, 1, 0, 2, 2, 2, 1, 1, 2, 1, 1, 1, 1, 1, 2, 2, 1, 1, 1, 1, 1, 1, 1, 1, 0, 1, 1, 1, 1, 1, 1, 1, 1, 1, 1, 1, 1, 1, 1, 2, 0, 2, 1, 1, 1, 0, 1, 1, 1, 1, 1, 1, 2, 1, 1, 1, 1, 0, 1, 1, 1, 0, 1, 1, 2, 1, 1, 1, 0, 1, 0, 1, 1, 1, 1, 1, 1, 1, 1, 1, 1, 1, 1, 1, 1, 1, 1, 0, 1, 2, 1, 1, 1, 1, 1, 0, 1, 1, 1, 1, 1, 0, 1, 1, 1, 1, 1, 1, 1, 1, 1, 1, 0, 1, 1, 1, 1, 1, 0, 0, 1, 0, 1, 1, 0, 1, 1, 1, 1, 1, 0, 1, 1, 0, 0, 0, 1, 0, 0, 1, 0, 1, 1, 0, 1, 1, 1, 1, 1, 1, 1, 0, 1, 1, 1, 1, 1, 0, 1, 1, 1, 1, 0, 0, 1, 0, 1, 1, 0, 1, 1, 1, 1, 0, 1, 1, 1, 1, 1, 1, 0, 2, 1, 1, 1, 1, 1, 0, 1, 1, 1, 1, 1, 1, 1, 1, 1, 1, 0, 1, 1, 1, 1, 1, 1, 0, 1, 0, 1, 1, 1, 2, 0, 0, 1, 0, 0, 0, 0, 1, 0, 0, 2, 1, 1, 1, 0, 1, 1, 1, 2, 0, 1, 1, 0, 1, 1, 1, 1, 1, 1, 0, 1, 0, 0, 0, 1, 2, 1, 1, 1, 1, 1, 1, 1, 1, 1, 1, 1, 1, 1, 1, 1, 0, 1]

################################################################
################################################################
################### process_jail_download_list: ######################

[8, 11, 8, 8, 11, 8, 8, 11, 12, 12, 12, 7, 8, 8, 7, 6, 7, 6, 8, 8, 10, 8, 8, 7, 8, 8, 7, 9, 7, 8, 8, 8, 9, 7, 6, 8, 9, 7, 8, 9, 8, 7, 7, 7, 7, 8, 8, 7, 8, 8, 8, 8, 7, 7, 7, 7, 7, 8, 7, 7, 8, 9, 8, 8, 8, 7, 7, 7, 7, 8, 7, 7, 8, 8, 7, 9, 8, 8, 8, 7, 8, 6, 9, 9, 9, 9, 7, 7, 6, 8, 8, 9, 7, 7, 7, 7, 7, 7, 8, 8, 7, 8, 8, 8, 9, 9, 7, 9, 7, 8, 7, 9, 7, 7, 7, 8, 7, 9, 7, 8, 8, 8, 8, 8, 8, 8, 7, 7, 7, 7, 8, 7, 9, 9, 8, 8, 8, 8, 7, 8, 9, 9, 9, 9, 7, 7, 8, 7, 7, 8, 7, 7, 8, 7, 7, 8, 7, 7, 7, 7, 7, 7, 7, 7, 8, 7, 7, 7, 7, 7, 7, 7, 7, 7, 7, 6, 7, 8, 7, 7, 7, 7, 7, 7, 8, 8, 8, 7, 8, 7, 7, 7, 7, 8, 6, 9, 6, 8, 9, 9, 8, 7, 8, 7, 7, 7, 8, 7, 7, 7, 7, 7, 8, 7, 7, 7, 7, 8, 7, 7, 7, 8, 8, 7, 7, 7, 8, 7, 7, 8, 8, 7, 7, 7, 6, 6, 7, 7, 7, 7, 7, 7, 8, 9, 8, 8, 8, 7, 8, 7, 8, 7, 8, 7, 7, 8, 7, 8, 8, 8, 8, 7, 9, 8, 9, 7, 7, 7, 7, 8, 7, 8, 7, 8, 7, 7, 7, 8, 7, 7, 7, 8, 8, 8, 8, 8, 7, 8, 7, 7, 8, 7, 8, 7, 8, 8, 7, 7, 7, 7, 8, 6, 8, 7, 7, 8, 9, 7, 7, 7, 7, 8, 7, 7, 7, 8, 7, 7, 8, 8, 7, 7, 8, 7, 9, 8, 8, 9, 8, 8, 8, 8, 7, 7, 8, 8, 8, 7, 10, 9, 9, 8, 8, 7, 8, 8, 7, 9, 9, 7, 8, 7, 7, 7, 8, 9, 7, 9, 7, 8, 7, 8, 8, 8, 7, 7, 8, 7, 9, 7, 8, 7, 7, 7, 8, 7, 7, 7, 8, 7, 6, 8, 8, 7, 8, 8, 7, 8, 8, 8, 7, 8, 8, 7, 8, 7, 7, 8, 7, 8, 8, 8, 7, 8, 8, 8, 8, 7, 7, 7, 8, 7, 7, 7, 7, 6, 7, 7, 7, 7, 7, 7, 6, 7, 8, 8, 7, 7, 8, 8, 7, 7, 8, 8, 7, 7, 7, 6, 8, 7, 7, 7, 7, 7, 7, 7, 7, 7, 8, 6, 7, 7, 7, 7, 7, 7, 8, 7, 7, 8, 9, 7, 7, 8, 7, 8, 7, 8, 7, 7, 8, 7, 8, 8, 8, 7, 7, 8, 7, 7, 7, 8, 7, 9, 8, 8, 8, 7, 8, 7, 8, 8, 8, 7, 7, 8, 8, 7, 7, 8, 9, 8, 8, 7, 7, 7, 8, 7, 9, 9, 9, 8, 8, 8, 8, 7, 8, 8, 8, 8, 9, 7, 7, 7, 8, 8, 8, 7, 7, 7, 8, 8, 8, 8, 8, 7, 8, 9, 8, 8, 8, 7, 7, 8, 8, 7, 8, 7, 7, 7, 7, 7, 7, 8, 7, 8, 8, 8, 8, 9, 8, 8, 7, 8, 7, 7, 7, 9, 8, 9, 7, 7, 7, 6, 7, 6, 7, 7, 7, 7, 7, 7, 7, 8, 7, 7, 9, 8, 7, 6, 7, 8, 7, 7, 8, 7, 7, 7, 7, 7, 8, 7, 8, 7, 7, 8, 7, 8, 8, 7, 9, 8, 7, 7, 8, 8, 7, 6, 7, 7, 7, 7, 7, 6, 7, 8, 7, 7, 7, 6, 7, 7, 7, 7, 7, 7, 7, 7, 7, 7, 7, 7, 6, 6, 7, 6, 6, 7, 6, 6, 7, 7, 7, 6, 7, 7, 7, 7, 6, 7, 6, 7, 7, 7, 7, 7, 8, 7, 7, 8, 6, 7, 7, 6, 7, 6, 7, 7, 7, 8, 7, 8, 7, 7, 7, 6, 8, 7, 7, 7, 7, 8, 7, 7, 8, 8, 7, 7, 7, 7, 7, 7, 7, 7, 7, 7, 7, 7, 7, 7, 6, 8, 6, 7, 7, 7, 8, 7, 7, 7, 7, 6, 7, 7, 7, 6, 6, 8, 7, 7, 7, 7, 6, 8, 7, 8, 6, 7, 7, 7, 7, 7, 7, 7, 8, 7, 7, 7, 8, 6, 7, 8, 9, 8, 7, 8, 7, 8, 7, 8, 7, 7, 7, 7, 8, 8, 7, 8, 6, 7]

################################################################
################################################################
################### process_jail_list: ######################

[7, 8, 7, 7, 7, 7, 7, 7, 8, 8, 8, 6, 7, 7, 7, 6, 6, 6, 8, 7, 7, 6, 6, 6, 6, 7, 6, 7, 6, 7, 7, 7, 7, 7, 6, 7, 7, 6, 7, 7, 7, 6, 6, 6, 7, 8, 7, 7, 7, 7, 7, 7, 6, 7, 7, 6, 6, 7, 6, 6, 7, 7, 7, 7, 7, 6, 6, 6, 6, 7, 6, 6, 7, 7, 6, 7, 7, 7, 7, 6, 7, 6, 7, 7, 7, 7, 7, 6, 6, 7, 6, 7, 6, 7, 6, 7, 6, 6, 7, 6, 7, 7, 6, 7, 7, 7, 6, 7, 6, 7, 7, 7, 6, 6, 6, 7, 6, 7, 6, 7, 7, 7, 7, 7, 7, 7, 7, 6, 6, 6, 7, 6, 8, 8, 7, 7, 7, 8, 7, 7, 8, 8, 8, 8, 6, 7, 7, 6, 7, 7, 6, 6, 7, 6, 6, 7, 6, 7, 6, 6, 6, 7, 6, 6, 7, 6, 7, 7, 6, 6, 6, 6, 7, 6, 6, 6, 6, 7, 6, 6, 7, 6, 7, 6, 7, 7, 7, 7, 8, 7, 7, 7, 6, 7, 6, 7, 6, 7, 7, 7, 7, 6, 8, 6, 6, 6, 7, 7, 6, 7, 7, 7, 7, 7, 6, 6, 6, 6, 6, 6, 7, 7, 7, 6, 6, 7, 7, 7, 6, 7, 7, 6, 6, 6, 6, 6, 6, 7, 6, 7, 6, 6, 7, 7, 7, 7, 6, 6, 7, 6, 6, 6, 7, 7, 6, 6, 7, 7, 7, 7, 7, 6, 7, 7, 7, 6, 7, 7, 6, 7, 7, 7, 7, 6, 7, 6, 6, 7, 6, 6, 6, 7, 7, 7, 7, 6, 7, 7, 7, 6, 7, 6, 7, 7, 7, 7, 6, 6, 6, 6, 6, 6, 7, 7, 7, 7, 7, 7, 7, 6, 6, 7, 7, 6, 7, 7, 6, 6, 6, 7, 7, 7, 6, 6, 7, 6, 7, 7, 7, 7, 7, 7, 6, 6, 7, 6, 7, 6, 8, 8, 7, 7, 7, 6, 7, 7, 7, 7, 7, 7, 7, 7, 7, 6, 7, 8, 6, 8, 6, 6, 7, 7, 7, 7, 7, 6, 7, 7, 8, 7, 7, 6, 6, 6, 7, 6, 6, 6, 7, 6, 6, 7, 7, 6, 7, 7, 7, 7, 7, 6, 6, 7, 7, 6, 7, 6, 6, 7, 7, 7, 8, 7, 6, 7, 7, 7, 7, 7, 6, 7, 7, 6, 6, 7, 7, 6, 7, 6, 6, 6, 6, 6, 5, 6, 7, 7, 6, 6, 7, 7, 7, 7, 7, 7, 6, 6, 7, 6, 7, 7, 6, 6, 6, 7, 6, 7, 6, 6, 8, 6, 6, 7, 6, 6, 7, 6, 7, 6, 6, 7, 8, 6, 6, 7, 7, 8, 6, 7, 6, 6, 7, 6, 7, 7, 7, 7, 7, 7, 6, 6, 6, 7, 6, 7, 7, 7, 7, 6, 7, 6, 8, 7, 7, 6, 6, 7, 7, 6, 6, 7, 8, 7, 7, 6, 7, 6, 7, 7, 7, 7, 7, 7, 7, 6, 7, 6, 7, 7, 7, 6, 7, 6, 6, 6, 7, 7, 7, 6, 6, 7, 7, 7, 7, 7, 7, 6, 7, 8, 7, 7, 7, 6, 6, 7, 6, 7, 6, 6, 6, 6, 7, 6, 6, 7, 6, 7, 7, 6, 7, 8, 7, 7, 7, 7, 6, 6, 7, 8, 7, 7, 6, 6, 6, 6, 6, 6, 6, 6, 6, 6, 6, 6, 6, 7, 6, 6, 8, 7, 6, 5, 6, 7, 7, 6, 6, 6, 6, 6, 6, 6, 8, 6, 7, 6, 6, 7, 7, 7, 7, 6, 8, 7, 6, 6, 7, 7, 6, 6, 6, 6, 6, 6, 6, 6, 7, 7, 7, 6, 6, 6, 6, 6, 6, 6, 6, 7, 6, 6, 7, 7, 7, 6, 6, 6, 6, 6, 5, 6, 6, 5, 6, 6, 6, 5, 6, 6, 7, 6, 5, 6, 5, 6, 7, 6, 6, 6, 7, 7, 7, 7, 6, 6, 6, 6, 6, 5, 6, 6, 7, 7, 6, 7, 6, 6, 6, 6, 6, 6, 6, 6, 6, 7, 7, 6, 7, 7, 6, 6, 6, 6, 6, 6, 6, 7, 6, 6, 6, 6, 6, 6, 6, 7, 6, 6, 6, 6, 6, 7, 7, 6, 7, 6, 7, 7, 6, 6, 6, 6, 6, 6, 6, 7, 5, 7, 6, 6, 6, 6, 6, 7, 6, 6, 6, 6, 7, 6, 7, 6, 8, 6, 7, 7, 7, 7, 6, 7, 6, 7, 6, 7, 6, 6, 6, 6, 7, 7, 6, 7, 6, 6]

################################################################
Numero total de amostras 770

Tempo total de processamento: 0:10:54

############## TEMPOS DE PROCESSAMENTO DO EXERCICIO NO JAIL  ####################
Soma 4592 segundos
Media 5.963636363636364 segundos
Desvio padrão 0.46568176272238904 segundos
Minimo 5 segundos
Maximo 8 segundos

95% 5.0 segundos
99% 5.0 segundos

############## TEMPOS DE PROCESSAMENTO DO EXERCICIO NO JAIL COM DOWNLOAD  ################
Soma 5139 segundos
Media 6.674025974025974 segundos
Desvio padrão 0.7839133594789068 segundos
Minimo 6 segundos
Maximo 12 segundos

95% 6.0 segundos
99% 6.0 segundos

################### TEMPOS DE DOWNLOAD DO EXERCICIO NO JAIL #######################
Soma 547 segundos
Media 0.7103896103896103 segundos
Desvio padrão 0.6369742630908316 segundos
Minimo 0 segundos
Maximo 5 segundos

95% 0.0 segundos
99% 0.0 segundos

############################ TEMPOS DE ESPERA NA FILA ############################
Soma 1318
Media 1.7116883116883117 segundos
Desvio padrão 1.8959953713827844 segundos
Minimo 0 segundos
Maximo 10 segundos

95% 0.0 segundos
99% 0.0 segundos

################### queue_wait_time_list: ######################

[9, 8, 7, 9, 10, 8, 7, 6, 6, 7, 5, 8, 8, 4, 8, 1, 3, 2, 1, 6, 10, 8, 9, 7, 7, 8, 8, 4, 6, 9, 9, 9, 6, 6, 5, 6, 8, 7, 6, 6, 7, 6, 6, 6, 7, 6, 8, 8, 6, 5, 5, 1, 7, 6, 3, 3, 3, 5, 7, 5, 3, 5, 6, 4, 5, 5, 4, 6, 3, 2, 5, 4, 3, 1, 4, 1, 4, 3, 3, 1, 1, 3, 3, 1, 4, 3, 2, 2, 1, 3, 2, 2, 0, 1, 1, 1, 6, 1, 4, 3, 4, 6, 3, 4, 3, 3, 3, 4, 5, 5, 6, 5, 5, 4, 4, 6, 5, 5, 7, 4, 3, 2, 4, 3, 4, 4, 4, 6, 2, 3, 2, 0, 4, 5, 5, 4, 3, 5, 2, 3, 2, 1, 3, 4, 2, 1, 3, 4, 1, 1, 2, 3, 1, 0, 3, 4, 3, 6, 0, 4, 5, 5, 3, 3, 2, 1, 1, 4, 4, 5, 3, 1, 4, 2, 2, 3, 1, 2, 1, 1, 1, 1, 2, 1, 0, 2, 1, 1, 2, 4, 1, 1, 3, 3, 1, 1, 2, 1, 2, 1, 2, 1, 1, 3, 1, 1, 4, 4, 1, 1, 3, 0, 2, 3, 0, 2, 1, 1, 2, 0, 0, 0, 1, 1, 1, 0, 0, 0, 0, 1, 0, 0, 1, 1, 1, 1, 0, 2, 0, 1, 1, 1, 1, 1, 1, 1, 1, 0, 1, 0, 1, 1, 2, 1, 2, 1, 0, 1, 1, 1, 1, 1, 0, 2, 1, 1, 1, 0, 1, 2, 2, 0, 1, 0, 1, 1, 1, 1, 0, 0, 1, 1, 1, 2, 2, 1, 2, 0, 1, 0, 1, 0, 2, 1, 1, 1, 0, 0, 0, 0, 0, 0, 0, 0, 0, 1, 2, 1, 0, 1, 0, 0, 3, 1, 1, 1, 1, 0, 3, 1, 1, 2, 1, 0, 2, 1, 1, 2, 1, 2, 0, 0, 1, 0, 1, 0, 1, 1, 3, 2, 1, 1, 0, 1, 1, 1, 1, 1, 0, 1, 1, 1, 1, 1, 1, 0, 0, 1, 0, 1, 1, 0, 0, 1, 1, 1, 0, 1, 1, 0, 0, 1, 0, 2, 1, 2, 1, 1, 1, 1, 0, 0, 1, 1, 1, 1, 2, 1, 1, 1, 0, 1, 1, 1, 1, 1, 2, 3, 1, 1, 2, 1, 0, 0, 1, 1, 1, 1, 1, 1, 1, 2, 1, 1, 1, 0, 1, 1, 0, 1, 1, 0, 0, 1, 0, 1, 1, 1, 0, 1, 1, 0, 2, 1, 0, 1, 0, 0, 1, 2, 0, 1, 1, 1, 1, 2, 3, 1, 3, 0, 2, 2, 1, 1, 1, 1, 0, 2, 2, 3, 2, 1, 3, 2, 1, 1, 0, 1, 2, 1, 1, 2, 1, 0, 0, 1, 0, 1, 0, 2, 1, 1, 1, 1, 0, 1, 2, 1, 0, 1, 2, 1, 1, 0, 1, 2, 1, 1, 1, 1, 0, 0, 0, 2, 0, 1, 1, 0, 1, 2, 0, 0, 2, 1, 1, 0, 0, 0, 0, 0, 1, 0, 2, 1, 1, 1, 2, 0, 0, 2, 0, 1, 0, 1, 0, 2, 1, 1, 0, 0, 1, 1, 0, 1, 1, 0, 1, 1, 1, 0, 2, 0, 1, 1, 2, 1, 1, 0, 0, 2, 1, 1, 0, 1, 2, 2, 2, 2, 2, 2, 2, 3, 1, 0, 1, 1, 1, 2, 0, 2, 3, 1, 1, 0, 1, 0, 0, 2, 2, 1, 2, 2, 0, 2, 2, 2, 1, 2, 2, 1, 3, 2, 0, 1, 0, 1, 1, 1, 1, 1, 1, 1, 1, 2, 1, 1, 1, 1, 1, 0, 1, 2, 2, 1, 2, 0, 0, 0, 1, 1, 1, 1, 1, 0, 1, 1, 1, 1, 0, 0, 0, 0, 1, 1, 2, 0, 2, 0, 1, 1, 1, 1, 0, 2, 1, 1, 0, 1, 1, 2, 2, 1, 0, 1, 1, 1, 2, 0, 1, 1, 0, 0, 1, 0, 1, 1, 2, 1, 1, 2, 2, 1, 1, 2, 1, 0, 0, 1, 1, 1, 1, 1, 0, 1, 0, 0, 0, 1, 1, 0, 1, 1, 2, 0, 1, 0, 1, 0, 1, 1, 0, 2, 1, 1, 0, 1, 0, 2, 2, 1, 0, 1, 1, 2, 1, 1, 2, 1, 0, 0, 0, 1, 1, 0, 1, 1, 0, 1, 1, 0, 2, 1, 1, 1, 0, 1, 1, 1, 1, 1, 1, 1, 1, 0, 1, 1, 1, 0, 0, 0, 0, 1, 1, 1, 1, 1, 0, 0, 1, 1]

################################################################
################### jail_ex_download_list: ######################

[1, 1, 2, 0, 1, 1, 2, 2, 4, 4, 4, 1, 1, 4, 1, 5, 4, 5, 5, 1, 0, 2, 2, 1, 0, 3, 2, 2, 1, 0, 1, 1, 1, 1, 1, 2, 0, 0, 1, 1, 1, 0, 1, 1, 0, 1, 1, 0, 1, 1, 0, 0, 0, 1, 1, 1, 1, 1, 1, 0, 0, 0, 1, 1, 1, 1, 1, 1, 1, 1, 1, 1, 1, 1, 0, 1, 1, 1, 0, 1, 0, 1, 0, 1, 0, 0, 1, 0, 1, 1, 1, 1, 1, 1, 1, 0, 1, 0, 1, 1, 1, 1, 1, 1, 1, 1, 0, 1, 1, 1, 1, 1, 1, 1, 1, 1, 1, 1, 1, 1, 1, 1, 1, 1, 1, 1, 1, 1, 1, 0, 0, 1, 1, 0, 1, 2, 2, 1, 1, 1, 1, 1, 1, 1, 1, 0, 1, 0, 0, 1, 1, 1, 2, 0, 0, 0, 1, 1, 1, 1, 1, 0, 0, 1, 2, 2, 2, 0, 1, 1, 0, 1, 1, 0, 0, 1, 1, 1, 1, 1, 1, 1, 1, 0, 1, 1, 0, 1, 1, 0, 0, 1, 1, 1, 0, 1, 1, 1, 1, 1, 1, 0, 0, 0, 0, 1, 1, 0, 0, 1, 1, 1, 0, 0, 1, 1, 1, 0, 0, 0, 1, 1, 1, 0, 1, 1, 1, 0, 1, 0, 1, 1, 0, 0, 1, 1, 1, 0, 1, 0, 1, 1, 0, 0, 1, 1, 0, 1, 1, 0, 0, 1, 0, 1, 0, 1, 0, 1, 1, 0, 0, 0, 1, 0, 1, 1, 0, 0, 0, 0, 1, 1, 0, 1, 1, 0, 0, 0, 1, 1, 0, 0, 1, 1, 0, 0, 1, 1, 0, 1, 1, 1, 1, 1, 0, 0, 1, 1, 1, 1, 1, 1, 1, 1, 1, 0, 0, 1, 1, 1, 1, 1, 0, 0, 0, 0, 0, 1, 1, 1, 1, 1, 0, 0, 0, 0, 0, 0, 1, 0, 1, 1, 1, 0, 0, 0, 0, 0, 0, 0, 1, 1, 1, 0, 1, 1, 1, 1, 1, 1, 1, 0, 1, 1, 0, 1, 1, 0, 1, 1, 0, 1, 1, 1, 0, 0, 1, 0, 0, 1, 1, 0, 1, 1, 0, 0, 1, 0, 0, 0, 1, 1, 1, 0, 0, 0, 0, 0, 1, 0, 1, 1, 1, 0, 0, 1, 0, 0, 0, 1, 1, 1, 1, 1, 1, 1, 0, 1, 1, 0, 1, 1, 0, 0, 0, 1, 1, 1, 1, 1, 0, 1, 1, 0, 1, 0, 1, 1, 1, 1, 1, 1, 0, 1, 1, 1, 1, 1, 1, 0, 1, 1, 0, 0, 1, 0, 0, 1, 1, 1, 0, 1, 1, 1, 1, 0, 1, 1, 1, 1, 1, 0, 0, 0, 1, 1, 1, 1, 0, 1, 0, 0, 1, 1, 1, 0, 1, 1, 1, 0, 1, 0, 0, 0, 1, 1, 0, 1, 0, 1, 0, 1, 1, 1, 0, 0, 0, 1, 0, 1, 1, 1, 1, 0, 1, 0, 0, 1, 0, 0, 1, 1, 1, 1, 1, 1, 0, 1, 1, 1, 0, 1, 0, 1, 1, 1, 1, 1, 1, 0, 1, 1, 1, 0, 1, 0, 1, 0, 1, 1, 1, 0, 1, 0, 1, 1, 1, 0, 0, 1, 0, 1, 1, 1, 0, 1, 1, 1, 1, 0, 1, 1, 1, 0, 0, 1, 1, 0, 1, 1, 0, 0, 1, 1, 1, 1, 0, 0, 1, 1, 1, 1, 1, 1, 1, 1, 1, 0, 0, 0, 0, 0, 1, 0, 1, 1, 1, 1, 1, 1, 1, 0, 0, 1, 0, 1, 0, 0, 1, 1, 1, 1, 1, 1, 1, 0, 1, 0, 1, 1, 0, 0, 1, 1, 0, 0, 1, 1, 1, 0, 0, 0, 1, 0, 1, 1, 0, 1, 1, 1, 1, 1, 1, 0, 1, 1, 1, 1, 1, 0, 1, 1, 1, 0, 0, 0, 1, 0, 0, 1, 0, 1, 1, 1, 1, 0, 1, 1, 1, 1, 1, 1, 0, 1, 1, 1, 0, 1, 0, 0, 0, 1, 1, 0, 1, 1, 0, 1, 1, 1, 1, 1, 0, 0, 1, 1, 1, 0, 0, 1, 0, 1, 0, 1, 0, 0, 0, 1, 0, 1, 1, 0, 0, 0, 1, 1, 0, 1, 1, 1, 1, 0, 1, 1, 1, 0, 0, 1, 1, 1, 1, 1, 1, 1, 1, 0, 1, 1, 0, 1, 0, 1, 0, 0, 1, 1, 1, 0, 1, 1, 1, 1, 1, 1, 0, 1, 0, 1, 1, 0, 0, 1, 0, 0, 0, 0, 1, 1, 1, 1]

################################################################
################################################################
################### process_jail_download_list: ######################

[7, 7, 9, 6, 7, 8, 9, 9, 11, 11, 11, 7, 7, 12, 7, 12, 12, 12, 12, 7, 6, 8, 9, 7, 7, 9, 8, 8, 7, 6, 7, 7, 7, 7, 7, 7, 6, 7, 7, 7, 7, 7, 7, 7, 6, 7, 7, 6, 7, 7, 6, 6, 6, 6, 7, 7, 6, 7, 7, 6, 6, 6, 7, 7, 7, 7, 7, 7, 6, 6, 7, 7, 7, 7, 6, 7, 7, 7, 6, 7, 6, 7, 6, 7, 6, 6, 6, 6, 7, 7, 7, 6, 7, 7, 7, 6, 7, 6, 8, 8, 7, 7, 7, 7, 7, 7, 6, 7, 7, 8, 8, 8, 7, 7, 7, 7, 7, 7, 7, 7, 8, 8, 7, 7, 7, 8, 8, 8, 7, 7, 7, 7, 7, 7, 8, 8, 8, 8, 7, 7, 7, 7, 7, 7, 7, 7, 7, 6, 7, 7, 8, 7, 8, 6, 6, 6, 7, 7, 7, 7, 7, 6, 6, 7, 8, 8, 8, 6, 6, 7, 6, 8, 7, 6, 7, 7, 7, 7, 7, 7, 7, 6, 7, 6, 8, 6, 6, 7, 7, 6, 6, 7, 7, 7, 6, 7, 7, 7, 7, 7, 7, 6, 6, 7, 6, 7, 7, 6, 6, 6, 7, 7, 6, 6, 7, 7, 6, 6, 6, 6, 7, 7, 7, 6, 6, 6, 6, 6, 7, 6, 7, 6, 6, 6, 7, 6, 7, 6, 7, 6, 6, 7, 6, 6, 6, 6, 6, 7, 6, 7, 7, 7, 6, 7, 6, 7, 6, 7, 7, 6, 7, 6, 7, 6, 7, 7, 6, 6, 7, 7, 8, 7, 6, 6, 6, 6, 6, 6, 7, 7, 6, 6, 8, 8, 6, 6, 7, 8, 6, 6, 6, 7, 7, 7, 6, 6, 7, 7, 6, 7, 6, 7, 7, 6, 7, 6, 6, 6, 7, 7, 6, 7, 6, 6, 6, 6, 6, 7, 6, 7, 7, 7, 6, 6, 6, 6, 6, 6, 6, 6, 7, 7, 7, 6, 6, 6, 6, 7, 6, 7, 7, 7, 7, 7, 7, 7, 7, 7, 7, 7, 7, 6, 7, 7, 6, 7, 7, 6, 7, 7, 6, 7, 7, 7, 6, 6, 7, 6, 6, 7, 6, 6, 7, 7, 6, 6, 7, 6, 6, 7, 7, 7, 7, 6, 6, 6, 6, 6, 6, 6, 7, 7, 7, 7, 6, 7, 6, 6, 6, 7, 7, 7, 7, 7, 8, 7, 7, 7, 6, 6, 7, 6, 7, 7, 6, 7, 7, 7, 7, 7, 6, 6, 7, 6, 7, 6, 7, 7, 6, 6, 7, 7, 7, 6, 7, 6, 8, 7, 8, 6, 6, 7, 6, 6, 7, 6, 6, 6, 7, 7, 6, 7, 7, 6, 6, 6, 7, 7, 6, 7, 7, 6, 6, 6, 7, 6, 7, 7, 6, 7, 6, 6, 6, 7, 7, 6, 6, 6, 6, 6, 6, 6, 6, 6, 7, 7, 6, 7, 7, 6, 6, 7, 6, 7, 6, 6, 6, 7, 6, 6, 6, 7, 7, 6, 7, 6, 6, 7, 6, 6, 7, 7, 7, 7, 7, 7, 6, 7, 6, 6, 6, 7, 6, 7, 7, 7, 7, 7, 7, 6, 7, 7, 7, 6, 7, 6, 7, 6, 7, 6, 7, 6, 7, 6, 6, 7, 7, 6, 6, 7, 6, 7, 7, 6, 6, 7, 6, 7, 6, 6, 7, 7, 7, 6, 6, 7, 6, 6, 7, 7, 6, 6, 7, 7, 7, 7, 6, 6, 7, 7, 7, 7, 7, 7, 7, 7, 7, 6, 7, 6, 7, 6, 7, 6, 7, 7, 7, 7, 7, 7, 7, 7, 7, 7, 6, 7, 6, 6, 7, 7, 7, 6, 7, 7, 7, 6, 7, 6, 6, 7, 6, 7, 6, 7, 6, 6, 7, 7, 7, 6, 6, 6, 7, 6, 7, 6, 6, 6, 6, 7, 7, 6, 7, 6, 6, 7, 7, 7, 7, 6, 7, 6, 7, 6, 6, 6, 7, 6, 6, 6, 6, 6, 7, 6, 6, 6, 6, 6, 7, 7, 7, 7, 6, 7, 6, 7, 6, 7, 6, 6, 6, 7, 7, 6, 6, 6, 6, 7, 6, 7, 7, 6, 6, 6, 7, 7, 7, 6, 6, 7, 6, 6, 6, 6, 6, 6, 7, 7, 6, 7, 7, 6, 6, 6, 7, 6, 6, 7, 6, 7, 7, 6, 7, 7, 7, 6, 6, 7, 7, 6, 7, 7, 7, 7, 6, 6, 7, 7, 6, 7, 6, 7, 6, 6, 7, 6, 7, 6, 7, 7, 6, 7, 7, 7, 6, 6, 6, 6, 7, 6, 6, 7, 6, 6, 6, 6, 7, 7, 6, 6]

################################################################
################################################################
################### process_jail_list: ######################

[6, 6, 7, 6, 6, 7, 7, 7, 7, 7, 7, 6, 6, 8, 6, 7, 8, 7, 7, 6, 6, 6, 7, 6, 7, 6, 6, 6, 6, 6, 6, 6, 6, 6, 6, 5, 6, 7, 6, 6, 6, 7, 6, 6, 6, 6, 6, 6, 6, 6, 6, 6, 6, 5, 6, 6, 5, 6, 6, 6, 6, 6, 6, 6, 6, 6, 6, 6, 5, 5, 6, 6, 6, 6, 6, 6, 6, 6, 6, 6, 6, 6, 6, 6, 6, 6, 5, 6, 6, 6, 6, 5, 6, 6, 6, 6, 6, 6, 7, 7, 6, 6, 6, 6, 6, 6, 6, 6, 6, 7, 7, 7, 6, 6, 6, 6, 6, 6, 6, 6, 7, 7, 6, 6, 6, 7, 7, 7, 6, 7, 7, 6, 6, 7, 7, 6, 6, 7, 6, 6, 6, 6, 6, 6, 6, 7, 6, 6, 7, 6, 7, 6, 6, 6, 6, 6, 6, 6, 6, 6, 6, 6, 6, 6, 6, 6, 6, 6, 5, 6, 6, 7, 6, 6, 7, 6, 6, 6, 6, 6, 6, 5, 6, 6, 7, 5, 6, 6, 6, 6, 6, 6, 6, 6, 6, 6, 6, 6, 6, 6, 6, 6, 6, 7, 6, 6, 6, 6, 6, 5, 6, 6, 6, 6, 6, 6, 5, 6, 6, 6, 6, 6, 6, 6, 5, 5, 5, 6, 6, 6, 6, 5, 6, 6, 6, 5, 6, 6, 6, 6, 5, 6, 6, 6, 5, 5, 6, 6, 5, 7, 7, 6, 6, 6, 6, 6, 6, 6, 6, 6, 7, 6, 6, 6, 6, 6, 6, 6, 7, 7, 7, 6, 6, 5, 5, 6, 6, 6, 6, 6, 6, 6, 7, 7, 6, 6, 6, 7, 6, 5, 5, 6, 6, 6, 6, 6, 6, 6, 5, 6, 5, 6, 6, 5, 6, 6, 6, 5, 6, 6, 5, 6, 6, 6, 6, 6, 6, 6, 5, 6, 6, 6, 6, 6, 6, 6, 6, 6, 5, 6, 6, 6, 6, 6, 6, 6, 6, 7, 6, 7, 6, 6, 6, 7, 6, 6, 6, 6, 6, 6, 6, 6, 6, 6, 6, 6, 6, 6, 6, 6, 6, 6, 6, 6, 6, 6, 6, 6, 6, 6, 5, 6, 6, 6, 6, 6, 6, 6, 6, 7, 6, 6, 6, 6, 6, 6, 6, 6, 5, 6, 6, 6, 6, 7, 6, 6, 6, 6, 6, 6, 6, 6, 6, 6, 7, 6, 7, 6, 5, 6, 6, 5, 7, 7, 6, 6, 6, 6, 6, 6, 6, 5, 6, 6, 6, 6, 6, 6, 5, 5, 6, 6, 7, 5, 6, 5, 7, 6, 7, 6, 5, 6, 6, 6, 6, 6, 6, 5, 6, 6, 6, 6, 6, 5, 5, 6, 6, 6, 5, 6, 6, 6, 6, 6, 6, 5, 6, 6, 6, 6, 6, 6, 5, 6, 6, 6, 5, 5, 5, 6, 5, 6, 6, 6, 6, 6, 6, 6, 7, 5, 6, 6, 5, 6, 6, 6, 6, 6, 6, 5, 5, 6, 6, 6, 6, 6, 6, 6, 6, 6, 6, 6, 6, 6, 6, 6, 6, 6, 5, 5, 6, 6, 6, 6, 6, 6, 6, 6, 6, 6, 6, 6, 6, 6, 6, 6, 6, 6, 6, 5, 6, 6, 6, 6, 5, 6, 6, 6, 6, 6, 6, 6, 6, 5, 6, 6, 5, 6, 5, 6, 6, 6, 6, 6, 6, 6, 5, 6, 6, 6, 6, 6, 6, 6, 6, 6, 6, 6, 6, 6, 6, 6, 6, 6, 6, 6, 6, 6, 7, 6, 7, 6, 6, 6, 6, 6, 6, 6, 6, 6, 6, 7, 7, 6, 6, 6, 6, 6, 6, 6, 6, 5, 6, 6, 6, 6, 6, 6, 5, 6, 6, 7, 5, 6, 6, 6, 6, 6, 6, 6, 6, 6, 6, 6, 6, 5, 6, 5, 5, 6, 6, 5, 6, 6, 5, 6, 6, 6, 6, 6, 6, 5, 6, 6, 6, 6, 6, 6, 6, 5, 6, 5, 6, 5, 5, 6, 5, 5, 6, 6, 6, 6, 6, 6, 5, 6, 6, 6, 6, 6, 6, 6, 6, 6, 5, 5, 6, 6, 5, 6, 6, 5, 6, 6, 6, 6, 6, 6, 6, 6, 6, 5, 6, 5, 6, 6, 7, 6, 6, 6, 6, 6, 6, 6, 6, 5, 6, 6, 5, 6, 6, 6, 6, 6, 6, 6, 6, 6, 6, 5, 6, 6, 6, 6, 5, 6, 6, 6, 6, 6, 6, 6, 6, 6, 6, 5, 6, 6, 6, 6, 5, 6, 6, 6, 6, 5, 6, 5, 6, 6, 6, 6, 6, 6, 6, 6, 6, 6, 5, 5]

################################################################
