Numero total de amostras 770

Tempo total de processamento: 0:11:04

############## TEMPOS DE PROCESSAMENTO DO EXERCICIO NO JAIL  ####################
Soma 4557 segundos
Media 5.918181818181818 segundos
Desvio padr達o 0.3054599566620262 segundos
Minimo 5 segundos
Maximo 7 segundos

95% 5.0 segundos
99% 5.0 segundos

############## TEMPOS DE PROCESSAMENTO DO EXERCICIO NO JAIL COM DOWNLOAD  ################
Soma 5032 segundos
Media 6.535064935064935 segundos
Desvio padr達o 0.5013659870057945 segundos
Minimo 6 segundos
Maximo 8 segundos

95% 6.0 segundos
99% 6.0 segundos

################### TEMPOS DE DOWNLOAD DO EXERCICIO NO JAIL #######################
Soma 475 segundos
Media 0.6168831168831169 segundos
Desvio padr達o 0.48881053546859055 segundos
Minimo 0 segundos
Maximo 2 segundos

95% 0.0 segundos
99% 0.0 segundos

############################ TEMPOS DE ESPERA NA FILA ############################
Soma 511
Media 0.6636363636363637 segundos
Desvio padr達o 0.6384659152307601 segundos
Minimo 0 segundos
Maximo 3 segundos

95% 0.0 segundos
99% 0.0 segundos

################### queue_wait_time_list: ######################

[0, 2, 1, 1, 2, 0, 1, 2, 1, 0, 0, 3, 3, 2, 2, 2, 2, 1, 0, 1, 0, 1, 1, 1, 0, 1, 1, 1, 0, 1, 1, 2, 1, 2, 0, 1, 2, 1, 0, 0, 0, 0, 1, 1, 1, 0, 1, 1, 0, 1, 1, 0, 1, 1, 0, 1, 1, 0, 0, 2, 1, 0, 1, 1, 0, 0, 1, 0, 0, 1, 0, 0, 0, 1, 1, 1, 1, 0, 1, 0, 1, 0, 1, 1, 1, 1, 1, 1, 1, 1, 0, 0, 1, 0, 0, 0, 0, 0, 1, 1, 1, 1, 0, 2, 1, 2, 1, 0, 1, 1, 0, 1, 1, 0, 1, 1, 0, 1, 0, 0, 0, 0, 1, 0, 1, 0, 0, 0, 0, 0, 1, 1, 1, 0, 0, 1, 1, 1, 1, 1, 0, 0, 2, 0, 2, 2, 1, 0, 0, 1, 0, 0, 1, 0, 2, 0, 2, 0, 0, 0, 1, 1, 1, 0, 1, 1, 1, 1, 0, 2, 0, 0, 0, 2, 1, 1, 0, 1, 0, 2, 0, 1, 0, 0, 1, 0, 1, 1, 1, 1, 1, 1, 1, 1, 2, 0, 1, 0, 0, 0, 1, 0, 1, 1, 1, 1, 0, 1, 2, 1, 0, 0, 0, 1, 0, 0, 1, 1, 0, 0, 1, 1, 1, 2, 0, 1, 1, 1, 0, 1, 1, 1, 0, 2, 1, 0, 0, 0, 1, 0, 1, 0, 1, 0, 1, 1, 0, 1, 1, 0, 1, 0, 0, 2, 0, 1, 0, 1, 0, 1, 0, 1, 1, 1, 0, 1, 1, 0, 1, 2, 1, 2, 0, 1, 0, 1, 0, 1, 1, 0, 0, 1, 1, 1, 1, 1, 1, 2, 2, 0, 1, 2, 0, 0, 2, 2, 1, 1, 1, 2, 1, 1, 1, 2, 0, 0, 0, 1, 0, 1, 0, 1, 0, 2, 1, 0, 0, 1, 1, 1, 0, 1, 0, 0, 1, 0, 0, 1, 0, 1, 1, 0, 1, 1, 0, 1, 1, 0, 1, 0, 0, 1, 0, 0, 0, 1, 1, 0, 1, 1, 0, 0, 0, 0, 0, 1, 1, 1, 1, 1, 0, 2, 1, 1, 0, 1, 1, 1, 1, 1, 0, 0, 0, 0, 0, 0, 0, 0, 1, 1, 1, 0, 0, 0, 1, 1, 1, 1, 0, 1, 0, 1, 1, 0, 1, 1, 0, 1, 1, 1, 1, 1, 0, 0, 0, 1, 0, 0, 0, 0, 1, 0, 0, 1, 1, 0, 0, 0, 0, 0, 0, 0, 1, 0, 2, 0, 1, 1, 1, 0, 0, 1, 0, 0, 0, 1, 0, 0, 1, 1, 1, 1, 1, 0, 1, 0, 0, 0, 1, 1, 1, 0, 0, 1, 1, 0, 0, 0, 0, 0, 0, 1, 0, 0, 1, 1, 1, 0, 1, 1, 1, 0, 0, 0, 1, 1, 1, 1, 0, 0, 0, 1, 0, 0, 0, 0, 1, 1, 0, 0, 1, 0, 0, 0, 1, 1, 1, 1, 1, 0, 1, 1, 1, 0, 1, 1, 1, 1, 1, 1, 0, 0, 1, 0, 2, 1, 0, 1, 1, 1, 0, 1, 0, 0, 0, 1, 1, 1, 0, 0, 1, 0, 1, 0, 1, 1, 0, 0, 0, 1, 0, 1, 0, 1, 0, 1, 1, 1, 1, 0, 1, 1, 1, 0, 1, 1, 0, 1, 1, 0, 1, 0, 0, 0, 1, 1, 1, 1, 1, 0, 1, 2, 0, 0, 1, 2, 2, 3, 2, 2, 1, 1, 0, 0, 2, 0, 0, 2, 2, 0, 0, 2, 1, 0, 0, 1, 1, 0, 2, 1, 2, 0, 1, 1, 0, 0, 1, 1, 1, 2, 0, 0, 2, 0, 2, 2, 1, 1, 0, 0, 1, 0, 0, 1, 1, 0, 1, 0, 1, 1, 0, 0, 1, 1, 0, 1, 1, 0, 1, 1, 0, 1, 1, 1, 1, 1, 1, 0, 1, 0, 1, 1, 1, 1, 1, 0, 1, 0, 0, 1, 0, 1, 1, 0, 1, 0, 0, 1, 1, 0, 1, 1, 1, 1, 0, 0, 1, 1, 0, 0, 0, 0, 0, 0, 0, 1, 2, 1, 1, 0, 1, 1, 0, 1, 0, 0, 0, 0, 0, 0, 1, 2, 0, 1, 1, 1, 0, 0, 0, 0, 0, 1, 0, 1, 1, 1, 1, 0, 0, 0, 1, 2, 0, 1, 1, 0, 1, 0, 1, 1, 1, 1, 1, 1, 1, 1, 1, 1, 0, 0, 0, 1, 1, 1, 1, 2, 1, 1, 0, 1, 0, 2, 0, 1, 0, 0, 2, 1, 2, 2, 0, 0, 0, 1, 1, 1, 1, 0, 0, 0]

################################################################
################### jail_ex_download_list: ######################

[0, 0, 1, 1, 1, 1, 1, 0, 1, 1, 1, 1, 1, 1, 1, 0, 1, 1, 1, 2, 1, 1, 0, 1, 1, 0, 0, 0, 1, 1, 1, 0, 1, 1, 1, 1, 1, 1, 1, 1, 1, 0, 1, 0, 1, 1, 1, 0, 1, 0, 1, 1, 1, 1, 1, 0, 0, 0, 1, 0, 0, 1, 1, 0, 1, 0, 1, 1, 1, 0, 1, 1, 0, 1, 0, 1, 0, 1, 0, 1, 1, 1, 1, 1, 0, 0, 0, 0, 1, 0, 1, 1, 0, 1, 1, 1, 0, 1, 0, 0, 1, 1, 1, 0, 1, 1, 0, 1, 1, 0, 1, 1, 0, 1, 0, 1, 0, 0, 1, 0, 1, 1, 1, 1, 0, 1, 1, 1, 1, 1, 1, 0, 0, 1, 0, 0, 0, 1, 1, 0, 1, 1, 0, 1, 1, 1, 1, 1, 1, 1, 1, 0, 1, 0, 1, 1, 0, 1, 0, 1, 1, 0, 1, 0, 1, 1, 1, 1, 0, 0, 1, 1, 1, 1, 1, 1, 1, 0, 1, 1, 1, 1, 1, 1, 0, 1, 0, 0, 0, 0, 0, 1, 0, 1, 0, 0, 0, 1, 1, 1, 1, 1, 0, 1, 0, 1, 1, 0, 0, 1, 1, 0, 1, 1, 1, 1, 0, 0, 1, 0, 0, 0, 1, 1, 0, 1, 1, 1, 1, 1, 1, 1, 1, 0, 0, 1, 1, 1, 1, 1, 0, 1, 0, 1, 0, 1, 1, 0, 1, 1, 0, 1, 1, 1, 1, 1, 1, 1, 1, 0, 1, 0, 0, 1, 1, 1, 0, 1, 0, 1, 0, 0, 0, 0, 1, 0, 1, 1, 0, 1, 1, 1, 1, 0, 1, 1, 1, 1, 1, 1, 0, 1, 1, 1, 0, 0, 0, 0, 0, 0, 1, 1, 0, 0, 1, 1, 1, 0, 0, 1, 1, 0, 1, 1, 0, 1, 1, 0, 1, 0, 1, 0, 1, 1, 0, 1, 1, 1, 1, 0, 1, 1, 1, 1, 0, 0, 0, 1, 1, 1, 0, 1, 1, 0, 1, 1, 0, 1, 0, 1, 1, 1, 0, 0, 0, 0, 1, 1, 1, 1, 0, 0, 0, 0, 1, 0, 0, 1, 0, 1, 1, 1, 1, 0, 0, 1, 1, 1, 1, 1, 1, 1, 1, 1, 0, 1, 0, 1, 1, 0, 1, 0, 1, 0, 1, 0, 1, 1, 0, 0, 1, 0, 1, 0, 1, 0, 1, 1, 0, 0, 0, 0, 1, 0, 1, 0, 1, 1, 0, 1, 1, 1, 0, 1, 0, 1, 1, 0, 1, 1, 0, 1, 1, 1, 1, 1, 1, 1, 0, 0, 0, 0, 0, 1, 1, 1, 1, 1, 0, 0, 0, 1, 1, 0, 1, 1, 1, 1, 1, 1, 1, 0, 1, 1, 0, 0, 0, 1, 0, 0, 0, 0, 1, 1, 0, 1, 1, 0, 1, 1, 1, 0, 1, 1, 1, 1, 1, 1, 1, 1, 1, 0, 1, 0, 0, 1, 0, 0, 0, 0, 0, 0, 0, 1, 0, 1, 1, 1, 1, 0, 1, 0, 0, 0, 0, 1, 1, 0, 0, 1, 1, 0, 1, 1, 1, 0, 1, 0, 1, 1, 0, 0, 0, 1, 0, 0, 1, 1, 1, 1, 1, 0, 0, 0, 1, 1, 0, 0, 1, 0, 1, 0, 1, 1, 1, 0, 1, 1, 0, 1, 1, 1, 1, 1, 0, 0, 1, 0, 1, 1, 0, 0, 1, 0, 0, 1, 0, 0, 1, 0, 0, 1, 1, 0, 0, 1, 1, 1, 0, 1, 1, 0, 1, 1, 1, 0, 1, 1, 0, 1, 1, 1, 1, 1, 1, 1, 0, 0, 0, 0, 1, 1, 1, 1, 0, 1, 0, 1, 1, 1, 1, 0, 1, 1, 0, 1, 1, 1, 1, 0, 1, 1, 0, 0, 1, 0, 0, 0, 0, 0, 1, 0, 1, 1, 0, 1, 1, 0, 0, 1, 0, 1, 1, 1, 0, 1, 0, 0, 1, 1, 1, 0, 1, 1, 0, 1, 1, 0, 1, 1, 1, 0, 0, 1, 1, 1, 0, 0, 1, 1, 1, 1, 1, 1, 0, 1, 0, 0, 1, 1, 0, 0, 1, 0, 1, 1, 1, 1, 1, 1, 1, 1, 1, 0, 1, 0, 0, 0, 1, 1, 1, 0, 1, 1, 1, 0, 0, 1, 1, 0, 0, 0, 1, 0, 0, 0, 1, 1, 0, 1, 0, 1, 0, 1, 1, 0, 1, 1, 1, 1, 1, 1, 0, 0, 1, 0, 0, 0, 1, 1, 1, 0, 1, 0, 0, 1, 1, 1, 0, 1, 1, 1, 0, 1, 1, 1, 0, 1, 1, 1]

################################################################
################################################################
################### process_jail_download_list: ######################

[6, 6, 7, 7, 6, 7, 7, 6, 7, 7, 7, 7, 7, 7, 7, 6, 7, 7, 7, 8, 7, 7, 6, 7, 7, 6, 6, 6, 7, 7, 6, 6, 6, 7, 7, 7, 7, 6, 7, 7, 7, 6, 7, 6, 6, 7, 7, 6, 7, 6, 7, 7, 7, 7, 7, 6, 6, 6, 7, 6, 6, 7, 7, 6, 6, 6, 6, 7, 7, 6, 7, 7, 6, 6, 6, 6, 6, 7, 6, 7, 7, 7, 7, 7, 6, 6, 6, 6, 7, 6, 7, 7, 6, 7, 7, 7, 6, 7, 6, 6, 7, 7, 7, 6, 7, 6, 6, 7, 7, 6, 7, 7, 6, 7, 6, 7, 6, 6, 7, 6, 7, 7, 7, 6, 6, 6, 7, 7, 7, 6, 7, 6, 6, 7, 6, 6, 6, 6, 6, 6, 7, 7, 6, 7, 7, 6, 7, 7, 7, 7, 7, 6, 7, 6, 6, 7, 6, 6, 6, 7, 7, 6, 7, 6, 7, 6, 7, 7, 6, 6, 7, 7, 7, 6, 7, 6, 7, 6, 7, 7, 6, 7, 6, 7, 6, 7, 6, 6, 6, 6, 6, 7, 6, 6, 6, 6, 6, 7, 7, 7, 7, 7, 6, 7, 6, 7, 7, 6, 6, 7, 7, 6, 7, 7, 7, 7, 6, 6, 7, 6, 6, 6, 7, 7, 6, 7, 7, 6, 7, 7, 7, 7, 7, 6, 6, 7, 7, 7, 7, 7, 6, 7, 6, 7, 6, 6, 7, 6, 7, 7, 6, 7, 7, 6, 7, 7, 7, 7, 7, 6, 7, 6, 6, 6, 7, 7, 6, 7, 6, 7, 6, 6, 6, 6, 7, 6, 7, 7, 6, 6, 7, 6, 7, 6, 7, 6, 7, 7, 7, 7, 6, 6, 7, 7, 6, 6, 6, 6, 6, 6, 7, 6, 6, 6, 7, 7, 7, 6, 6, 7, 7, 6, 7, 7, 6, 7, 6, 6, 7, 6, 7, 6, 7, 7, 6, 7, 7, 7, 6, 6, 7, 7, 7, 7, 6, 6, 6, 7, 7, 6, 6, 7, 7, 6, 7, 7, 6, 7, 6, 7, 7, 7, 6, 6, 6, 6, 7, 7, 7, 6, 6, 6, 6, 6, 7, 6, 6, 7, 6, 6, 7, 7, 7, 6, 6, 7, 7, 7, 7, 7, 6, 7, 7, 7, 6, 7, 6, 7, 6, 6, 7, 6, 7, 6, 6, 6, 7, 7, 6, 6, 7, 6, 7, 6, 6, 6, 7, 7, 6, 6, 6, 6, 7, 6, 7, 6, 7, 7, 6, 7, 7, 7, 6, 7, 6, 7, 7, 6, 7, 7, 7, 6, 7, 7, 7, 6, 7, 7, 7, 6, 6, 6, 6, 7, 6, 7, 7, 7, 6, 6, 6, 7, 7, 6, 6, 7, 7, 7, 7, 7, 7, 6, 7, 7, 6, 6, 6, 7, 6, 6, 6, 6, 7, 7, 7, 7, 7, 6, 7, 7, 7, 6, 7, 7, 7, 7, 7, 6, 6, 7, 7, 6, 7, 6, 6, 7, 6, 6, 6, 6, 6, 6, 6, 7, 6, 7, 7, 6, 6, 6, 7, 6, 6, 6, 6, 7, 7, 6, 6, 7, 7, 6, 7, 7, 7, 6, 7, 6, 7, 7, 6, 6, 6, 7, 6, 6, 7, 7, 7, 7, 6, 6, 6, 6, 7, 7, 6, 6, 7, 6, 6, 6, 7, 7, 7, 6, 7, 6, 6, 7, 7, 7, 7, 7, 6, 6, 6, 6, 7, 7, 6, 6, 7, 6, 6, 7, 6, 6, 7, 6, 6, 7, 7, 6, 6, 7, 7, 7, 6, 7, 7, 6, 6, 7, 7, 6, 7, 7, 6, 7, 7, 7, 7, 7, 7, 7, 7, 7, 6, 6, 7, 7, 7, 7, 6, 7, 6, 7, 7, 6, 6, 6, 7, 7, 6, 7, 7, 7, 7, 6, 7, 7, 6, 6, 7, 6, 6, 6, 6, 6, 7, 7, 7, 7, 6, 7, 7, 6, 6, 6, 6, 7, 7, 7, 6, 7, 6, 6, 7, 6, 7, 6, 7, 7, 6, 7, 7, 6, 6, 6, 7, 6, 6, 7, 7, 7, 6, 6, 7, 7, 7, 7, 6, 7, 6, 7, 6, 6, 6, 7, 6, 6, 7, 6, 6, 7, 7, 7, 7, 7, 7, 7, 7, 6, 7, 6, 6, 6, 7, 7, 7, 6, 7, 7, 7, 6, 6, 7, 7, 6, 6, 6, 7, 6, 6, 6, 7, 7, 6, 7, 6, 7, 6, 7, 7, 6, 7, 6, 7, 7, 7, 7, 6, 6, 7, 7, 6, 6, 7, 7, 7, 6, 7, 6, 6, 6, 7, 7, 6, 6, 7, 7, 6, 6, 7, 7, 6, 6, 6, 7]

################################################################
################################################################
################### process_jail_list: ######################

[6, 6, 6, 6, 5, 6, 6, 6, 6, 6, 6, 6, 6, 6, 6, 6, 6, 6, 6, 6, 6, 6, 6, 6, 6, 6, 6, 6, 6, 6, 5, 6, 5, 6, 6, 6, 6, 5, 6, 6, 6, 6, 6, 6, 5, 6, 6, 6, 6, 6, 6, 6, 6, 6, 6, 6, 6, 6, 6, 6, 6, 6, 6, 6, 5, 6, 5, 6, 6, 6, 6, 6, 6, 5, 6, 5, 6, 6, 6, 6, 6, 6, 6, 6, 6, 6, 6, 6, 6, 6, 6, 6, 6, 6, 6, 6, 6, 6, 6, 6, 6, 6, 6, 6, 6, 5, 6, 6, 6, 6, 6, 6, 6, 6, 6, 6, 6, 6, 6, 6, 6, 6, 6, 5, 6, 5, 6, 6, 6, 5, 6, 6, 6, 6, 6, 6, 6, 5, 5, 6, 6, 6, 6, 6, 6, 5, 6, 6, 6, 6, 6, 6, 6, 6, 5, 6, 6, 5, 6, 6, 6, 6, 6, 6, 6, 5, 6, 6, 6, 6, 6, 6, 6, 5, 6, 5, 6, 6, 6, 6, 5, 6, 5, 6, 6, 6, 6, 6, 6, 6, 6, 6, 6, 5, 6, 6, 6, 6, 6, 6, 6, 6, 6, 6, 6, 6, 6, 6, 6, 6, 6, 6, 6, 6, 6, 6, 6, 6, 6, 6, 6, 6, 6, 6, 6, 6, 6, 5, 6, 6, 6, 6, 6, 6, 6, 6, 6, 6, 6, 6, 6, 6, 6, 6, 6, 5, 6, 6, 6, 6, 6, 6, 6, 5, 6, 6, 6, 6, 6, 6, 6, 6, 6, 5, 6, 6, 6, 6, 6, 6, 6, 6, 6, 6, 6, 6, 6, 6, 6, 5, 6, 5, 6, 6, 6, 5, 6, 6, 6, 6, 6, 5, 6, 6, 6, 6, 6, 6, 6, 6, 6, 5, 6, 6, 6, 6, 6, 6, 6, 6, 6, 6, 6, 6, 6, 6, 5, 6, 6, 6, 6, 6, 6, 6, 6, 6, 6, 6, 5, 6, 6, 6, 6, 6, 6, 6, 6, 6, 6, 5, 6, 6, 6, 6, 6, 6, 6, 6, 6, 6, 6, 6, 6, 6, 6, 6, 6, 6, 6, 5, 6, 6, 6, 6, 6, 6, 6, 6, 6, 5, 6, 6, 6, 6, 6, 6, 6, 6, 6, 6, 5, 6, 6, 6, 6, 6, 6, 6, 5, 6, 6, 6, 6, 6, 5, 6, 6, 6, 6, 6, 6, 6, 6, 6, 5, 6, 6, 6, 6, 6, 6, 6, 6, 6, 6, 6, 6, 6, 6, 6, 6, 6, 6, 6, 6, 6, 6, 6, 6, 6, 7, 5, 6, 6, 6, 5, 6, 6, 7, 6, 6, 6, 6, 6, 5, 6, 6, 6, 6, 6, 6, 6, 6, 6, 5, 6, 6, 6, 6, 6, 6, 6, 6, 6, 6, 6, 6, 6, 6, 6, 6, 6, 6, 6, 7, 6, 6, 6, 6, 6, 6, 6, 6, 6, 6, 6, 6, 5, 5, 6, 6, 6, 6, 6, 6, 6, 6, 6, 6, 6, 6, 6, 6, 6, 6, 6, 6, 5, 5, 6, 6, 6, 6, 6, 6, 6, 6, 6, 6, 6, 6, 6, 6, 6, 6, 6, 6, 6, 6, 6, 6, 6, 6, 6, 6, 6, 6, 6, 6, 6, 5, 6, 6, 6, 6, 6, 6, 6, 6, 6, 5, 6, 6, 6, 6, 6, 6, 5, 6, 6, 6, 6, 6, 6, 6, 6, 5, 6, 6, 6, 6, 6, 6, 6, 6, 6, 6, 6, 6, 6, 6, 6, 6, 6, 6, 6, 6, 6, 6, 6, 6, 6, 5, 6, 6, 6, 6, 6, 6, 6, 6, 6, 6, 6, 6, 6, 7, 7, 6, 6, 6, 6, 6, 6, 6, 6, 6, 6, 6, 5, 5, 6, 6, 6, 6, 6, 6, 6, 6, 6, 6, 6, 6, 6, 6, 6, 6, 6, 6, 6, 6, 7, 6, 6, 6, 6, 6, 6, 6, 5, 6, 6, 6, 6, 6, 6, 6, 6, 6, 5, 6, 6, 6, 6, 6, 6, 6, 6, 5, 5, 6, 6, 6, 6, 6, 6, 6, 6, 6, 6, 6, 6, 5, 6, 6, 6, 6, 6, 5, 6, 6, 6, 6, 6, 5, 6, 6, 6, 6, 6, 6, 6, 6, 6, 6, 6, 6, 6, 6, 6, 6, 6, 6, 6, 6, 6, 6, 6, 6, 6, 6, 6, 6, 6, 6, 6, 6, 6, 6, 6, 6, 6, 6, 6, 6, 6, 6, 5, 6, 6, 6, 6, 6, 6, 6, 7, 6, 6, 6, 6, 6, 6, 6, 6, 6, 5, 6, 6, 6, 5, 6, 6, 6, 5, 6, 6, 6, 5, 5, 6]

################################################################
