Numero total de amostras 770

Tempo total de processamento: 0:11:06

############## TEMPOS DE PROCESSAMENTO DO EXERCICIO NO JAIL  ####################
Soma 4538 segundos
Media 5.893506493506494 segundos
Desvio padr達o 0.312650031449905 segundos
Minimo 5 segundos
Maximo 7 segundos

95% 5.0 segundos
99% 5.0 segundos

############## TEMPOS DE PROCESSAMENTO DO EXERCICIO NO JAIL COM DOWNLOAD  ################
Soma 5042 segundos
Media 6.548051948051948 segundos
Desvio padr達o 0.586340265027321 segundos
Minimo 6 segundos
Maximo 10 segundos

95% 6.0 segundos
99% 6.0 segundos

################### TEMPOS DE DOWNLOAD DO EXERCICIO NO JAIL #######################
Soma 504 segundos
Media 0.6545454545454545 segundos
Desvio padr達o 0.5676439012120494 segundos
Minimo 0 segundos
Maximo 4 segundos

95% 0.0 segundos
99% 0.0 segundos

############################ TEMPOS DE ESPERA NA FILA ############################
Soma 600
Media 0.7792207792207793 segundos
Desvio padr達o 0.8315745762899802 segundos
Minimo 0 segundos
Maximo 6 segundos

95% 0.0 segundos
99% 0.0 segundos

################### queue_wait_time_list: ######################

[3, 1, 0, 4, 2, 5, 3, 1, 3, 2, 2, 4, 0, 0, 6, 1, 6, 4, 6, 5, 1, 2, 6, 1, 3, 4, 1, 1, 1, 4, 0, 1, 3, 0, 0, 2, 0, 2, 1, 0, 0, 1, 0, 2, 2, 0, 0, 0, 1, 1, 1, 0, 2, 0, 0, 1, 0, 0, 2, 1, 1, 0, 0, 1, 1, 0, 1, 0, 0, 1, 0, 0, 0, 1, 1, 1, 0, 0, 1, 1, 0, 0, 0, 0, 2, 0, 0, 1, 1, 0, 0, 1, 0, 1, 1, 0, 0, 1, 0, 0, 1, 0, 0, 0, 0, 1, 0, 0, 1, 1, 0, 1, 0, 0, 1, 1, 0, 1, 0, 1, 0, 1, 1, 0, 2, 1, 1, 1, 1, 0, 0, 1, 1, 1, 0, 1, 1, 1, 0, 1, 0, 2, 1, 1, 0, 0, 1, 1, 0, 1, 1, 2, 1, 0, 1, 0, 0, 1, 0, 1, 1, 0, 0, 1, 2, 0, 2, 1, 0, 1, 0, 1, 1, 0, 1, 1, 1, 1, 0, 1, 0, 1, 1, 2, 0, 1, 1, 1, 0, 0, 0, 1, 0, 2, 0, 2, 1, 0, 1, 0, 0, 1, 1, 1, 0, 1, 0, 0, 1, 0, 1, 2, 0, 1, 0, 1, 1, 0, 1, 0, 1, 2, 1, 1, 1, 1, 1, 1, 0, 0, 0, 1, 1, 0, 2, 0, 0, 2, 1, 2, 2, 1, 0, 1, 1, 0, 0, 0, 0, 1, 1, 1, 1, 0, 1, 1, 1, 1, 1, 0, 1, 0, 2, 1, 1, 0, 0, 1, 0, 1, 0, 1, 0, 1, 1, 2, 1, 1, 0, 2, 0, 1, 0, 1, 1, 0, 2, 2, 2, 1, 1, 0, 1, 2, 0, 1, 0, 1, 1, 0, 1, 1, 1, 0, 0, 1, 1, 2, 2, 1, 0, 1, 0, 0, 0, 0, 0, 1, 0, 1, 1, 0, 0, 0, 1, 1, 0, 0, 1, 1, 1, 1, 1, 1, 0, 1, 1, 0, 1, 1, 0, 0, 0, 0, 1, 0, 1, 1, 0, 1, 0, 0, 1, 0, 2, 0, 1, 0, 1, 1, 1, 1, 1, 0, 0, 1, 1, 1, 0, 0, 1, 2, 0, 2, 1, 1, 1, 1, 2, 1, 2, 1, 1, 0, 0, 0, 1, 1, 2, 0, 1, 0, 0, 0, 1, 1, 1, 1, 1, 1, 0, 1, 1, 0, 0, 1, 1, 0, 0, 1, 1, 1, 1, 1, 1, 0, 1, 1, 2, 1, 0, 1, 0, 1, 0, 0, 1, 1, 1, 1, 1, 1, 1, 0, 1, 1, 0, 0, 1, 0, 0, 1, 2, 1, 0, 1, 0, 1, 1, 1, 1, 1, 0, 0, 1, 1, 0, 0, 0, 0, 1, 1, 0, 0, 1, 1, 0, 1, 1, 1, 1, 1, 1, 1, 1, 0, 0, 0, 0, 1, 0, 1, 0, 0, 0, 1, 0, 0, 1, 0, 1, 1, 1, 0, 1, 1, 1, 0, 1, 1, 1, 0, 2, 0, 1, 2, 2, 1, 0, 0, 1, 1, 0, 1, 1, 0, 1, 0, 0, 1, 0, 0, 0, 0, 0, 0, 2, 2, 0, 1, 1, 0, 1, 0, 1, 0, 2, 1, 0, 0, 0, 1, 1, 2, 1, 2, 1, 0, 1, 0, 2, 1, 1, 0, 1, 1, 2, 0, 1, 1, 0, 0, 0, 1, 1, 1, 1, 1, 1, 1, 1, 1, 1, 1, 1, 1, 0, 0, 1, 0, 0, 0, 2, 0, 0, 1, 1, 1, 1, 0, 0, 1, 0, 2, 1, 2, 0, 0, 1, 0, 0, 1, 0, 0, 1, 0, 1, 1, 0, 0, 1, 0, 0, 1, 1, 0, 1, 1, 1, 2, 1, 1, 0, 0, 1, 1, 2, 1, 1, 1, 1, 1, 2, 1, 2, 2, 1, 0, 1, 1, 0, 0, 0, 2, 0, 1, 1, 0, 0, 1, 0, 2, 0, 2, 1, 1, 1, 2, 1, 0, 0, 2, 2, 1, 1, 0, 1, 1, 1, 2, 1, 1, 0, 1, 1, 1, 1, 1, 0, 1, 0, 1, 1, 1, 1, 1, 1, 0, 0, 0, 1, 1, 1, 1, 1, 1, 0, 1, 1, 2, 0, 1, 0, 2, 0, 1, 0, 1, 0, 2, 0, 0, 1, 0, 0, 1, 0, 1, 1, 1, 0, 0, 1, 1, 0, 0, 0, 0, 0, 2, 0, 1, 1, 1, 0, 1, 1, 0, 2, 1, 0, 1, 0, 2, 1, 1, 1, 0, 0, 1, 2, 1, 1, 0, 0, 1, 1, 0, 1, 0, 0, 1, 1, 1, 0, 0, 1, 1, 1, 2]

################################################################
################### jail_ex_download_list: ######################

[1, 0, 1, 3, 1, 3, 0, 4, 4, 4, 1, 0, 2, 1, 1, 3, 1, 4, 1, 1, 1, 2, 2, 2, 0, 1, 1, 1, 1, 1, 0, 1, 1, 1, 1, 1, 0, 1, 1, 1, 1, 1, 1, 0, 1, 1, 1, 1, 1, 1, 0, 1, 0, 1, 1, 0, 1, 0, 1, 1, 1, 1, 1, 0, 0, 1, 0, 1, 1, 1, 1, 1, 1, 0, 1, 0, 1, 1, 1, 0, 1, 1, 1, 1, 0, 0, 1, 0, 0, 1, 1, 0, 1, 0, 0, 1, 1, 0, 1, 1, 0, 1, 1, 0, 0, 0, 0, 1, 0, 0, 1, 0, 0, 1, 0, 0, 1, 1, 1, 1, 1, 0, 0, 1, 0, 1, 1, 1, 0, 1, 1, 0, 0, 0, 0, 0, 1, 1, 1, 1, 1, 0, 0, 1, 1, 1, 1, 0, 1, 1, 1, 1, 1, 1, 1, 1, 1, 0, 1, 0, 0, 0, 1, 0, 0, 1, 0, 0, 1, 1, 1, 0, 1, 0, 0, 1, 1, 1, 1, 0, 1, 1, 1, 0, 0, 1, 1, 1, 1, 0, 1, 0, 0, 1, 1, 0, 1, 0, 0, 0, 1, 1, 0, 1, 1, 0, 1, 0, 0, 1, 0, 0, 1, 0, 1, 1, 0, 1, 0, 1, 0, 0, 0, 1, 0, 1, 0, 1, 0, 1, 0, 0, 1, 1, 0, 1, 1, 0, 1, 0, 0, 1, 1, 1, 0, 1, 1, 1, 1, 0, 1, 0, 1, 1, 0, 1, 1, 1, 1, 1, 0, 1, 0, 0, 1, 1, 1, 1, 1, 0, 1, 1, 1, 0, 1, 0, 1, 0, 0, 0, 0, 1, 1, 0, 0, 1, 0, 1, 0, 1, 1, 0, 1, 0, 1, 1, 0, 1, 0, 1, 0, 1, 0, 1, 1, 1, 1, 1, 1, 1, 1, 1, 1, 1, 1, 0, 1, 0, 1, 0, 0, 1, 1, 1, 0, 0, 1, 0, 1, 0, 1, 0, 1, 0, 1, 0, 0, 1, 1, 0, 1, 1, 1, 1, 1, 1, 1, 0, 1, 0, 0, 1, 1, 0, 1, 1, 0, 1, 1, 1, 0, 1, 1, 1, 1, 1, 0, 1, 1, 1, 0, 1, 0, 0, 1, 0, 0, 1, 0, 1, 1, 1, 0, 0, 1, 1, 1, 0, 0, 1, 1, 1, 1, 1, 0, 0, 1, 1, 1, 0, 1, 1, 0, 1, 0, 0, 0, 1, 1, 1, 1, 1, 1, 1, 0, 1, 0, 0, 0, 1, 1, 0, 1, 1, 1, 1, 0, 1, 0, 1, 0, 0, 1, 1, 1, 0, 1, 1, 1, 0, 1, 0, 0, 1, 1, 0, 1, 1, 1, 1, 0, 1, 1, 1, 1, 1, 1, 1, 0, 1, 1, 1, 1, 1, 0, 1, 1, 0, 0, 0, 1, 0, 0, 1, 1, 1, 1, 1, 1, 0, 1, 0, 1, 0, 1, 0, 0, 1, 1, 1, 1, 1, 1, 0, 0, 1, 1, 1, 1, 1, 1, 1, 1, 0, 1, 0, 0, 1, 1, 1, 0, 0, 1, 0, 0, 1, 0, 1, 1, 1, 1, 1, 1, 0, 1, 1, 0, 0, 0, 1, 1, 0, 1, 1, 1, 0, 0, 0, 0, 1, 0, 1, 1, 0, 0, 1, 1, 1, 1, 1, 0, 0, 1, 1, 0, 1, 0, 1, 0, 0, 1, 1, 1, 0, 1, 0, 0, 1, 1, 1, 1, 0, 1, 1, 0, 0, 1, 1, 1, 0, 1, 1, 0, 1, 1, 0, 0, 1, 1, 0, 1, 1, 1, 1, 1, 1, 1, 0, 0, 0, 1, 0, 1, 1, 1, 1, 1, 0, 1, 1, 1, 1, 1, 0, 0, 1, 0, 1, 0, 0, 1, 1, 0, 1, 0, 1, 0, 0, 1, 1, 0, 1, 0, 1, 0, 1, 0, 1, 1, 1, 1, 0, 1, 0, 1, 1, 1, 1, 0, 0, 1, 0, 1, 0, 0, 0, 0, 1, 1, 1, 1, 1, 0, 0, 1, 1, 0, 1, 1, 0, 0, 0, 1, 1, 0, 0, 1, 0, 1, 1, 1, 1, 0, 0, 0, 1, 1, 1, 1, 1, 1, 0, 1, 0, 0, 1, 0, 1, 1, 1, 1, 0, 1, 0, 0, 1, 1, 1, 1, 0, 1, 1, 0, 1, 1, 0, 1, 1, 0, 0, 1, 0, 0, 1, 1, 0, 1, 1, 1, 0, 1, 1, 1, 0, 0, 0, 1, 1, 0, 1, 1, 0, 0, 0, 0, 0, 1, 1, 0, 1, 0, 1, 0, 1, 1, 0, 1, 1, 1, 1, 1, 0, 1, 1, 1, 1, 0, 1, 1, 0]

################################################################
################################################################
################### process_jail_download_list: ######################

[7, 6, 7, 9, 7, 9, 6, 10, 10, 10, 6, 6, 8, 6, 7, 9, 7, 10, 7, 7, 6, 8, 8, 8, 6, 7, 7, 7, 6, 7, 6, 7, 7, 7, 7, 7, 6, 7, 7, 7, 7, 7, 7, 6, 6, 7, 7, 7, 7, 7, 6, 6, 6, 7, 7, 6, 7, 6, 7, 7, 7, 7, 7, 6, 6, 7, 6, 7, 7, 6, 6, 7, 7, 6, 7, 6, 7, 7, 6, 6, 7, 7, 7, 6, 6, 6, 7, 6, 6, 7, 6, 6, 7, 6, 6, 7, 6, 6, 7, 7, 6, 7, 7, 6, 6, 6, 6, 7, 6, 6, 7, 6, 6, 7, 6, 6, 7, 7, 6, 7, 7, 6, 6, 7, 6, 7, 7, 7, 6, 7, 6, 6, 6, 6, 6, 6, 6, 7, 7, 6, 7, 6, 6, 7, 7, 7, 7, 6, 6, 7, 6, 7, 7, 7, 7, 7, 7, 6, 7, 6, 6, 6, 6, 6, 6, 7, 6, 6, 7, 7, 7, 6, 7, 6, 6, 7, 7, 7, 7, 6, 7, 7, 7, 6, 6, 7, 6, 7, 7, 6, 7, 6, 6, 7, 7, 6, 7, 6, 6, 6, 7, 7, 6, 7, 7, 6, 7, 6, 6, 7, 6, 6, 7, 6, 7, 7, 6, 7, 6, 7, 6, 6, 6, 6, 6, 7, 6, 6, 6, 7, 6, 6, 7, 7, 6, 7, 7, 6, 7, 6, 6, 7, 7, 7, 6, 7, 7, 7, 7, 6, 7, 6, 7, 7, 6, 6, 6, 6, 7, 7, 6, 7, 6, 6, 7, 7, 6, 6, 7, 6, 7, 7, 7, 6, 7, 6, 7, 6, 6, 6, 6, 7, 7, 6, 6, 7, 6, 6, 6, 6, 7, 6, 7, 6, 7, 7, 6, 7, 6, 7, 6, 7, 6, 7, 7, 7, 7, 7, 6, 7, 7, 6, 7, 7, 7, 6, 7, 6, 7, 6, 6, 6, 7, 7, 6, 6, 7, 6, 7, 6, 7, 6, 6, 6, 6, 6, 6, 7, 6, 6, 7, 7, 7, 7, 7, 7, 7, 6, 6, 6, 6, 6, 7, 6, 6, 7, 6, 7, 7, 7, 6, 7, 7, 7, 7, 7, 6, 7, 6, 7, 6, 7, 6, 6, 7, 6, 6, 7, 6, 7, 7, 7, 6, 6, 7, 7, 7, 6, 6, 7, 6, 7, 7, 7, 6, 6, 6, 7, 7, 6, 6, 6, 6, 7, 6, 6, 6, 7, 7, 7, 7, 7, 7, 6, 6, 7, 6, 6, 6, 7, 7, 6, 6, 7, 7, 7, 6, 7, 6, 7, 6, 6, 6, 7, 7, 7, 7, 7, 7, 6, 7, 6, 6, 6, 7, 6, 7, 7, 7, 6, 6, 6, 7, 7, 6, 7, 6, 7, 6, 7, 7, 6, 7, 7, 6, 7, 7, 6, 6, 6, 7, 6, 6, 7, 7, 7, 7, 7, 7, 6, 6, 6, 7, 6, 7, 6, 6, 7, 7, 7, 6, 7, 7, 6, 6, 6, 6, 7, 7, 7, 7, 7, 6, 6, 7, 6, 6, 7, 7, 7, 6, 6, 7, 6, 6, 6, 6, 7, 7, 7, 7, 6, 6, 6, 7, 7, 6, 6, 6, 6, 7, 6, 7, 7, 7, 6, 6, 6, 6, 7, 6, 7, 7, 6, 6, 7, 7, 7, 6, 7, 6, 6, 7, 7, 6, 7, 6, 7, 6, 6, 7, 7, 7, 6, 7, 6, 6, 7, 6, 6, 7, 6, 7, 6, 6, 6, 7, 7, 7, 6, 7, 7, 6, 7, 7, 6, 6, 7, 7, 6, 6, 7, 7, 6, 6, 6, 7, 6, 6, 6, 6, 6, 7, 7, 7, 7, 7, 6, 7, 6, 7, 7, 7, 6, 6, 7, 6, 7, 6, 6, 6, 7, 6, 7, 6, 7, 6, 6, 7, 7, 6, 7, 6, 7, 6, 7, 6, 7, 7, 7, 7, 6, 6, 6, 7, 7, 7, 7, 6, 6, 7, 6, 7, 6, 6, 6, 6, 6, 7, 7, 7, 7, 6, 6, 7, 7, 6, 7, 7, 6, 6, 6, 7, 7, 6, 6, 7, 6, 6, 7, 7, 7, 6, 6, 6, 7, 7, 7, 7, 7, 6, 6, 6, 6, 6, 7, 6, 7, 7, 7, 7, 6, 7, 6, 6, 7, 7, 7, 7, 6, 7, 7, 6, 7, 7, 6, 7, 6, 6, 6, 7, 6, 6, 7, 7, 6, 7, 7, 6, 6, 7, 7, 6, 6, 6, 6, 7, 7, 6, 7, 7, 6, 6, 6, 6, 6, 6, 7, 6, 7, 6, 7, 6, 7, 7, 6, 7, 7, 7, 7, 7, 6, 6, 6, 7, 7, 6, 7, 7, 6]

################################################################
################################################################
################### process_jail_list: ######################

[6, 6, 6, 6, 6, 6, 6, 6, 6, 6, 5, 6, 6, 5, 6, 6, 6, 6, 6, 6, 5, 6, 6, 6, 6, 6, 6, 6, 5, 6, 6, 6, 6, 6, 6, 6, 6, 6, 6, 6, 6, 6, 6, 6, 5, 6, 6, 6, 6, 6, 6, 5, 6, 6, 6, 6, 6, 6, 6, 6, 6, 6, 6, 6, 6, 6, 6, 6, 6, 5, 5, 6, 6, 6, 6, 6, 6, 6, 5, 6, 6, 6, 6, 5, 6, 6, 6, 6, 6, 6, 5, 6, 6, 6, 6, 6, 5, 6, 6, 6, 6, 6, 6, 6, 6, 6, 6, 6, 6, 6, 6, 6, 6, 6, 6, 6, 6, 6, 5, 6, 6, 6, 6, 6, 6, 6, 6, 6, 6, 6, 5, 6, 6, 6, 6, 6, 5, 6, 6, 5, 6, 6, 6, 6, 6, 6, 6, 6, 5, 6, 5, 6, 6, 6, 6, 6, 6, 6, 6, 6, 6, 6, 5, 6, 6, 6, 6, 6, 6, 6, 6, 6, 6, 6, 6, 6, 6, 6, 6, 6, 6, 6, 6, 6, 6, 6, 5, 6, 6, 6, 6, 6, 6, 6, 6, 6, 6, 6, 6, 6, 6, 6, 6, 6, 6, 6, 6, 6, 6, 6, 6, 6, 6, 6, 6, 6, 6, 6, 6, 6, 6, 6, 6, 5, 6, 6, 6, 5, 6, 6, 6, 6, 6, 6, 6, 6, 6, 6, 6, 6, 6, 6, 6, 6, 6, 6, 6, 6, 6, 6, 6, 6, 6, 6, 6, 5, 5, 5, 6, 6, 6, 6, 6, 6, 6, 6, 5, 5, 6, 6, 6, 6, 6, 6, 6, 6, 6, 6, 6, 6, 6, 6, 6, 6, 6, 6, 6, 5, 6, 5, 6, 6, 6, 6, 6, 6, 6, 6, 6, 6, 6, 6, 6, 6, 6, 6, 6, 6, 5, 6, 6, 5, 6, 6, 6, 6, 6, 6, 6, 6, 6, 5, 6, 6, 6, 6, 6, 6, 6, 6, 6, 6, 5, 6, 5, 6, 6, 6, 5, 6, 6, 6, 6, 6, 6, 6, 6, 6, 5, 6, 6, 5, 6, 6, 5, 6, 6, 6, 6, 6, 6, 6, 6, 6, 6, 6, 6, 6, 5, 6, 6, 6, 6, 6, 6, 6, 6, 6, 6, 6, 6, 6, 6, 6, 6, 6, 6, 6, 6, 6, 5, 6, 6, 6, 6, 6, 5, 6, 6, 6, 5, 5, 6, 6, 6, 6, 6, 6, 6, 6, 6, 6, 6, 5, 6, 6, 6, 6, 6, 6, 6, 6, 5, 6, 6, 6, 6, 6, 6, 6, 6, 6, 5, 6, 6, 7, 6, 6, 6, 6, 6, 6, 6, 5, 6, 6, 6, 6, 6, 5, 6, 5, 6, 6, 5, 6, 5, 6, 6, 6, 6, 5, 6, 6, 6, 6, 6, 6, 6, 6, 6, 6, 6, 6, 6, 6, 6, 6, 6, 6, 5, 6, 6, 6, 6, 6, 6, 6, 6, 6, 5, 6, 6, 6, 6, 5, 5, 6, 6, 6, 6, 6, 5, 6, 6, 6, 6, 6, 6, 6, 6, 6, 6, 6, 6, 5, 6, 6, 6, 6, 6, 5, 5, 6, 6, 6, 6, 6, 6, 5, 6, 6, 6, 6, 6, 6, 6, 6, 6, 6, 6, 6, 6, 6, 6, 6, 6, 6, 5, 6, 6, 6, 6, 6, 6, 6, 6, 6, 6, 6, 6, 6, 6, 6, 6, 6, 6, 6, 5, 5, 6, 6, 6, 5, 6, 6, 6, 6, 6, 6, 6, 6, 6, 6, 6, 6, 6, 6, 6, 6, 5, 6, 6, 5, 5, 5, 6, 6, 6, 6, 5, 6, 6, 6, 6, 6, 6, 6, 6, 5, 6, 6, 6, 6, 6, 6, 6, 6, 6, 6, 5, 6, 6, 6, 6, 6, 6, 6, 6, 6, 6, 6, 6, 6, 6, 6, 6, 6, 6, 6, 6, 6, 5, 6, 6, 6, 6, 6, 6, 6, 6, 6, 6, 6, 6, 6, 6, 5, 6, 6, 6, 6, 6, 6, 6, 6, 6, 6, 6, 6, 6, 6, 6, 6, 6, 6, 6, 6, 5, 6, 6, 6, 6, 6, 6, 6, 6, 6, 6, 6, 5, 6, 5, 6, 6, 6, 6, 6, 6, 6, 6, 6, 6, 6, 6, 6, 6, 6, 6, 6, 6, 6, 6, 6, 6, 6, 6, 5, 6, 6, 6, 6, 6, 6, 6, 6, 6, 6, 5, 6, 6, 6, 5, 6, 6, 6, 6, 6, 6, 6, 6, 6, 6, 6, 6, 6, 5, 6, 6, 6, 6, 6, 6, 6, 6, 6, 6, 6, 6, 6, 6, 6, 5, 5, 6, 6, 6, 6, 6, 6]

################################################################
