Numero total de amostras 769

Tempo total de processamento: 0:11:11

############## TEMPOS DE PROCESSAMENTO DO EXERCICIO NO JAIL  ####################
Soma 5279 segundos
Media 6.864759427828348 segundos
Desvio padr達o 0.6530263453067511 segundos
Minimo 6 segundos
Maximo 8 segundos

95% 6.0 segundos
99% 6.0 segundos

############## TEMPOS DE PROCESSAMENTO DO EXERCICIO NO JAIL COM DOWNLOAD  ################
Soma 6046 segundos
Media 7.862158647594279 segundos
Desvio padr達o 0.8619909339137718 segundos
Minimo 6 segundos
Maximo 12 segundos

95% 6.0 segundos
99% 6.0 segundos

################### TEMPOS DE DOWNLOAD DO EXERCICIO NO JAIL #######################
Soma 767 segundos
Media 0.9973992197659298 segundos
Desvio padr達o 0.5586473521199224 segundos
Minimo 0 segundos
Maximo 4 segundos

95% 0.0 segundos
99% 0.0 segundos

############################ TEMPOS DE ESPERA NA FILA ############################
Soma 6842
Media 8.897269180754225 segundos
Desvio padr達o 5.944135712588868 segundos
Minimo 0 segundos
Maximo 23 segundos

95% 0.0 segundos
99% 0.0 segundos

################### queue_wait_time_list: ######################

[5, 5, 7, 6, 2, 0, 1, 7, 6, 9, 4, 7, 3, 7, 2, 6, 7, 5, 7, 4, 7, 8, 5, 7, 5, 6, 7, 1, 8, 7, 4, 9, 3, 8, 3, 5, 5, 5, 7, 5, 5, 5, 6, 6, 4, 6, 4, 6, 7, 0, 3, 0, 4, 5, 1, 3, 5, 2, 2, 2, 3, 4, 4, 1, 3, 3, 4, 1, 3, 2, 2, 2, 2, 1, 3, 0, 2, 2, 3, 1, 4, 1, 4, 1, 0, 1, 3, 3, 1, 0, 0, 2, 1, 1, 14, 15, 2, 2, 1, 9, 12, 8, 12, 11, 12, 11, 12, 13, 11, 13, 12, 11, 9, 2, 1, 0, 1, 0, 1, 0, 0, 0, 1, 2, 0, 0, 0, 0, 0, 2, 1, 0, 1, 1, 5, 1, 2, 0, 0, 0, 1, 2, 7, 0, 1, 3, 1, 1, 1, 1, 1, 1, 1, 0, 1, 1, 1, 0, 5, 2, 1, 8, 7, 12, 8, 13, 12, 13, 14, 13, 14, 13, 13, 6, 11, 7, 13, 7, 7, 13, 11, 11, 10, 12, 12, 11, 12, 12, 10, 13, 10, 11, 11, 13, 12, 9, 12, 11, 11, 10, 9, 11, 12, 13, 9, 9, 10, 11, 8, 11, 10, 10, 10, 10, 10, 9, 10, 10, 9, 6, 13, 10, 10, 12, 8, 8, 10, 9, 11, 7, 11, 8, 8, 12, 9, 12, 11, 10, 11, 11, 9, 9, 7, 8, 9, 10, 9, 8, 9, 9, 9, 9, 11, 10, 10, 13, 13, 14, 12, 13, 11, 13, 11, 11, 13, 11, 9, 12, 8, 11, 11, 9, 10, 10, 11, 12, 8, 8, 8, 8, 8, 6, 8, 8, 8, 6, 7, 4, 8, 5, 5, 6, 6, 8, 7, 9, 6, 8, 7, 6, 7, 5, 7, 5, 9, 6, 8, 7, 6, 4, 7, 4, 7, 7, 8, 6, 7, 5, 4, 5, 7, 6, 7, 8, 8, 7, 6, 10, 13, 13, 8, 10, 6, 6, 5, 6, 6, 11, 8, 13, 12, 11, 12, 12, 10, 11, 12, 9, 9, 6, 6, 14, 5, 13, 11, 8, 7, 12, 12, 6, 7, 7, 5, 6, 7, 4, 4, 5, 10, 12, 11, 12, 11, 9, 7, 6, 6, 2, 2, 3, 6, 5, 5, 5, 4, 3, 3, 3, 1, 5, 6, 3, 1, 7, 6, 5, 6, 4, 6, 4, 5, 2, 2, 6, 5, 1, 4, 3, 6, 3, 4, 3, 3, 3, 3, 2, 2, 1, 11, 1, 2, 0, 1, 5, 5, 3, 0, 4, 3, 1, 2, 2, 0, 4, 0, 2, 2, 3, 2, 2, 3, 1, 3, 2, 0, 3, 3, 3, 1, 1, 2, 0, 3, 1, 2, 2, 1, 3, 2, 4, 3, 6, 4, 6, 5, 3, 4, 6, 5, 7, 7, 1, 2, 3, 2, 12, 6, 2, 8, 5, 2, 4, 2, 1, 2, 3, 3, 2, 2, 3, 0, 8, 8, 7, 4, 2, 4, 7, 2, 2, 2, 2, 3, 4, 7, 3, 8, 8, 9, 8, 8, 7, 7, 9, 9, 7, 2, 8, 1, 5, 10, 8, 4, 9, 8, 7, 4, 9, 9, 8, 8, 10, 5, 9, 5, 5, 7, 8, 9, 9, 10, 10, 10, 9, 4, 4, 4, 4, 3, 4, 11, 4, 13, 6, 10, 10, 2, 8, 4, 11, 14, 8, 5, 22, 19, 13, 19, 21, 20, 14, 10, 17, 17, 21, 18, 18, 15, 12, 23, 15, 15, 14, 22, 16, 12, 12, 17, 11, 20, 12, 19, 20, 21, 12, 10, 11, 11, 11, 8, 8, 8, 14, 15, 15, 21, 15, 19, 21, 18, 19, 21, 21, 16, 15, 15, 11, 14, 11, 16, 11, 22, 18, 14, 20, 18, 18, 18, 21, 20, 20, 19, 19, 20, 19, 19, 21, 20, 18, 21, 18, 19, 20, 19, 20, 20, 20, 20, 20, 20, 21, 22, 19, 8, 12, 9, 13, 13, 17, 16, 12, 8, 7, 20, 20, 21, 22, 21, 20, 18, 18, 17, 11, 13, 10, 10, 20, 19, 18, 19, 18, 16, 17, 20, 15, 19, 19, 19, 19, 18, 16, 19, 19, 19, 18, 21, 20, 21, 14, 17, 18, 17, 16, 18, 19, 19, 19, 18, 17, 15, 17, 17, 18, 17, 18, 15, 16, 16, 17, 17, 18, 16, 16, 18, 18, 17, 17, 16, 16, 15, 16, 17, 16, 16, 16, 15, 16, 15, 17, 15, 15, 15, 16, 14, 15, 14, 15, 16, 15, 17, 16, 16, 15, 16, 15, 15, 14, 14, 17, 15, 16, 15, 16, 15, 14, 15, 15, 12, 13, 11]

################################################################
################### jail_ex_download_list: ######################

[1, 1, 1, 1, 1, 1, 1, 3, 3, 1, 4, 0, 4, 0, 4, 1, 1, 1, 1, 1, 1, 1, 1, 1, 4, 1, 1, 4, 0, 1, 1, 1, 0, 1, 1, 1, 1, 1, 0, 1, 1, 1, 1, 1, 1, 1, 1, 1, 1, 1, 1, 1, 0, 0, 1, 1, 1, 1, 0, 1, 1, 1, 1, 0, 1, 1, 0, 0, 1, 1, 1, 0, 1, 1, 1, 1, 1, 1, 1, 1, 1, 1, 1, 1, 1, 1, 1, 1, 0, 1, 1, 1, 1, 1, 0, 0, 1, 0, 1, 0, 1, 1, 1, 1, 1, 1, 1, 1, 1, 1, 2, 1, 1, 1, 1, 1, 1, 1, 1, 1, 0, 1, 1, 0, 1, 0, 1, 1, 1, 1, 0, 1, 0, 0, 0, 1, 1, 1, 1, 1, 1, 1, 1, 1, 1, 0, 1, 1, 1, 1, 0, 0, 0, 1, 1, 0, 2, 1, 0, 1, 1, 1, 1, 1, 1, 1, 1, 1, 1, 1, 1, 0, 1, 0, 1, 1, 1, 1, 1, 1, 1, 1, 1, 1, 1, 1, 1, 1, 1, 1, 2, 1, 2, 1, 1, 2, 1, 1, 1, 1, 2, 1, 1, 1, 2, 2, 0, 1, 2, 1, 1, 1, 1, 0, 1, 1, 1, 0, 1, 2, 1, 0, 2, 0, 2, 1, 1, 1, 1, 2, 1, 1, 1, 1, 0, 0, 1, 1, 1, 2, 1, 1, 1, 1, 1, 0, 1, 0, 1, 2, 1, 1, 2, 1, 2, 1, 1, 1, 1, 1, 1, 1, 1, 1, 1, 1, 1, 1, 1, 1, 1, 1, 2, 1, 1, 1, 1, 1, 2, 1, 1, 1, 1, 1, 0, 2, 0, 1, 1, 2, 1, 2, 1, 1, 2, 0, 1, 2, 2, 2, 0, 2, 0, 2, 0, 2, 1, 1, 1, 2, 1, 2, 1, 1, 0, 2, 1, 1, 2, 1, 2, 1, 1, 0, 1, 2, 1, 1, 1, 1, 1, 1, 1, 1, 1, 0, 0, 1, 1, 1, 1, 1, 1, 1, 2, 1, 1, 1, 1, 2, 1, 1, 1, 0, 1, 0, 1, 1, 1, 1, 0, 1, 1, 1, 1, 1, 1, 1, 2, 1, 1, 1, 2, 1, 1, 0, 1, 1, 1, 1, 1, 0, 2, 1, 2, 2, 1, 2, 1, 1, 0, 1, 1, 1, 1, 0, 1, 0, 1, 1, 1, 1, 1, 1, 1, 1, 1, 1, 1, 2, 1, 0, 1, 1, 0, 2, 1, 1, 2, 1, 1, 1, 1, 0, 0, 0, 1, 1, 0, 2, 2, 1, 2, 1, 2, 1, 0, 1, 1, 1, 1, 1, 1, 1, 1, 1, 1, 1, 1, 1, 1, 1, 1, 1, 0, 1, 1, 1, 1, 1, 1, 1, 1, 1, 1, 1, 1, 1, 1, 0, 1, 0, 1, 1, 1, 0, 1, 1, 1, 0, 1, 1, 1, 1, 1, 1, 1, 1, 1, 0, 1, 0, 1, 1, 0, 1, 1, 1, 1, 1, 1, 1, 1, 1, 1, 1, 1, 1, 1, 1, 1, 1, 1, 1, 1, 2, 1, 1, 1, 1, 1, 1, 1, 1, 2, 1, 0, 1, 1, 2, 2, 1, 1, 1, 1, 1, 0, 1, 0, 0, 1, 1, 1, 0, 1, 1, 1, 0, 1, 1, 1, 1, 1, 1, 0, 1, 1, 1, 1, 1, 1, 1, 1, 1, 1, 0, 1, 1, 1, 1, 0, 1, 1, 1, 1, 1, 1, 0, 2, 2, 2, 1, 2, 1, 1, 1, 1, 1, 2, 1, 2, 1, 1, 1, 2, 1, 1, 0, 1, 1, 1, 1, 1, 1, 0, 1, 1, 0, 1, 1, 1, 0, 1, 1, 2, 1, 2, 1, 1, 1, 1, 1, 2, 1, 1, 1, 1, 1, 0, 1, 2, 1, 1, 1, 1, 0, 1, 1, 1, 2, 1, 1, 1, 1, 1, 2, 0, 1, 1, 1, 1, 1, 1, 1, 1, 1, 1, 2, 1, 1, 1, 1, 0, 1, 2, 1, 2, 2, 2, 2, 2, 1, 2, 1, 1, 1, 2, 1, 2, 1, 1, 1, 1, 1, 1, 0, 1, 0, 1, 1, 1, 0, 1, 1, 0, 0, 1, 1, 1, 1, 1, 1, 1, 1, 1, 1, 1, 1, 1, 1, 2, 1, 1, 0, 1, 2, 2, 0, 1, 1, 0, 1, 0, 1, 1, 1, 1, 1, 1, 1, 1, 1, 1, 1, 1, 1, 1, 1, 1, 2, 2, 1, 2, 1, 1, 1, 0, 0, 1, 0, 1, 1, 1, 1, 1, 1, 1, 1, 1, 1, 1, 1, 1, 1, 1, 1, 1, 1, 1]

################################################################
################################################################
################### process_jail_download_list: ######################

[8, 8, 8, 8, 8, 8, 8, 11, 11, 8, 11, 8, 11, 8, 12, 8, 9, 8, 7, 8, 8, 8, 8, 8, 12, 8, 8, 12, 7, 7, 8, 8, 7, 8, 8, 8, 7, 8, 7, 7, 8, 8, 8, 7, 8, 7, 7, 8, 8, 8, 7, 8, 7, 6, 8, 7, 7, 7, 7, 8, 8, 8, 8, 7, 8, 8, 7, 7, 7, 7, 7, 7, 8, 8, 8, 7, 8, 8, 7, 7, 7, 7, 7, 8, 7, 7, 7, 8, 7, 8, 7, 8, 8, 7, 7, 7, 7, 6, 7, 6, 8, 7, 8, 8, 8, 8, 9, 9, 9, 7, 8, 7, 7, 7, 8, 8, 8, 7, 7, 7, 7, 7, 7, 6, 7, 6, 7, 7, 7, 7, 6, 7, 6, 6, 7, 7, 8, 7, 7, 7, 7, 7, 8, 7, 7, 6, 7, 8, 7, 8, 6, 7, 6, 7, 7, 6, 8, 7, 7, 7, 7, 8, 9, 7, 8, 8, 9, 8, 8, 9, 8, 7, 8, 7, 8, 7, 9, 8, 9, 8, 7, 7, 8, 7, 8, 8, 8, 9, 8, 7, 9, 8, 9, 7, 7, 9, 9, 8, 7, 8, 9, 9, 9, 7, 9, 9, 7, 9, 9, 8, 8, 8, 8, 7, 8, 8, 7, 7, 9, 8, 8, 7, 9, 7, 9, 8, 7, 8, 8, 8, 7, 8, 8, 8, 7, 7, 8, 8, 7, 9, 8, 8, 7, 7, 8, 7, 8, 8, 9, 9, 7, 7, 8, 8, 9, 7, 8, 7, 8, 8, 9, 8, 7, 7, 8, 9, 8, 8, 7, 9, 9, 7, 9, 9, 8, 8, 7, 7, 9, 9, 8, 8, 7, 8, 7, 9, 8, 8, 8, 8, 7, 8, 8, 8, 9, 7, 8, 8, 10, 9, 7, 9, 7, 10, 7, 9, 7, 8, 8, 8, 9, 10, 9, 8, 8, 10, 7, 9, 9, 9, 9, 9, 7, 8, 8, 9, 8, 8, 7, 7, 8, 8, 8, 7, 8, 7, 7, 9, 7, 8, 8, 9, 8, 9, 9, 9, 8, 8, 7, 10, 8, 8, 9, 7, 9, 7, 7, 9, 8, 8, 8, 8, 8, 9, 9, 9, 8, 7, 9, 8, 8, 7, 8, 8, 8, 7, 7, 9, 9, 9, 8, 6, 8, 8, 8, 8, 8, 10, 9, 7, 8, 8, 8, 8, 8, 6, 8, 7, 8, 8, 8, 8, 8, 8, 8, 8, 8, 8, 8, 9, 8, 6, 7, 7, 7, 9, 7, 8, 9, 7, 8, 8, 8, 7, 7, 7, 7, 8, 7, 9, 9, 8, 9, 8, 8, 7, 7, 7, 8, 8, 7, 8, 7, 7, 7, 7, 7, 7, 7, 7, 7, 7, 8, 7, 7, 7, 7, 7, 7, 8, 8, 7, 8, 7, 8, 8, 7, 8, 7, 8, 8, 6, 8, 8, 9, 7, 8, 8, 9, 7, 7, 7, 8, 8, 7, 7, 7, 8, 9, 8, 7, 8, 9, 7, 7, 9, 7, 9, 9, 9, 9, 9, 8, 8, 9, 8, 8, 8, 9, 8, 8, 8, 8, 8, 8, 9, 7, 9, 9, 7, 7, 7, 8, 8, 9, 8, 8, 9, 8, 9, 9, 7, 8, 7, 8, 8, 7, 7, 7, 7, 8, 8, 8, 8, 8, 9, 9, 6, 8, 7, 9, 8, 8, 8, 7, 8, 7, 8, 7, 9, 9, 8, 7, 9, 8, 8, 8, 9, 8, 7, 7, 8, 8, 8, 7, 8, 8, 7, 9, 8, 8, 9, 9, 8, 9, 8, 8, 7, 10, 7, 10, 9, 8, 8, 9, 7, 7, 7, 7, 7, 8, 8, 9, 8, 8, 9, 7, 7, 8, 8, 9, 7, 8, 8, 9, 8, 9, 9, 9, 9, 7, 7, 9, 9, 8, 7, 8, 8, 8, 8, 9, 8, 9, 8, 7, 8, 8, 8, 9, 8, 8, 7, 8, 8, 9, 9, 7, 8, 8, 8, 8, 7, 8, 8, 8, 8, 8, 8, 8, 8, 7, 7, 7, 8, 9, 9, 9, 9, 9, 10, 10, 7, 8, 8, 7, 8, 8, 8, 9, 8, 8, 8, 8, 8, 7, 7, 8, 7, 8, 9, 9, 7, 7, 8, 6, 8, 7, 8, 8, 8, 7, 7, 8, 8, 7, 7, 8, 8, 8, 7, 9, 8, 8, 7, 8, 9, 9, 7, 8, 7, 7, 7, 7, 9, 8, 8, 8, 8, 8, 8, 8, 9, 8, 9, 8, 8, 8, 8, 8, 9, 8, 8, 10, 8, 7, 8, 7, 7, 8, 8, 7, 8, 8, 7, 8, 9, 7, 7, 7, 8, 7, 8, 8, 7, 7, 8, 7, 8, 9]

################################################################
################################################################
################### process_jail_list: ######################

[7, 7, 7, 7, 7, 7, 7, 8, 8, 7, 7, 8, 7, 8, 8, 7, 8, 7, 6, 7, 7, 7, 7, 7, 8, 7, 7, 8, 7, 6, 7, 7, 7, 7, 7, 7, 6, 7, 7, 6, 7, 7, 7, 6, 7, 6, 6, 7, 7, 7, 6, 7, 7, 6, 7, 6, 6, 6, 7, 7, 7, 7, 7, 7, 7, 7, 7, 7, 6, 6, 6, 7, 7, 7, 7, 6, 7, 7, 6, 6, 6, 6, 6, 7, 6, 6, 6, 7, 7, 7, 6, 7, 7, 6, 7, 7, 6, 6, 6, 6, 7, 6, 7, 7, 7, 7, 8, 8, 8, 6, 6, 6, 6, 6, 7, 7, 7, 6, 6, 6, 7, 6, 6, 6, 6, 6, 6, 6, 6, 6, 6, 6, 6, 6, 7, 6, 7, 6, 6, 6, 6, 6, 7, 6, 6, 6, 6, 7, 6, 7, 6, 7, 6, 6, 6, 6, 6, 6, 7, 6, 6, 7, 8, 6, 7, 7, 8, 7, 7, 8, 7, 7, 7, 7, 7, 6, 8, 7, 8, 7, 6, 6, 7, 6, 7, 7, 7, 8, 7, 6, 7, 7, 7, 6, 6, 7, 8, 7, 6, 7, 7, 8, 8, 6, 7, 7, 7, 8, 7, 7, 7, 7, 7, 7, 7, 7, 6, 7, 8, 6, 7, 7, 7, 7, 7, 7, 6, 7, 7, 6, 6, 7, 7, 7, 7, 7, 7, 7, 6, 7, 7, 7, 6, 6, 7, 7, 7, 8, 8, 7, 6, 6, 6, 7, 7, 6, 7, 6, 7, 7, 8, 7, 6, 6, 7, 8, 7, 7, 6, 8, 8, 6, 7, 8, 7, 7, 6, 6, 7, 8, 7, 7, 6, 7, 7, 7, 8, 7, 7, 6, 6, 6, 7, 7, 7, 7, 7, 6, 8, 7, 7, 7, 7, 8, 7, 7, 6, 7, 7, 6, 8, 8, 8, 7, 8, 8, 6, 8, 7, 8, 7, 8, 6, 8, 7, 7, 7, 7, 6, 6, 7, 7, 7, 6, 7, 7, 7, 8, 6, 7, 7, 8, 7, 8, 7, 8, 7, 7, 6, 8, 7, 7, 8, 7, 8, 7, 6, 8, 7, 7, 8, 7, 7, 8, 8, 8, 7, 6, 7, 7, 7, 6, 6, 7, 7, 7, 6, 8, 8, 8, 7, 6, 6, 7, 6, 6, 7, 8, 8, 6, 8, 7, 7, 7, 7, 6, 7, 7, 7, 7, 7, 7, 7, 7, 7, 7, 7, 7, 7, 7, 7, 6, 6, 6, 7, 7, 6, 7, 7, 6, 7, 7, 7, 7, 7, 7, 6, 7, 7, 7, 7, 7, 7, 7, 6, 6, 7, 6, 7, 7, 6, 7, 6, 6, 6, 6, 6, 6, 6, 6, 6, 6, 7, 6, 7, 6, 6, 6, 6, 7, 7, 6, 7, 6, 7, 7, 6, 7, 6, 8, 7, 6, 7, 7, 8, 7, 7, 7, 8, 7, 6, 6, 7, 7, 6, 6, 6, 7, 8, 8, 6, 8, 8, 6, 7, 8, 6, 8, 8, 8, 8, 8, 7, 7, 8, 7, 7, 7, 8, 7, 7, 7, 7, 7, 7, 7, 6, 8, 8, 6, 6, 6, 7, 7, 7, 7, 8, 8, 7, 7, 7, 6, 7, 6, 7, 7, 7, 6, 7, 7, 7, 7, 7, 8, 7, 8, 8, 6, 7, 6, 8, 7, 7, 7, 7, 7, 6, 7, 6, 8, 8, 7, 6, 8, 7, 8, 7, 8, 7, 6, 7, 7, 7, 7, 6, 7, 7, 7, 7, 6, 6, 8, 7, 7, 8, 7, 7, 6, 8, 6, 8, 8, 7, 7, 7, 6, 6, 7, 6, 6, 7, 7, 8, 7, 8, 8, 6, 7, 7, 7, 8, 7, 7, 7, 7, 7, 7, 8, 8, 8, 6, 6, 7, 8, 7, 6, 7, 7, 8, 7, 7, 7, 8, 7, 6, 8, 7, 7, 8, 6, 7, 6, 7, 7, 8, 7, 7, 7, 7, 7, 7, 6, 7, 7, 7, 7, 7, 6, 7, 7, 6, 6, 7, 7, 7, 8, 7, 7, 7, 8, 8, 6, 6, 7, 6, 7, 6, 7, 7, 7, 7, 7, 7, 7, 6, 7, 7, 7, 7, 8, 8, 7, 6, 7, 6, 8, 6, 7, 7, 7, 6, 6, 7, 7, 6, 6, 7, 7, 7, 6, 7, 7, 7, 7, 7, 7, 7, 7, 7, 6, 7, 6, 7, 8, 7, 7, 7, 7, 7, 7, 7, 8, 7, 8, 7, 7, 7, 7, 7, 7, 6, 7, 8, 7, 6, 7, 7, 7, 7, 8, 6, 7, 7, 6, 7, 8, 6, 6, 6, 7, 6, 7, 7, 6, 6, 7, 6, 7, 8]

################################################################
