Numero total de amostras 770

Tempo total de processamento: 0:26:53

############## TEMPOS DE PROCESSAMENTO DO EXERCICIO NO JAIL  ####################
Soma 4396 segundos
Media 5.709090909090909 segundos
Desvio padr達o 0.45418167261079256 segundos
Minimo 5 segundos
Maximo 6 segundos

95% 5.0 segundos
99% 5.0 segundos

############## TEMPOS DE PROCESSAMENTO DO EXERCICIO NO JAIL COM DOWNLOAD  ################
Soma 4842 segundos
Media 6.288311688311689 segundos
Desvio padr達o 0.4558349057410531 segundos
Minimo 6 segundos
Maximo 8 segundos

95% 6.0 segundos
99% 6.0 segundos

################### TEMPOS DE DOWNLOAD DO EXERCICIO NO JAIL #######################
Soma 446 segundos
Media 0.5792207792207792 segundos
Desvio padr達o 0.5015139837849591 segundos
Minimo 0 segundos
Maximo 2 segundos

95% 0.0 segundos
99% 0.0 segundos

############################ TEMPOS DE ESPERA NA FILA ############################
Soma 367810
Media 477.6753246753247 segundos
Desvio padr達o 274.47881859746633 segundos
Minimo 3 segundos
Maximo 956 segundos

95% 13.3055 segundos
99% 13.6131 segundos

################### queue_wait_time_list: ######################

[13, 21, 12, 25, 21, 5, 20, 4, 3, 9, 8, 8, 17, 28, 23, 28, 14, 31, 15, 16, 32, 24, 35, 28, 43, 35, 32, 40, 40, 34, 50, 42, 39, 46, 47, 43, 53, 50, 48, 57, 61, 51, 54, 58, 62, 66, 61, 54, 68, 69, 73, 75, 83, 79, 72, 76, 79, 86, 84, 87, 90, 83, 101, 94, 97, 91, 104, 98, 102, 99, 103, 111, 110, 119, 105, 115, 109, 113, 118, 122, 121, 128, 130, 120, 134, 124, 128, 131, 135, 137, 138, 141, 143, 143, 58, 80, 65, 65, 68, 71, 76, 151, 147, 152, 155, 155, 152, 154, 163, 163, 166, 158, 170, 162, 166, 181, 173, 174, 178, 173, 178, 181, 198, 185, 193, 190, 185, 208, 189, 188, 201, 193, 204, 196, 199, 205, 211, 211, 204, 216, 207, 86, 90, 95, 223, 106, 107, 234, 222, 233, 226, 215, 215, 226, 233, 219, 225, 219, 218, 237, 223, 230, 237, 230, 237, 230, 241, 241, 94, 113, 117, 124, 251, 244, 248, 244, 248, 252, 259, 256, 258, 262, 255, 269, 258, 265, 262, 264, 269, 281, 273, 273, 276, 276, 284, 286, 276, 287, 280, 291, 283, 293, 290, 299, 291, 298, 304, 301, 298, 300, 303, 308, 313, 309, 126, 144, 148, 328, 327, 327, 313, 318, 317, 316, 321, 320, 320, 324, 325, 323, 132, 136, 343, 342, 332, 346, 332, 346, 331, 345, 336, 334, 335, 339, 338, 338, 343, 139, 146, 158, 160, 165, 354, 356, 364, 349, 361, 353, 357, 361, 368, 365, 368, 371, 364, 375, 383, 378, 371, 373, 379, 386, 383, 389, 394, 382, 390, 385, 397, 393, 401, 407, 404, 396, 400, 400, 403, 411, 407, 414, 415, 410, 419, 415, 418, 171, 182, 350, 354, 469, 422, 590, 685, 443, 492, 807, 612, 516, 901, 706, 540, 633, 567, 829, 659, 730, 924, 755, 880, 780, 952, 287, 294, 303, 421, 469, 589, 447, 684, 491, 807, 616, 519, 903, 734, 542, 635, 566, 833, 662, 758, 929, 780, 857, 879, 952, 785, 422, 468, 594, 446, 685, 495, 616, 518, 807, 713, 545, 638, 907, 567, 661, 734, 834, 757, 928, 856, 951, 881, 251, 350, 357, 375, 386, 571, 784, 426, 473, 446, 594, 495, 689, 521, 638, 812, 544, 711, 906, 662, 733, 833, 759, 955, 883, 269, 280, 571, 784, 425, 472, 451, 593, 494, 688, 522, 615, 811, 546, 711, 906, 640, 738, 837, 762, 928, 859, 956, 882, 571, 425, 472, 450, 597, 498, 688, 788, 521, 619, 910, 549, 716, 643, 810, 739, 665, 934, 761, 838, 861, 955, 885, 192, 197, 200, 211, 393, 404, 411, 418, 429, 499, 575, 450, 692, 524, 787, 598, 548, 909, 715, 620, 815, 642, 738, 665, 933, 763, 837, 860, 887, 397, 428, 477, 574, 454, 692, 499, 788, 597, 525, 909, 714, 549, 619, 814, 644, 741, 666, 932, 766, 840, 862, 886, 407, 428, 477, 573, 453, 692, 502, 792, 601, 524, 915, 719, 552, 623, 814, 646, 742, 670, 936, 765, 842, 864, 887, 891, 433, 476, 579, 453, 697, 503, 791, 601, 527, 720, 552, 624, 914, 819, 645, 741, 669, 766, 841, 936, 863, 185, 208, 890, 433, 480, 578, 696, 502, 792, 600, 530, 718, 553, 623, 914, 819, 648, 744, 670, 769, 845, 935, 866, 302, 308, 313, 891, 432, 480, 578, 458, 695, 505, 796, 605, 529, 722, 556, 627, 918, 818, 651, 768, 673, 844, 941, 868, 360, 367, 378, 436, 479, 583, 457, 700, 506, 795, 606, 531, 917, 723, 555, 628, 822, 650, 747, 673, 940, 771, 844, 868, 371, 389, 436, 484, 582, 457, 698, 505, 795, 604, 533, 894, 722, 556, 627, 822, 652, 744, 674, 940, 773, 848, 870, 255, 262, 273, 677, 435, 484, 582, 462, 509, 698, 608, 532, 800, 894, 560, 654, 726, 821, 746, 917, 849, 772, 872, 944, 676, 240, 243, 266, 284, 483, 439, 609, 461, 511, 704, 630, 535, 799, 896, 559, 727, 827, 748, 921, 848, 774, 871, 944, 247, 677, 440, 488, 587, 460, 510, 703, 631, 537, 799, 899, 559, 652, 727, 826, 746, 921, 852, 777, 873, 943, 295, 465, 439, 586, 488, 681, 804, 513, 608, 898, 536, 702, 631, 563, 825, 654, 750, 921, 776, 853, 875, 947, 464, 444, 585, 487, 680, 803, 514, 612, 899, 538, 708, 631, 563, 830, 657, 731, 926, 753, 852, 777, 874, 948, 464, 443, 591, 491, 680, 802, 513, 612, 902, 541, 707, 633, 564, 830, 657, 731, 925, 753, 855, 780, 877, 947, 170, 177]

################################################################
################### jail_ex_download_list: ######################

[0, 0, 1, 0, 0, 2, 0, 2, 2, 1, 1, 0, 1, 1, 1, 0, 0, 1, 1, 1, 1, 1, 1, 0, 0, 1, 1, 0, 0, 1, 1, 1, 0, 0, 0, 1, 1, 1, 0, 0, 0, 1, 0, 1, 0, 0, 0, 1, 1, 1, 1, 1, 0, 0, 1, 0, 1, 1, 0, 1, 1, 0, 0, 0, 0, 1, 1, 1, 0, 1, 0, 1, 1, 0, 1, 0, 1, 0, 0, 1, 0, 1, 0, 1, 0, 1, 0, 0, 1, 0, 1, 1, 0, 1, 0, 0, 0, 1, 1, 1, 1, 0, 1, 1, 1, 1, 0, 1, 0, 0, 1, 1, 1, 0, 1, 1, 1, 1, 1, 1, 0, 1, 0, 1, 1, 0, 1, 1, 1, 1, 0, 0, 0, 0, 1, 0, 1, 1, 0, 0, 1, 1, 1, 0, 0, 1, 1, 0, 1, 1, 1, 1, 0, 0, 0, 0, 1, 0, 0, 0, 0, 1, 1, 1, 1, 0, 0, 0, 0, 1, 0, 1, 0, 1, 0, 0, 0, 0, 0, 0, 0, 0, 1, 1, 1, 1, 1, 1, 1, 0, 1, 1, 1, 1, 0, 0, 0, 1, 0, 1, 0, 1, 1, 0, 0, 0, 1, 1, 1, 1, 1, 1, 1, 0, 1, 1, 0, 1, 1, 0, 0, 0, 0, 1, 0, 1, 1, 1, 1, 1, 0, 1, 0, 0, 0, 1, 0, 1, 1, 1, 0, 1, 1, 0, 1, 1, 1, 1, 1, 1, 0, 1, 0, 0, 1, 1, 1, 0, 0, 0, 1, 0, 1, 1, 1, 1, 0, 0, 1, 1, 0, 1, 0, 1, 0, 1, 1, 1, 0, 0, 0, 1, 1, 1, 0, 1, 1, 1, 0, 1, 0, 1, 0, 0, 0, 0, 1, 1, 0, 1, 0, 1, 1, 0, 1, 1, 1, 1, 1, 1, 0, 1, 1, 0, 1, 1, 1, 0, 0, 1, 0, 0, 0, 1, 1, 0, 1, 0, 1, 1, 1, 1, 0, 0, 0, 0, 1, 1, 1, 1, 1, 1, 1, 0, 0, 0, 0, 0, 0, 1, 0, 0, 0, 1, 0, 0, 0, 1, 0, 0, 0, 1, 1, 1, 1, 1, 0, 0, 0, 0, 1, 0, 1, 0, 1, 0, 1, 0, 0, 0, 1, 0, 0, 0, 0, 1, 1, 0, 1, 1, 1, 1, 0, 1, 0, 1, 1, 1, 1, 1, 0, 0, 1, 0, 1, 0, 0, 0, 1, 0, 1, 0, 1, 0, 1, 1, 0, 1, 1, 1, 1, 1, 1, 0, 0, 1, 1, 1, 1, 0, 0, 1, 0, 0, 1, 0, 0, 0, 0, 0, 0, 1, 0, 1, 1, 1, 0, 0, 0, 1, 0, 1, 0, 1, 0, 1, 1, 0, 1, 1, 0, 1, 1, 0, 1, 1, 1, 0, 0, 1, 0, 1, 0, 1, 1, 1, 0, 1, 1, 1, 1, 1, 0, 0, 1, 1, 1, 1, 1, 0, 1, 1, 1, 1, 1, 0, 1, 1, 0, 1, 1, 1, 1, 0, 0, 1, 1, 1, 1, 1, 0, 0, 0, 1, 1, 1, 0, 1, 0, 0, 0, 0, 1, 1, 1, 0, 0, 1, 1, 0, 1, 1, 1, 0, 1, 1, 1, 1, 1, 1, 0, 0, 1, 0, 0, 1, 0, 1, 1, 0, 1, 1, 0, 0, 1, 1, 0, 1, 0, 1, 0, 0, 1, 1, 1, 1, 1, 1, 1, 1, 1, 0, 0, 1, 1, 1, 0, 0, 0, 0, 1, 1, 1, 1, 0, 1, 1, 0, 1, 1, 1, 1, 1, 1, 0, 0, 1, 1, 1, 1, 0, 1, 0, 0, 1, 0, 0, 1, 0, 1, 1, 0, 1, 1, 1, 1, 1, 0, 0, 1, 1, 1, 1, 0, 1, 0, 0, 0, 1, 1, 0, 0, 0, 1, 0, 1, 1, 1, 0, 0, 0, 1, 0, 1, 1, 1, 1, 1, 1, 1, 0, 0, 0, 1, 1, 1, 1, 1, 1, 0, 0, 1, 1, 1, 0, 0, 1, 0, 1, 1, 0, 1, 0, 0, 1, 1, 0, 0, 1, 1, 1, 0, 0, 0, 0, 1, 0, 1, 0, 1, 1, 0, 1, 1, 0, 1, 1, 1, 1, 1, 1, 1, 0, 1, 1, 0, 0, 1, 1, 1, 1, 0, 1, 1, 0, 1, 1, 0, 0, 1, 0, 1, 1, 1, 1, 0, 0, 0, 1, 1, 1, 1, 0, 1, 1, 0, 1, 0, 0, 0, 0, 0, 1, 1, 1, 1, 1, 0, 0, 0, 1, 1, 1, 1, 1, 0, 1, 1, 0, 0, 0, 1, 0, 0, 1, 1, 1, 1, 0, 1]

################################################################
################################################################
################### process_jail_download_list: ######################

[6, 6, 6, 6, 6, 7, 6, 7, 8, 7, 7, 6, 7, 6, 7, 6, 6, 6, 7, 7, 6, 7, 7, 6, 6, 7, 6, 6, 6, 7, 6, 7, 6, 6, 6, 7, 7, 6, 6, 6, 6, 7, 6, 7, 6, 6, 6, 6, 6, 6, 6, 7, 6, 6, 7, 6, 7, 6, 6, 6, 7, 6, 6, 6, 6, 7, 6, 7, 6, 7, 6, 7, 6, 6, 6, 6, 7, 6, 6, 6, 6, 7, 6, 6, 6, 7, 6, 6, 6, 6, 7, 6, 6, 6, 6, 6, 6, 6, 6, 6, 6, 6, 7, 6, 7, 6, 6, 6, 6, 6, 7, 7, 6, 6, 6, 6, 7, 6, 7, 6, 6, 6, 6, 7, 6, 6, 6, 6, 6, 7, 6, 6, 6, 6, 7, 6, 7, 7, 6, 6, 6, 6, 7, 6, 6, 6, 6, 6, 6, 6, 6, 7, 6, 6, 6, 6, 7, 6, 6, 6, 6, 7, 7, 6, 6, 6, 6, 6, 6, 7, 6, 6, 6, 6, 6, 6, 6, 6, 6, 6, 6, 6, 6, 7, 6, 6, 6, 7, 6, 6, 6, 6, 7, 6, 6, 6, 6, 6, 6, 6, 6, 7, 7, 6, 6, 6, 7, 6, 6, 6, 6, 7, 7, 6, 7, 7, 6, 7, 7, 6, 6, 6, 6, 6, 6, 6, 6, 6, 6, 7, 6, 6, 6, 6, 6, 6, 6, 6, 6, 6, 6, 6, 6, 6, 7, 7, 6, 7, 7, 7, 6, 7, 6, 6, 6, 7, 6, 6, 6, 6, 6, 6, 6, 6, 6, 7, 6, 6, 6, 7, 6, 6, 6, 7, 6, 6, 6, 6, 6, 6, 6, 6, 6, 6, 6, 7, 6, 6, 6, 7, 6, 7, 6, 6, 6, 6, 6, 7, 6, 7, 6, 7, 7, 6, 6, 7, 7, 7, 7, 7, 6, 7, 7, 6, 6, 6, 6, 6, 6, 7, 6, 6, 6, 6, 6, 6, 7, 6, 7, 6, 7, 6, 6, 6, 6, 6, 6, 7, 6, 6, 7, 7, 6, 6, 6, 6, 6, 6, 6, 6, 6, 6, 6, 7, 6, 6, 6, 7, 6, 6, 6, 6, 7, 7, 7, 7, 6, 6, 6, 6, 7, 6, 7, 6, 6, 6, 6, 6, 6, 6, 7, 6, 6, 6, 6, 7, 6, 6, 6, 7, 7, 6, 6, 6, 6, 7, 6, 6, 6, 7, 6, 6, 7, 6, 6, 6, 6, 6, 6, 6, 6, 6, 6, 6, 7, 6, 6, 6, 6, 6, 7, 6, 6, 6, 6, 6, 6, 6, 7, 6, 6, 6, 6, 6, 7, 6, 6, 6, 6, 6, 6, 7, 6, 7, 6, 6, 6, 6, 6, 6, 6, 7, 6, 7, 6, 6, 6, 6, 7, 7, 6, 6, 6, 6, 7, 6, 6, 6, 6, 7, 6, 7, 6, 7, 6, 7, 6, 7, 6, 7, 7, 7, 6, 6, 6, 6, 6, 7, 6, 6, 7, 7, 7, 6, 6, 6, 6, 6, 6, 6, 7, 7, 7, 6, 6, 6, 7, 7, 7, 7, 6, 6, 6, 6, 7, 6, 6, 6, 6, 6, 6, 6, 6, 7, 7, 6, 6, 6, 7, 6, 6, 7, 7, 6, 7, 6, 7, 7, 7, 6, 6, 6, 6, 6, 6, 6, 6, 7, 6, 6, 6, 7, 6, 6, 7, 7, 6, 6, 6, 7, 6, 6, 7, 7, 7, 6, 6, 7, 7, 6, 7, 6, 6, 6, 6, 7, 6, 6, 6, 6, 6, 6, 7, 6, 6, 6, 6, 6, 6, 6, 7, 7, 6, 7, 6, 6, 6, 6, 7, 7, 6, 7, 6, 6, 6, 6, 6, 7, 6, 6, 7, 6, 7, 7, 6, 6, 7, 6, 6, 6, 7, 7, 6, 6, 6, 6, 6, 6, 6, 7, 6, 6, 6, 6, 6, 7, 6, 7, 6, 6, 6, 6, 6, 6, 7, 7, 6, 7, 7, 6, 6, 6, 6, 7, 6, 6, 7, 6, 7, 6, 6, 7, 7, 6, 6, 6, 7, 6, 6, 7, 6, 6, 6, 6, 7, 7, 6, 6, 6, 6, 7, 6, 6, 6, 6, 6, 6, 7, 6, 7, 6, 6, 7, 7, 6, 7, 7, 7, 6, 6, 6, 6, 6, 6, 7, 6, 6, 6, 6, 6, 6, 6, 7, 7, 6, 6, 7, 6, 6, 6, 6, 7, 7, 7, 7, 6, 6, 6, 6, 6, 7, 6, 6, 7, 7, 6, 6, 6, 6, 6, 6, 6, 7, 6, 7, 7, 7, 6, 6, 6, 7, 7, 7, 6, 7, 6, 7, 7, 6, 6, 6, 6, 6, 6, 6, 7, 7, 7, 6, 7]

################################################################
################################################################
################### process_jail_list: ######################

[6, 6, 5, 6, 6, 5, 6, 5, 6, 6, 6, 6, 6, 5, 6, 6, 6, 5, 6, 6, 5, 6, 6, 6, 6, 6, 5, 6, 6, 6, 5, 6, 6, 6, 6, 6, 6, 5, 6, 6, 6, 6, 6, 6, 6, 6, 6, 5, 5, 5, 5, 6, 6, 6, 6, 6, 6, 5, 6, 5, 6, 6, 6, 6, 6, 6, 5, 6, 6, 6, 6, 6, 5, 6, 5, 6, 6, 6, 6, 5, 6, 6, 6, 5, 6, 6, 6, 6, 5, 6, 6, 5, 6, 5, 6, 6, 6, 5, 5, 5, 5, 6, 6, 5, 6, 5, 6, 5, 6, 6, 6, 6, 5, 6, 5, 5, 6, 5, 6, 5, 6, 5, 6, 6, 5, 6, 5, 5, 5, 6, 6, 6, 6, 6, 6, 6, 6, 6, 6, 6, 5, 5, 6, 6, 6, 5, 5, 6, 5, 5, 5, 6, 6, 6, 6, 6, 6, 6, 6, 6, 6, 6, 6, 5, 5, 6, 6, 6, 6, 6, 6, 5, 6, 5, 6, 6, 6, 6, 6, 6, 6, 6, 5, 6, 5, 5, 5, 6, 5, 6, 5, 5, 6, 5, 6, 6, 6, 5, 6, 5, 6, 6, 6, 6, 6, 6, 6, 5, 5, 5, 5, 6, 6, 6, 6, 6, 6, 6, 6, 6, 6, 6, 6, 5, 6, 5, 5, 5, 5, 6, 6, 5, 6, 6, 6, 5, 6, 5, 5, 5, 6, 5, 5, 6, 6, 6, 5, 6, 6, 6, 6, 6, 6, 6, 5, 6, 5, 6, 6, 6, 5, 6, 5, 5, 5, 6, 6, 6, 5, 6, 6, 5, 6, 6, 6, 5, 5, 5, 6, 6, 6, 5, 5, 5, 6, 6, 5, 5, 6, 6, 6, 6, 6, 6, 6, 6, 5, 6, 6, 6, 6, 6, 6, 6, 5, 6, 6, 6, 6, 6, 6, 6, 6, 6, 5, 5, 5, 6, 6, 6, 6, 6, 6, 5, 5, 6, 6, 6, 6, 5, 6, 5, 6, 6, 6, 6, 5, 6, 5, 5, 6, 6, 5, 6, 6, 6, 6, 6, 6, 5, 6, 6, 6, 6, 6, 6, 6, 6, 6, 6, 6, 5, 6, 6, 6, 6, 6, 6, 6, 6, 6, 6, 6, 6, 5, 6, 5, 6, 6, 6, 6, 6, 6, 6, 6, 6, 5, 6, 5, 6, 6, 5, 6, 5, 6, 6, 5, 5, 5, 6, 6, 6, 6, 6, 5, 6, 6, 6, 5, 6, 5, 6, 5, 6, 6, 5, 6, 5, 5, 5, 6, 5, 5, 6, 6, 5, 5, 5, 6, 6, 6, 5, 6, 6, 6, 6, 6, 6, 6, 6, 6, 6, 6, 6, 5, 5, 6, 6, 6, 5, 6, 6, 6, 6, 6, 5, 5, 6, 6, 6, 6, 5, 5, 6, 6, 5, 5, 6, 6, 6, 6, 6, 6, 6, 5, 6, 6, 6, 5, 6, 6, 6, 6, 6, 5, 5, 5, 6, 5, 6, 6, 6, 6, 5, 5, 6, 5, 5, 6, 5, 6, 6, 6, 6, 6, 5, 6, 6, 6, 6, 6, 6, 6, 5, 6, 5, 6, 5, 6, 6, 6, 6, 5, 6, 6, 6, 6, 5, 6, 6, 5, 6, 6, 6, 6, 5, 6, 6, 6, 5, 6, 6, 5, 6, 6, 5, 6, 6, 5, 6, 5, 6, 6, 6, 6, 6, 6, 5, 6, 6, 6, 6, 6, 6, 6, 5, 5, 6, 6, 5, 6, 6, 6, 5, 5, 6, 6, 6, 6, 6, 5, 5, 6, 5, 6, 5, 5, 6, 5, 5, 6, 6, 5, 6, 6, 6, 5, 5, 6, 6, 6, 6, 6, 6, 5, 6, 6, 6, 6, 5, 6, 6, 6, 6, 5, 5, 6, 6, 6, 5, 6, 6, 5, 6, 5, 6, 6, 6, 5, 6, 6, 6, 6, 5, 6, 6, 5, 6, 6, 6, 6, 5, 6, 5, 6, 6, 5, 6, 6, 5, 6, 6, 6, 6, 5, 5, 6, 5, 6, 6, 6, 6, 6, 5, 6, 6, 6, 6, 5, 6, 6, 5, 6, 6, 6, 6, 6, 6, 5, 5, 6, 6, 6, 6, 6, 5, 6, 6, 6, 6, 5, 6, 6, 6, 6, 6, 6, 6, 5, 5, 5, 5, 6, 5, 6, 6, 6, 5, 5, 5, 5, 6, 6, 6, 6, 5, 6, 6, 6, 5, 6, 6, 6, 6, 6, 6, 6, 6, 5, 5, 6, 5, 6, 6, 6, 6, 5, 6, 6, 6, 6, 6, 6, 5, 6, 6, 6, 6, 6, 6, 6, 6, 6, 5, 6, 6, 6, 6, 6, 6, 6, 5, 6, 6, 5, 6, 6, 6, 6, 6]

################################################################
