Numero total de amostras 770

Tempo total de processamento: 0:30:23

############## TEMPOS DE PROCESSAMENTO DO EXERCICIO NO JAIL  ####################
Soma 4736 segundos
Media 6.150649350649351 segundos
Desvio padr達o 0.4021446972975193 segundos
Minimo 5 segundos
Maximo 7 segundos

95% 5.0 segundos
99% 5.0 segundos

############## TEMPOS DE PROCESSAMENTO DO EXERCICIO NO JAIL COM DOWNLOAD  ################
Soma 5481 segundos
Media 7.118181818181818 segundos
Desvio padr達o 0.6509188855099975 segundos
Minimo 6 segundos
Maximo 12 segundos

95% 6.0 segundos
99% 6.0 segundos

################### TEMPOS DE DOWNLOAD DO EXERCICIO NO JAIL #######################
Soma 745 segundos
Media 0.9675324675324676 segundos
Desvio padr達o 0.5722912614280409 segundos
Minimo 0 segundos
Maximo 6 segundos

95% 0.0 segundos
99% 0.0 segundos

############################ TEMPOS DE ESPERA NA FILA ############################
Soma 472583
Media 613.7441558441559 segundos
Desvio padr達o 331.7217121082484 segundos
Minimo 6 segundos
Maximo 1171 segundos

95% 22.3055 segundos
99% 22.6131 segundos

################### queue_wait_time_list: ######################

[33, 7, 7, 6, 23, 16, 15, 15, 22, 21, 38, 29, 28, 26, 34, 38, 40, 45, 49, 50, 53, 54, 56, 63, 61, 72, 59, 65, 67, 79, 73, 75, 83, 81, 82, 85, 90, 100, 92, 93, 104, 103, 101, 104, 108, 399, 399, 33, 772, 44, 46, 51, 59, 62, 114, 116, 119, 124, 132, 126, 129, 138, 134, 134, 144, 147, 157, 139, 153, 144, 149, 155, 163, 159, 160, 166, 169, 182, 177, 172, 170, 175, 181, 187, 185, 185, 189, 193, 200, 195, 197, 207, 202, 204, 209, 68, 70, 77, 86, 88, 96, 214, 213, 215, 221, 229, 224, 225, 235, 231, 234, 240, 237, 244, 242, 241, 251, 246, 247, 258, 254, 255, 260, 266, 273, 267, 269, 279, 273, 275, 284, 282, 283, 286, 291, 298, 294, 294, 304, 299, 301, 306, 98, 778, 107, 110, 112, 120, 122, 130, 310, 312, 317, 322, 316, 320, 329, 325, 325, 334, 332, 340, 336, 336, 346, 341, 343, 351, 348, 350, 354, 359, 365, 360, 361, 370, 366, 369, 375, 373, 375, 378, 381, 389, 384, 384, 395, 391, 393, 397, 779, 799, 1111, 1127, 401, 1141, 1161, 405, 406, 407, 409, 410, 411, 414, 137, 142, 784, 444, 429, 445, 448, 430, 415, 1115, 416, 434, 1124, 418, 435, 420, 1132, 1144, 422, 435, 423, 1153, 438, 425, 1166, 425, 428, 439, 440, 443, 150, 790, 155, 166, 168, 175, 181, 449, 451, 453, 457, 463, 458, 461, 470, 465, 466, 474, 471, 472, 475, 479, 485, 481, 483, 490, 486, 488, 495, 491, 501, 496, 497, 506, 501, 503, 509, 508, 508, 510, 515, 521, 517, 519, 527, 522, 524, 529, 799, 530, 531, 532, 535, 536, 537, 538, 539, 541, 806, 190, 192, 199, 205, 213, 210, 219, 543, 545, 551, 555, 552, 553, 560, 557, 558, 562, 566, 571, 566, 569, 578, 574, 575, 581, 579, 580, 584, 588, 594, 589, 591, 600, 596, 597, 605, 601, 611, 606, 607, 616, 612, 613, 619, 617, 618, 622, 813, 822, 844, 624, 857, 878, 626, 627, 629, 217, 822, 645, 848, 861, 647, 630, 648, 650, 632, 866, 633, 635, 636, 637, 638, 639, 640, 642, 644, 227, 826, 850, 234, 238, 243, 250, 654, 657, 662, 659, 660, 668, 664, 665, 673, 670, 671, 674, 678, 684, 679, 682, 691, 686, 687, 695, 692, 693, 696, 701, 706, 703, 704, 713, 708, 710, 717, 714, 723, 718, 719, 728, 724, 726, 734, 730, 732, 872, 736, 737, 739, 262, 887, 899, 908, 921, 740, 741, 744, 263, 766, 767, 774, 769, 271, 770, 278, 288, 289, 296, 746, 748, 749, 754, 759, 755, 756, 765, 760, 761, 775, 776, 780, 787, 783, 783, 792, 787, 788, 796, 793, 795, 797, 802, 808, 804, 804, 813, 808, 811, 817, 815, 817, 818, 824, 826, 887, 828, 830, 832, 833, 835, 836, 837, 840, 840, 893, 913, 951, 303, 307, 841, 908, 950, 308, 312, 315, 322, 326, 332, 844, 846, 848, 853, 857, 853, 855, 862, 858, 861, 867, 866, 874, 870, 869, 878, 874, 875, 883, 879, 882, 884, 888, 895, 892, 892, 899, 895, 896, 904, 901, 904, 905, 909, 916, 911, 912, 921, 916, 917, 922, 925, 925, 926, 928, 928, 930, 933, 954, 975, 995, 1017, 339, 1022, 933, 935, 937, 937, 939, 941, 942, 943, 945, 946, 947, 950, 959, 981, 1001, 345, 355, 356, 363, 369, 954, 955, 961, 956, 958, 966, 963, 964, 971, 968, 971, 972, 976, 983, 978, 979, 987, 983, 985, 991, 988, 991, 993, 997, 1004, 1000, 1000, 1008, 1004, 1005, 1013, 1010, 1019, 1014, 1016, 1025, 1021, 1021, 1029, 1025, 1026, 1124, 966, 974, 987, 995, 1008, 1011, 1031, 1033, 1033, 1035, 378, 1028, 1037, 1046, 1069, 1086, 1090, 378, 387, 394, 1039, 1042, 1042, 1047, 1052, 1047, 1050, 1059, 1055, 1055, 1064, 1060, 1061, 1064, 1068, 1072, 1068, 1073, 1082, 1076, 1077, 1085, 1086, 1082, 1082, 1090, 1094, 1091, 1094, 1099, 1099, 1098, 1103, 1106, 1111, 1107, 1108, 1115, 1111, 1115, 1120, 1119, 1120, 1123, 449, 454, 456, 462, 467, 476, 478, 484, 489, 494, 500, 504, 513, 514, 520, 526, 549, 542, 547, 555, 563, 565, 570, 576, 1128, 1128, 1132, 1136, 1141, 1137, 1136, 1145, 1141, 1144, 1150, 1148, 1153, 1157, 1149, 1158, 1162, 1158, 1167, 1162, 1166, 1171, 1171, 585, 598, 602, 1037, 1051, 1072, 1094, 1103, 586, 609, 652, 1043, 1056, 1065, 1077, 592, 615, 623, 653, 656, 661, 666, 675, 677, 683, 688, 698, 699, 705, 712, 716, 722, 727, 733, 1103, 745, 750, 753, 758, 763, 1133, 1153, 1171]

################################################################
################### jail_ex_download_list: ######################

[1, 6, 5, 5, 3, 3, 3, 3, 4, 3, 1, 2, 3, 3, 1, 2, 1, 1, 1, 1, 1, 1, 1, 1, 1, 1, 1, 2, 2, 1, 2, 1, 1, 1, 1, 2, 1, 1, 2, 2, 1, 1, 1, 2, 1, 1, 2, 1, 1, 2, 1, 1, 1, 1, 1, 3, 1, 2, 2, 2, 1, 1, 1, 1, 2, 1, 1, 1, 1, 1, 1, 1, 1, 2, 2, 1, 1, 1, 1, 1, 1, 1, 1, 0, 1, 2, 1, 1, 1, 1, 1, 1, 2, 1, 2, 1, 1, 1, 2, 1, 2, 2, 2, 1, 1, 1, 1, 1, 1, 2, 1, 1, 1, 1, 1, 1, 1, 1, 2, 1, 1, 1, 1, 0, 1, 2, 1, 1, 1, 2, 1, 1, 1, 1, 1, 1, 1, 1, 1, 1, 1, 1, 1, 1, 1, 1, 1, 1, 2, 1, 2, 2, 1, 2, 2, 1, 1, 1, 1, 1, 1, 1, 1, 2, 2, 1, 1, 1, 1, 1, 1, 1, 1, 1, 1, 1, 2, 1, 1, 1, 1, 1, 1, 1, 1, 2, 1, 1, 1, 1, 0, 1, 1, 1, 1, 0, 1, 1, 1, 1, 1, 1, 1, 1, 1, 1, 1, 1, 2, 1, 0, 1, 2, 1, 1, 1, 0, 1, 1, 1, 1, 1, 1, 2, 1, 1, 2, 1, 1, 1, 1, 1, 1, 1, 1, 1, 1, 1, 1, 1, 1, 1, 1, 1, 1, 1, 1, 1, 1, 1, 1, 1, 0, 1, 1, 1, 1, 1, 1, 1, 1, 0, 1, 1, 1, 1, 1, 1, 1, 0, 1, 0, 1, 1, 1, 1, 0, 1, 1, 1, 1, 0, 1, 1, 1, 1, 0, 0, 1, 1, 1, 1, 1, 1, 2, 2, 1, 1, 2, 2, 1, 1, 0, 1, 1, 1, 1, 1, 1, 1, 1, 1, 1, 1, 0, 0, 1, 1, 1, 1, 0, 1, 1, 1, 0, 0, 0, 1, 0, 1, 1, 1, 1, 0, 1, 1, 1, 1, 1, 1, 1, 1, 1, 1, 1, 1, 1, 1, 1, 1, 1, 1, 1, 1, 1, 1, 1, 1, 1, 1, 1, 0, 1, 1, 1, 1, 1, 1, 1, 1, 1, 0, 1, 1, 1, 1, 1, 0, 1, 1, 1, 1, 1, 1, 1, 1, 1, 1, 1, 1, 1, 1, 0, 0, 1, 0, 1, 1, 1, 1, 1, 0, 0, 1, 0, 1, 1, 1, 1, 1, 1, 1, 1, 0, 1, 1, 1, 1, 1, 1, 1, 1, 1, 1, 0, 1, 1, 1, 0, 1, 1, 1, 1, 1, 1, 1, 1, 2, 1, 2, 1, 0, 1, 1, 0, 1, 1, 0, 1, 1, 1, 1, 0, 0, 1, 1, 1, 1, 1, 0, 1, 1, 1, 1, 1, 1, 1, 1, 1, 1, 1, 0, 1, 1, 1, 1, 1, 1, 1, 0, 1, 1, 0, 1, 0, 1, 0, 0, 0, 1, 1, 1, 0, 0, 1, 1, 1, 1, 1, 1, 1, 0, 1, 1, 1, 1, 0, 1, 1, 1, 1, 0, 1, 0, 1, 1, 1, 1, 1, 1, 1, 1, 1, 1, 0, 0, 1, 1, 1, 1, 1, 1, 1, 1, 1, 1, 1, 1, 1, 1, 1, 0, 0, 1, 1, 1, 1, 1, 1, 0, 1, 1, 1, 1, 1, 0, 1, 1, 0, 1, 1, 1, 1, 1, 1, 1, 1, 1, 1, 1, 2, 1, 1, 1, 1, 1, 1, 1, 1, 1, 0, 0, 1, 1, 0, 1, 1, 1, 1, 0, 1, 1, 0, 0, 1, 1, 1, 1, 0, 1, 1, 1, 1, 1, 0, 1, 0, 1, 1, 0, 0, 1, 1, 0, 1, 1, 1, 1, 0, 1, 0, 1, 0, 1, 1, 0, 1, 1, 1, 1, 1, 0, 0, 1, 1, 2, 0, 1, 1, 1, 1, 1, 1, 1, 1, 1, 1, 1, 1, 1, 1, 1, 1, 1, 1, 1, 1, 1, 1, 1, 1, 1, 1, 0, 1, 1, 1, 1, 0, 1, 1, 0, 0, 1, 1, 1, 1, 0, 0, 1, 0, 1, 1, 1, 1, 1, 1, 0, 1, 0, 0, 1, 1, 1, 1, 1, 0, 1, 1, 0, 1, 1, 1, 1, 1, 0, 1, 1, 1, 1, 1, 1, 1, 1, 0, 1, 1, 1, 1, 1, 1, 1, 1, 1, 1, 0, 0, 1, 1, 1, 1, 1, 1, 1, 1, 1, 0, 1, 1, 1, 1, 1, 1, 0, 1, 1, 0, 1, 1, 1, 0, 1, 1, 1, 1, 1, 0, 0, 0, 1, 1, 1, 1, 1, 0, 0, 1, 0, 1, 1]

################################################################
################################################################
################### process_jail_download_list: ######################

[7, 12, 11, 12, 9, 9, 9, 9, 10, 9, 8, 8, 9, 10, 8, 8, 8, 8, 8, 7, 7, 8, 7, 7, 7, 7, 7, 8, 8, 7, 8, 8, 8, 7, 7, 8, 7, 8, 8, 8, 7, 7, 7, 8, 8, 8, 9, 7, 7, 8, 8, 8, 7, 7, 8, 9, 7, 8, 8, 8, 8, 8, 7, 8, 8, 8, 8, 7, 7, 8, 8, 7, 8, 9, 8, 7, 8, 8, 7, 8, 8, 8, 7, 7, 7, 8, 8, 7, 8, 7, 7, 8, 8, 7, 8, 7, 7, 7, 8, 7, 8, 8, 8, 8, 8, 8, 7, 8, 7, 8, 7, 8, 8, 8, 7, 8, 8, 7, 8, 7, 7, 8, 8, 7, 8, 8, 7, 7, 8, 9, 7, 7, 7, 7, 7, 7, 7, 8, 7, 7, 7, 7, 8, 7, 8, 7, 8, 8, 8, 7, 8, 8, 8, 8, 8, 8, 7, 7, 8, 8, 7, 8, 7, 8, 8, 7, 7, 7, 8, 7, 8, 7, 7, 8, 7, 7, 8, 7, 8, 8, 7, 7, 7, 7, 7, 8, 7, 7, 7, 7, 6, 7, 7, 7, 8, 6, 7, 7, 7, 7, 7, 7, 7, 7, 7, 8, 7, 7, 8, 7, 6, 7, 8, 7, 8, 7, 6, 8, 7, 7, 7, 7, 7, 8, 7, 7, 8, 7, 7, 7, 8, 8, 7, 7, 8, 7, 8, 7, 7, 8, 7, 7, 7, 7, 7, 7, 7, 7, 7, 7, 7, 7, 7, 7, 7, 7, 7, 7, 6, 7, 7, 6, 7, 7, 7, 7, 7, 7, 7, 7, 7, 6, 7, 7, 7, 7, 6, 6, 7, 7, 7, 6, 7, 7, 7, 7, 6, 6, 7, 7, 7, 7, 7, 8, 9, 8, 7, 7, 8, 8, 8, 7, 7, 7, 7, 7, 7, 7, 7, 7, 7, 7, 7, 7, 6, 7, 7, 7, 7, 7, 7, 7, 7, 7, 7, 7, 7, 7, 7, 7, 7, 7, 7, 6, 7, 7, 7, 7, 7, 7, 7, 7, 7, 7, 7, 7, 7, 7, 7, 8, 7, 7, 7, 7, 7, 7, 7, 7, 7, 6, 7, 6, 6, 6, 7, 7, 7, 7, 7, 8, 8, 7, 7, 8, 7, 7, 7, 6, 7, 6, 7, 7, 7, 7, 7, 7, 7, 7, 7, 7, 7, 7, 7, 7, 7, 7, 7, 8, 7, 7, 8, 6, 7, 7, 7, 7, 7, 7, 7, 7, 7, 7, 7, 6, 7, 7, 7, 6, 7, 7, 8, 7, 7, 7, 6, 7, 7, 7, 7, 8, 7, 7, 7, 7, 7, 7, 7, 8, 7, 8, 7, 7, 7, 7, 6, 7, 7, 7, 7, 7, 7, 7, 6, 6, 7, 7, 7, 7, 7, 6, 7, 7, 7, 7, 7, 7, 7, 7, 7, 7, 7, 6, 7, 8, 7, 7, 7, 7, 7, 7, 7, 7, 6, 7, 6, 7, 6, 6, 6, 7, 7, 7, 6, 6, 7, 7, 7, 7, 7, 7, 7, 7, 7, 7, 7, 7, 6, 7, 7, 7, 7, 7, 7, 6, 7, 7, 7, 7, 7, 7, 7, 7, 7, 7, 6, 6, 7, 7, 7, 7, 7, 7, 7, 7, 7, 7, 7, 7, 7, 7, 7, 6, 6, 7, 7, 7, 7, 7, 7, 7, 7, 7, 7, 7, 7, 7, 7, 7, 6, 6, 7, 7, 7, 7, 7, 7, 7, 7, 7, 7, 8, 8, 8, 8, 6, 7, 7, 7, 7, 7, 6, 6, 7, 7, 6, 7, 7, 7, 7, 6, 7, 7, 6, 6, 7, 7, 7, 6, 7, 7, 7, 7, 7, 7, 6, 7, 6, 7, 7, 6, 7, 7, 7, 6, 7, 7, 7, 7, 6, 7, 6, 7, 7, 7, 7, 7, 8, 7, 7, 7, 7, 7, 6, 7, 8, 8, 6, 7, 7, 7, 7, 7, 7, 7, 7, 7, 7, 7, 7, 7, 7, 7, 7, 7, 7, 7, 7, 7, 7, 7, 6, 7, 7, 6, 7, 7, 7, 7, 6, 7, 7, 6, 6, 7, 7, 7, 7, 6, 7, 7, 6, 7, 7, 7, 7, 7, 7, 7, 7, 6, 7, 7, 7, 7, 7, 7, 6, 7, 7, 6, 7, 7, 7, 7, 7, 7, 7, 7, 6, 7, 7, 7, 7, 7, 6, 7, 7, 7, 7, 7, 7, 7, 7, 7, 7, 7, 7, 7, 7, 7, 7, 7, 7, 7, 7, 8, 6, 7, 7, 7, 6, 7, 7, 6, 7, 7, 6, 7, 7, 7, 7, 7, 7, 7, 7, 7, 7, 6, 7, 7, 7, 7, 7, 7, 6, 6, 7, 6, 7, 7]

################################################################
################################################################
################### process_jail_list: ######################

[6, 6, 6, 7, 6, 6, 6, 6, 6, 6, 7, 6, 6, 7, 7, 6, 7, 7, 7, 6, 6, 7, 6, 6, 6, 6, 6, 6, 6, 6, 6, 7, 7, 6, 6, 6, 6, 7, 6, 6, 6, 6, 6, 6, 7, 7, 7, 6, 6, 6, 7, 7, 6, 6, 7, 6, 6, 6, 6, 6, 7, 7, 6, 7, 6, 7, 7, 6, 6, 7, 7, 6, 7, 7, 6, 6, 7, 7, 6, 7, 7, 7, 6, 7, 6, 6, 7, 6, 7, 6, 6, 7, 6, 6, 6, 6, 6, 6, 6, 6, 6, 6, 6, 7, 7, 7, 6, 7, 6, 6, 6, 7, 7, 7, 6, 7, 7, 6, 6, 6, 6, 7, 7, 7, 7, 6, 6, 6, 7, 7, 6, 6, 6, 6, 6, 6, 6, 7, 6, 6, 6, 6, 7, 6, 7, 6, 7, 7, 6, 6, 6, 6, 7, 6, 6, 7, 6, 6, 7, 7, 6, 7, 6, 6, 6, 6, 6, 6, 7, 6, 7, 6, 6, 7, 6, 6, 6, 6, 7, 7, 6, 6, 6, 6, 6, 6, 6, 6, 6, 6, 6, 6, 6, 6, 7, 6, 6, 6, 6, 6, 6, 6, 6, 6, 6, 7, 6, 6, 6, 6, 6, 6, 6, 6, 7, 6, 6, 7, 6, 6, 6, 6, 6, 6, 6, 6, 6, 6, 6, 6, 7, 7, 6, 6, 7, 6, 7, 6, 6, 7, 6, 6, 6, 6, 6, 6, 6, 6, 6, 6, 6, 6, 7, 6, 6, 6, 6, 6, 5, 6, 6, 6, 6, 6, 6, 6, 6, 6, 6, 7, 6, 6, 6, 6, 6, 6, 6, 5, 6, 6, 6, 6, 6, 6, 6, 6, 6, 6, 6, 6, 6, 6, 6, 7, 7, 6, 6, 6, 6, 6, 7, 6, 7, 6, 6, 6, 6, 6, 6, 6, 6, 6, 6, 6, 6, 7, 6, 6, 6, 6, 7, 6, 6, 6, 7, 7, 7, 6, 7, 6, 6, 6, 6, 6, 6, 6, 6, 6, 6, 6, 6, 6, 6, 6, 6, 6, 6, 6, 6, 7, 6, 6, 6, 6, 6, 6, 6, 6, 6, 5, 6, 6, 5, 5, 6, 6, 6, 6, 6, 7, 7, 7, 6, 7, 6, 6, 6, 6, 6, 5, 6, 6, 6, 6, 6, 6, 6, 6, 6, 6, 6, 6, 7, 7, 6, 7, 6, 7, 6, 6, 7, 6, 7, 6, 7, 6, 6, 6, 6, 6, 6, 6, 6, 6, 6, 6, 6, 5, 6, 6, 7, 6, 6, 6, 6, 6, 6, 6, 7, 7, 6, 6, 6, 6, 6, 6, 6, 6, 6, 6, 6, 7, 6, 6, 6, 6, 6, 7, 6, 6, 6, 6, 6, 6, 6, 6, 6, 6, 6, 6, 6, 6, 6, 6, 6, 6, 6, 6, 6, 6, 6, 6, 6, 7, 6, 6, 6, 6, 6, 7, 6, 6, 6, 6, 6, 6, 6, 6, 6, 6, 6, 6, 6, 6, 6, 6, 6, 6, 6, 6, 6, 7, 6, 6, 6, 6, 6, 6, 6, 6, 6, 7, 6, 6, 6, 6, 6, 6, 6, 6, 6, 6, 6, 6, 6, 6, 6, 6, 6, 6, 6, 6, 6, 6, 6, 6, 6, 6, 6, 6, 6, 6, 6, 6, 6, 6, 6, 6, 6, 7, 6, 6, 6, 6, 6, 7, 6, 6, 6, 5, 6, 6, 6, 6, 6, 6, 6, 6, 6, 6, 6, 7, 7, 7, 5, 6, 6, 6, 6, 6, 6, 6, 6, 6, 6, 6, 6, 6, 6, 6, 6, 6, 6, 6, 6, 6, 6, 5, 7, 6, 6, 6, 6, 6, 6, 6, 6, 6, 6, 6, 7, 6, 6, 6, 6, 6, 6, 6, 6, 6, 6, 6, 7, 6, 6, 7, 7, 6, 6, 6, 6, 7, 6, 6, 7, 6, 6, 6, 6, 6, 6, 6, 6, 6, 6, 6, 6, 6, 6, 6, 6, 6, 6, 6, 6, 6, 6, 6, 6, 6, 5, 6, 6, 6, 6, 6, 6, 6, 6, 6, 6, 6, 6, 6, 6, 6, 6, 6, 7, 6, 6, 6, 6, 6, 6, 6, 6, 7, 6, 6, 7, 6, 6, 6, 6, 6, 6, 6, 6, 6, 6, 6, 6, 6, 6, 7, 6, 6, 5, 6, 6, 6, 6, 6, 6, 6, 6, 6, 6, 6, 6, 6, 6, 6, 6, 7, 7, 6, 6, 6, 6, 6, 6, 6, 6, 7, 6, 6, 6, 6, 5, 6, 6, 6, 6, 6, 6, 6, 6, 6, 7, 6, 6, 6, 6, 6, 7, 6, 7, 6, 6, 6, 6, 6, 6, 6, 6, 6, 6, 6]

################################################################
