Numero total de amostras 770

Tempo total de processamento: 0:12:40

############## TEMPOS DE PROCESSAMENTO DO EXERCICIO NO JAIL  ####################
Soma 4746 segundos
Media 6.163636363636364 segundos
Desvio padr達o 0.4959338798903948 segundos
Minimo 5 segundos
Maximo 8 segundos

95% 5.0 segundos
99% 5.0 segundos

############## TEMPOS DE PROCESSAMENTO DO EXERCICIO NO JAIL COM DOWNLOAD  ################
Soma 5325 segundos
Media 6.915584415584416 segundos
Desvio padr達o 0.6927387647019346 segundos
Minimo 6 segundos
Maximo 11 segundos

95% 6.0 segundos
99% 6.0 segundos

################### TEMPOS DE DOWNLOAD DO EXERCICIO NO JAIL #######################
Soma 579 segundos
Media 0.7519480519480519 segundos
Desvio padr達o 0.5437031250696384 segundos
Minimo 0 segundos
Maximo 4 segundos

95% 0.0 segundos
99% 0.0 segundos

############################ TEMPOS DE ESPERA NA FILA ############################
Soma 45231
Media 58.74155844155844 segundos
Desvio padr達o 27.9743289122499 segundos
Minimo 3 segundos
Maximo 107 segundos

95% 8.0 segundos
99% 8.0 segundos

################### queue_wait_time_list: ######################

[18, 16, 12, 11, 12, 11, 8, 7, 9, 4, 5, 3, 6, 3, 13, 11, 18, 13, 10, 8, 9, 16, 10, 8, 14, 13, 12, 11, 12, 14, 15, 15, 13, 15, 17, 15, 17, 16, 18, 13, 15, 18, 17, 15, 16, 18, 16, 14, 13, 14, 18, 17, 21, 20, 19, 18, 19, 20, 18, 17, 20, 16, 16, 19, 16, 19, 18, 20, 19, 20, 21, 20, 19, 21, 19, 18, 18, 19, 21, 22, 20, 22, 23, 22, 21, 21, 21, 22, 22, 23, 22, 21, 21, 23, 67, 70, 23, 23, 71, 70, 71, 91, 74, 90, 78, 101, 91, 84, 86, 93, 87, 102, 88, 95, 91, 105, 95, 106, 98, 98, 100, 20, 21, 20, 20, 25, 22, 22, 23, 24, 23, 22, 24, 24, 24, 23, 23, 29, 22, 24, 24, 25, 24, 23, 24, 25, 28, 24, 26, 24, 25, 24, 25, 25, 26, 28, 24, 26, 26, 26, 29, 25, 27, 27, 29, 28, 26, 28, 24, 31, 31, 30, 102, 77, 78, 91, 82, 104, 83, 93, 84, 94, 87, 105, 86, 95, 88, 106, 97, 90, 97, 99, 103, 24, 24, 26, 27, 28, 28, 29, 34, 28, 31, 33, 32, 33, 32, 33, 35, 30, 35, 31, 38, 34, 32, 32, 35, 35, 35, 34, 33, 38, 33, 37, 36, 35, 36, 34, 37, 38, 37, 36, 35, 37, 38, 37, 37, 36, 38, 37, 33, 32, 32, 34, 36, 35, 36, 36, 37, 38, 37, 39, 40, 39, 40, 40, 38, 37, 41, 41, 39, 41, 39, 40, 39, 40, 39, 40, 39, 40, 41, 39, 41, 41, 40, 42, 41, 40, 42, 41, 40, 41, 41, 39, 41, 41, 42, 41, 35, 45, 39, 82, 41, 43, 43, 43, 44, 44, 42, 42, 41, 44, 43, 42, 43, 42, 49, 43, 44, 43, 43, 45, 44, 46, 46, 43, 45, 45, 47, 45, 45, 44, 46, 48, 49, 47, 45, 46, 50, 48, 48, 47, 46, 46, 49, 42, 69, 43, 44, 42, 45, 43, 46, 47, 46, 46, 48, 50, 51, 48, 51, 51, 48, 51, 49, 51, 48, 54, 52, 52, 50, 50, 49, 50, 51, 53, 52, 51, 54, 53, 52, 53, 53, 54, 53, 53, 53, 54, 56, 56, 53, 55, 54, 56, 56, 91, 76, 104, 78, 78, 93, 82, 93, 84, 84, 84, 94, 104, 86, 104, 97, 88, 88, 98, 104, 99, 106, 100, 102, 48, 49, 50, 56, 78, 81, 92, 81, 93, 84, 103, 105, 85, 94, 86, 96, 89, 104, 88, 97, 91, 107, 98, 101, 102, 103, 47, 48, 49, 55, 90, 104, 80, 81, 93, 83, 106, 93, 84, 86, 86, 95, 88, 97, 89, 90, 99, 100, 101, 104, 50, 47, 47, 48, 47, 49, 52, 55, 54, 57, 67, 58, 57, 56, 59, 55, 58, 55, 58, 55, 56, 57, 57, 58, 57, 55, 56, 56, 94, 94, 58, 58, 59, 56, 60, 59, 58, 58, 58, 71, 57, 56, 77, 81, 87, 90, 97, 51, 67, 54, 52, 54, 55, 52, 54, 54, 64, 58, 60, 58, 61, 61, 61, 63, 59, 64, 61, 61, 63, 60, 62, 61, 62, 63, 64, 63, 61, 64, 65, 63, 62, 62, 64, 63, 63, 63, 65, 66, 66, 63, 63, 63, 63, 66, 68, 87, 86, 67, 67, 66, 66, 66, 67, 68, 65, 91, 66, 65, 87, 65, 101, 66, 90, 79, 93, 84, 90, 84, 102, 86, 93, 94, 103, 96, 104, 98, 105, 59, 89, 92, 104, 67, 67, 68, 69, 71, 72, 92, 81, 84, 94, 105, 85, 96, 87, 88, 97, 89, 106, 99, 105, 100, 106, 100, 103, 59, 60, 60, 62, 62, 61, 63, 64, 62, 64, 69, 65, 67, 69, 70, 68, 69, 71, 68, 69, 71, 70, 69, 68, 72, 69, 70, 71, 68, 69, 72, 69, 71, 71, 71, 70, 72, 73, 72, 72, 72, 71, 73, 71, 72, 73, 74, 65, 70, 73, 91, 73, 80, 106, 81, 93, 83, 85, 95, 88, 96, 87, 89, 98, 90, 99, 101, 102, 103, 104, 64, 67, 98, 82, 92, 84, 100, 85, 73, 92, 73, 73, 88, 74, 74, 74, 75, 73, 74, 94, 76, 88, 80, 103, 89, 96, 103, 96, 105, 99, 107, 64, 73, 92, 80, 92, 83, 94, 85, 93, 85, 87, 95, 89, 98, 88, 92, 98, 100, 101, 102, 105, 63, 75, 104, 86, 76, 75, 75, 76, 77, 76, 74, 83, 92, 75, 89, 75, 99, 76, 74, 83, 90, 75, 74, 93, 91, 85, 106, 99, 85, 93, 96, 102, 97, 103]

################################################################
################### jail_ex_download_list: ######################

[1, 1, 1, 1, 1, 0, 3, 3, 0, 3, 3, 4, 3, 3, 1, 1, 0, 1, 1, 1, 1, 1, 1, 1, 1, 1, 1, 1, 1, 1, 1, 1, 1, 1, 1, 0, 1, 1, 1, 2, 1, 0, 1, 0, 0, 1, 1, 1, 2, 0, 1, 1, 0, 1, 0, 1, 1, 1, 0, 1, 0, 0, 1, 1, 0, 1, 0, 1, 0, 0, 1, 0, 1, 0, 1, 1, 1, 1, 1, 1, 1, 1, 1, 0, 1, 0, 1, 0, 1, 0, 0, 0, 1, 0, 1, 0, 1, 1, 0, 1, 1, 1, 0, 1, 1, 1, 1, 1, 1, 1, 1, 1, 1, 1, 0, 0, 1, 0, 0, 1, 1, 1, 0, 1, 0, 0, 1, 1, 1, 1, 0, 1, 1, 0, 0, 1, 1, 2, 1, 1, 0, 0, 1, 1, 1, 1, 1, 1, 1, 1, 1, 0, 0, 1, 2, 2, 0, 1, 1, 0, 1, 1, 1, 1, 1, 1, 1, 1, 1, 1, 1, 1, 0, 1, 1, 1, 1, 0, 1, 1, 1, 1, 1, 1, 1, 1, 0, 0, 0, 1, 1, 1, 0, 1, 1, 1, 1, 1, 0, 1, 1, 1, 1, 0, 1, 2, 1, 1, 1, 1, 1, 1, 1, 0, 2, 1, 1, 0, 2, 1, 1, 1, 1, 0, 0, 1, 1, 1, 1, 0, 0, 1, 1, 1, 0, 1, 1, 1, 1, 1, 1, 1, 1, 1, 1, 1, 0, 1, 1, 0, 0, 1, 0, 1, 1, 0, 1, 1, 0, 0, 1, 1, 0, 0, 1, 1, 1, 1, 1, 1, 0, 1, 0, 1, 0, 0, 0, 0, 1, 0, 1, 0, 1, 1, 0, 0, 1, 1, 1, 0, 0, 1, 0, 0, 1, 1, 1, 0, 1, 1, 1, 1, 1, 0, 0, 1, 1, 1, 1, 1, 0, 1, 1, 0, 0, 1, 0, 1, 1, 1, 1, 1, 1, 1, 0, 1, 1, 1, 1, 1, 1, 0, 1, 1, 1, 1, 0, 1, 1, 1, 1, 1, 0, 1, 0, 0, 0, 1, 0, 1, 0, 1, 1, 0, 1, 1, 1, 0, 1, 0, 0, 2, 2, 1, 0, 1, 1, 1, 1, 1, 0, 1, 0, 0, 1, 1, 0, 1, 0, 0, 1, 1, 1, 1, 1, 1, 1, 1, 1, 0, 0, 1, 1, 1, 0, 1, 1, 1, 1, 0, 1, 0, 1, 1, 1, 1, 1, 0, 0, 1, 1, 0, 1, 1, 1, 0, 2, 0, 1, 1, 1, 0, 0, 0, 1, 0, 1, 0, 1, 1, 1, 1, 1, 1, 1, 1, 1, 1, 1, 1, 1, 1, 2, 0, 1, 1, 0, 1, 0, 0, 1, 1, 1, 1, 1, 1, 1, 1, 1, 0, 1, 1, 0, 1, 1, 1, 1, 1, 1, 0, 0, 1, 1, 0, 1, 0, 0, 0, 1, 1, 1, 0, 1, 0, 1, 0, 1, 1, 1, 1, 1, 1, 1, 1, 1, 1, 1, 0, 1, 1, 1, 0, 1, 1, 1, 0, 1, 1, 0, 1, 1, 1, 1, 1, 1, 1, 1, 1, 2, 0, 1, 1, 1, 2, 0, 1, 1, 0, 0, 1, 1, 1, 1, 1, 1, 1, 0, 0, 0, 1, 1, 0, 1, 0, 1, 1, 0, 1, 1, 1, 1, 1, 2, 0, 0, 1, 1, 1, 1, 1, 1, 0, 1, 2, 1, 1, 1, 1, 1, 1, 1, 0, 1, 1, 0, 1, 0, 1, 1, 1, 1, 0, 0, 1, 1, 1, 1, 1, 1, 0, 1, 1, 1, 0, 1, 1, 1, 0, 1, 0, 1, 1, 1, 1, 0, 1, 1, 0, 0, 1, 1, 1, 1, 1, 1, 2, 1, 1, 1, 1, 1, 0, 1, 1, 0, 0, 1, 0, 1, 1, 1, 0, 0, 1, 1, 1, 0, 1, 1, 1, 0, 0, 1, 1, 0, 0, 1, 1, 0, 0, 1, 0, 1, 1, 1, 0, 1, 1, 0, 1, 0, 0, 1, 1, 1, 0, 1, 1, 1, 1, 1, 0, 1, 1, 1, 1, 0, 0, 1, 1, 1, 1, 0, 1, 0, 0, 1, 1, 0, 0, 1, 0, 0, 1, 0, 1, 0, 1, 1, 0, 0, 1, 1, 1, 2, 1, 0, 1, 1, 0, 1, 1, 1, 0, 1, 1, 1, 0, 1, 1, 1, 0, 1, 1, 1, 0, 0, 1, 0, 1, 0, 0, 1, 1, 1, 0, 1, 1, 0, 1, 1, 1, 1, 1, 0, 1, 0, 1, 1, 0, 1, 0, 1, 0, 1, 0, 0, 1, 1, 0, 0, 1, 1, 1, 1, 1, 1, 1, 0, 1]

################################################################
################################################################
################### process_jail_download_list: ######################

[7, 7, 7, 8, 8, 7, 10, 10, 7, 11, 11, 11, 11, 11, 7, 8, 7, 8, 8, 8, 8, 7, 8, 8, 7, 7, 8, 8, 7, 7, 7, 7, 7, 8, 7, 7, 7, 7, 6, 8, 7, 6, 7, 6, 6, 7, 7, 8, 8, 6, 6, 7, 6, 7, 7, 7, 6, 6, 7, 7, 7, 7, 7, 7, 7, 7, 6, 7, 6, 6, 7, 7, 7, 6, 7, 7, 8, 8, 7, 7, 7, 7, 7, 6, 7, 6, 7, 6, 7, 6, 6, 7, 7, 6, 7, 7, 7, 7, 7, 7, 7, 7, 7, 7, 9, 7, 7, 7, 7, 7, 7, 7, 7, 7, 7, 6, 7, 6, 7, 7, 7, 7, 6, 7, 7, 6, 6, 7, 7, 7, 6, 7, 7, 6, 6, 7, 7, 9, 7, 7, 6, 6, 7, 7, 7, 7, 7, 7, 8, 7, 7, 7, 6, 7, 8, 9, 6, 7, 7, 7, 8, 7, 8, 7, 8, 7, 8, 8, 7, 7, 8, 8, 6, 9, 8, 7, 7, 6, 7, 6, 7, 7, 7, 7, 7, 7, 7, 6, 7, 7, 7, 7, 6, 7, 7, 7, 7, 7, 6, 8, 7, 8, 7, 6, 7, 8, 8, 7, 7, 8, 7, 8, 6, 7, 8, 7, 7, 6, 8, 7, 8, 7, 7, 6, 7, 7, 7, 7, 7, 6, 6, 7, 6, 8, 7, 7, 7, 8, 7, 7, 7, 7, 7, 7, 7, 7, 6, 7, 6, 7, 6, 7, 7, 7, 6, 6, 7, 7, 6, 6, 7, 7, 6, 6, 7, 7, 7, 7, 7, 7, 6, 7, 6, 7, 7, 6, 7, 6, 7, 6, 7, 6, 6, 7, 6, 6, 7, 7, 7, 7, 7, 8, 7, 6, 7, 7, 7, 6, 7, 7, 7, 7, 7, 6, 6, 7, 7, 7, 7, 7, 6, 7, 7, 7, 6, 7, 6, 7, 7, 7, 7, 7, 8, 7, 6, 7, 7, 7, 7, 7, 7, 6, 7, 7, 7, 7, 7, 6, 7, 7, 7, 8, 7, 7, 7, 6, 6, 7, 7, 7, 6, 7, 7, 6, 7, 7, 7, 7, 8, 6, 7, 8, 8, 7, 7, 7, 7, 7, 7, 7, 7, 7, 6, 6, 7, 7, 6, 7, 6, 6, 7, 7, 7, 7, 7, 7, 8, 7, 7, 8, 7, 7, 7, 7, 6, 7, 8, 7, 8, 6, 7, 6, 7, 7, 7, 7, 7, 6, 6, 7, 7, 7, 7, 7, 8, 7, 8, 6, 7, 7, 7, 6, 7, 7, 7, 6, 7, 6, 7, 6, 7, 7, 7, 7, 7, 7, 6, 7, 7, 7, 7, 8, 8, 6, 7, 7, 6, 7, 6, 6, 7, 7, 6, 7, 7, 7, 7, 7, 7, 6, 7, 6, 6, 7, 7, 7, 7, 7, 7, 6, 6, 6, 7, 6, 7, 6, 6, 6, 7, 6, 7, 7, 7, 7, 7, 6, 7, 7, 7, 7, 7, 7, 7, 7, 7, 7, 7, 6, 7, 7, 8, 6, 7, 7, 7, 7, 8, 8, 6, 7, 7, 7, 7, 7, 7, 7, 8, 7, 8, 7, 7, 7, 7, 9, 6, 7, 6, 6, 7, 6, 6, 6, 7, 7, 7, 7, 6, 6, 6, 7, 7, 7, 7, 6, 6, 7, 6, 7, 7, 7, 6, 8, 8, 6, 6, 6, 7, 6, 7, 7, 7, 6, 7, 7, 6, 7, 7, 7, 7, 8, 7, 6, 8, 6, 6, 7, 6, 6, 7, 7, 7, 7, 7, 7, 7, 7, 7, 7, 7, 6, 6, 7, 8, 6, 7, 7, 7, 7, 7, 6, 7, 7, 7, 7, 6, 7, 8, 6, 6, 7, 7, 7, 8, 7, 7, 8, 7, 7, 8, 7, 7, 6, 7, 7, 7, 6, 7, 6, 7, 7, 7, 6, 7, 7, 7, 6, 7, 6, 6, 7, 7, 6, 7, 7, 6, 7, 7, 7, 7, 7, 7, 6, 7, 7, 7, 6, 7, 7, 6, 6, 6, 7, 7, 7, 7, 7, 7, 7, 7, 7, 7, 7, 7, 7, 7, 7, 7, 6, 7, 8, 7, 7, 6, 7, 7, 7, 8, 7, 7, 6, 7, 7, 6, 7, 6, 7, 6, 7, 7, 7, 7, 7, 7, 7, 9, 7, 7, 7, 7, 7, 7, 7, 7, 6, 7, 7, 7, 6, 7, 7, 7, 6, 7, 7, 8, 6, 7, 7, 7, 7, 6, 6, 7, 7, 7, 6, 8, 7, 6, 7, 7, 7, 8, 8, 7, 8, 6, 7, 7, 7, 7, 6, 7, 6, 7, 7, 6, 8, 8, 6, 6, 7, 7, 7, 7, 7, 7, 7, 7, 7]

################################################################
################################################################
################### process_jail_list: ######################

[6, 6, 6, 7, 7, 7, 7, 7, 7, 8, 8, 7, 8, 8, 6, 7, 7, 7, 7, 7, 7, 6, 7, 7, 6, 6, 7, 7, 6, 6, 6, 6, 6, 7, 6, 7, 6, 6, 5, 6, 6, 6, 6, 6, 6, 6, 6, 7, 6, 6, 5, 6, 6, 6, 7, 6, 5, 5, 7, 6, 7, 7, 6, 6, 7, 6, 6, 6, 6, 6, 6, 7, 6, 6, 6, 6, 7, 7, 6, 6, 6, 6, 6, 6, 6, 6, 6, 6, 6, 6, 6, 7, 6, 6, 6, 7, 6, 6, 7, 6, 6, 6, 7, 6, 8, 6, 6, 6, 6, 6, 6, 6, 6, 6, 7, 6, 6, 6, 7, 6, 6, 6, 6, 6, 7, 6, 5, 6, 6, 6, 6, 6, 6, 6, 6, 6, 6, 7, 6, 6, 6, 6, 6, 6, 6, 6, 6, 6, 7, 6, 6, 7, 6, 6, 6, 7, 6, 6, 6, 7, 7, 6, 7, 6, 7, 6, 7, 7, 6, 6, 7, 7, 6, 8, 7, 6, 6, 6, 6, 5, 6, 6, 6, 6, 6, 6, 7, 6, 7, 6, 6, 6, 6, 6, 6, 6, 6, 6, 6, 7, 6, 7, 6, 6, 6, 6, 7, 6, 6, 7, 6, 7, 5, 7, 6, 6, 6, 6, 6, 6, 7, 6, 6, 6, 7, 6, 6, 6, 6, 6, 6, 6, 5, 7, 7, 6, 6, 7, 6, 6, 6, 6, 6, 6, 6, 6, 6, 6, 5, 7, 6, 6, 7, 6, 5, 6, 6, 6, 6, 6, 6, 6, 6, 6, 6, 6, 6, 6, 6, 6, 6, 6, 6, 6, 7, 6, 7, 6, 6, 6, 6, 6, 5, 6, 6, 6, 6, 6, 6, 7, 7, 7, 7, 6, 6, 6, 6, 6, 6, 6, 6, 6, 6, 6, 6, 6, 6, 6, 6, 6, 6, 6, 6, 7, 6, 6, 6, 6, 6, 6, 6, 6, 7, 6, 6, 6, 6, 6, 6, 6, 6, 6, 6, 6, 6, 6, 7, 5, 6, 6, 6, 7, 7, 6, 7, 6, 6, 6, 7, 6, 6, 6, 6, 6, 6, 6, 6, 7, 7, 6, 7, 6, 6, 6, 7, 6, 6, 6, 6, 6, 7, 6, 6, 6, 6, 6, 6, 6, 6, 6, 6, 6, 6, 6, 6, 6, 7, 6, 6, 8, 7, 6, 6, 6, 6, 6, 7, 6, 7, 6, 6, 6, 6, 6, 6, 6, 6, 6, 6, 6, 6, 7, 6, 6, 7, 7, 6, 6, 6, 6, 6, 6, 7, 7, 6, 6, 6, 6, 6, 5, 6, 6, 6, 6, 6, 6, 5, 6, 6, 6, 6, 7, 6, 6, 6, 6, 6, 6, 6, 6, 6, 6, 5, 6, 6, 6, 6, 6, 6, 6, 6, 5, 6, 6, 6, 6, 6, 6, 6, 6, 6, 5, 6, 6, 6, 6, 6, 6, 6, 5, 6, 7, 6, 7, 6, 6, 6, 6, 6, 6, 6, 6, 6, 6, 6, 6, 6, 6, 6, 6, 7, 6, 6, 6, 6, 7, 7, 7, 6, 6, 6, 6, 6, 6, 6, 6, 7, 6, 6, 7, 6, 6, 6, 7, 6, 6, 5, 6, 7, 5, 5, 5, 6, 6, 6, 6, 6, 6, 6, 6, 6, 7, 6, 6, 5, 6, 6, 6, 6, 6, 5, 7, 6, 6, 6, 5, 6, 5, 6, 6, 6, 6, 6, 5, 5, 6, 6, 6, 6, 7, 6, 6, 7, 5, 6, 6, 6, 5, 6, 6, 6, 7, 7, 6, 6, 6, 6, 6, 6, 6, 5, 6, 7, 6, 6, 6, 6, 7, 6, 6, 6, 6, 6, 6, 6, 6, 7, 6, 6, 6, 6, 6, 7, 6, 6, 6, 6, 6, 7, 6, 6, 6, 6, 6, 7, 6, 6, 6, 6, 6, 6, 6, 7, 6, 6, 5, 7, 5, 5, 6, 7, 6, 6, 6, 6, 7, 6, 6, 7, 7, 6, 6, 6, 6, 6, 6, 6, 6, 6, 5, 6, 7, 6, 6, 6, 7, 6, 6, 6, 6, 6, 7, 6, 6, 6, 6, 7, 6, 6, 7, 6, 6, 6, 6, 7, 7, 7, 6, 7, 6, 6, 7, 6, 6, 6, 6, 6, 6, 6, 7, 7, 6, 6, 6, 7, 6, 7, 6, 6, 7, 6, 6, 6, 6, 6, 6, 6, 6, 6, 6, 6, 6, 6, 6, 7, 6, 7, 6, 7, 6, 6, 6, 6, 6, 6, 6, 7, 6, 6, 6, 6, 6, 7, 7, 7, 7, 6, 6, 6, 7, 6, 6, 6, 6, 6, 7, 6, 7, 7, 6, 6, 6, 6, 6, 6, 6, 6, 6, 7, 6]

################################################################
