Numero total de amostras 770

Tempo total de processamento: 0:12:59

############## TEMPOS DE PROCESSAMENTO DO EXERCICIO NO JAIL  ####################
Soma 4861 segundos
Media 6.312987012987013 segundos
Desvio padr達o 0.514175837665608 segundos
Minimo 5 segundos
Maximo 8 segundos

95% 5.0 segundos
99% 5.0 segundos

############## TEMPOS DE PROCESSAMENTO DO EXERCICIO NO JAIL COM DOWNLOAD  ################
Soma 5442 segundos
Media 7.067532467532468 segundos
Desvio padr達o 0.6184273221987878 segundos
Minimo 6 segundos
Maximo 10 segundos

95% 6.0 segundos
99% 6.0 segundos

################### TEMPOS DE DOWNLOAD DO EXERCICIO NO JAIL #######################
Soma 581 segundos
Media 0.7545454545454545 segundos
Desvio padr達o 0.5078719172168518 segundos
Minimo 0 segundos
Maximo 3 segundos

95% 0.0 segundos
99% 0.0 segundos

############################ TEMPOS DE ESPERA NA FILA ############################
Soma 49300
Media 64.02597402597402 segundos
Desvio padr達o 32.10343430508866 segundos
Minimo 2 segundos
Maximo 123 segundos

95% 7.0 segundos
99% 7.0 segundos

################### queue_wait_time_list: ######################

[14, 11, 9, 112, 10, 8, 6, 7, 7, 5, 11, 3, 8, 2, 4, 13, 12, 8, 11, 12, 14, 7, 6, 7, 12, 13, 15, 9, 16, 9, 14, 10, 12, 15, 60, 10, 10, 16, 61, 16, 13, 14, 16, 16, 15, 14, 14, 14, 13, 11, 12, 13, 16, 16, 15, 19, 18, 18, 20, 17, 16, 18, 17, 17, 16, 17, 20, 53, 22, 19, 16, 20, 18, 19, 17, 19, 19, 20, 19, 17, 17, 21, 22, 18, 23, 20, 23, 20, 22, 19, 18, 22, 24, 22, 21, 24, 24, 24, 25, 26, 59, 68, 64, 59, 60, 114, 64, 61, 61, 61, 71, 62, 62, 65, 61, 62, 68, 66, 72, 67, 69, 70, 72, 71, 75, 73, 72, 77, 77, 80, 78, 80, 83, 80, 81, 82, 85, 84, 82, 85, 85, 86, 93, 17, 21, 21, 20, 23, 22, 26, 27, 27, 26, 26, 27, 26, 26, 24, 24, 25, 23, 113, 25, 25, 25, 62, 25, 60, 28, 27, 27, 63, 61, 60, 63, 64, 65, 66, 70, 67, 69, 71, 73, 71, 74, 76, 75, 78, 77, 77, 79, 21, 22, 111, 29, 33, 29, 29, 28, 28, 30, 29, 27, 30, 31, 32, 30, 29, 28, 28, 27, 31, 29, 29, 28, 35, 30, 30, 29, 30, 33, 33, 31, 32, 35, 34, 32, 33, 30, 32, 33, 32, 35, 33, 33, 34, 34, 35, 34, 31, 30, 32, 31, 32, 31, 33, 34, 34, 34, 36, 37, 35, 36, 35, 35, 36, 38, 37, 37, 35, 37, 35, 35, 38, 36, 41, 38, 38, 39, 36, 40, 36, 37, 37, 38, 40, 39, 41, 38, 42, 39, 41, 40, 40, 39, 39, 35, 36, 37, 37, 39, 40, 42, 44, 43, 42, 43, 44, 53, 54, 43, 42, 41, 42, 58, 59, 43, 42, 66, 41, 59, 60, 62, 64, 61, 64, 63, 65, 66, 70, 67, 66, 72, 70, 76, 72, 74, 79, 72, 79, 75, 78, 82, 36, 38, 40, 53, 54, 43, 42, 58, 45, 44, 44, 44, 45, 44, 43, 62, 59, 60, 117, 67, 64, 61, 61, 66, 68, 64, 65, 69, 67, 69, 69, 69, 75, 70, 76, 72, 72, 79, 77, 78, 82, 80, 83, 83, 80, 83, 85, 83, 37, 53, 37, 54, 53, 59, 52, 52, 53, 53, 41, 52, 53, 116, 45, 45, 46, 45, 48, 44, 49, 45, 46, 47, 47, 51, 47, 50, 46, 45, 49, 47, 51, 52, 47, 54, 50, 51, 50, 54, 48, 53, 51, 54, 54, 55, 53, 53, 44, 47, 115, 61, 66, 62, 69, 56, 55, 55, 54, 55, 63, 59, 59, 61, 68, 65, 61, 68, 67, 65, 66, 68, 70, 69, 72, 72, 71, 74, 73, 72, 76, 77, 79, 79, 79, 84, 81, 84, 85, 81, 82, 85, 85, 84, 85, 85, 46, 48, 48, 52, 50, 114, 50, 52, 51, 53, 53, 55, 54, 57, 55, 57, 57, 56, 55, 57, 56, 56, 56, 56, 55, 57, 56, 55, 57, 57, 58, 57, 58, 57, 59, 58, 58, 58, 57, 56, 60, 58, 59, 58, 58, 63, 63, 64, 117, 118, 86, 74, 116, 75, 117, 85, 86, 86, 87, 86, 86, 87, 86, 73, 76, 87, 73, 87, 87, 87, 74, 77, 76, 77, 78, 78, 78, 79, 79, 80, 80, 81, 90, 89, 88, 88, 90, 87, 93, 88, 88, 87, 91, 89, 92, 88, 90, 89, 90, 91, 90, 95, 91, 93, 91, 91, 92, 92, 94, 94, 92, 92, 95, 96, 94, 93, 92, 95, 83, 97, 97, 96, 96, 83, 95, 94, 96, 98, 98, 82, 83, 97, 96, 95, 96, 83, 84, 84, 84, 85, 86, 85, 87, 86, 89, 91, 97, 106, 105, 99, 97, 98, 98, 98, 96, 98, 101, 102, 98, 100, 101, 102, 101, 105, 99, 99, 102, 105, 103, 102, 104, 102, 106, 104, 105, 104, 104, 104, 106, 106, 105, 103, 106, 88, 107, 107, 107, 106, 105, 105, 89, 89, 91, 108, 109, 109, 109, 108, 108, 109, 109, 110, 106, 108, 108, 108, 107, 107, 107, 92, 109, 111, 92, 114, 111, 111, 93, 94, 96, 96, 95, 97, 99, 114, 97, 100, 111, 111, 110, 113, 111, 112, 110, 115, 113, 112, 118, 117, 117, 112, 114, 113, 114, 114, 116, 113, 118, 119, 117, 116, 115, 118, 119, 117, 116, 118, 120, 120, 118, 118, 118, 119, 120, 100, 99, 121, 121, 120, 98, 119, 120, 119, 121, 122, 121, 122, 121, 120, 121, 104, 101, 100, 100, 103, 105, 103, 105, 110, 110, 110, 121, 122, 123]

################################################################
################### jail_ex_download_list: ######################

[0, 1, 1, 1, 1, 2, 2, 3, 1, 3, 0, 3, 1, 3, 3, 0, 0, 2, 1, 0, 1, 2, 1, 1, 1, 1, 0, 1, 0, 1, 1, 1, 1, 0, 1, 1, 2, 1, 1, 0, 1, 0, 1, 0, 0, 1, 1, 1, 1, 1, 1, 1, 1, 1, 1, 1, 1, 1, 1, 1, 1, 1, 1, 1, 1, 0, 0, 0, 1, 0, 1, 0, 1, 1, 1, 1, 0, 0, 1, 1, 0, 1, 0, 1, 1, 1, 0, 1, 0, 1, 1, 0, 1, 1, 1, 0, 1, 1, 1, 1, 0, 0, 0, 1, 0, 0, 1, 0, 1, 0, 0, 1, 0, 1, 1, 0, 1, 1, 0, 1, 1, 1, 1, 0, 1, 1, 0, 1, 1, 0, 1, 1, 1, 1, 1, 0, 0, 1, 1, 1, 1, 1, 1, 1, 1, 0, 1, 1, 1, 1, 1, 1, 1, 1, 0, 0, 0, 1, 1, 1, 1, 0, 0, 1, 1, 1, 1, 0, 1, 1, 1, 1, 1, 1, 0, 0, 1, 0, 1, 1, 1, 1, 1, 0, 0, 1, 1, 1, 1, 0, 0, 1, 1, 1, 1, 0, 1, 1, 1, 1, 0, 0, 1, 1, 1, 1, 1, 1, 1, 0, 1, 1, 1, 1, 1, 0, 1, 0, 1, 1, 1, 1, 1, 1, 0, 1, 1, 1, 1, 0, 0, 1, 0, 1, 1, 1, 1, 1, 1, 1, 1, 1, 0, 1, 1, 0, 1, 0, 1, 0, 1, 0, 0, 1, 1, 1, 1, 1, 0, 1, 1, 1, 1, 1, 1, 0, 1, 1, 1, 1, 0, 1, 1, 1, 1, 1, 1, 1, 1, 0, 0, 1, 1, 1, 1, 1, 1, 0, 0, 0, 1, 0, 1, 1, 1, 1, 0, 0, 1, 1, 1, 1, 1, 1, 1, 1, 0, 1, 1, 1, 1, 1, 1, 0, 0, 0, 1, 0, 1, 2, 1, 1, 1, 1, 1, 1, 1, 0, 1, 1, 1, 1, 0, 1, 1, 1, 0, 0, 1, 1, 1, 1, 1, 1, 1, 0, 1, 1, 1, 0, 1, 0, 0, 1, 0, 1, 1, 1, 1, 1, 1, 0, 1, 2, 1, 1, 1, 1, 0, 1, 1, 1, 1, 1, 1, 1, 0, 1, 1, 0, 1, 0, 1, 1, 0, 0, 0, 1, 1, 1, 1, 0, 1, 1, 1, 1, 1, 1, 1, 0, 1, 1, 1, 0, 1, 2, 0, 1, 1, 1, 1, 1, 2, 1, 0, 1, 0, 0, 0, 1, 1, 1, 0, 1, 0, 0, 0, 1, 1, 1, 0, 1, 1, 1, 1, 1, 0, 1, 1, 1, 0, 1, 1, 1, 1, 1, 1, 1, 1, 1, 1, 0, 0, 1, 0, 1, 0, 1, 1, 1, 1, 1, 1, 1, 0, 1, 0, 1, 1, 1, 1, 0, 0, 1, 1, 0, 0, 1, 1, 2, 1, 1, 1, 1, 0, 1, 0, 0, 0, 1, 1, 1, 0, 1, 1, 1, 1, 1, 0, 1, 1, 1, 1, 1, 1, 1, 1, 0, 1, 0, 1, 0, 1, 1, 1, 1, 1, 1, 1, 0, 0, 1, 0, 1, 1, 1, 1, 1, 1, 1, 1, 1, 1, 0, 1, 0, 1, 1, 0, 1, 1, 1, 0, 1, 0, 1, 1, 1, 1, 1, 0, 1, 1, 1, 1, 0, 1, 0, 1, 1, 1, 1, 1, 0, 1, 1, 0, 0, 1, 1, 1, 1, 1, 1, 0, 0, 1, 1, 1, 1, 1, 1, 1, 1, 0, 0, 1, 0, 1, 1, 1, 1, 1, 1, 1, 0, 1, 1, 1, 0, 0, 0, 1, 0, 1, 1, 1, 0, 1, 1, 1, 0, 0, 0, 0, 0, 1, 0, 1, 1, 1, 0, 1, 1, 0, 1, 1, 1, 2, 1, 0, 1, 0, 0, 1, 1, 1, 1, 1, 1, 1, 1, 1, 0, 0, 1, 1, 1, 1, 0, 1, 0, 1, 1, 1, 1, 0, 1, 1, 1, 1, 1, 0, 0, 0, 1, 1, 1, 0, 1, 0, 0, 0, 1, 1, 1, 1, 0, 1, 1, 1, 0, 0, 0, 1, 1, 1, 1, 0, 1, 1, 0, 1, 1, 1, 1, 1, 1, 1, 1, 1, 1, 1, 1, 1, 1, 1, 1, 1, 1, 1, 0, 1, 0, 0, 0, 1, 1, 0, 0, 2, 0, 1, 1, 0, 1, 1, 1, 1, 0, 1, 1, 1, 0, 0, 1, 1, 1, 1, 1, 0, 1, 0, 0, 1, 1, 1, 1, 1, 0, 0, 0, 1, 1, 1, 1, 0, 1, 1, 2, 1, 1, 1, 1, 0, 1, 0, 1, 1, 1]

################################################################
################################################################
################### process_jail_download_list: ######################

[7, 8, 8, 8, 8, 9, 9, 9, 8, 9, 7, 10, 7, 10, 10, 7, 7, 8, 7, 7, 8, 8, 7, 7, 7, 7, 7, 7, 6, 8, 7, 8, 8, 7, 7, 7, 8, 6, 7, 6, 7, 7, 7, 7, 7, 7, 7, 7, 8, 8, 8, 8, 8, 7, 7, 7, 7, 7, 7, 8, 7, 7, 7, 7, 7, 7, 6, 7, 7, 7, 7, 7, 7, 7, 6, 7, 6, 7, 7, 7, 6, 7, 7, 7, 8, 8, 7, 8, 7, 8, 8, 7, 8, 8, 7, 6, 7, 7, 7, 7, 6, 6, 7, 7, 6, 7, 8, 6, 7, 6, 7, 7, 7, 8, 8, 7, 7, 7, 6, 8, 7, 7, 7, 7, 7, 7, 6, 7, 7, 6, 7, 7, 7, 7, 8, 7, 6, 7, 7, 7, 7, 7, 7, 7, 7, 7, 7, 7, 8, 8, 8, 7, 7, 7, 6, 7, 7, 8, 8, 7, 7, 8, 6, 6, 7, 7, 8, 7, 7, 7, 8, 7, 7, 7, 7, 7, 7, 6, 8, 8, 7, 7, 8, 7, 6, 7, 7, 7, 7, 6, 7, 8, 8, 8, 7, 6, 7, 7, 7, 7, 6, 6, 7, 7, 7, 7, 7, 7, 7, 6, 7, 7, 7, 7, 7, 6, 7, 7, 7, 7, 7, 7, 7, 7, 7, 7, 7, 7, 8, 7, 6, 8, 6, 7, 7, 7, 7, 7, 7, 7, 7, 7, 7, 7, 8, 7, 7, 6, 7, 6, 7, 7, 6, 7, 7, 7, 7, 7, 7, 7, 7, 6, 7, 7, 7, 7, 8, 7, 7, 7, 6, 7, 7, 7, 7, 7, 7, 7, 7, 7, 6, 7, 6, 7, 8, 7, 8, 6, 6, 6, 8, 7, 7, 7, 7, 8, 7, 7, 6, 7, 7, 7, 7, 7, 7, 7, 7, 7, 8, 7, 7, 7, 6, 6, 6, 7, 7, 7, 7, 8, 7, 8, 8, 7, 7, 7, 7, 6, 8, 8, 7, 7, 7, 7, 8, 8, 6, 7, 7, 7, 7, 7, 7, 7, 7, 6, 7, 7, 7, 6, 7, 7, 6, 7, 6, 7, 7, 7, 7, 7, 7, 7, 7, 8, 7, 8, 7, 7, 7, 7, 7, 7, 8, 7, 8, 7, 7, 8, 7, 6, 7, 6, 7, 8, 6, 6, 7, 7, 7, 7, 7, 7, 7, 7, 7, 7, 7, 8, 8, 7, 7, 8, 8, 7, 8, 9, 7, 7, 7, 7, 8, 8, 8, 7, 7, 7, 7, 7, 7, 8, 7, 8, 6, 7, 7, 7, 7, 6, 7, 8, 7, 7, 8, 7, 7, 7, 6, 7, 7, 7, 6, 7, 7, 7, 6, 7, 7, 7, 7, 8, 7, 6, 6, 7, 6, 7, 6, 7, 8, 7, 6, 7, 7, 7, 6, 7, 7, 7, 7, 7, 7, 7, 6, 7, 7, 6, 6, 7, 8, 8, 7, 7, 8, 8, 7, 8, 7, 6, 6, 8, 6, 7, 6, 6, 7, 7, 7, 7, 6, 7, 7, 7, 7, 7, 7, 7, 7, 6, 7, 6, 6, 7, 7, 7, 7, 7, 7, 7, 7, 7, 6, 7, 7, 7, 7, 7, 7, 7, 7, 7, 8, 7, 7, 7, 7, 6, 7, 6, 6, 7, 8, 7, 7, 8, 7, 7, 7, 7, 7, 7, 7, 7, 7, 7, 7, 6, 8, 7, 7, 7, 8, 7, 8, 7, 8, 8, 7, 6, 8, 7, 7, 7, 8, 7, 7, 7, 8, 7, 7, 7, 7, 7, 7, 8, 6, 6, 7, 7, 6, 7, 7, 7, 7, 7, 7, 6, 7, 7, 7, 6, 6, 7, 7, 7, 7, 7, 7, 7, 7, 8, 7, 7, 7, 7, 7, 7, 7, 6, 7, 8, 7, 6, 7, 7, 6, 7, 7, 7, 8, 7, 6, 7, 7, 6, 8, 7, 8, 7, 9, 8, 7, 8, 7, 6, 6, 8, 7, 7, 7, 6, 7, 6, 7, 7, 7, 7, 7, 8, 7, 7, 7, 7, 7, 7, 7, 8, 8, 8, 6, 7, 7, 7, 6, 8, 8, 8, 8, 7, 7, 7, 7, 7, 7, 7, 7, 7, 7, 8, 7, 8, 8, 6, 8, 8, 8, 6, 7, 8, 6, 7, 7, 7, 8, 7, 7, 7, 7, 7, 7, 7, 8, 7, 7, 7, 7, 7, 8, 8, 7, 6, 8, 6, 8, 7, 6, 8, 7, 8, 7, 7, 8, 7, 7, 7, 7, 7, 7, 7, 7, 7, 7, 8, 7, 7, 8, 8, 8, 7, 7, 6, 7, 7, 7, 7, 7, 7, 7, 8, 8, 9, 7, 7, 7, 7, 7, 7, 7, 7, 7, 7]

################################################################
################################################################
################### process_jail_list: ######################

[7, 7, 7, 7, 7, 7, 7, 6, 7, 6, 7, 7, 6, 7, 7, 7, 7, 6, 6, 7, 7, 6, 6, 6, 6, 6, 7, 6, 6, 7, 6, 7, 7, 7, 6, 6, 6, 5, 6, 6, 6, 7, 6, 7, 7, 6, 6, 6, 7, 7, 7, 7, 7, 6, 6, 6, 6, 6, 6, 7, 6, 6, 6, 6, 6, 7, 6, 7, 6, 7, 6, 7, 6, 6, 5, 6, 6, 7, 6, 6, 6, 6, 7, 6, 7, 7, 7, 7, 7, 7, 7, 7, 7, 7, 6, 6, 6, 6, 6, 6, 6, 6, 7, 6, 6, 7, 7, 6, 6, 6, 7, 6, 7, 7, 7, 7, 6, 6, 6, 7, 6, 6, 6, 7, 6, 6, 6, 6, 6, 6, 6, 6, 6, 6, 7, 7, 6, 6, 6, 6, 6, 6, 6, 6, 6, 7, 6, 6, 7, 7, 7, 6, 6, 6, 6, 7, 7, 7, 7, 6, 6, 8, 6, 5, 6, 6, 7, 7, 6, 6, 7, 6, 6, 6, 7, 7, 6, 6, 7, 7, 6, 6, 7, 7, 6, 6, 6, 6, 6, 6, 7, 7, 7, 7, 6, 6, 6, 6, 6, 6, 6, 6, 6, 6, 6, 6, 6, 6, 6, 6, 6, 6, 6, 6, 6, 6, 6, 7, 6, 6, 6, 6, 6, 6, 7, 6, 6, 6, 7, 7, 6, 7, 6, 6, 6, 6, 6, 6, 6, 6, 6, 6, 7, 6, 7, 7, 6, 6, 6, 6, 6, 7, 6, 6, 6, 6, 6, 6, 7, 6, 6, 5, 6, 6, 6, 7, 7, 6, 6, 6, 6, 6, 6, 6, 6, 6, 6, 6, 6, 7, 6, 6, 5, 6, 7, 6, 7, 6, 6, 6, 7, 7, 6, 6, 6, 7, 7, 7, 5, 6, 6, 6, 6, 6, 6, 6, 7, 6, 7, 6, 6, 6, 5, 6, 6, 7, 6, 7, 6, 6, 6, 7, 7, 6, 6, 6, 6, 6, 7, 7, 6, 6, 7, 6, 7, 7, 6, 7, 6, 6, 6, 6, 6, 6, 6, 6, 6, 6, 6, 6, 6, 7, 6, 6, 6, 6, 6, 6, 6, 6, 6, 7, 6, 6, 6, 7, 6, 6, 7, 6, 6, 6, 7, 6, 7, 6, 7, 7, 6, 6, 6, 6, 6, 7, 6, 6, 7, 6, 6, 6, 6, 7, 6, 6, 6, 6, 6, 7, 7, 7, 6, 7, 7, 7, 7, 7, 7, 6, 6, 6, 7, 7, 6, 6, 7, 6, 7, 7, 7, 7, 6, 7, 6, 6, 7, 7, 7, 5, 6, 7, 7, 6, 7, 6, 6, 6, 6, 6, 6, 6, 6, 6, 6, 6, 5, 6, 6, 6, 6, 7, 6, 6, 6, 6, 6, 6, 6, 6, 7, 6, 5, 6, 6, 6, 6, 6, 7, 6, 6, 6, 6, 7, 6, 6, 6, 6, 6, 6, 7, 6, 6, 6, 7, 7, 7, 7, 7, 6, 6, 7, 5, 6, 6, 5, 6, 6, 6, 6, 6, 6, 6, 6, 6, 6, 6, 6, 6, 6, 6, 6, 5, 7, 6, 6, 6, 6, 6, 6, 6, 7, 6, 6, 7, 6, 6, 6, 6, 6, 6, 6, 7, 6, 6, 7, 6, 6, 6, 5, 6, 6, 7, 6, 7, 7, 7, 6, 6, 6, 6, 6, 7, 6, 6, 6, 6, 6, 7, 7, 6, 6, 7, 6, 7, 7, 7, 7, 7, 6, 7, 6, 6, 6, 7, 6, 7, 7, 7, 6, 6, 6, 6, 6, 6, 7, 6, 6, 6, 7, 5, 6, 6, 6, 6, 6, 6, 6, 6, 6, 6, 6, 6, 7, 6, 7, 6, 6, 6, 7, 6, 7, 6, 7, 7, 7, 7, 7, 6, 6, 6, 7, 6, 6, 6, 6, 6, 6, 6, 6, 6, 6, 6, 6, 7, 6, 7, 6, 7, 6, 8, 7, 6, 7, 6, 6, 6, 7, 6, 6, 6, 6, 6, 6, 6, 6, 6, 6, 7, 7, 6, 6, 6, 6, 7, 7, 7, 7, 7, 7, 6, 6, 7, 7, 6, 7, 7, 7, 7, 7, 6, 6, 6, 7, 7, 7, 6, 6, 6, 7, 7, 7, 7, 6, 7, 7, 7, 5, 6, 7, 5, 6, 6, 6, 7, 6, 6, 6, 6, 6, 6, 6, 7, 7, 6, 7, 7, 7, 7, 7, 7, 6, 6, 6, 7, 6, 6, 7, 6, 7, 6, 7, 7, 6, 6, 7, 7, 6, 6, 6, 6, 6, 7, 7, 7, 7, 7, 7, 7, 6, 6, 6, 7, 7, 6, 6, 6, 6, 7, 7, 7, 7, 6, 6, 6, 6, 7, 6, 7, 6, 6, 6]

################################################################
