Numero total de amostras 770

Tempo total de processamento: 0:10:57

############## TEMPOS DE PROCESSAMENTO DO EXERCICIO NO JAIL  ####################
Soma 4540 segundos
Media 5.896103896103896 segundos
Desvio padr達o 0.3217006588133202 segundos
Minimo 5 segundos
Maximo 7 segundos

95% 5.0 segundos
99% 5.0 segundos

############## TEMPOS DE PROCESSAMENTO DO EXERCICIO NO JAIL COM DOWNLOAD  ################
Soma 5025 segundos
Media 6.525974025974026 segundos
Desvio padr達o 0.5810654337390831 segundos
Minimo 6 segundos
Maximo 10 segundos

95% 6.0 segundos
99% 6.0 segundos

################### TEMPOS DE DOWNLOAD DO EXERCICIO NO JAIL #######################
Soma 485 segundos
Media 0.6298701298701299 segundos
Desvio padr達o 0.5623616563070413 segundos
Minimo 0 segundos
Maximo 4 segundos

95% 0.0 segundos
99% 0.0 segundos

############################ TEMPOS DE ESPERA NA FILA ############################
Soma 656
Media 0.8519480519480519 segundos
Desvio padr達o 0.916743302683846 segundos
Minimo 0 segundos
Maximo 7 segundos

95% 0.0 segundos
99% 0.0 segundos

################### queue_wait_time_list: ######################

[1, 3, 1, 2, 0, 2, 5, 4, 2, 2, 0, 5, 1, 5, 7, 7, 6, 1, 0, 5, 5, 5, 1, 1, 6, 5, 2, 1, 5, 3, 1, 4, 2, 3, 1, 2, 2, 0, 1, 0, 1, 1, 1, 1, 1, 0, 0, 2, 2, 0, 1, 1, 2, 1, 2, 1, 0, 0, 1, 1, 1, 1, 1, 3, 2, 0, 1, 1, 1, 0, 0, 1, 0, 2, 1, 1, 1, 1, 1, 1, 2, 1, 1, 1, 1, 1, 0, 1, 0, 1, 2, 2, 1, 1, 0, 0, 1, 0, 2, 1, 0, 0, 0, 1, 0, 1, 1, 0, 1, 1, 1, 1, 1, 0, 1, 1, 0, 0, 2, 2, 1, 1, 1, 0, 1, 1, 0, 1, 0, 1, 0, 0, 1, 2, 1, 1, 0, 2, 1, 1, 0, 1, 0, 0, 1, 1, 0, 0, 2, 1, 0, 1, 0, 1, 0, 1, 0, 0, 1, 0, 1, 1, 1, 0, 1, 1, 1, 0, 1, 1, 1, 0, 1, 1, 0, 1, 0, 1, 1, 1, 0, 1, 1, 1, 0, 2, 0, 0, 0, 0, 2, 2, 1, 0, 1, 2, 1, 1, 0, 2, 2, 1, 1, 1, 0, 2, 2, 0, 1, 0, 1, 0, 0, 1, 0, 0, 2, 3, 2, 1, 1, 2, 1, 2, 2, 2, 1, 1, 1, 2, 0, 1, 1, 0, 1, 1, 2, 1, 1, 0, 1, 1, 1, 0, 1, 0, 0, 2, 1, 0, 1, 1, 1, 1, 1, 0, 1, 1, 1, 1, 2, 1, 1, 0, 2, 1, 2, 1, 1, 1, 2, 2, 1, 1, 0, 1, 1, 2, 1, 1, 0, 1, 2, 1, 0, 0, 0, 2, 0, 2, 0, 0, 0, 0, 0, 0, 1, 0, 1, 2, 2, 1, 2, 0, 2, 0, 1, 2, 1, 0, 1, 0, 1, 1, 1, 0, 1, 0, 1, 1, 0, 1, 0, 1, 1, 0, 0, 1, 1, 1, 1, 0, 0, 1, 0, 1, 1, 1, 1, 0, 0, 1, 1, 0, 0, 0, 0, 1, 0, 0, 1, 0, 0, 0, 1, 1, 0, 0, 1, 1, 1, 1, 1, 1, 1, 0, 1, 1, 1, 0, 0, 0, 1, 0, 0, 1, 0, 1, 0, 0, 1, 1, 1, 1, 1, 1, 0, 1, 0, 1, 1, 1, 0, 1, 0, 0, 2, 0, 0, 0, 0, 2, 0, 1, 0, 0, 0, 0, 1, 0, 1, 1, 0, 0, 0, 1, 1, 0, 1, 2, 1, 2, 1, 1, 0, 2, 0, 1, 0, 1, 0, 1, 1, 1, 0, 0, 0, 0, 1, 0, 0, 1, 1, 2, 1, 0, 1, 0, 1, 0, 0, 2, 1, 1, 1, 1, 1, 2, 1, 0, 1, 1, 1, 0, 0, 1, 1, 0, 0, 1, 1, 0, 1, 0, 0, 1, 1, 1, 1, 1, 1, 1, 1, 0, 0, 0, 1, 1, 1, 1, 1, 2, 1, 2, 2, 1, 2, 1, 0, 0, 0, 0, 1, 1, 1, 0, 1, 1, 2, 1, 1, 2, 2, 1, 1, 2, 2, 1, 0, 0, 0, 1, 1, 1, 2, 0, 2, 1, 1, 2, 1, 1, 1, 1, 2, 0, 1, 0, 1, 1, 1, 0, 1, 1, 0, 2, 1, 0, 1, 2, 2, 0, 1, 0, 1, 0, 1, 0, 1, 0, 2, 2, 1, 1, 0, 1, 1, 0, 0, 1, 1, 0, 1, 1, 0, 0, 1, 1, 0, 0, 0, 1, 0, 0, 0, 0, 1, 0, 1, 0, 1, 1, 1, 1, 0, 0, 0, 1, 0, 1, 0, 1, 0, 0, 0, 1, 0, 0, 0, 2, 1, 1, 0, 0, 0, 0, 0, 0, 1, 0, 0, 0, 0, 0, 1, 0, 0, 0, 1, 1, 1, 1, 1, 0, 1, 0, 0, 0, 0, 1, 0, 0, 0, 1, 0, 1, 1, 0, 1, 0, 1, 0, 1, 1, 1, 1, 1, 1, 1, 1, 1, 1, 1, 0, 1, 1, 0, 1, 0, 0, 1, 0, 1, 0, 0, 0, 0, 0, 0, 1, 0, 1, 0, 1, 0, 0, 0, 1, 1, 0, 1, 1, 1, 0, 1, 0, 0, 1, 1, 0, 1, 0, 1, 0, 2, 0, 0, 1, 1, 0, 0, 1, 2, 1, 1, 1, 0, 1, 1, 1, 1, 1, 2, 0, 2, 1, 2, 1, 1, 1, 0, 2, 1, 0, 0, 1, 1, 1, 1, 2, 2, 1, 0, 1, 0, 2, 2, 0, 1, 2, 0, 2, 1, 2, 1, 2, 2, 1, 0, 0, 1, 0, 0, 1, 1, 0, 1, 0, 0, 0]

################################################################
################### jail_ex_download_list: ######################

[1, 3, 1, 3, 0, 4, 1, 4, 3, 1, 1, 0, 1, 0, 2, 2, 2, 1, 1, 3, 3, 1, 1, 0, 1, 1, 0, 0, 1, 0, 0, 1, 2, 2, 1, 1, 0, 1, 0, 1, 0, 0, 1, 1, 0, 1, 1, 1, 0, 1, 1, 1, 1, 1, 0, 1, 1, 0, 0, 0, 1, 1, 1, 0, 0, 1, 0, 0, 1, 1, 1, 1, 1, 0, 0, 1, 0, 1, 0, 1, 1, 0, 0, 0, 1, 0, 1, 1, 1, 0, 1, 0, 1, 0, 1, 1, 1, 0, 0, 0, 1, 1, 1, 0, 1, 0, 1, 0, 0, 1, 1, 0, 0, 0, 0, 1, 1, 0, 1, 0, 0, 1, 1, 1, 0, 1, 1, 0, 1, 1, 0, 1, 1, 0, 0, 1, 1, 1, 1, 1, 0, 1, 1, 1, 1, 0, 1, 1, 0, 0, 1, 0, 0, 0, 1, 0, 0, 0, 0, 1, 1, 0, 1, 1, 1, 1, 1, 1, 1, 0, 0, 1, 0, 0, 1, 1, 1, 1, 1, 1, 1, 0, 1, 0, 0, 0, 1, 1, 1, 1, 1, 0, 1, 0, 1, 1, 1, 0, 1, 1, 0, 0, 0, 0, 1, 0, 0, 1, 1, 1, 1, 1, 1, 1, 0, 1, 0, 0, 1, 1, 0, 0, 1, 1, 1, 1, 1, 0, 0, 0, 1, 1, 1, 1, 1, 0, 1, 0, 1, 0, 1, 0, 1, 1, 1, 1, 1, 1, 0, 1, 0, 0, 1, 1, 0, 1, 1, 0, 0, 0, 1, 1, 0, 1, 1, 1, 0, 0, 1, 1, 0, 1, 0, 1, 1, 0, 1, 0, 1, 0, 0, 1, 0, 1, 1, 1, 1, 0, 0, 0, 1, 1, 1, 1, 1, 1, 0, 1, 0, 1, 1, 0, 1, 1, 1, 0, 1, 0, 0, 1, 1, 1, 1, 0, 1, 1, 0, 1, 0, 0, 1, 0, 1, 1, 1, 1, 1, 0, 0, 0, 0, 1, 1, 0, 0, 1, 0, 0, 0, 1, 1, 1, 1, 1, 1, 1, 1, 0, 1, 1, 1, 0, 1, 1, 0, 0, 1, 1, 0, 0, 0, 0, 0, 1, 0, 1, 0, 1, 1, 0, 1, 1, 1, 1, 1, 0, 1, 1, 1, 1, 0, 0, 0, 0, 0, 0, 1, 0, 1, 1, 1, 0, 1, 0, 1, 1, 0, 1, 1, 1, 0, 0, 1, 0, 1, 1, 0, 1, 0, 0, 0, 0, 1, 1, 1, 1, 1, 1, 1, 1, 1, 0, 1, 0, 1, 0, 1, 0, 1, 0, 1, 1, 1, 0, 0, 1, 1, 0, 0, 1, 1, 1, 0, 0, 0, 1, 0, 1, 1, 1, 1, 1, 1, 0, 0, 1, 0, 0, 1, 1, 0, 1, 0, 0, 1, 0, 0, 1, 1, 1, 0, 1, 1, 1, 1, 1, 1, 0, 1, 1, 1, 0, 1, 0, 1, 1, 0, 0, 0, 1, 0, 0, 0, 0, 0, 0, 0, 1, 1, 1, 1, 1, 1, 0, 1, 1, 1, 1, 1, 0, 0, 1, 1, 1, 0, 0, 0, 1, 1, 1, 1, 1, 0, 1, 0, 1, 1, 1, 1, 1, 1, 1, 0, 1, 0, 1, 1, 0, 0, 1, 1, 1, 1, 0, 0, 0, 1, 0, 0, 0, 1, 1, 1, 1, 1, 1, 0, 1, 0, 0, 1, 0, 1, 1, 1, 0, 0, 1, 1, 1, 0, 1, 0, 1, 0, 0, 0, 1, 1, 1, 1, 0, 1, 0, 1, 1, 1, 1, 0, 1, 0, 1, 1, 0, 0, 1, 1, 1, 1, 1, 1, 0, 1, 0, 1, 0, 1, 1, 1, 0, 1, 0, 0, 1, 1, 1, 1, 1, 1, 1, 1, 1, 0, 1, 0, 0, 1, 1, 1, 0, 0, 0, 0, 1, 0, 1, 1, 1, 1, 0, 0, 0, 1, 1, 1, 0, 1, 1, 0, 1, 0, 1, 0, 0, 1, 0, 0, 1, 1, 1, 0, 0, 1, 0, 0, 0, 1, 0, 1, 1, 0, 1, 1, 1, 1, 0, 1, 1, 0, 0, 1, 0, 1, 1, 1, 1, 1, 0, 0, 1, 1, 0, 0, 1, 1, 1, 1, 1, 1, 1, 1, 0, 0, 1, 0, 1, 1, 1, 0, 1, 1, 0, 0, 1, 0, 0, 1, 0, 0, 1, 0, 1, 0, 1, 0, 0, 1, 1, 0, 1, 0, 0, 0, 1, 0, 0, 1, 1, 1, 0, 0, 1, 0, 1, 0, 1, 0, 1, 1, 1, 1, 0, 1, 1, 1, 0, 0, 1, 1, 1, 1, 1, 0, 0, 0, 1, 1, 1, 0, 1]

################################################################
################################################################
################### process_jail_download_list: ######################

[7, 10, 7, 9, 6, 10, 7, 10, 9, 7, 7, 6, 7, 6, 8, 8, 8, 7, 7, 9, 9, 7, 7, 6, 7, 7, 6, 6, 7, 7, 6, 7, 7, 8, 7, 7, 6, 7, 6, 7, 6, 6, 7, 6, 6, 7, 7, 7, 6, 7, 6, 7, 6, 7, 6, 7, 7, 6, 6, 6, 7, 7, 6, 6, 6, 6, 6, 6, 6, 7, 7, 7, 7, 6, 6, 7, 6, 7, 6, 7, 7, 6, 6, 6, 7, 6, 7, 7, 7, 6, 7, 6, 7, 6, 7, 7, 7, 6, 6, 6, 7, 7, 7, 6, 7, 6, 6, 6, 6, 6, 7, 6, 6, 6, 6, 7, 7, 6, 6, 6, 6, 7, 7, 7, 6, 7, 7, 6, 7, 7, 6, 7, 7, 6, 6, 7, 7, 6, 7, 7, 6, 7, 7, 7, 7, 6, 6, 7, 6, 6, 6, 6, 6, 6, 7, 6, 6, 6, 6, 7, 7, 6, 7, 7, 7, 6, 6, 6, 7, 6, 6, 7, 6, 6, 7, 7, 7, 7, 6, 7, 7, 6, 7, 6, 6, 6, 7, 7, 7, 7, 7, 6, 6, 6, 7, 7, 7, 6, 7, 7, 6, 7, 6, 6, 7, 6, 6, 7, 7, 7, 7, 6, 7, 7, 6, 7, 6, 6, 7, 6, 6, 6, 7, 7, 6, 7, 7, 6, 6, 6, 7, 7, 7, 7, 7, 6, 6, 6, 7, 6, 7, 6, 6, 7, 7, 7, 7, 6, 6, 7, 6, 6, 7, 7, 6, 7, 7, 6, 6, 6, 7, 7, 6, 7, 7, 6, 6, 6, 7, 6, 6, 7, 6, 7, 6, 6, 6, 6, 7, 6, 6, 6, 6, 7, 6, 7, 7, 6, 6, 6, 7, 7, 7, 7, 6, 7, 6, 6, 6, 7, 7, 6, 7, 7, 7, 6, 7, 6, 6, 7, 7, 6, 7, 6, 7, 7, 6, 7, 6, 6, 7, 6, 7, 7, 7, 7, 6, 6, 6, 6, 6, 7, 7, 6, 6, 7, 6, 6, 6, 7, 6, 7, 7, 7, 7, 7, 7, 6, 7, 7, 7, 6, 7, 7, 6, 6, 7, 6, 6, 6, 6, 6, 6, 6, 6, 7, 6, 6, 7, 6, 7, 7, 7, 7, 7, 6, 7, 7, 7, 7, 6, 6, 6, 6, 6, 6, 7, 6, 7, 7, 6, 6, 7, 6, 6, 7, 6, 7, 7, 6, 6, 6, 7, 6, 7, 7, 6, 7, 6, 6, 6, 6, 7, 7, 7, 7, 7, 7, 7, 6, 7, 6, 7, 6, 7, 6, 7, 6, 7, 6, 7, 7, 7, 6, 6, 7, 6, 6, 6, 7, 7, 7, 6, 6, 6, 7, 6, 6, 7, 7, 7, 7, 7, 6, 6, 7, 6, 6, 6, 7, 6, 7, 6, 6, 7, 6, 6, 7, 6, 7, 6, 7, 7, 7, 7, 7, 7, 6, 7, 6, 7, 6, 7, 6, 7, 7, 6, 6, 6, 7, 6, 6, 6, 6, 6, 6, 6, 7, 7, 6, 6, 7, 7, 6, 7, 7, 7, 7, 7, 6, 6, 7, 7, 7, 6, 6, 6, 7, 7, 7, 7, 7, 6, 7, 6, 7, 6, 7, 7, 6, 7, 6, 6, 7, 6, 6, 7, 6, 6, 7, 7, 7, 7, 6, 6, 6, 6, 6, 6, 6, 6, 6, 7, 7, 7, 7, 6, 6, 6, 6, 7, 6, 7, 7, 7, 6, 6, 6, 7, 7, 6, 7, 6, 6, 6, 6, 6, 7, 7, 7, 7, 6, 7, 6, 7, 7, 6, 7, 6, 7, 6, 6, 6, 6, 6, 7, 7, 7, 7, 6, 7, 6, 6, 6, 7, 6, 6, 7, 7, 6, 6, 6, 6, 7, 6, 6, 7, 7, 7, 7, 7, 7, 6, 6, 6, 6, 7, 7, 7, 6, 6, 6, 6, 7, 6, 7, 6, 7, 6, 6, 6, 6, 7, 6, 7, 6, 6, 7, 6, 7, 6, 7, 6, 6, 6, 6, 6, 7, 7, 7, 6, 6, 6, 6, 6, 6, 7, 6, 7, 7, 6, 7, 6, 6, 7, 6, 7, 6, 6, 6, 7, 6, 7, 7, 7, 7, 7, 6, 6, 7, 7, 6, 6, 7, 7, 7, 7, 7, 6, 7, 7, 6, 6, 7, 6, 7, 7, 6, 6, 7, 7, 6, 6, 6, 6, 6, 7, 6, 6, 7, 6, 7, 6, 7, 6, 6, 7, 7, 6, 6, 6, 6, 7, 7, 6, 6, 7, 7, 7, 6, 6, 7, 6, 7, 6, 7, 6, 7, 7, 7, 7, 6, 7, 7, 7, 6, 6, 6, 7, 7, 7, 7, 6, 6, 6, 7, 7, 6, 6, 7]

################################################################
################################################################
################### process_jail_list: ######################

[6, 7, 6, 6, 6, 6, 6, 6, 6, 6, 6, 6, 6, 6, 6, 6, 6, 6, 6, 6, 6, 6, 6, 6, 6, 6, 6, 6, 6, 7, 6, 6, 5, 6, 6, 6, 6, 6, 6, 6, 6, 6, 6, 5, 6, 6, 6, 6, 6, 6, 5, 6, 5, 6, 6, 6, 6, 6, 6, 6, 6, 6, 5, 6, 6, 5, 6, 6, 5, 6, 6, 6, 6, 6, 6, 6, 6, 6, 6, 6, 6, 6, 6, 6, 6, 6, 6, 6, 6, 6, 6, 6, 6, 6, 6, 6, 6, 6, 6, 6, 6, 6, 6, 6, 6, 6, 5, 6, 6, 5, 6, 6, 6, 6, 6, 6, 6, 6, 5, 6, 6, 6, 6, 6, 6, 6, 6, 6, 6, 6, 6, 6, 6, 6, 6, 6, 6, 5, 6, 6, 6, 6, 6, 6, 6, 6, 5, 6, 6, 6, 5, 6, 6, 6, 6, 6, 6, 6, 6, 6, 6, 6, 6, 6, 6, 5, 5, 5, 6, 6, 6, 6, 6, 6, 6, 6, 6, 6, 5, 6, 6, 6, 6, 6, 6, 6, 6, 6, 6, 6, 6, 6, 5, 6, 6, 6, 6, 6, 6, 6, 6, 7, 6, 6, 6, 6, 6, 6, 6, 6, 6, 5, 6, 6, 6, 6, 6, 6, 6, 5, 6, 6, 6, 6, 5, 6, 6, 6, 6, 6, 6, 6, 6, 6, 6, 6, 5, 6, 6, 6, 6, 6, 5, 6, 6, 6, 6, 5, 6, 6, 6, 6, 6, 6, 6, 6, 6, 6, 6, 6, 6, 6, 6, 6, 6, 5, 6, 6, 6, 5, 6, 6, 6, 6, 5, 6, 5, 6, 6, 6, 6, 5, 6, 6, 5, 6, 6, 6, 6, 6, 6, 6, 6, 6, 5, 6, 6, 5, 6, 6, 6, 6, 6, 6, 6, 6, 6, 6, 6, 6, 6, 5, 6, 6, 6, 6, 6, 6, 6, 6, 6, 6, 6, 6, 6, 6, 5, 6, 6, 6, 6, 6, 6, 6, 6, 6, 6, 6, 6, 6, 5, 6, 6, 6, 6, 6, 6, 6, 6, 6, 6, 6, 6, 6, 6, 6, 6, 5, 6, 6, 6, 6, 6, 5, 6, 6, 6, 5, 6, 6, 6, 6, 6, 6, 6, 6, 6, 6, 6, 6, 6, 6, 6, 6, 6, 6, 6, 6, 6, 6, 5, 6, 6, 6, 5, 6, 6, 6, 6, 5, 6, 6, 6, 6, 6, 6, 6, 6, 6, 6, 6, 6, 6, 6, 6, 6, 6, 6, 6, 5, 6, 6, 6, 6, 6, 6, 6, 6, 6, 6, 6, 6, 6, 6, 6, 6, 5, 6, 6, 6, 6, 6, 6, 6, 6, 6, 6, 5, 6, 6, 6, 6, 6, 6, 6, 6, 6, 6, 5, 6, 6, 6, 6, 6, 6, 6, 6, 6, 5, 6, 6, 6, 6, 6, 6, 6, 6, 6, 6, 5, 6, 6, 6, 6, 6, 6, 6, 6, 6, 6, 6, 6, 6, 6, 6, 6, 6, 6, 6, 5, 5, 6, 6, 6, 6, 6, 6, 6, 6, 6, 6, 6, 6, 6, 6, 6, 6, 6, 6, 6, 6, 6, 6, 6, 6, 6, 5, 6, 6, 5, 6, 5, 6, 6, 6, 5, 6, 6, 6, 6, 6, 6, 6, 6, 6, 6, 5, 6, 6, 6, 5, 5, 6, 6, 6, 6, 6, 5, 6, 6, 6, 6, 6, 6, 6, 6, 6, 5, 6, 6, 6, 6, 6, 5, 6, 6, 6, 6, 6, 6, 6, 6, 6, 6, 6, 6, 5, 6, 6, 6, 6, 5, 5, 6, 6, 6, 6, 6, 6, 5, 6, 6, 5, 6, 6, 6, 5, 6, 6, 6, 5, 6, 6, 6, 5, 5, 6, 6, 6, 6, 6, 6, 6, 5, 6, 6, 6, 6, 6, 6, 6, 6, 6, 6, 6, 6, 5, 6, 5, 6, 6, 6, 6, 5, 6, 6, 5, 6, 6, 6, 6, 6, 6, 6, 5, 6, 6, 6, 6, 6, 6, 6, 5, 6, 6, 6, 6, 6, 6, 6, 6, 6, 5, 5, 6, 6, 6, 5, 6, 6, 6, 6, 6, 6, 6, 6, 6, 6, 6, 6, 6, 6, 6, 6, 6, 6, 6, 6, 5, 6, 6, 6, 6, 6, 6, 6, 6, 5, 6, 6, 6, 6, 6, 5, 6, 6, 6, 6, 6, 6, 6, 6, 6, 6, 6, 6, 6, 6, 6, 5, 6, 6, 7, 6, 6, 6, 6, 6, 6, 6, 6, 6, 6, 6, 6, 6, 6, 6, 6, 6, 6, 6, 6, 6, 6, 6, 6, 5, 6, 6, 6, 6, 6, 6, 6, 6, 6, 5, 6, 6]

################################################################
