Numero total de amostras 770

Tempo total de processamento: 0:40:29

############## TEMPOS DE PROCESSAMENTO DO EXERCICIO NO JAIL  ####################
Soma 4431 segundos
Media 5.754545454545455 segundos
Desvio padr達o 0.43035637740162275 segundos
Minimo 5 segundos
Maximo 6 segundos

95% 5.0 segundos
99% 5.0 segundos

############## TEMPOS DE PROCESSAMENTO DO EXERCICIO NO JAIL COM DOWNLOAD  ################
Soma 4853 segundos
Media 6.302597402597403 segundos
Desvio padr達o 0.45938242732902623 segundos
Minimo 6 segundos
Maximo 7 segundos

95% 6.0 segundos
99% 6.0 segundos

################### TEMPOS DE DOWNLOAD DO EXERCICIO NO JAIL #######################
Soma 422 segundos
Media 0.548051948051948 segundos
Desvio padr達o 0.49768565409142834 segundos
Minimo 0 segundos
Maximo 1 segundos

95% 0.0 segundos
99% 0.0 segundos

############################ TEMPOS DE ESPERA NA FILA ############################
Soma 690813
Media 897.1597402597403 segundos
Desvio padr達o 512.0933297545998 segundos
Minimo 7 segundos
Maximo 1772 segundos

95% 22.527499999999996 segundos
99% 24.065499999999997 segundos

################### queue_wait_time_list: ######################

[21, 31, 21, 1073, 1082, 8, 31, 7, 62, 12, 11, 17, 16, 26, 40, 26, 35, 48, 39, 43, 57, 49, 53, 79, 57, 65, 73, 65, 69, 84, 79, 88, 120, 87, 94, 98, 107, 98, 102, 114, 106, 110, 131, 115, 125, 125, 135, 140, 1090, 36, 44, 53, 61, 70, 148, 157, 153, 163, 152, 185, 157, 168, 176, 166, 170, 179, 195, 179, 203, 189, 199, 223, 199, 208, 214, 208, 219, 222, 217, 231, 227, 240, 237, 247, 237, 251, 247, 261, 250, 255, 265, 264, 270, 275, 279, 274, 1096, 1105, 279, 1114, 1159, 1162, 285, 284, 1191, 289, 288, 295, 294, 74, 82, 331, 345, 316, 298, 316, 297, 1127, 1131, 335, 302, 334, 302, 321, 321, 348, 308, 307, 350, 1140, 1149, 325, 312, 310, 341, 327, 341, 355, 330, 1172, 355, 1176, 345, 1185, 360, 358, 93, 1200, 1208, 102, 111, 120, 368, 373, 364, 381, 367, 376, 386, 391, 396, 387, 400, 391, 404, 410, 400, 415, 419, 420, 425, 424, 429, 433, 438, 438, 453, 442, 448, 467, 447, 457, 462, 457, 473, 476, 466, 487, 481, 478, 495, 492, 500, 491, 130, 134, 139, 144, 524, 525, 499, 1221, 1225, 1235, 505, 504, 530, 529, 1243, 1285, 508, 510, 1293, 1303, 535, 534, 514, 514, 1321, 518, 519, 540, 540, 1254, 1258, 145, 149, 163, 171, 173, 549, 554, 568, 560, 564, 559, 574, 563, 573, 577, 582, 588, 592, 602, 587, 597, 607, 605, 601, 616, 611, 621, 621, 626, 641, 629, 635, 631, 640, 648, 645, 654, 650, 654, 663, 664, 683, 667, 673, 679, 673, 1268, 1275, 683, 717, 1313, 688, 688, 1317, 692, 693, 698, 697, 702, 701, 708, 707, 710, 712, 184, 1330, 189, 195, 204, 214, 725, 726, 740, 730, 735, 746, 735, 749, 754, 745, 760, 759, 768, 764, 774, 777, 769, 782, 787, 778, 792, 783, 797, 800, 806, 795, 815, 800, 811, 821, 830, 825, 821, 831, 834, 839, 839, 844, 849, 853, 845, 853, 1339, 1345, 1353, 858, 1362, 857, 1398, 1402, 862, 1412, 862, 1421, 867, 866, 872, 872, 876, 227, 1370, 231, 241, 256, 261, 885, 879, 890, 894, 890, 898, 903, 898, 907, 908, 912, 916, 916, 921, 925, 925, 930, 935, 940, 944, 939, 948, 953, 948, 957, 962, 957, 962, 966, 971, 974, 975, 980, 985, 985, 989, 997, 993, 1003, 999, 1007, 1007, 1379, 1388, 1433, 1011, 1438, 1447, 1011, 1015, 1016, 1020, 1019, 1024, 1025, 269, 1068, 1069, 1074, 1078, 1078, 1083, 1033, 1037, 1034, 1042, 1047, 1043, 1047, 1051, 1055, 1060, 1060, 1065, 1087, 1086, 1092, 1100, 1095, 1104, 1100, 1109, 1113, 1108, 1117, 1123, 1118, 1123, 1127, 1132, 1137, 1135, 1141, 1145, 1144, 1149, 1154, 1154, 1158, 1162, 1166, 1168, 1173, 1177, 1181, 1180, 1186, 1194, 1190, 1198, 1195, 1203, 1207, 1204, 1211, 1216, 1212, 1218, 1222, 1226, 1232, 1229, 1236, 1240, 1239, 1244, 1249, 1249, 1253, 1257, 1261, 1267, 1264, 1271, 1275, 1272, 1279, 1285, 1281, 1289, 1288, 1295, 1299, 1298, 1303, 1308, 1307, 1312, 1316, 364, 372, 377, 383, 1322, 1327, 1325, 1331, 1335, 1334, 1339, 1343, 1348, 1352, 1348, 1356, 1362, 1357, 1366, 1370, 1366, 1375, 1374, 1380, 1384, 1383, 1390, 1394, 1393, 1396, 1402, 1407, 1411, 1407, 1415, 1419, 1416, 1424, 1429, 1425, 1429, 1434, 1439, 1443, 1443, 1448, 1451, 1538, 1548, 1555, 1453, 1593, 1456, 1457, 1459, 1461, 1465, 1465, 1470, 1471, 1474, 1475, 1479, 1479, 1489, 1534, 395, 404, 411, 414, 428, 1485, 1488, 1492, 1496, 1493, 1497, 1502, 1506, 1511, 1510, 1516, 1520, 1519, 1525, 1529, 1528, 1533, 1537, 1541, 1545, 1543, 1550, 1555, 1552, 1559, 1566, 1561, 1570, 1569, 1574, 1579, 1578, 1584, 1588, 1587, 1591, 1596, 1599, 1605, 1601, 1609, 1611, 1483, 1502, 1506, 1514, 1524, 1564, 1573, 1583, 1614, 433, 1596, 1606, 1641, 1615, 1643, 1619, 1620, 1646, 1647, 1623, 1651, 1661, 1624, 1669, 1628, 1705, 1709, 1629, 1718, 1632, 1633, 1637, 1637, 444, 452, 463, 472, 481, 487, 496, 1655, 1659, 1655, 1664, 1668, 1665, 1673, 1678, 1674, 1681, 1681, 1687, 1692, 1691, 1696, 1700, 1699, 1705, 1709, 1713, 1717, 1714, 1722, 1726, 1723, 1731, 1736, 1731, 1737, 1741, 1745, 1749, 1748, 1754, 1759, 1758, 1763, 1771, 1767, 1772, 544, 1650, 1676, 1686, 1694, 544, 548, 554, 569, 578, 583, 593, 596, 611, 615, 625, 634, 644, 659, 660, 669, 678, 885, 716, 721, 721, 731, 741, 750, 754, 763, 773, 787, 791, 805, 810, 816, 826, 835, 848, 894, 876, 880, 903, 912, 921, 930, 935, 944, 953, 967, 971, 980, 989, 994, 1003, 1030, 1038, 1727, 1768, 1029, 1051, 1055, 1064, 1740, 1744, 1754, 1762]

################################################################
################### jail_ex_download_list: ######################

[0, 0, 1, 0, 1, 1, 0, 1, 0, 0, 1, 0, 1, 1, 0, 0, 0, 1, 1, 1, 1, 0, 0, 1, 0, 0, 1, 1, 1, 0, 1, 0, 0, 1, 0, 1, 0, 1, 1, 1, 1, 1, 0, 0, 1, 1, 1, 0, 1, 0, 1, 1, 0, 0, 1, 1, 0, 0, 1, 0, 0, 0, 1, 1, 1, 1, 0, 1, 1, 1, 1, 1, 1, 1, 0, 1, 1, 1, 1, 1, 0, 1, 0, 0, 0, 1, 0, 0, 1, 0, 1, 1, 1, 0, 1, 1, 0, 1, 1, 0, 0, 0, 0, 0, 0, 1, 1, 0, 0, 0, 1, 0, 1, 0, 1, 0, 1, 0, 0, 1, 1, 1, 0, 0, 0, 1, 0, 0, 1, 1, 0, 1, 1, 1, 0, 1, 0, 0, 0, 0, 0, 0, 1, 1, 1, 1, 0, 1, 1, 0, 1, 0, 1, 0, 0, 0, 0, 1, 1, 0, 0, 1, 1, 0, 1, 0, 1, 1, 0, 0, 1, 1, 1, 1, 1, 1, 0, 0, 1, 1, 1, 1, 0, 1, 1, 0, 1, 0, 1, 0, 1, 1, 0, 1, 0, 1, 0, 1, 0, 0, 0, 0, 1, 0, 1, 1, 1, 1, 1, 0, 0, 0, 1, 0, 1, 1, 1, 1, 0, 1, 1, 0, 0, 1, 1, 1, 1, 0, 0, 1, 1, 1, 0, 0, 1, 0, 1, 1, 1, 1, 1, 0, 0, 0, 0, 1, 1, 1, 0, 1, 1, 1, 1, 1, 1, 1, 1, 1, 1, 0, 1, 1, 0, 1, 1, 1, 1, 0, 1, 1, 1, 0, 1, 0, 0, 1, 1, 1, 1, 1, 1, 0, 0, 1, 1, 0, 0, 1, 1, 0, 0, 1, 0, 1, 0, 1, 1, 1, 1, 0, 0, 0, 0, 1, 0, 0, 0, 0, 1, 0, 1, 0, 0, 1, 1, 1, 0, 1, 1, 0, 1, 1, 1, 1, 0, 0, 1, 0, 0, 0, 1, 1, 0, 1, 1, 0, 1, 0, 0, 0, 1, 1, 0, 1, 1, 1, 0, 0, 1, 0, 1, 1, 0, 1, 0, 0, 1, 1, 0, 0, 0, 1, 0, 1, 0, 1, 1, 1, 0, 1, 0, 1, 1, 1, 0, 0, 1, 1, 0, 0, 1, 0, 1, 0, 1, 0, 1, 0, 0, 0, 1, 1, 0, 0, 0, 1, 1, 1, 0, 0, 0, 1, 1, 0, 0, 0, 1, 0, 1, 0, 1, 0, 1, 1, 0, 1, 1, 0, 1, 1, 0, 0, 1, 1, 0, 0, 0, 1, 1, 1, 1, 0, 1, 0, 0, 1, 0, 0, 1, 1, 1, 1, 1, 1, 1, 0, 0, 1, 1, 0, 0, 1, 0, 1, 1, 1, 1, 0, 0, 1, 1, 1, 0, 0, 1, 1, 1, 0, 0, 0, 1, 0, 1, 1, 1, 1, 1, 0, 0, 1, 0, 1, 1, 1, 1, 1, 0, 0, 0, 1, 1, 0, 0, 0, 1, 0, 1, 1, 1, 1, 0, 0, 1, 1, 1, 0, 0, 1, 1, 1, 0, 1, 0, 0, 0, 0, 0, 1, 1, 0, 0, 1, 1, 0, 1, 0, 0, 0, 1, 1, 1, 0, 0, 1, 1, 0, 0, 1, 1, 0, 0, 0, 1, 1, 1, 0, 1, 0, 1, 1, 0, 1, 1, 0, 0, 0, 1, 0, 1, 0, 0, 1, 0, 1, 1, 0, 1, 0, 0, 1, 1, 0, 1, 1, 1, 0, 1, 0, 1, 1, 0, 1, 1, 1, 1, 1, 1, 1, 0, 0, 0, 1, 1, 0, 0, 0, 0, 1, 1, 1, 0, 0, 1, 1, 1, 0, 0, 1, 1, 1, 0, 0, 0, 0, 0, 0, 1, 1, 0, 1, 0, 0, 0, 0, 0, 1, 0, 0, 1, 0, 1, 1, 1, 0, 0, 1, 0, 0, 0, 1, 0, 0, 1, 0, 0, 0, 1, 1, 1, 1, 0, 1, 1, 0, 1, 0, 0, 0, 1, 1, 0, 1, 0, 0, 1, 0, 1, 0, 1, 1, 1, 1, 1, 0, 0, 0, 0, 1, 1, 0, 0, 0, 1, 0, 1, 1, 0, 0, 0, 1, 0, 1, 1, 1, 1, 0, 0, 0, 1, 1, 1, 1, 1, 1, 1, 0, 1, 1, 1, 1, 0, 1, 1, 0, 1, 1, 1, 1, 1, 1, 1, 1, 0, 1, 0, 0, 1, 1, 1, 1, 0, 1, 1, 0, 1, 1, 0, 1, 1, 1, 0, 1, 0, 0, 0, 0, 1, 0, 1, 1, 0, 1, 0, 1, 0, 0, 0, 0, 0, 0, 1, 1, 1, 0, 0, 1, 1, 1, 0, 0]

################################################################
################################################################
################### process_jail_download_list: ######################

[6, 6, 7, 6, 6, 7, 6, 7, 6, 6, 6, 6, 6, 7, 6, 6, 6, 6, 6, 7, 7, 6, 6, 7, 6, 6, 6, 6, 7, 6, 6, 6, 6, 7, 6, 7, 6, 6, 6, 7, 6, 7, 6, 6, 7, 7, 7, 6, 6, 6, 6, 6, 6, 6, 7, 7, 6, 6, 7, 6, 6, 6, 6, 6, 6, 7, 6, 7, 7, 7, 6, 7, 6, 7, 6, 7, 6, 7, 6, 7, 6, 7, 6, 6, 6, 7, 6, 6, 7, 6, 6, 6, 7, 6, 7, 6, 6, 6, 7, 6, 6, 6, 6, 6, 6, 7, 7, 6, 6, 6, 6, 6, 6, 6, 6, 6, 7, 6, 6, 7, 7, 7, 6, 6, 6, 7, 6, 6, 7, 6, 6, 7, 7, 7, 6, 7, 6, 6, 6, 6, 6, 6, 6, 7, 6, 7, 6, 6, 6, 6, 6, 6, 7, 6, 6, 6, 6, 7, 7, 6, 6, 7, 6, 6, 7, 6, 6, 7, 6, 6, 6, 6, 7, 6, 7, 7, 6, 6, 7, 7, 7, 7, 6, 7, 7, 6, 7, 6, 7, 6, 7, 6, 6, 6, 6, 7, 6, 6, 6, 6, 6, 6, 6, 6, 7, 7, 7, 7, 7, 6, 6, 6, 6, 6, 7, 7, 7, 7, 6, 7, 7, 6, 6, 6, 7, 6, 7, 6, 6, 6, 7, 7, 6, 6, 7, 6, 6, 7, 6, 7, 7, 6, 6, 6, 6, 7, 7, 7, 6, 7, 6, 6, 6, 7, 6, 6, 7, 6, 6, 6, 7, 7, 6, 7, 7, 7, 7, 6, 7, 6, 7, 6, 6, 6, 6, 6, 6, 6, 7, 7, 7, 6, 6, 7, 7, 6, 6, 7, 7, 6, 6, 7, 6, 7, 6, 7, 7, 7, 7, 6, 6, 6, 6, 7, 6, 6, 6, 6, 6, 6, 7, 6, 6, 6, 7, 7, 6, 6, 7, 6, 6, 7, 7, 7, 6, 6, 7, 6, 6, 6, 7, 7, 6, 6, 6, 6, 7, 6, 6, 6, 6, 6, 6, 6, 6, 7, 6, 6, 6, 6, 7, 6, 6, 7, 6, 6, 7, 7, 6, 6, 6, 7, 6, 6, 6, 7, 7, 6, 6, 6, 6, 6, 7, 7, 6, 6, 6, 7, 6, 6, 7, 6, 6, 6, 7, 6, 7, 6, 6, 6, 7, 7, 6, 6, 6, 7, 7, 6, 6, 6, 6, 6, 6, 6, 6, 6, 7, 6, 6, 6, 6, 6, 7, 6, 6, 7, 7, 6, 6, 7, 6, 6, 6, 7, 6, 6, 6, 6, 6, 6, 7, 6, 6, 6, 6, 6, 6, 6, 7, 6, 6, 6, 6, 7, 7, 6, 6, 6, 7, 6, 6, 6, 6, 6, 7, 6, 7, 6, 6, 6, 7, 7, 6, 6, 6, 6, 7, 6, 6, 6, 6, 6, 6, 6, 6, 7, 7, 6, 6, 7, 6, 7, 6, 6, 6, 7, 6, 6, 6, 6, 7, 6, 6, 6, 6, 6, 7, 6, 6, 7, 6, 6, 6, 7, 7, 6, 6, 6, 7, 6, 6, 7, 6, 6, 6, 6, 6, 7, 7, 6, 6, 6, 6, 6, 7, 6, 6, 6, 6, 6, 7, 6, 6, 7, 7, 6, 6, 6, 7, 6, 6, 6, 7, 6, 6, 6, 7, 6, 6, 7, 6, 6, 7, 6, 6, 6, 7, 6, 7, 6, 6, 6, 6, 7, 6, 6, 7, 6, 6, 7, 6, 6, 7, 6, 6, 6, 7, 6, 7, 7, 6, 6, 6, 7, 6, 6, 6, 7, 6, 6, 6, 7, 7, 6, 6, 6, 6, 6, 6, 7, 6, 6, 6, 6, 7, 6, 6, 6, 6, 7, 6, 6, 6, 6, 6, 6, 6, 7, 6, 7, 6, 6, 6, 6, 6, 6, 6, 6, 7, 6, 7, 6, 6, 6, 6, 7, 6, 6, 6, 6, 6, 6, 6, 6, 6, 6, 6, 6, 7, 6, 6, 7, 6, 6, 7, 6, 6, 6, 7, 7, 6, 7, 6, 6, 6, 6, 6, 6, 6, 6, 6, 6, 7, 6, 6, 6, 6, 6, 7, 6, 6, 6, 6, 6, 6, 7, 6, 6, 6, 7, 6, 6, 6, 7, 7, 6, 6, 6, 6, 7, 6, 7, 6, 7, 6, 6, 6, 6, 7, 7, 6, 7, 7, 6, 7, 6, 7, 7, 7, 7, 6, 6, 6, 6, 6, 6, 6, 6, 7, 7, 6, 7, 6, 6, 6, 7, 6, 7, 7, 7, 6, 6, 6, 6, 6, 6, 6, 6, 6, 6, 6, 6, 6, 6, 6, 6, 6, 6, 6, 6, 6, 6, 6, 6, 6, 6, 6, 6, 6, 6]

################################################################
################################################################
################### process_jail_list: ######################

[6, 6, 6, 6, 5, 6, 6, 6, 6, 6, 5, 6, 5, 6, 6, 6, 6, 5, 5, 6, 6, 6, 6, 6, 6, 6, 5, 5, 6, 6, 5, 6, 6, 6, 6, 6, 6, 5, 5, 6, 5, 6, 6, 6, 6, 6, 6, 6, 5, 6, 5, 5, 6, 6, 6, 6, 6, 6, 6, 6, 6, 6, 5, 5, 5, 6, 6, 6, 6, 6, 5, 6, 5, 6, 6, 6, 5, 6, 5, 6, 6, 6, 6, 6, 6, 6, 6, 6, 6, 6, 5, 5, 6, 6, 6, 5, 6, 5, 6, 6, 6, 6, 6, 6, 6, 6, 6, 6, 6, 6, 5, 6, 5, 6, 5, 6, 6, 6, 6, 6, 6, 6, 6, 6, 6, 6, 6, 6, 6, 5, 6, 6, 6, 6, 6, 6, 6, 6, 6, 6, 6, 6, 5, 6, 5, 6, 6, 5, 5, 6, 5, 6, 6, 6, 6, 6, 6, 6, 6, 6, 6, 6, 5, 6, 6, 6, 5, 6, 6, 6, 5, 5, 6, 5, 6, 6, 6, 6, 6, 6, 6, 6, 6, 6, 6, 6, 6, 6, 6, 6, 6, 5, 6, 5, 6, 6, 6, 5, 6, 6, 6, 6, 5, 6, 6, 6, 6, 6, 6, 6, 6, 6, 5, 6, 6, 6, 6, 6, 6, 6, 6, 6, 6, 5, 6, 5, 6, 6, 6, 5, 6, 6, 6, 6, 6, 6, 5, 6, 5, 6, 6, 6, 6, 6, 6, 6, 6, 6, 6, 6, 5, 5, 5, 6, 5, 5, 6, 5, 5, 6, 6, 6, 6, 6, 6, 6, 6, 6, 6, 5, 6, 6, 5, 6, 6, 5, 5, 5, 6, 6, 6, 6, 6, 6, 6, 6, 6, 6, 6, 6, 6, 6, 6, 6, 6, 6, 6, 6, 6, 6, 6, 6, 6, 6, 6, 6, 6, 6, 5, 6, 6, 6, 6, 5, 6, 6, 6, 5, 6, 6, 5, 6, 6, 6, 6, 6, 6, 6, 6, 6, 6, 6, 6, 5, 5, 6, 6, 6, 6, 6, 5, 5, 6, 5, 5, 6, 6, 6, 5, 6, 6, 5, 6, 6, 6, 6, 6, 6, 6, 6, 6, 6, 6, 5, 6, 6, 6, 5, 6, 5, 6, 5, 6, 6, 6, 6, 5, 6, 6, 6, 6, 6, 5, 6, 6, 6, 6, 6, 6, 6, 6, 6, 6, 6, 6, 6, 6, 5, 6, 6, 6, 5, 5, 6, 6, 6, 6, 6, 5, 6, 5, 6, 6, 5, 6, 6, 6, 6, 5, 6, 6, 6, 5, 6, 6, 6, 6, 5, 5, 5, 6, 6, 5, 6, 6, 5, 6, 6, 6, 5, 5, 5, 5, 6, 6, 6, 6, 5, 6, 6, 6, 5, 6, 5, 6, 5, 6, 6, 6, 5, 6, 6, 6, 6, 5, 5, 6, 6, 6, 6, 5, 6, 5, 5, 5, 6, 6, 6, 6, 6, 6, 6, 5, 5, 5, 6, 6, 6, 6, 5, 6, 6, 6, 6, 5, 6, 6, 5, 5, 6, 6, 6, 5, 6, 6, 6, 6, 5, 6, 5, 6, 6, 6, 6, 6, 6, 6, 6, 6, 6, 6, 5, 5, 6, 6, 6, 6, 6, 5, 5, 6, 6, 6, 6, 6, 6, 6, 5, 6, 6, 6, 6, 6, 5, 5, 6, 6, 6, 5, 6, 6, 5, 6, 6, 6, 6, 6, 6, 6, 6, 6, 5, 6, 6, 5, 6, 6, 6, 6, 6, 5, 6, 6, 5, 5, 6, 6, 6, 6, 6, 6, 5, 5, 6, 5, 5, 5, 6, 6, 6, 6, 6, 6, 6, 6, 6, 6, 5, 5, 6, 6, 6, 5, 5, 6, 6, 6, 5, 5, 6, 6, 6, 6, 6, 6, 6, 5, 6, 6, 6, 6, 6, 6, 6, 6, 5, 6, 6, 6, 6, 6, 5, 5, 6, 6, 6, 6, 6, 6, 5, 6, 6, 5, 6, 6, 6, 5, 5, 6, 5, 6, 6, 5, 6, 6, 6, 6, 6, 6, 6, 6, 6, 6, 6, 5, 6, 5, 6, 5, 5, 5, 5, 6, 6, 6, 6, 6, 5, 6, 6, 6, 6, 5, 6, 5, 6, 6, 6, 6, 6, 6, 5, 5, 6, 6, 6, 6, 6, 5, 6, 5, 6, 5, 6, 5, 6, 5, 5, 6, 6, 6, 6, 6, 6, 6, 5, 6, 6, 6, 6, 5, 5, 6, 5, 6, 6, 5, 5, 6, 6, 6, 6, 5, 6, 5, 6, 6, 6, 6, 6, 6, 5, 6, 6, 6, 6, 5, 6, 5, 5, 6, 5, 6, 5, 6, 6, 6, 6, 6, 6, 5, 5, 5, 6, 6, 5, 5, 5, 6, 6]

################################################################
