Numero total de amostras 770

Tempo total de processamento: 0:27:26

############## TEMPOS DE PROCESSAMENTO DO EXERCICIO NO JAIL  ####################
Soma 4463 segundos
Media 5.796103896103896 segundos
Desvio padrão 0.44574221145829285 segundos
Minimo 5 segundos
Maximo 7 segundos

95% 5.0 segundos
99% 5.0 segundos

############## TEMPOS DE PROCESSAMENTO DO EXERCICIO NO JAIL COM DOWNLOAD  ################
Soma 4913 segundos
Media 6.380519480519481 segundos
Desvio padrão 0.49347402490594483 segundos
Minimo 6 segundos
Maximo 8 segundos

95% 6.0 segundos
99% 6.0 segundos

################### TEMPOS DE DOWNLOAD DO EXERCICIO NO JAIL #######################
Soma 450 segundos
Media 0.5844155844155844 segundos
Desvio padrão 0.49282249249377336 segundos
Minimo 0 segundos
Maximo 1 segundos

95% 0.0 segundos
99% 0.0 segundos

############################ TEMPOS DE ESPERA NA FILA ############################
Soma 377957
Media 490.85324675324676 segundos
Desvio padrão 286.02223239553166 segundos
Minimo 2 segundos
Maximo 986 segundos

95% 6.0 segundos
99% 6.0 segundos

################### queue_wait_time_list: ######################

[11, 4, 27, 27, 15, 6, 3, 2, 15, 6, 546, 2, 6, 7, 4, 567, 584, 18, 6, 29, 2, 3, 607, 9, 6, 910, 22, 8, 9, 21, 33, 33, 35, 929, 947, 23, 547, 40, 40, 42, 44, 50, 46, 48, 56, 50, 56, 60, 50, 63, 56, 65, 60, 65, 69, 71, 68, 71, 76, 68, 82, 70, 83, 77, 87, 86, 90, 89, 90, 96, 93, 99, 90, 100, 96, 105, 104, 108, 108, 111, 115, 108, 115, 115, 554, 45, 48, 51, 61, 65, 68, 68, 119, 123, 124, 126, 128, 121, 133, 127, 128, 137, 133, 137, 137, 140, 146, 144, 144, 151, 147, 148, 154, 150, 155, 155, 159, 166, 162, 163, 170, 165, 166, 172, 171, 178, 173, 177, 186, 182, 182, 185, 563, 572, 581, 594, 186, 602, 189, 606, 917, 189, 929, 191, 937, 193, 194, 193, 947, 955, 966, 979, 566, 591, 77, 82, 86, 87, 91, 98, 196, 201, 206, 196, 206, 212, 209, 205, 208, 213, 212, 217, 216, 221, 216, 222, 232, 228, 221, 226, 230, 236, 234, 241, 247, 234, 246, 238, 243, 251, 250, 256, 253, 251, 259, 262, 262, 259, 266, 267, 611, 614, 270, 269, 921, 939, 954, 962, 970, 978, 104, 111, 285, 286, 618, 285, 270, 654, 274, 290, 274, 289, 274, 278, 277, 277, 281, 282, 282, 112, 119, 119, 124, 121, 133, 141, 299, 294, 305, 293, 309, 293, 310, 300, 300, 304, 313, 308, 321, 315, 327, 311, 325, 315, 321, 322, 332, 340, 348, 328, 332, 332, 335, 336, 339, 343, 353, 351, 343, 346, 347, 348, 357, 357, 362, 353, 140, 619, 633, 639, 652, 361, 658, 361, 659, 670, 682, 365, 363, 364, 369, 369, 369, 373, 145, 626, 151, 159, 159, 163, 170, 171, 177, 372, 376, 381, 380, 376, 381, 388, 387, 380, 386, 387, 401, 394, 412, 397, 394, 419, 398, 412, 404, 401, 405, 406, 412, 406, 418, 419, 422, 418, 425, 426, 418, 438, 421, 438, 426, 444, 438, 445, 462, 632, 640, 464, 435, 679, 463, 682, 441, 467, 443, 443, 467, 448, 468, 450, 472, 450, 472, 455, 456, 457, 183, 688, 213, 195, 201, 203, 209, 216, 472, 473, 479, 480, 474, 476, 487, 481, 482, 493, 487, 498, 494, 493, 499, 493, 497, 504, 504, 505, 509, 504, 512, 499, 510, 510, 504, 508, 516, 514, 516, 521, 526, 534, 527, 528, 537, 534, 539, 529, 535, 218, 536, 226, 230, 239, 240, 242, 542, 559, 541, 531, 552, 542, 548, 554, 561, 560, 562, 569, 561, 567, 566, 566, 576, 571, 571, 583, 578, 578, 580, 585, 598, 586, 591, 591, 593, 594, 601, 599, 602, 608, 600, 611, 607, 606, 693, 609, 609, 613, 698, 701, 705, 711, 722, 733, 746, 245, 254, 258, 261, 266, 614, 620, 626, 624, 641, 629, 628, 630, 633, 636, 639, 639, 643, 646, 640, 643, 642, 646, 649, 652, 658, 657, 654, 664, 665, 659, 675, 667, 663, 668, 674, 674, 678, 689, 694, 677, 682, 686, 694, 686, 684, 688, 303, 288, 293, 298, 293, 314, 312, 703, 698, 697, 702, 721, 706, 711, 712, 710, 710, 711, 715, 716, 721, 718, 735, 723, 726, 729, 732, 733, 729, 737, 734, 740, 734, 736, 740, 737, 748, 742, 746, 741, 761, 753, 755, 759, 766, 766, 706, 716, 722, 736, 740, 734, 753, 759, 778, 791, 774, 775, 806, 777, 769, 770, 782, 795, 797, 798, 770, 774, 793, 787, 779, 790, 782, 782, 785, 786, 803, 791, 813, 805, 796, 798, 802, 803, 806, 810, 811, 811, 320, 765, 812, 811, 817, 817, 817, 821, 322, 328, 336, 340, 342, 349, 816, 820, 818, 824, 821, 831, 825, 835, 836, 833, 839, 833, 838, 844, 836, 842, 850, 847, 856, 858, 853, 855, 858, 858, 859, 859, 862, 874, 869, 863, 880, 874, 879, 874, 887, 888, 879, 891, 885, 891, 887, 818, 818, 823, 827, 894, 895, 353, 827, 894, 897, 897, 897, 902, 902, 902, 907, 905, 358, 373, 377, 380, 380, 909, 913, 912, 921, 917, 911, 917, 922, 925, 926, 932, 933, 925, 939, 928, 936, 933, 936, 939, 944, 944, 951, 951, 943, 954, 946, 958, 951, 958, 963, 974, 958, 962, 965, 971, 982, 966, 969, 973, 973, 977, 838, 854, 860, 862, 867, 885, 892, 981, 386, 398, 844, 850, 868, 909, 980, 985, 985, 986, 387, 394, 406, 405, 412, 418, 424, 432, 433, 433, 536, 468, 884, 474, 479, 475, 483, 488, 497, 498, 510, 499, 504, 509, 522, 523, 532, 537, 530, 905]

################################################################
################### jail_ex_download_list: ######################

[1, 0, 1, 1, 1, 1, 1, 1, 1, 0, 1, 1, 1, 1, 1, 1, 1, 0, 1, 1, 1, 1, 0, 1, 0, 1, 0, 0, 1, 1, 1, 1, 1, 0, 0, 0, 1, 0, 0, 0, 0, 0, 1, 1, 1, 0, 1, 1, 0, 1, 1, 0, 1, 0, 0, 0, 0, 1, 1, 1, 0, 1, 0, 0, 0, 1, 0, 1, 1, 0, 1, 0, 1, 0, 1, 0, 1, 0, 1, 1, 0, 0, 1, 1, 1, 1, 1, 1, 0, 1, 1, 1, 1, 1, 0, 1, 1, 0, 1, 1, 0, 1, 0, 0, 1, 0, 1, 1, 0, 1, 0, 0, 1, 1, 0, 0, 0, 1, 1, 1, 1, 1, 0, 0, 0, 1, 1, 1, 1, 0, 0, 1, 1, 1, 0, 1, 1, 0, 1, 1, 1, 1, 1, 0, 0, 0, 0, 1, 1, 0, 1, 0, 1, 0, 1, 1, 0, 1, 1, 1, 1, 1, 1, 0, 1, 1, 1, 0, 0, 0, 0, 0, 0, 0, 1, 1, 1, 0, 1, 1, 1, 1, 1, 0, 1, 0, 1, 0, 0, 1, 0, 0, 1, 0, 0, 1, 1, 1, 1, 0, 1, 1, 1, 1, 1, 0, 0, 1, 0, 0, 0, 1, 1, 1, 1, 1, 0, 1, 0, 1, 0, 1, 1, 1, 1, 1, 0, 0, 0, 0, 0, 1, 0, 1, 0, 0, 1, 1, 1, 1, 1, 1, 0, 0, 0, 1, 0, 1, 0, 1, 1, 0, 0, 1, 0, 0, 1, 1, 0, 0, 0, 0, 1, 0, 1, 1, 1, 0, 0, 1, 0, 1, 1, 1, 0, 0, 0, 1, 1, 0, 0, 1, 1, 0, 0, 1, 1, 0, 1, 0, 0, 0, 1, 1, 0, 1, 1, 0, 0, 1, 0, 0, 1, 1, 0, 1, 0, 1, 0, 1, 0, 0, 1, 1, 0, 0, 0, 1, 1, 0, 0, 1, 0, 1, 1, 1, 1, 1, 1, 1, 0, 1, 1, 1, 1, 1, 0, 1, 1, 0, 1, 1, 0, 0, 0, 0, 1, 1, 1, 1, 0, 0, 0, 0, 1, 1, 1, 0, 0, 1, 0, 0, 1, 1, 1, 0, 0, 1, 1, 0, 1, 1, 1, 1, 0, 0, 1, 1, 1, 0, 1, 0, 1, 0, 0, 0, 1, 0, 1, 1, 0, 0, 1, 0, 1, 1, 0, 1, 0, 1, 1, 1, 0, 0, 1, 0, 1, 1, 0, 1, 0, 1, 0, 0, 0, 0, 1, 0, 0, 0, 1, 0, 0, 1, 1, 1, 1, 0, 1, 1, 1, 0, 0, 0, 1, 0, 1, 1, 1, 0, 0, 1, 0, 1, 1, 1, 0, 1, 0, 1, 1, 1, 0, 0, 0, 0, 1, 0, 1, 0, 0, 1, 0, 1, 1, 1, 0, 1, 1, 1, 1, 0, 1, 0, 1, 1, 1, 0, 0, 1, 0, 1, 1, 1, 0, 1, 1, 1, 0, 1, 1, 1, 0, 0, 0, 1, 0, 1, 0, 1, 0, 0, 1, 1, 0, 0, 1, 0, 1, 0, 1, 1, 1, 1, 0, 1, 1, 1, 0, 1, 1, 1, 0, 0, 1, 0, 1, 0, 1, 0, 1, 0, 1, 0, 1, 1, 1, 0, 1, 1, 1, 0, 0, 1, 0, 1, 0, 1, 0, 0, 0, 1, 1, 1, 1, 0, 1, 0, 0, 1, 1, 0, 1, 1, 1, 0, 1, 0, 0, 1, 0, 1, 1, 1, 1, 1, 1, 1, 0, 0, 1, 0, 1, 1, 1, 1, 0, 1, 1, 1, 1, 1, 0, 1, 1, 1, 0, 1, 0, 0, 1, 0, 0, 0, 1, 0, 1, 1, 0, 1, 1, 0, 0, 1, 0, 0, 1, 1, 0, 1, 1, 0, 1, 0, 0, 1, 1, 1, 1, 1, 1, 0, 1, 0, 1, 1, 0, 1, 1, 1, 1, 1, 1, 0, 1, 0, 0, 1, 1, 0, 1, 0, 0, 1, 1, 1, 0, 1, 1, 0, 1, 0, 1, 1, 0, 0, 1, 0, 1, 0, 0, 0, 0, 1, 0, 1, 1, 1, 0, 1, 1, 0, 0, 1, 1, 0, 1, 0, 0, 1, 0, 1, 1, 1, 1, 1, 1, 0, 0, 0, 0, 0, 1, 1, 1, 1, 1, 1, 0, 1, 1, 1, 1, 1, 1, 0, 1, 1, 1, 1, 0, 0, 1, 0, 1, 1, 1, 1, 0, 1, 0, 1, 0, 1, 1, 1, 1, 1, 0, 0, 1, 0, 1, 1, 1, 1, 0, 1, 1, 1, 1, 0, 0, 1, 0, 1, 0, 1, 0, 1, 1, 0, 0, 1, 1, 0, 1, 1, 1, 1]

################################################################
################################################################
################### process_jail_download_list: ######################

[7, 6, 6, 6, 6, 6, 7, 7, 7, 6, 6, 7, 6, 6, 6, 7, 7, 6, 6, 6, 7, 7, 6, 6, 6, 7, 6, 6, 6, 7, 7, 7, 7, 6, 6, 6, 7, 6, 6, 6, 6, 6, 6, 7, 6, 6, 7, 6, 6, 6, 6, 6, 7, 6, 6, 6, 6, 6, 6, 6, 6, 7, 6, 6, 6, 6, 6, 7, 6, 6, 7, 6, 6, 6, 7, 6, 6, 6, 6, 7, 6, 6, 6, 6, 7, 6, 7, 6, 6, 7, 6, 6, 6, 6, 6, 7, 6, 6, 6, 6, 6, 7, 6, 6, 7, 6, 6, 6, 6, 6, 6, 6, 7, 7, 6, 6, 6, 7, 6, 6, 7, 6, 6, 6, 6, 7, 6, 7, 6, 6, 6, 6, 6, 6, 6, 7, 7, 6, 7, 7, 7, 7, 6, 6, 6, 6, 6, 6, 6, 6, 7, 6, 6, 6, 7, 6, 6, 6, 6, 6, 7, 6, 6, 6, 6, 7, 6, 6, 6, 6, 6, 6, 6, 6, 6, 7, 6, 6, 6, 6, 6, 7, 7, 6, 6, 6, 7, 6, 6, 6, 6, 6, 7, 6, 6, 7, 6, 6, 7, 6, 7, 6, 7, 7, 6, 6, 6, 6, 6, 6, 6, 6, 7, 7, 7, 6, 6, 6, 6, 6, 6, 6, 6, 7, 7, 7, 6, 6, 6, 6, 6, 7, 6, 7, 6, 6, 7, 7, 7, 7, 7, 7, 6, 6, 6, 7, 6, 7, 6, 6, 6, 6, 6, 7, 6, 6, 7, 6, 6, 6, 6, 6, 7, 6, 6, 7, 7, 6, 6, 6, 6, 7, 7, 7, 6, 6, 6, 7, 7, 6, 6, 6, 7, 6, 6, 7, 7, 6, 7, 6, 6, 6, 6, 7, 6, 7, 7, 6, 6, 7, 6, 6, 7, 7, 6, 7, 6, 6, 6, 6, 6, 6, 6, 7, 6, 6, 6, 7, 7, 7, 6, 7, 6, 6, 7, 7, 7, 7, 7, 7, 6, 7, 7, 7, 7, 7, 6, 7, 7, 7, 7, 8, 7, 6, 6, 6, 8, 6, 7, 7, 7, 7, 7, 7, 7, 7, 7, 6, 6, 7, 6, 7, 8, 7, 6, 6, 6, 7, 7, 6, 7, 6, 7, 7, 6, 6, 7, 7, 6, 6, 6, 6, 7, 6, 6, 6, 6, 6, 7, 7, 6, 6, 6, 6, 7, 7, 6, 6, 6, 6, 7, 7, 6, 6, 6, 6, 7, 6, 6, 7, 6, 7, 6, 6, 6, 6, 7, 6, 6, 6, 6, 6, 6, 6, 7, 7, 6, 6, 6, 6, 7, 6, 6, 6, 7, 6, 7, 6, 7, 6, 6, 7, 6, 7, 6, 6, 6, 6, 6, 6, 7, 7, 6, 6, 6, 6, 6, 6, 7, 6, 6, 6, 6, 7, 7, 7, 6, 7, 7, 7, 7, 6, 7, 6, 6, 7, 7, 6, 6, 6, 6, 6, 7, 7, 6, 6, 7, 7, 6, 7, 7, 7, 6, 6, 6, 7, 6, 7, 6, 7, 6, 7, 7, 6, 6, 6, 6, 6, 7, 6, 7, 6, 6, 6, 6, 7, 7, 7, 6, 6, 7, 7, 6, 6, 7, 6, 7, 6, 7, 6, 6, 6, 7, 6, 7, 7, 6, 6, 6, 7, 7, 6, 6, 7, 6, 7, 6, 7, 7, 6, 6, 6, 7, 6, 7, 6, 6, 6, 6, 6, 6, 6, 7, 7, 7, 6, 7, 7, 6, 6, 6, 7, 7, 7, 7, 7, 7, 7, 6, 6, 7, 6, 7, 6, 6, 7, 6, 7, 7, 7, 7, 7, 6, 7, 7, 7, 6, 7, 6, 6, 7, 6, 6, 6, 7, 6, 7, 7, 6, 7, 7, 6, 6, 7, 6, 6, 6, 6, 6, 6, 7, 6, 7, 6, 6, 7, 6, 7, 6, 7, 7, 6, 6, 6, 7, 6, 6, 6, 6, 7, 7, 7, 6, 6, 7, 6, 6, 7, 7, 6, 6, 6, 6, 6, 7, 7, 6, 7, 6, 6, 7, 6, 6, 6, 6, 6, 6, 6, 7, 6, 6, 6, 6, 6, 6, 6, 6, 6, 6, 7, 7, 6, 6, 6, 6, 6, 7, 6, 6, 7, 6, 7, 6, 6, 7, 7, 6, 6, 6, 6, 6, 6, 7, 6, 6, 6, 7, 7, 6, 7, 6, 7, 7, 6, 7, 6, 6, 6, 7, 7, 6, 6, 7, 6, 6, 7, 7, 7, 6, 7, 6, 7, 6, 7, 7, 6, 7, 6, 6, 6, 7, 6, 7, 7, 7, 7, 6, 7, 7, 7, 6, 6, 6, 7, 6, 7, 6, 7, 6, 7, 7, 6, 6, 7, 6, 6, 7, 6, 7, 6]

################################################################
################################################################
################### process_jail_list: ######################

[6, 6, 5, 5, 5, 5, 6, 6, 6, 6, 5, 6, 5, 5, 5, 6, 6, 6, 5, 5, 6, 6, 6, 5, 6, 6, 6, 6, 5, 6, 6, 6, 6, 6, 6, 6, 6, 6, 6, 6, 6, 6, 5, 6, 5, 6, 6, 5, 6, 5, 5, 6, 6, 6, 6, 6, 6, 5, 5, 5, 6, 6, 6, 6, 6, 5, 6, 6, 5, 6, 6, 6, 5, 6, 6, 6, 5, 6, 5, 6, 6, 6, 5, 5, 6, 5, 6, 5, 6, 6, 5, 5, 5, 5, 6, 6, 5, 6, 5, 5, 6, 6, 6, 6, 6, 6, 5, 5, 6, 5, 6, 6, 6, 6, 6, 6, 6, 6, 5, 5, 6, 5, 6, 6, 6, 6, 5, 6, 5, 6, 6, 5, 5, 5, 6, 6, 6, 6, 6, 6, 6, 6, 5, 6, 6, 6, 6, 5, 5, 6, 6, 6, 5, 6, 6, 5, 6, 5, 5, 5, 6, 5, 5, 6, 5, 6, 5, 6, 6, 6, 6, 6, 6, 6, 5, 6, 5, 6, 5, 5, 5, 6, 6, 6, 5, 6, 6, 6, 6, 5, 6, 6, 6, 6, 6, 6, 5, 5, 6, 6, 6, 5, 6, 6, 5, 6, 6, 5, 6, 6, 6, 5, 6, 6, 6, 5, 6, 5, 6, 5, 6, 5, 5, 6, 6, 6, 6, 6, 6, 6, 6, 6, 6, 6, 6, 6, 6, 6, 6, 6, 6, 6, 6, 6, 6, 6, 6, 6, 6, 5, 5, 6, 6, 6, 6, 6, 6, 5, 6, 6, 6, 6, 6, 6, 5, 6, 6, 6, 6, 5, 6, 6, 6, 6, 6, 6, 6, 6, 6, 6, 6, 5, 6, 6, 6, 6, 6, 6, 6, 6, 6, 6, 5, 6, 6, 6, 6, 6, 6, 6, 6, 6, 6, 6, 6, 6, 6, 5, 6, 5, 6, 6, 5, 6, 6, 6, 6, 6, 6, 7, 6, 6, 6, 5, 6, 6, 6, 6, 6, 6, 6, 6, 6, 6, 6, 6, 6, 6, 6, 7, 6, 7, 7, 6, 6, 6, 7, 5, 6, 6, 7, 7, 7, 7, 6, 6, 6, 6, 6, 6, 6, 7, 7, 6, 5, 6, 6, 6, 6, 6, 6, 5, 6, 6, 6, 6, 6, 6, 5, 6, 5, 6, 6, 6, 6, 6, 5, 6, 6, 6, 6, 6, 5, 6, 6, 6, 6, 5, 6, 5, 6, 6, 6, 6, 5, 6, 6, 5, 6, 6, 6, 6, 6, 6, 6, 6, 6, 6, 6, 6, 5, 6, 6, 5, 6, 6, 5, 6, 5, 5, 6, 6, 6, 6, 6, 6, 6, 5, 6, 6, 6, 6, 6, 6, 5, 5, 6, 5, 6, 5, 6, 6, 6, 6, 6, 6, 5, 6, 6, 6, 6, 5, 6, 6, 6, 6, 6, 6, 6, 6, 6, 6, 6, 6, 5, 6, 6, 6, 6, 5, 6, 5, 6, 6, 6, 5, 6, 6, 6, 6, 6, 6, 6, 6, 6, 6, 6, 6, 6, 6, 6, 7, 6, 5, 6, 6, 5, 6, 6, 6, 6, 5, 5, 5, 6, 6, 6, 6, 6, 5, 6, 6, 6, 6, 6, 6, 6, 6, 6, 6, 5, 6, 6, 6, 6, 6, 5, 6, 5, 6, 6, 6, 6, 6, 6, 6, 6, 6, 7, 6, 6, 5, 6, 5, 6, 6, 5, 6, 6, 5, 5, 6, 6, 6, 6, 6, 6, 7, 6, 5, 6, 6, 6, 6, 6, 6, 6, 6, 6, 6, 6, 6, 6, 5, 5, 6, 6, 6, 6, 6, 6, 6, 6, 6, 6, 6, 6, 6, 6, 6, 6, 6, 6, 6, 6, 6, 6, 6, 6, 6, 6, 6, 6, 6, 6, 6, 5, 5, 6, 5, 6, 6, 6, 6, 6, 6, 5, 6, 5, 6, 6, 6, 5, 6, 6, 5, 6, 5, 5, 6, 6, 6, 5, 6, 6, 6, 6, 6, 6, 6, 5, 6, 6, 5, 6, 6, 6, 6, 5, 6, 6, 6, 5, 5, 6, 6, 5, 6, 6, 6, 6, 6, 6, 5, 6, 5, 5, 5, 6, 6, 6, 6, 6, 5, 5, 6, 6, 6, 6, 6, 6, 6, 5, 5, 6, 6, 5, 6, 6, 6, 6, 6, 6, 5, 5, 5, 6, 6, 6, 6, 5, 6, 6, 5, 6, 6, 5, 5, 6, 6, 6, 6, 6, 6, 5, 6, 6, 6, 6, 6, 6, 6, 6, 6, 6, 5, 6, 5, 6, 6, 6, 6, 6, 6, 6, 6, 6, 6, 6, 6, 5, 6, 6, 6, 6, 6, 6, 6, 6, 6, 6, 6, 6, 6, 5, 6, 6, 5, 6, 5]

################################################################
Numero total de amostras 770

Tempo total de processamento: 0:27:01

############## TEMPOS DE PROCESSAMENTO DO EXERCICIO NO JAIL  ####################
Soma 4426 segundos
Media 5.748051948051948 segundos
Desvio padrão 0.44883988688021775 segundos
Minimo 5 segundos
Maximo 7 segundos

95% 5.0 segundos
99% 5.0 segundos

############## TEMPOS DE PROCESSAMENTO DO EXERCICIO NO JAIL COM DOWNLOAD  ################
Soma 4858 segundos
Media 6.3090909090909095 segundos
Desvio padrão 0.46770559565080005 segundos
Minimo 6 segundos
Maximo 8 segundos

95% 6.0 segundos
99% 6.0 segundos

################### TEMPOS DE DOWNLOAD DO EXERCICIO NO JAIL #######################
Soma 432 segundos
Media 0.561038961038961 segundos
Desvio padrão 0.498870371772755 segundos
Minimo 0 segundos
Maximo 2 segundos

95% 0.0 segundos
99% 0.0 segundos

############################ TEMPOS DE ESPERA NA FILA ############################
Soma 370681
Media 481.4038961038961 segundos
Desvio padrão 276.27735778810904 segundos
Minimo 1 segundos
Maximo 960 segundos

95% 11.0 segundos
99% 11.0 segundos

################### queue_wait_time_list: ######################

[11, 18, 22, 25, 3, 541, 2, 1, 7, 14, 18, 6, 6, 21, 25, 17, 11, 13, 10, 14, 22, 29, 34, 28, 29, 36, 36, 39, 41, 46, 43, 50, 41, 54, 47, 53, 48, 61, 57, 52, 64, 59, 67, 59, 64, 69, 71, 70, 26, 545, 32, 33, 37, 44, 45, 76, 74, 86, 79, 79, 82, 87, 89, 81, 94, 89, 99, 115, 97, 94, 94, 100, 98, 111, 100, 105, 110, 118, 115, 126, 117, 122, 122, 126, 130, 123, 129, 133, 132, 136, 143, 139, 134, 142, 145, 141, 549, 555, 576, 589, 144, 147, 605, 55, 63, 67, 553, 567, 579, 586, 600, 603, 56, 571, 72, 75, 78, 82, 154, 163, 151, 158, 156, 161, 156, 160, 168, 165, 172, 169, 171, 183, 175, 176, 180, 176, 183, 187, 179, 190, 182, 195, 186, 190, 197, 194, 206, 203, 214, 198, 213, 201, 218, 205, 205, 209, 222, 212, 217, 222, 590, 221, 597, 86, 90, 106, 232, 612, 231, 630, 243, 649, 225, 236, 243, 224, 225, 236, 656, 236, 229, 248, 229, 659, 228, 240, 667, 248, 233, 247, 240, 239, 243, 251, 251, 250, 97, 266, 616, 627, 634, 269, 254, 638, 670, 255, 270, 254, 269, 273, 674, 258, 258, 257, 261, 262, 263, 265, 265, 106, 615, 641, 111, 114, 119, 125, 130, 276, 277, 282, 273, 283, 284, 290, 286, 289, 294, 292, 290, 293, 305, 301, 304, 296, 301, 309, 308, 303, 319, 312, 312, 316, 319, 340, 315, 323, 319, 323, 326, 326, 329, 329, 334, 334, 338, 341, 337, 658, 345, 346, 344, 137, 677, 710, 714, 718, 722, 729, 138, 149, 149, 152, 153, 161, 164, 353, 357, 356, 347, 364, 352, 359, 360, 371, 364, 367, 367, 377, 371, 374, 375, 386, 379, 374, 381, 382, 385, 386, 391, 389, 393, 398, 399, 396, 394, 404, 401, 406, 409, 414, 407, 411, 413, 413, 417, 707, 416, 417, 421, 169, 707, 733, 172, 179, 187, 191, 194, 432, 425, 422, 428, 428, 432, 435, 435, 433, 439, 444, 455, 446, 439, 452, 442, 461, 446, 446, 458, 467, 453, 454, 458, 462, 467, 469, 473, 470, 474, 478, 487, 477, 473, 481, 481, 484, 485, 488, 491, 737, 740, 492, 493, 495, 197, 748, 217, 764, 784, 497, 496, 498, 500, 501, 502, 504, 202, 208, 516, 753, 772, 519, 503, 786, 520, 520, 505, 523, 508, 508, 791, 798, 810, 509, 813, 818, 512, 511, 512, 514, 515, 209, 542, 538, 537, 546, 550, 523, 525, 531, 529, 532, 537, 553, 532, 541, 560, 545, 548, 552, 557, 557, 565, 560, 566, 565, 560, 567, 571, 562, 575, 572, 579, 583, 575, 582, 586, 579, 589, 582, 585, 601, 601, 593, 757, 594, 593, 598, 597, 274, 605, 281, 620, 617, 608, 626, 609, 607, 612, 612, 624, 619, 624, 620, 631, 634, 623, 642, 626, 637, 630, 633, 645, 638, 641, 648, 644, 652, 652, 645, 664, 648, 663, 652, 655, 656, 670, 659, 666, 663, 666, 670, 673, 673, 678, 677, 682, 681, 680, 685, 684, 684, 759, 776, 783, 787, 803, 276, 280, 699, 698, 690, 703, 689, 702, 688, 703, 821, 833, 837, 693, 845, 692, 691, 863, 875, 695, 695, 883, 694, 889, 700, 285, 296, 298, 300, 307, 311, 706, 710, 718, 708, 712, 713, 722, 717, 725, 721, 726, 730, 728, 734, 725, 732, 737, 743, 735, 739, 741, 747, 744, 750, 749, 745, 751, 752, 756, 760, 764, 757, 760, 764, 767, 770, 767, 768, 771, 775, 775, 778, 779, 778, 825, 841, 867, 872, 316, 323, 327, 330, 333, 337, 340, 785, 799, 782, 791, 798, 796, 790, 803, 794, 795, 802, 806, 810, 805, 811, 814, 806, 813, 817, 824, 816, 821, 822, 831, 825, 828, 828, 835, 832, 829, 841, 836, 838, 840, 849, 844, 846, 848, 852, 848, 852, 866, 349, 853, 855, 856, 856, 859, 860, 860, 864, 894, 905, 909, 912, 924, 927, 931, 348, 352, 355, 360, 363, 367, 372, 863, 866, 871, 871, 874, 879, 882, 886, 874, 878, 879, 902, 890, 881, 897, 885, 885, 898, 888, 905, 899, 917, 909, 900, 901, 906, 908, 912, 912, 924, 916, 920, 920, 925, 928, 919, 930, 927, 932, 893, 917, 935, 935, 936, 938, 378, 892, 939, 939, 942, 943, 944, 945, 947, 383, 382, 388, 395, 402, 405, 410, 949, 420, 424, 425, 427, 436, 439, 443, 451, 450, 457, 462, 466, 470, 477, 481, 484, 489, 958, 522, 527, 527, 530, 532, 960, 952, 946, 951, 950, 955, 956, 954, 959]

################################################################
################### jail_ex_download_list: ######################

[0, 1, 0, 0, 1, 1, 2, 1, 0, 1, 1, 1, 1, 0, 1, 1, 0, 1, 0, 1, 0, 0, 0, 1, 1, 1, 0, 1, 0, 1, 1, 0, 0, 0, 1, 0, 1, 1, 0, 0, 0, 1, 1, 1, 1, 0, 1, 1, 1, 0, 0, 0, 1, 0, 0, 1, 0, 1, 1, 1, 1, 0, 1, 1, 0, 1, 1, 1, 1, 0, 0, 1, 1, 0, 1, 1, 0, 1, 1, 0, 0, 0, 1, 1, 0, 1, 0, 1, 0, 0, 1, 1, 1, 1, 1, 1, 1, 0, 0, 1, 1, 0, 0, 0, 0, 1, 1, 0, 0, 1, 1, 1, 0, 1, 0, 0, 1, 1, 0, 1, 0, 0, 1, 0, 1, 0, 0, 1, 0, 0, 1, 1, 1, 0, 1, 1, 1, 1, 1, 0, 1, 1, 1, 0, 1, 1, 1, 0, 1, 1, 1, 1, 1, 1, 0, 0, 1, 1, 1, 0, 1, 0, 1, 0, 1, 0, 1, 1, 1, 1, 1, 0, 1, 0, 0, 0, 0, 0, 1, 0, 1, 0, 1, 1, 1, 1, 0, 0, 0, 0, 1, 1, 1, 0, 0, 0, 1, 1, 0, 0, 1, 0, 0, 1, 1, 0, 0, 0, 0, 0, 1, 1, 1, 1, 1, 0, 0, 1, 1, 1, 0, 0, 0, 1, 0, 1, 0, 1, 1, 0, 1, 1, 1, 1, 1, 0, 0, 1, 0, 1, 1, 0, 1, 1, 0, 0, 1, 1, 1, 0, 0, 1, 1, 0, 1, 1, 0, 0, 0, 1, 1, 1, 1, 0, 0, 1, 0, 1, 0, 0, 1, 0, 0, 1, 0, 1, 1, 1, 0, 0, 0, 1, 0, 1, 1, 1, 0, 1, 1, 0, 1, 1, 0, 1, 0, 1, 1, 1, 0, 1, 0, 1, 1, 0, 0, 0, 1, 1, 1, 0, 1, 1, 0, 1, 1, 0, 0, 1, 0, 0, 0, 0, 0, 1, 1, 1, 1, 0, 0, 0, 1, 0, 1, 1, 0, 0, 1, 0, 1, 0, 1, 0, 0, 1, 1, 0, 1, 0, 1, 1, 1, 0, 1, 1, 1, 1, 1, 0, 1, 1, 0, 1, 0, 1, 1, 0, 1, 0, 1, 1, 1, 1, 1, 1, 1, 0, 1, 1, 1, 1, 1, 0, 1, 1, 1, 0, 0, 0, 0, 0, 0, 0, 0, 1, 0, 1, 1, 0, 0, 0, 1, 1, 0, 0, 1, 1, 0, 0, 1, 1, 0, 1, 1, 1, 1, 1, 1, 1, 1, 1, 1, 0, 0, 1, 0, 0, 1, 0, 0, 1, 1, 0, 1, 1, 1, 1, 1, 1, 1, 0, 0, 1, 0, 0, 1, 0, 1, 0, 1, 0, 1, 0, 1, 0, 0, 0, 1, 0, 1, 1, 0, 0, 0, 0, 0, 1, 0, 1, 0, 0, 0, 0, 1, 0, 1, 1, 0, 0, 0, 1, 0, 1, 0, 1, 0, 0, 0, 1, 1, 1, 0, 0, 1, 1, 1, 0, 0, 0, 0, 0, 0, 0, 1, 0, 1, 0, 0, 0, 0, 1, 1, 1, 0, 1, 1, 1, 1, 1, 1, 0, 1, 0, 0, 1, 0, 1, 1, 1, 1, 0, 1, 0, 0, 0, 0, 0, 1, 1, 0, 1, 0, 1, 0, 1, 0, 1, 0, 1, 1, 1, 1, 1, 0, 0, 1, 0, 1, 1, 0, 1, 1, 0, 0, 1, 0, 1, 0, 1, 1, 0, 0, 1, 1, 0, 1, 1, 1, 0, 0, 0, 1, 0, 1, 1, 0, 1, 1, 1, 1, 0, 1, 1, 1, 1, 1, 0, 0, 1, 1, 1, 1, 0, 1, 0, 0, 0, 0, 1, 1, 1, 1, 1, 0, 1, 1, 1, 0, 1, 0, 0, 1, 0, 1, 1, 1, 0, 1, 1, 1, 1, 0, 1, 0, 0, 0, 1, 0, 1, 1, 1, 1, 1, 1, 1, 0, 0, 1, 0, 1, 0, 0, 0, 1, 1, 0, 1, 1, 1, 0, 0, 1, 0, 0, 0, 1, 1, 0, 1, 1, 1, 0, 1, 1, 0, 1, 0, 1, 1, 0, 0, 1, 0, 0, 1, 0, 0, 0, 1, 1, 1, 0, 1, 1, 0, 1, 1, 0, 0, 1, 1, 1, 0, 1, 1, 1, 1, 0, 1, 1, 0, 1, 1, 1, 1, 1, 0, 0, 0, 0, 0, 0, 1, 0, 1, 1, 0, 0, 0, 1, 1, 0, 1, 0, 1, 0, 1, 0, 1, 0, 1, 0, 1, 1, 1, 0, 0, 0, 0, 1, 0, 1, 0, 1, 1, 0, 1, 1, 1, 0, 0, 1, 0, 1, 1, 1, 1, 1, 0, 1, 1]

################################################################
################################################################
################### process_jail_download_list: ######################

[6, 7, 6, 6, 7, 6, 7, 7, 6, 6, 7, 7, 7, 6, 6, 7, 6, 6, 6, 6, 6, 6, 6, 7, 7, 7, 6, 6, 6, 7, 6, 6, 6, 6, 7, 6, 7, 6, 6, 6, 6, 7, 6, 7, 7, 6, 7, 7, 6, 6, 6, 6, 7, 6, 6, 6, 6, 6, 6, 6, 7, 6, 7, 7, 6, 7, 8, 6, 7, 6, 6, 7, 8, 6, 7, 7, 6, 7, 7, 6, 6, 6, 6, 7, 6, 6, 6, 7, 6, 6, 7, 6, 7, 6, 7, 6, 6, 6, 6, 7, 7, 6, 6, 6, 6, 6, 7, 6, 6, 6, 6, 6, 6, 6, 6, 6, 6, 6, 6, 7, 6, 6, 7, 6, 7, 6, 6, 7, 6, 6, 6, 6, 7, 6, 6, 7, 7, 7, 6, 6, 6, 6, 7, 6, 7, 6, 6, 6, 7, 7, 7, 7, 6, 6, 6, 6, 6, 7, 7, 6, 7, 6, 6, 6, 7, 6, 7, 7, 7, 6, 7, 6, 6, 6, 6, 6, 6, 6, 6, 6, 7, 6, 6, 7, 6, 6, 6, 6, 6, 6, 6, 7, 7, 6, 6, 6, 7, 7, 6, 6, 6, 6, 6, 6, 6, 6, 6, 6, 6, 6, 7, 6, 7, 7, 6, 6, 6, 7, 7, 7, 6, 6, 6, 7, 6, 7, 6, 6, 7, 6, 6, 6, 7, 7, 6, 6, 6, 6, 6, 6, 7, 6, 6, 7, 6, 6, 7, 6, 7, 6, 6, 6, 6, 6, 7, 6, 6, 6, 6, 6, 6, 7, 7, 6, 6, 7, 6, 7, 6, 6, 6, 6, 6, 7, 6, 6, 7, 7, 6, 6, 6, 6, 6, 6, 7, 7, 6, 6, 7, 6, 7, 7, 6, 6, 6, 6, 7, 7, 6, 6, 6, 6, 7, 6, 6, 6, 6, 7, 6, 6, 6, 7, 6, 7, 6, 6, 6, 6, 6, 6, 6, 6, 6, 6, 7, 6, 7, 6, 6, 6, 6, 6, 6, 6, 6, 6, 6, 6, 6, 6, 7, 6, 6, 6, 6, 6, 7, 6, 6, 7, 6, 6, 6, 7, 7, 7, 6, 6, 7, 7, 6, 7, 6, 6, 6, 6, 7, 6, 6, 6, 7, 6, 6, 6, 7, 6, 7, 6, 7, 7, 7, 6, 6, 6, 7, 6, 6, 6, 6, 6, 6, 6, 6, 7, 6, 7, 7, 6, 6, 6, 7, 7, 6, 6, 6, 6, 6, 6, 7, 7, 6, 6, 6, 7, 6, 6, 6, 7, 7, 7, 6, 6, 6, 7, 6, 6, 7, 6, 6, 7, 6, 6, 6, 7, 7, 7, 6, 7, 6, 6, 6, 7, 6, 6, 7, 6, 6, 6, 6, 6, 7, 6, 7, 6, 6, 6, 7, 6, 6, 7, 6, 6, 6, 6, 6, 7, 6, 6, 6, 6, 6, 6, 6, 6, 7, 7, 6, 6, 6, 7, 6, 7, 6, 6, 6, 6, 6, 7, 6, 7, 6, 6, 6, 7, 6, 6, 6, 6, 6, 6, 6, 6, 6, 6, 6, 6, 6, 6, 6, 6, 7, 6, 6, 6, 6, 6, 7, 7, 7, 6, 7, 6, 6, 7, 6, 7, 6, 7, 7, 6, 6, 6, 6, 6, 6, 6, 6, 7, 6, 6, 6, 6, 6, 7, 6, 6, 6, 6, 7, 6, 7, 7, 6, 6, 7, 6, 6, 6, 6, 7, 7, 6, 6, 6, 6, 7, 6, 7, 6, 6, 6, 6, 6, 6, 6, 7, 7, 6, 6, 6, 6, 6, 7, 7, 6, 7, 6, 6, 6, 6, 6, 7, 7, 6, 7, 6, 6, 7, 7, 6, 6, 6, 7, 6, 6, 6, 6, 6, 7, 6, 7, 7, 6, 6, 7, 7, 6, 7, 6, 6, 6, 6, 6, 6, 7, 6, 6, 7, 6, 7, 6, 7, 6, 6, 6, 6, 6, 7, 6, 6, 7, 7, 7, 6, 6, 6, 6, 6, 7, 6, 6, 6, 7, 6, 6, 7, 7, 6, 6, 6, 6, 6, 7, 6, 6, 7, 6, 6, 7, 6, 6, 6, 7, 6, 7, 6, 6, 7, 6, 6, 7, 6, 6, 6, 6, 6, 6, 6, 7, 6, 6, 6, 6, 6, 7, 6, 6, 6, 6, 7, 7, 6, 6, 7, 7, 6, 6, 6, 7, 6, 6, 7, 7, 6, 7, 7, 6, 6, 6, 6, 6, 7, 7, 7, 7, 6, 6, 6, 6, 6, 6, 7, 6, 7, 6, 6, 6, 6, 6, 6, 6, 7, 6, 7, 6, 6, 6, 6, 7, 6, 6, 6, 6, 7, 6, 7, 6, 7, 6, 6, 7, 6, 7, 6, 7, 7, 6, 6, 6, 7]

################################################################
################################################################
################### process_jail_list: ######################

[6, 6, 6, 6, 6, 5, 5, 6, 6, 5, 6, 6, 6, 6, 5, 6, 6, 5, 6, 5, 6, 6, 6, 6, 6, 6, 6, 5, 6, 6, 5, 6, 6, 6, 6, 6, 6, 5, 6, 6, 6, 6, 5, 6, 6, 6, 6, 6, 5, 6, 6, 6, 6, 6, 6, 5, 6, 5, 5, 5, 6, 6, 6, 6, 6, 6, 7, 5, 6, 6, 6, 6, 7, 6, 6, 6, 6, 6, 6, 6, 6, 6, 5, 6, 6, 5, 6, 6, 6, 6, 6, 5, 6, 5, 6, 5, 5, 6, 6, 6, 6, 6, 6, 6, 6, 5, 6, 6, 6, 5, 5, 5, 6, 5, 6, 6, 5, 5, 6, 6, 6, 6, 6, 6, 6, 6, 6, 6, 6, 6, 5, 5, 6, 6, 5, 6, 6, 6, 5, 6, 5, 5, 6, 6, 6, 5, 5, 6, 6, 6, 6, 6, 5, 5, 6, 6, 5, 6, 6, 6, 6, 6, 5, 6, 6, 6, 6, 6, 6, 5, 6, 6, 5, 6, 6, 6, 6, 6, 5, 6, 6, 6, 5, 6, 5, 5, 6, 6, 6, 6, 5, 6, 6, 6, 6, 6, 6, 6, 6, 6, 5, 6, 6, 5, 5, 6, 6, 6, 6, 6, 6, 5, 6, 6, 5, 6, 6, 6, 6, 6, 6, 6, 6, 6, 6, 6, 6, 5, 6, 6, 5, 5, 6, 6, 5, 6, 6, 5, 6, 5, 6, 6, 5, 6, 6, 6, 6, 5, 6, 6, 6, 5, 5, 6, 6, 5, 6, 6, 6, 5, 5, 6, 6, 6, 6, 6, 6, 6, 6, 6, 5, 6, 6, 6, 6, 5, 6, 6, 6, 6, 6, 5, 6, 5, 6, 6, 6, 5, 6, 6, 6, 6, 6, 5, 6, 5, 6, 6, 6, 5, 6, 5, 6, 6, 6, 6, 5, 6, 5, 6, 5, 6, 6, 6, 5, 6, 6, 5, 6, 6, 6, 6, 6, 5, 6, 5, 6, 6, 6, 6, 5, 6, 5, 5, 6, 6, 5, 6, 5, 6, 6, 6, 6, 5, 5, 6, 6, 6, 5, 6, 5, 6, 5, 6, 6, 6, 5, 6, 6, 6, 6, 6, 6, 5, 5, 6, 6, 6, 5, 5, 6, 5, 5, 5, 6, 6, 6, 5, 6, 6, 6, 6, 5, 5, 6, 6, 6, 6, 6, 6, 6, 6, 6, 6, 6, 6, 6, 6, 6, 6, 6, 6, 6, 6, 5, 5, 6, 6, 6, 6, 6, 5, 5, 6, 5, 5, 5, 6, 6, 6, 5, 6, 6, 6, 6, 6, 6, 6, 6, 6, 5, 6, 5, 6, 6, 6, 5, 6, 5, 6, 6, 6, 6, 6, 6, 6, 5, 6, 5, 6, 6, 6, 6, 6, 6, 6, 6, 6, 5, 6, 6, 6, 6, 6, 6, 6, 6, 5, 6, 6, 6, 6, 5, 6, 6, 6, 6, 6, 6, 6, 6, 6, 6, 5, 6, 6, 6, 6, 5, 6, 6, 6, 5, 6, 5, 6, 6, 6, 6, 6, 6, 6, 5, 6, 5, 6, 6, 6, 6, 5, 6, 5, 6, 5, 5, 5, 6, 6, 6, 6, 6, 6, 6, 6, 6, 6, 5, 6, 6, 6, 5, 6, 6, 6, 6, 6, 5, 6, 6, 5, 6, 5, 6, 6, 6, 5, 6, 5, 6, 5, 6, 6, 6, 6, 6, 6, 5, 5, 6, 6, 6, 6, 6, 5, 6, 6, 6, 6, 5, 6, 6, 5, 5, 6, 5, 6, 6, 6, 6, 6, 5, 6, 6, 6, 6, 6, 5, 5, 5, 6, 5, 6, 6, 5, 6, 6, 6, 6, 6, 5, 5, 6, 6, 6, 6, 6, 6, 5, 6, 5, 6, 6, 6, 5, 6, 6, 6, 6, 6, 6, 5, 6, 5, 5, 6, 6, 5, 6, 5, 6, 6, 6, 6, 6, 6, 5, 6, 6, 5, 5, 6, 6, 6, 5, 6, 6, 5, 6, 6, 6, 6, 6, 6, 5, 6, 6, 6, 5, 6, 6, 5, 6, 7, 6, 5, 6, 6, 5, 6, 5, 6, 5, 6, 6, 6, 6, 5, 6, 6, 6, 6, 6, 6, 5, 6, 6, 6, 5, 6, 5, 6, 5, 5, 6, 6, 5, 6, 6, 5, 6, 6, 6, 5, 6, 6, 5, 6, 5, 6, 6, 5, 6, 6, 5, 6, 7, 6, 6, 6, 6, 6, 6, 7, 6, 6, 6, 6, 6, 5, 5, 6, 6, 6, 6, 6, 5, 6, 5, 6, 5, 6, 6, 5, 6, 6, 6, 6, 6, 6, 6, 5, 6, 5, 6, 6, 6, 5, 6, 6, 6, 6, 6, 6, 5, 6, 6, 5, 6, 5, 6]

################################################################
