Numero total de amostras 770

Tempo total de processamento: 0:18:29

############## TEMPOS DE PROCESSAMENTO DO EXERCICIO NO JAIL  ####################
Soma 5041 segundos
Media 6.546753246753247 segundos
Desvio padr達o 0.5522291110226689 segundos
Minimo 5 segundos
Maximo 8 segundos

95% 6.0 segundos
99% 6.0 segundos

############## TEMPOS DE PROCESSAMENTO DO EXERCICIO NO JAIL COM DOWNLOAD  ################
Soma 6687 segundos
Media 8.684415584415584 segundos
Desvio padr達o 1.0371746005205287 segundos
Minimo 6 segundos
Maximo 16 segundos

95% 7.0 segundos
99% 7.0 segundos

################### TEMPOS DE DOWNLOAD DO EXERCICIO NO JAIL #######################
Soma 1646 segundos
Media 2.137662337662338 segundos
Desvio padr達o 0.9420947867825439 segundos
Minimo 0 segundos
Maximo 10 segundos

95% 1.0 segundos
99% 1.0 segundos

############################ TEMPOS DE ESPERA NA FILA ############################
Soma 191535
Media 248.74675324675326 segundos
Desvio padr達o 129.39923932855726 segundos
Minimo 4 segundos
Maximo 458 segundos

95% 16.0 segundos
99% 16.0 segundos

################### queue_wait_time_list: ######################

[16, 19, 20, 21, 17, 28, 8, 17, 8, 14, 6, 7, 5, 26, 4, 19, 24, 17, 16, 28, 24, 20, 20, 19, 28, 29, 29, 34, 40, 37, 31, 32, 28, 38, 35, 39, 40, 44, 35, 44, 48, 41, 38, 45, 44, 82, 44, 21, 295, 27, 30, 30, 34, 37, 39, 41, 43, 54, 65, 58, 53, 50, 49, 48, 63, 59, 51, 55, 62, 53, 58, 67, 57, 60, 73, 60, 70, 71, 62, 69, 65, 75, 77, 72, 82, 70, 78, 80, 73, 81, 77, 76, 80, 80, 164, 83, 177, 185, 190, 271, 275, 290, 295, 301, 302, 294, 294, 299, 304, 306, 311, 306, 315, 312, 313, 315, 329, 332, 332, 347, 350, 358, 363, 367, 374, 378, 380, 387, 391, 393, 399, 403, 410, 414, 417, 427, 436, 439, 449, 457, 445, 46, 84, 84, 238, 287, 311, 292, 292, 300, 327, 296, 308, 330, 301, 302, 320, 314, 317, 323, 332, 325, 329, 331, 336, 346, 338, 351, 353, 363, 367, 376, 378, 382, 387, 392, 395, 404, 408, 414, 419, 424, 432, 435, 438, 444, 449, 452, 47, 48, 50, 171, 185, 85, 84, 87, 87, 88, 87, 89, 88, 89, 89, 92, 91, 244, 248, 263, 265, 295, 309, 312, 320, 326, 328, 338, 343, 345, 356, 359, 362, 373, 375, 381, 384, 388, 396, 400, 406, 411, 417, 423, 428, 431, 439, 52, 55, 180, 184, 93, 94, 93, 93, 95, 95, 97, 96, 98, 97, 100, 99, 259, 289, 297, 303, 309, 323, 325, 329, 338, 343, 345, 356, 360, 362, 374, 375, 381, 385, 387, 394, 396, 402, 408, 414, 424, 427, 430, 438, 441, 443, 454, 53, 58, 61, 64, 66, 69, 72, 73, 100, 102, 104, 112, 104, 123, 107, 109, 113, 105, 105, 115, 130, 109, 109, 110, 114, 117, 121, 127, 119, 116, 128, 126, 119, 123, 128, 122, 133, 133, 127, 135, 137, 131, 140, 137, 132, 136, 135, 77, 165, 200, 209, 210, 234, 256, 263, 311, 291, 293, 299, 308, 297, 325, 306, 322, 310, 313, 318, 318, 328, 336, 334, 334, 342, 340, 342, 359, 363, 370, 376, 379, 388, 391, 395, 403, 406, 410, 420, 423, 433, 435, 439, 445, 451, 457, 76, 140, 141, 142, 141, 144, 142, 145, 144, 146, 145, 147, 241, 246, 252, 254, 271, 276, 281, 296, 292, 301, 310, 311, 321, 326, 331, 340, 341, 349, 357, 360, 370, 374, 375, 383, 385, 389, 401, 402, 413, 420, 423, 437, 442, 447, 458, 79, 169, 167, 163, 82, 164, 173, 169, 174, 102, 150, 150, 146, 153, 152, 150, 154, 148, 155, 166, 158, 168, 162, 154, 155, 155, 159, 163, 169, 159, 170, 176, 173, 163, 293, 182, 175, 172, 181, 173, 177, 178, 176, 180, 181, 178, 183, 101, 104, 104, 106, 109, 111, 113, 117, 122, 201, 194, 192, 192, 188, 187, 186, 197, 199, 189, 193, 208, 192, 202, 202, 205, 196, 206, 198, 212, 200, 210, 202, 211, 203, 204, 216, 208, 217, 213, 209, 220, 220, 212, 214, 217, 215, 216, 124, 129, 168, 175, 205, 228, 224, 223, 225, 221, 221, 223, 223, 225, 225, 225, 227, 227, 271, 280, 306, 309, 319, 321, 333, 335, 339, 353, 356, 361, 369, 373, 375, 383, 386, 391, 394, 401, 407, 409, 412, 420, 426, 429, 442, 444, 454, 130, 132, 134, 138, 139, 232, 239, 230, 235, 233, 233, 239, 230, 234, 241, 237, 240, 235, 247, 255, 243, 238, 242, 240, 246, 251, 252, 243, 248, 257, 252, 247, 260, 259, 250, 253, 255, 252, 255, 264, 257, 297, 260, 257, 261, 261, 259, 152, 167, 173, 264, 183, 190, 194, 194, 199, 208, 219, 229, 229, 229, 232, 236, 265, 265, 267, 303, 299, 305, 315, 318, 323, 338, 342, 353, 355, 367, 378, 384, 387, 394, 397, 400, 406, 408, 417, 421, 428, 434, 439, 441, 450, 453, 456, 150, 151, 158, 160, 159, 161, 188, 216, 219, 268, 273, 276, 288, 289, 267, 267, 268, 298, 270, 274, 280, 272, 275, 284, 276, 280, 277, 277, 285, 284, 281, 281, 286, 283, 285, 289, 302, 307, 314, 317, 331, 335, 338, 349, 353, 358, 370, 340, 345, 349, 352, 347, 350, 349, 353, 356, 357, 360, 362, 367, 366, 367, 369, 369, 372, 372, 380, 379, 380, 380, 381, 385, 384, 390, 390, 390, 389, 393, 395, 395, 401, 402, 404, 407, 406, 409, 411, 412, 416, 417, 416, 421, 419, 425, 428, 428, 431, 433, 432, 434, 436, 443, 442, 443, 444, 447, 449, 448, 457, 452, 453, 457]

################################################################
################### jail_ex_download_list: ######################

[4, 2, 3, 3, 2, 2, 7, 3, 8, 4, 9, 9, 10, 2, 10, 1, 2, 4, 4, 3, 2, 2, 4, 4, 2, 2, 3, 3, 2, 3, 3, 2, 4, 3, 3, 2, 3, 1, 3, 3, 2, 2, 2, 2, 2, 3, 3, 3, 0, 2, 4, 3, 3, 3, 2, 2, 2, 3, 3, 1, 2, 3, 2, 2, 2, 3, 3, 3, 2, 3, 2, 3, 2, 3, 3, 3, 2, 2, 2, 2, 3, 1, 2, 2, 2, 2, 2, 2, 2, 2, 2, 3, 2, 1, 2, 2, 3, 3, 2, 2, 2, 1, 1, 2, 3, 2, 1, 1, 2, 2, 1, 2, 2, 1, 1, 2, 1, 1, 1, 3, 2, 1, 2, 2, 1, 1, 1, 2, 1, 2, 2, 1, 2, 1, 2, 2, 2, 2, 3, 4, 2, 3, 2, 2, 3, 2, 1, 1, 1, 2, 1, 2, 1, 2, 1, 3, 2, 2, 2, 2, 2, 2, 2, 2, 2, 3, 1, 2, 1, 3, 2, 1, 1, 1, 1, 2, 3, 1, 1, 2, 1, 2, 2, 2, 2, 2, 2, 4, 2, 2, 2, 2, 2, 2, 2, 2, 2, 2, 3, 3, 3, 3, 3, 2, 3, 2, 2, 2, 3, 2, 1, 1, 2, 3, 2, 1, 3, 4, 1, 3, 3, 2, 1, 2, 2, 1, 2, 1, 1, 2, 1, 2, 2, 2, 2, 2, 2, 2, 3, 2, 2, 3, 3, 2, 2, 2, 2, 2, 3, 3, 3, 2, 2, 2, 2, 1, 2, 3, 2, 1, 2, 3, 1, 2, 3, 1, 2, 1, 2, 1, 1, 3, 1, 2, 2, 3, 2, 3, 2, 2, 2, 2, 2, 3, 3, 2, 3, 2, 2, 2, 2, 2, 2, 3, 3, 3, 3, 2, 3, 3, 3, 3, 2, 2, 3, 3, 4, 4, 2, 2, 3, 3, 2, 2, 3, 3, 2, 3, 2, 3, 2, 3, 2, 2, 2, 2, 2, 2, 2, 2, 2, 2, 1, 2, 3, 2, 2, 1, 1, 1, 2, 1, 2, 2, 1, 3, 1, 3, 2, 3, 2, 1, 1, 2, 2, 0, 2, 2, 3, 1, 2, 2, 1, 1, 1, 1, 1, 2, 2, 3, 2, 2, 1, 2, 2, 3, 2, 2, 2, 2, 2, 2, 2, 2, 2, 2, 2, 2, 3, 3, 1, 2, 2, 2, 3, 2, 1, 2, 1, 1, 3, 2, 1, 2, 3, 1, 2, 1, 2, 1, 2, 1, 2, 1, 1, 1, 3, 2, 2, 1, 1, 1, 4, 2, 2, 2, 3, 2, 2, 1, 2, 2, 2, 2, 2, 2, 3, 2, 2, 3, 2, 3, 2, 2, 2, 2, 3, 3, 3, 3, 2, 3, 3, 2, 2, 2, 2, 2, 3, 2, 2, 3, 2, 2, 2, 2, 2, 2, 3, 2, 2, 2, 3, 3, 3, 3, 3, 3, 3, 2, 2, 3, 2, 2, 2, 2, 2, 2, 2, 3, 2, 3, 2, 2, 3, 2, 3, 2, 2, 3, 2, 2, 2, 2, 3, 2, 2, 3, 2, 2, 2, 3, 2, 2, 3, 2, 3, 3, 2, 2, 2, 3, 2, 2, 2, 3, 3, 2, 1, 1, 2, 3, 3, 2, 2, 3, 2, 2, 1, 2, 3, 1, 1, 2, 2, 2, 1, 2, 2, 2, 1, 1, 1, 1, 2, 1, 2, 3, 2, 1, 2, 2, 1, 2, 2, 2, 2, 2, 2, 1, 2, 3, 2, 1, 1, 2, 3, 2, 3, 2, 3, 2, 3, 2, 3, 2, 3, 3, 3, 2, 3, 3, 3, 2, 2, 3, 2, 2, 2, 2, 2, 2, 2, 2, 2, 1, 2, 2, 2, 2, 2, 1, 2, 1, 2, 3, 2, 3, 3, 2, 2, 2, 3, 3, 3, 2, 2, 2, 1, 3, 2, 3, 2, 1, 2, 2, 2, 2, 2, 2, 3, 1, 1, 1, 2, 2, 2, 1, 2, 2, 1, 2, 1, 2, 2, 3, 2, 3, 2, 2, 2, 2, 2, 2, 2, 3, 2, 3, 2, 1, 2, 2, 2, 3, 3, 1, 2, 2, 3, 3, 2, 2, 1, 2, 2, 2, 3, 2, 3, 3, 3, 2, 3, 2, 3, 2, 1, 2, 2, 2, 2, 2, 3, 1, 1, 1, 3, 2, 3, 1, 1, 3, 1, 1, 2, 1, 3, 2, 2, 2, 2, 1, 1, 2, 1, 2, 1, 2, 1, 1, 2, 1, 1, 1, 1, 0, 3, 3, 1, 1, 1, 1, 2, 2, 2, 2, 3, 3, 2, 2, 3, 0, 2, 1, 2, 1, 2, 2, 2, 1, 1, 1, 1, 2, 2, 3, 4, 2, 2, 4]

################################################################
################################################################
################### process_jail_download_list: ######################

[11, 8, 9, 10, 8, 8, 13, 9, 14, 11, 15, 15, 16, 9, 16, 8, 9, 10, 11, 9, 8, 9, 10, 11, 8, 9, 9, 9, 9, 9, 10, 9, 10, 9, 10, 8, 9, 8, 9, 9, 9, 8, 9, 9, 9, 10, 9, 10, 6, 8, 10, 10, 10, 9, 9, 9, 8, 9, 10, 8, 8, 9, 10, 10, 10, 10, 9, 9, 9, 10, 9, 10, 8, 10, 9, 10, 8, 9, 9, 9, 10, 8, 8, 9, 8, 9, 9, 8, 9, 8, 9, 9, 9, 7, 9, 9, 9, 10, 9, 9, 8, 8, 7, 8, 9, 8, 8, 7, 8, 8, 7, 8, 9, 8, 7, 8, 7, 8, 7, 9, 8, 8, 9, 8, 7, 7, 8, 8, 8, 8, 9, 8, 8, 8, 9, 8, 8, 8, 10, 10, 9, 9, 9, 8, 9, 9, 8, 8, 8, 8, 7, 8, 7, 8, 7, 9, 8, 9, 8, 8, 9, 8, 8, 9, 9, 9, 6, 8, 7, 10, 8, 7, 7, 7, 8, 8, 10, 7, 7, 8, 7, 9, 9, 9, 8, 9, 9, 9, 9, 8, 9, 8, 9, 9, 9, 8, 8, 9, 9, 9, 10, 9, 9, 9, 9, 9, 9, 8, 10, 8, 7, 8, 8, 9, 9, 8, 9, 10, 7, 9, 9, 8, 7, 9, 8, 8, 8, 8, 7, 8, 8, 9, 9, 9, 9, 9, 9, 9, 10, 9, 8, 10, 9, 9, 9, 9, 9, 9, 10, 10, 10, 8, 9, 8, 8, 8, 9, 9, 8, 8, 9, 9, 8, 8, 9, 8, 8, 8, 9, 8, 8, 10, 7, 8, 8, 10, 9, 9, 9, 8, 9, 8, 9, 10, 10, 10, 10, 9, 9, 8, 9, 8, 8, 10, 10, 10, 9, 9, 9, 9, 9, 11, 8, 9, 10, 10, 11, 11, 10, 9, 10, 11, 9, 9, 10, 10, 9, 10, 9, 10, 9, 10, 9, 8, 9, 9, 9, 9, 9, 9, 9, 9, 8, 10, 10, 9, 9, 8, 8, 8, 8, 8, 8, 8, 7, 9, 7, 9, 8, 9, 8, 7, 8, 9, 9, 7, 8, 8, 9, 7, 8, 8, 8, 7, 7, 7, 7, 9, 8, 10, 8, 8, 7, 8, 9, 9, 8, 9, 9, 9, 9, 9, 9, 10, 10, 10, 10, 9, 10, 9, 8, 8, 9, 9, 10, 8, 8, 8, 8, 7, 9, 8, 7, 9, 9, 7, 8, 8, 8, 8, 8, 7, 8, 7, 7, 8, 9, 9, 9, 8, 7, 8, 10, 9, 9, 9, 9, 8, 9, 7, 9, 8, 8, 8, 8, 9, 10, 8, 9, 10, 9, 10, 8, 9, 8, 8, 10, 9, 9, 9, 8, 9, 10, 9, 9, 8, 9, 8, 10, 9, 8, 9, 9, 9, 9, 9, 8, 9, 10, 9, 9, 8, 10, 9, 10, 10, 10, 10, 10, 9, 10, 10, 9, 9, 9, 9, 9, 9, 9, 10, 9, 10, 9, 10, 9, 9, 9, 9, 9, 9, 9, 9, 10, 10, 10, 8, 8, 9, 9, 9, 9, 9, 9, 8, 9, 9, 9, 10, 9, 9, 8, 9, 9, 8, 9, 9, 9, 9, 7, 7, 9, 9, 9, 8, 8, 10, 9, 8, 8, 9, 9, 7, 8, 9, 8, 9, 7, 9, 8, 8, 7, 7, 7, 7, 8, 8, 9, 9, 8, 7, 8, 8, 8, 9, 9, 9, 9, 9, 9, 8, 9, 9, 9, 8, 8, 8, 9, 9, 10, 8, 10, 8, 10, 9, 9, 8, 10, 9, 9, 9, 9, 10, 9, 8, 8, 10, 9, 8, 9, 9, 8, 8, 9, 9, 9, 7, 9, 8, 9, 9, 9, 8, 8, 8, 8, 10, 9, 10, 10, 9, 8, 9, 9, 10, 10, 8, 8, 8, 8, 10, 8, 9, 8, 8, 9, 8, 8, 8, 8, 9, 9, 7, 7, 7, 8, 9, 9, 8, 9, 8, 7, 8, 7, 8, 8, 10, 9, 9, 8, 9, 9, 9, 9, 8, 9, 9, 9, 9, 9, 9, 9, 8, 9, 9, 10, 8, 9, 8, 10, 9, 9, 9, 9, 9, 8, 9, 10, 9, 10, 9, 9, 9, 9, 9, 9, 8, 8, 9, 9, 9, 8, 8, 9, 7, 8, 7, 9, 8, 9, 7, 8, 9, 8, 7, 8, 7, 9, 8, 9, 9, 8, 8, 7, 8, 8, 8, 7, 8, 8, 8, 8, 8, 7, 8, 7, 7, 10, 10, 8, 8, 8, 7, 7, 8, 8, 9, 9, 9, 9, 9, 9, 7, 9, 7, 8, 7, 8, 9, 8, 8, 8, 7, 8, 8, 9, 9, 9, 9, 8, 10]

################################################################
################################################################
################### process_jail_list: ######################

[7, 6, 6, 7, 6, 6, 6, 6, 6, 7, 6, 6, 6, 7, 6, 7, 7, 6, 7, 6, 6, 7, 6, 7, 6, 7, 6, 6, 7, 6, 7, 7, 6, 6, 7, 6, 6, 7, 6, 6, 7, 6, 7, 7, 7, 7, 6, 7, 6, 6, 6, 7, 7, 6, 7, 7, 6, 6, 7, 7, 6, 6, 8, 8, 8, 7, 6, 6, 7, 7, 7, 7, 6, 7, 6, 7, 6, 7, 7, 7, 7, 7, 6, 7, 6, 7, 7, 6, 7, 6, 7, 6, 7, 6, 7, 7, 6, 7, 7, 7, 6, 7, 6, 6, 6, 6, 7, 6, 6, 6, 6, 6, 7, 7, 6, 6, 6, 7, 6, 6, 6, 7, 7, 6, 6, 6, 7, 6, 7, 6, 7, 7, 6, 7, 7, 6, 6, 6, 7, 6, 7, 6, 7, 6, 6, 7, 7, 7, 7, 6, 6, 6, 6, 6, 6, 6, 6, 7, 6, 6, 7, 6, 6, 7, 7, 6, 5, 6, 6, 7, 6, 6, 6, 6, 7, 6, 7, 6, 6, 6, 6, 7, 7, 7, 6, 7, 7, 5, 7, 6, 7, 6, 7, 7, 7, 6, 6, 7, 6, 6, 7, 6, 6, 7, 6, 7, 7, 6, 7, 6, 6, 7, 6, 6, 7, 7, 6, 6, 6, 6, 6, 6, 6, 7, 6, 7, 6, 7, 6, 6, 7, 7, 7, 7, 7, 7, 7, 7, 7, 7, 6, 7, 6, 7, 7, 7, 7, 7, 7, 7, 7, 6, 7, 6, 6, 7, 7, 6, 6, 7, 7, 6, 7, 6, 6, 7, 6, 7, 7, 7, 7, 7, 6, 6, 6, 7, 7, 6, 7, 6, 7, 6, 7, 7, 7, 8, 7, 7, 7, 6, 7, 6, 6, 7, 7, 7, 6, 7, 6, 6, 6, 8, 6, 7, 7, 7, 7, 7, 8, 7, 7, 8, 7, 7, 7, 7, 7, 7, 7, 7, 7, 7, 7, 6, 7, 7, 7, 7, 7, 7, 7, 7, 7, 8, 7, 7, 7, 7, 7, 7, 6, 7, 6, 6, 6, 6, 6, 6, 6, 6, 6, 6, 7, 7, 7, 7, 6, 6, 6, 6, 6, 6, 7, 6, 6, 6, 6, 7, 6, 7, 6, 6, 6, 6, 7, 6, 6, 7, 7, 7, 7, 7, 7, 8, 8, 8, 8, 7, 7, 6, 7, 6, 7, 7, 7, 6, 7, 6, 7, 6, 6, 6, 6, 7, 6, 6, 6, 7, 6, 7, 6, 6, 6, 6, 6, 7, 6, 7, 7, 7, 6, 7, 6, 7, 7, 7, 6, 6, 7, 6, 7, 6, 6, 6, 6, 7, 7, 6, 7, 7, 7, 7, 6, 7, 6, 6, 7, 6, 6, 6, 6, 6, 7, 7, 7, 6, 7, 6, 7, 7, 6, 6, 7, 7, 7, 7, 6, 7, 7, 7, 7, 6, 7, 6, 7, 7, 7, 7, 7, 7, 8, 7, 7, 7, 7, 7, 7, 7, 7, 7, 7, 7, 7, 8, 6, 7, 6, 7, 7, 6, 7, 7, 8, 8, 7, 6, 6, 6, 7, 7, 7, 6, 7, 6, 6, 7, 6, 7, 7, 7, 6, 6, 7, 6, 7, 6, 6, 7, 6, 6, 7, 6, 6, 6, 6, 7, 7, 6, 7, 7, 6, 6, 7, 7, 6, 7, 6, 7, 6, 6, 6, 6, 6, 6, 6, 7, 7, 6, 6, 6, 6, 6, 7, 7, 7, 7, 7, 7, 7, 7, 7, 6, 7, 7, 7, 6, 6, 7, 7, 6, 7, 6, 7, 7, 6, 6, 7, 6, 6, 7, 6, 7, 6, 6, 6, 7, 7, 6, 7, 7, 6, 6, 7, 7, 7, 6, 7, 6, 7, 7, 7, 7, 6, 7, 6, 7, 7, 7, 7, 7, 6, 7, 6, 7, 7, 6, 6, 6, 7, 7, 6, 6, 6, 7, 7, 6, 6, 6, 6, 7, 6, 6, 6, 6, 6, 7, 7, 7, 7, 6, 6, 6, 6, 6, 6, 7, 7, 6, 6, 7, 7, 7, 7, 6, 7, 6, 7, 6, 7, 8, 7, 6, 7, 6, 7, 7, 7, 6, 7, 6, 7, 7, 8, 7, 6, 7, 7, 7, 7, 6, 6, 7, 6, 7, 6, 6, 7, 7, 7, 7, 6, 6, 6, 6, 7, 6, 6, 6, 6, 6, 7, 6, 7, 6, 6, 6, 6, 6, 7, 7, 6, 7, 6, 6, 7, 6, 6, 6, 7, 7, 6, 7, 6, 7, 6, 7, 7, 7, 7, 7, 7, 6, 5, 6, 6, 7, 6, 6, 7, 7, 6, 7, 7, 6, 6, 6, 6, 7, 6, 7, 7, 6, 7, 6, 7, 6, 5, 7, 6, 6]