Numero total de amostras 770

Tempo total de processamento: 0:43:27

############## TEMPOS DE PROCESSAMENTO DO EXERCICIO NO JAIL  ####################
Soma 4594 segundos
Media 5.966233766233766 segundos
Desvio padr達o 0.3123477871836821 segundos
Minimo 5 segundos
Maximo 7 segundos

95% 5.0 segundos
99% 5.0 segundos

############## TEMPOS DE PROCESSAMENTO DO EXERCICIO NO JAIL COM DOWNLOAD  ################
Soma 5223 segundos
Media 6.783116883116883 segundos
Desvio padr達o 0.6208294822884918 segundos
Minimo 6 segundos
Maximo 13 segundos

95% 6.0 segundos
99% 6.0 segundos

################### TEMPOS DE DOWNLOAD DO EXERCICIO NO JAIL #######################
Soma 629 segundos
Media 0.8168831168831169 segundos
Desvio padr達o 0.5642838461852419 segundos
Minimo 0 segundos
Maximo 7 segundos

95% 0.0 segundos
99% 0.0 segundos

############################ TEMPOS DE ESPERA NA FILA ############################
Soma 771726
Media 1002.2415584415585 segundos
Desvio padr達o 555.1345631538005 segundos
Minimo 6 segundos
Maximo 1956 segundos

95% 32.221999999999994 segundos
99% 33.4524 segundos

################### queue_wait_time_list: ######################

[23, 31, 24, 30, 6, 7, 42, 87, 17, 18, 37, 35, 43, 49, 56, 70, 56, 62, 82, 69, 75, 81, 92, 98, 103, 98, 109, 114, 109, 120, 126, 120, 131, 131, 136, 141, 141, 147, 152, 152, 157, 162, 167, 173, 167, 178, 179, 49, 63, 76, 185, 190, 195, 195, 201, 206, 206, 211, 216, 221, 227, 222, 232, 236, 232, 242, 248, 242, 253, 253, 259, 263, 264, 269, 276, 274, 280, 286, 290, 295, 291, 301, 306, 302, 312, 318, 312, 319, 324, 329, 335, 334, 339, 344, 1354, 87, 93, 104, 115, 350, 355, 355, 360, 365, 365, 371, 375, 381, 386, 381, 392, 398, 393, 402, 409, 403, 414, 413, 419, 424, 423, 430, 435, 434, 439, 444, 449, 455, 451, 460, 466, 460, 471, 476, 471, 476, 482, 487, 492, 492, 497, 503, 1354, 125, 136, 146, 503, 508, 513, 512, 518, 523, 523, 527, 532, 536, 542, 538, 547, 552, 547, 557, 562, 557, 567, 566, 572, 577, 576, 581, 587, 587, 591, 596, 601, 607, 602, 611, 616, 611, 620, 626, 622, 626, 631, 636, 641, 641, 646, 650, 1365, 650, 655, 157, 1374, 162, 174, 185, 189, 661, 665, 669, 674, 671, 675, 680, 684, 690, 690, 694, 699, 699, 705, 709, 710, 714, 719, 724, 729, 724, 734, 738, 734, 744, 749, 744, 753, 753, 758, 763, 763, 768, 773, 773, 778, 783, 788, 793, 788, 798, 798, 1384, 1393, 1442, 803, 1446, 1457, 803, 1466, 807, 808, 813, 813, 200, 1403, 1408, 1418, 818, 1427, 1472, 818, 1481, 1491, 823, 823, 828, 828, 833, 833, 838, 838, 842, 211, 216, 227, 237, 848, 853, 853, 858, 862, 862, 868, 872, 877, 882, 877, 887, 892, 887, 898, 903, 897, 907, 907, 913, 917, 917, 922, 927, 927, 931, 937, 942, 946, 942, 952, 957, 952, 962, 966, 962, 967, 972, 976, 981, 981, 987, 991, 247, 259, 269, 281, 996, 1002, 1001, 1006, 1011, 1011, 1015, 1020, 1026, 1030, 1026, 1036, 1040, 1036, 1045, 1050, 1045, 1056, 1055, 1060, 1065, 1065, 1070, 1075, 1075, 1080, 1085, 1090, 1095, 1090, 1100, 1105, 1100, 1110, 1115, 1110, 1115, 1121, 1125, 1130, 1130, 1135, 1140, 1530, 1556, 1560, 1141, 1145, 1570, 1580, 1624, 1633, 1644, 286, 1534, 297, 307, 324, 1150, 1156, 1155, 1160, 1165, 1165, 1170, 1176, 1180, 1185, 1180, 1190, 1195, 1191, 1200, 1205, 1200, 1210, 1209, 1215, 1220, 1220, 1224, 1230, 1229, 1234, 1239, 1244, 1250, 1245, 1255, 1259, 1255, 1265, 1269, 1265, 1270, 1274, 1280, 1285, 1285, 1290, 1294, 1544, 1594, 1599, 1295, 1609, 1618, 1300, 1300, 1304, 1305, 329, 339, 349, 1339, 1334, 1309, 1334, 1309, 1339, 1314, 1315, 1343, 1319, 1344, 1319, 1324, 1349, 1349, 1324, 1657, 1328, 1662, 1671, 1329, 1716, 1740, 1746, 1756, 1766, 345, 360, 369, 377, 1359, 1363, 1359, 1369, 1374, 1369, 1378, 1378, 1384, 1389, 1388, 1393, 1399, 1398, 1403, 1407, 1412, 1417, 1412, 1422, 1427, 1422, 1432, 1437, 1432, 1437, 1442, 1446, 1452, 1451, 1457, 1461, 1461, 1466, 1476, 1471, 1480, 1476, 1486, 1491, 1487, 1496, 1496, 1727, 1771, 1500, 1502, 1506, 1506, 1510, 1511, 1515, 1515, 1521, 1521, 1525, 1525, 1530, 1717, 387, 398, 407, 418, 1535, 1540, 1540, 1545, 1550, 1549, 1555, 1560, 1564, 1569, 1565, 1575, 1579, 1576, 1584, 1588, 1585, 1591, 1595, 1600, 1605, 1604, 1610, 1614, 1613, 1620, 1628, 1623, 1632, 1629, 1637, 1643, 1639, 1647, 1652, 1648, 1653, 1659, 1663, 1668, 1667, 1673, 1677, 1678, 1682, 1683, 1686, 1782, 1792, 1841, 1847, 1856, 1866, 1871, 1882, 429, 1900, 1909, 1687, 1692, 1693, 1697, 1698, 1701, 1702, 1706, 1707, 1711, 1712, 1805, 1810, 1820, 1830, 1894, 440, 446, 455, 466, 1720, 1726, 1721, 1731, 1735, 1732, 1736, 1742, 1747, 1752, 1751, 1757, 1762, 1761, 1767, 1775, 1770, 1781, 1777, 1785, 1790, 1787, 1795, 1800, 1797, 1802, 1806, 1812, 1817, 1815, 1821, 1827, 1825, 1832, 1837, 1835, 1840, 1845, 1849, 1855, 1850, 1859, 1862, 482, 487, 497, 508, 517, 528, 532, 542, 552, 561, 572, 581, 592, 596, 607, 616, 631, 635, 646, 1865, 660, 1870, 1875, 1879, 1876, 1885, 1890, 1886, 1891, 1895, 1901, 1906, 1904, 1910, 1915, 1914, 1921, 1929, 1925, 1934, 1930, 1939, 1944, 1941, 1950, 1954, 1950, 655, 665, 714, 1920, 680, 684, 694, 704, 719, 729, 738, 749, 758, 768, 778, 783, 793, 1060, 843, 848, 857, 868, 872, 883, 892, 902, 912, 922, 932, 937, 948, 957, 972, 976, 986, 1071, 991, 996, 1006, 1017, 1021, 1030, 1040, 1050, 1080, 1085, 1095, 1105, 1119, 1125, 1135, 1150, 1145, 1160, 1204, 1215, 1224, 1926, 1936, 1945, 1956, 1170, 1176, 1185, 1195, 1235, 1239, 1250, 1259, 1274, 1279, 1289]

################################################################
################### jail_ex_download_list: ######################

[2, 2, 2, 2, 7, 7, 2, 1, 2, 2, 2, 2, 2, 2, 1, 2, 1, 2, 1, 2, 2, 2, 1, 1, 1, 2, 0, 1, 1, 1, 1, 1, 1, 1, 1, 1, 1, 1, 1, 1, 1, 1, 1, 1, 1, 1, 1, 2, 2, 2, 1, 1, 1, 1, 1, 1, 1, 1, 1, 1, 1, 1, 1, 1, 1, 1, 1, 1, 1, 1, 1, 1, 1, 2, 1, 1, 1, 0, 1, 1, 0, 1, 2, 1, 1, 0, 1, 1, 1, 1, 1, 1, 1, 1, 1, 1, 1, 1, 1, 1, 1, 1, 1, 1, 1, 1, 1, 1, 1, 1, 1, 0, 1, 1, 1, 1, 1, 1, 1, 1, 1, 1, 1, 1, 1, 1, 1, 1, 1, 0, 1, 1, 1, 1, 1, 1, 1, 1, 1, 1, 1, 1, 1, 1, 1, 1, 1, 1, 0, 1, 1, 1, 0, 1, 1, 1, 1, 0, 0, 1, 1, 1, 0, 1, 1, 1, 1, 0, 1, 1, 1, 0, 1, 1, 1, 0, 1, 1, 1, 1, 1, 1, 0, 1, 1, 0, 1, 1, 1, 1, 0, 1, 0, 1, 0, 1, 1, 1, 1, 0, 1, 1, 1, 0, 1, 0, 1, 0, 0, 1, 1, 1, 1, 1, 0, 1, 0, 1, 1, 1, 0, 1, 0, 1, 0, 1, 1, 1, 0, 1, 1, 1, 0, 0, 1, 1, 0, 1, 0, 1, 1, 0, 1, 0, 1, 1, 0, 1, 0, 1, 1, 1, 1, 1, 1, 0, 1, 0, 1, 0, 0, 1, 1, 0, 0, 1, 1, 1, 1, 0, 1, 1, 1, 1, 1, 1, 1, 1, 1, 0, 1, 1, 0, 1, 1, 0, 1, 1, 1, 1, 0, 0, 1, 1, 1, 1, 1, 1, 1, 1, 1, 1, 1, 0, 1, 1, 1, 1, 1, 0, 1, 1, 1, 1, 1, 1, 0, 0, 1, 1, 1, 1, 1, 1, 0, 0, 1, 1, 0, 1, 1, 0, 1, 1, 1, 0, 1, 1, 1, 1, 0, 0, 1, 1, 1, 1, 1, 1, 1, 0, 1, 1, 1, 1, 0, 1, 1, 0, 1, 0, 0, 1, 1, 1, 1, 0, 1, 1, 1, 0, 1, 1, 1, 1, 1, 1, 1, 1, 1, 1, 0, 1, 0, 0, 1, 1, 1, 1, 0, 1, 1, 1, 0, 1, 0, 0, 0, 1, 1, 1, 1, 0, 0, 1, 1, 1, 1, 1, 1, 1, 1, 0, 1, 0, 1, 1, 1, 0, 1, 1, 1, 0, 0, 1, 1, 1, 0, 1, 0, 0, 1, 1, 1, 0, 0, 1, 1, 0, 1, 1, 1, 1, 1, 0, 1, 1, 1, 0, 1, 1, 1, 1, 1, 0, 1, 1, 1, 0, 0, 1, 1, 0, 0, 1, 1, 2, 0, 0, 1, 1, 1, 0, 1, 1, 1, 1, 0, 1, 1, 0, 1, 1, 1, 1, 1, 1, 1, 1, 1, 0, 1, 1, 1, 1, 1, 1, 1, 0, 1, 1, 1, 1, 1, 1, 1, 1, 1, 1, 0, 1, 1, 1, 1, 0, 1, 1, 1, 0, 1, 1, 0, 1, 1, 1, 1, 1, 0, 1, 1, 1, 0, 1, 1, 1, 1, 1, 1, 0, 1, 1, 1, 0, 1, 0, 0, 1, 1, 0, 1, 0, 1, 1, 0, 1, 1, 0, 1, 1, 1, 1, 1, 0, 1, 1, 1, 1, 1, 0, 1, 0, 0, 0, 1, 1, 0, 0, 1, 1, 0, 1, 0, 1, 1, 1, 0, 1, 0, 1, 1, 1, 1, 0, 0, 1, 1, 0, 0, 1, 1, 1, 0, 1, 0, 1, 1, 1, 1, 1, 1, 1, 1, 0, 1, 0, 1, 1, 1, 1, 0, 0, 1, 1, 1, 1, 1, 1, 1, 1, 1, 1, 1, 1, 1, 0, 1, 1, 0, 1, 1, 1, 1, 1, 0, 1, 1, 0, 1, 1, 1, 1, 0, 1, 1, 1, 0, 1, 0, 1, 1, 0, 1, 0, 1, 0, 1, 0, 1, 0, 1, 0, 1, 1, 1, 0, 1, 1, 1, 0, 1, 1, 1, 1, 0, 1, 1, 1, 1, 1, 1, 0, 1, 1, 1, 1, 0, 0, 1, 1, 1, 1, 1, 0, 0, 1, 1, 1, 0, 1, 1, 0, 0, 1, 1, 1, 1, 1, 0, 1, 1, 0, 1, 0, 1, 1, 0, 1, 1, 1, 0, 1, 0, 1, 1, 0, 1, 1, 1, 0, 1, 1, 1, 1, 1, 0, 1, 1, 1, 1, 0, 0, 1, 1, 1, 1, 1, 1, 1, 1, 0, 1, 0, 1, 1, 0, 1, 1, 1, 1, 1, 1]

################################################################
################################################################
################### process_jail_download_list: ######################

[8, 8, 8, 8, 13, 13, 8, 7, 8, 8, 9, 9, 8, 9, 7, 8, 7, 8, 7, 8, 8, 8, 7, 7, 8, 8, 6, 8, 7, 7, 7, 7, 7, 7, 7, 7, 7, 7, 7, 7, 7, 7, 7, 7, 8, 8, 7, 9, 8, 8, 7, 7, 7, 7, 7, 7, 7, 7, 7, 7, 7, 7, 6, 8, 7, 7, 7, 7, 7, 7, 7, 7, 7, 8, 7, 7, 8, 6, 7, 7, 7, 7, 8, 7, 8, 7, 8, 7, 7, 7, 7, 7, 7, 7, 7, 7, 7, 7, 7, 7, 7, 7, 7, 7, 7, 7, 7, 7, 7, 8, 8, 6, 7, 7, 7, 7, 7, 7, 7, 7, 7, 7, 7, 7, 7, 7, 7, 7, 6, 7, 7, 7, 7, 7, 7, 7, 7, 7, 7, 7, 7, 7, 7, 7, 7, 7, 7, 7, 6, 7, 7, 7, 6, 7, 6, 7, 7, 6, 6, 7, 7, 6, 6, 7, 7, 7, 7, 6, 7, 7, 7, 6, 7, 7, 7, 6, 7, 7, 6, 7, 7, 7, 6, 7, 7, 6, 7, 7, 6, 7, 6, 7, 6, 7, 6, 7, 7, 7, 7, 6, 6, 7, 7, 6, 7, 6, 7, 6, 6, 7, 7, 7, 6, 7, 6, 7, 6, 7, 7, 7, 6, 7, 6, 7, 6, 7, 7, 7, 6, 7, 7, 7, 6, 6, 7, 7, 6, 7, 6, 7, 7, 6, 6, 6, 6, 7, 6, 6, 6, 7, 7, 7, 7, 7, 7, 6, 6, 6, 7, 6, 7, 7, 7, 6, 6, 7, 7, 7, 7, 6, 7, 7, 7, 7, 7, 7, 7, 7, 6, 6, 7, 7, 6, 7, 7, 6, 7, 7, 7, 7, 6, 6, 7, 7, 7, 6, 7, 7, 7, 6, 6, 7, 7, 6, 7, 7, 7, 7, 7, 6, 7, 6, 7, 6, 7, 7, 6, 6, 7, 7, 7, 7, 7, 7, 6, 6, 7, 7, 6, 7, 7, 6, 7, 6, 7, 6, 7, 7, 7, 7, 6, 6, 7, 6, 7, 7, 7, 7, 6, 6, 7, 7, 7, 7, 6, 6, 7, 6, 7, 7, 6, 7, 7, 7, 7, 6, 7, 6, 7, 6, 7, 7, 7, 7, 7, 6, 7, 7, 7, 7, 7, 7, 6, 6, 7, 7, 7, 7, 6, 7, 7, 7, 6, 7, 6, 6, 6, 7, 7, 7, 7, 6, 6, 7, 7, 6, 7, 7, 7, 7, 7, 6, 7, 6, 6, 7, 7, 6, 7, 7, 7, 6, 6, 7, 7, 7, 6, 7, 6, 6, 6, 7, 7, 6, 6, 7, 7, 6, 7, 7, 7, 7, 7, 6, 6, 7, 7, 6, 7, 6, 7, 7, 7, 6, 7, 7, 7, 6, 6, 7, 7, 6, 6, 6, 7, 8, 6, 6, 7, 7, 7, 6, 7, 7, 7, 7, 6, 7, 7, 6, 7, 6, 7, 6, 7, 7, 7, 7, 7, 6, 7, 6, 7, 6, 7, 7, 7, 6, 7, 7, 7, 6, 7, 7, 7, 7, 7, 6, 6, 7, 7, 7, 7, 6, 6, 7, 7, 6, 7, 7, 6, 6, 7, 7, 6, 6, 7, 7, 7, 7, 6, 7, 6, 7, 7, 7, 7, 6, 7, 7, 7, 6, 7, 6, 6, 7, 7, 6, 7, 6, 7, 7, 6, 7, 7, 6, 6, 7, 7, 6, 7, 6, 7, 7, 7, 7, 7, 6, 7, 6, 6, 6, 7, 7, 6, 6, 7, 7, 6, 7, 6, 7, 7, 7, 6, 7, 6, 7, 7, 7, 7, 6, 6, 7, 7, 6, 6, 7, 7, 7, 6, 7, 6, 7, 7, 7, 7, 7, 7, 7, 7, 6, 7, 6, 7, 7, 7, 7, 7, 6, 7, 7, 6, 7, 7, 6, 7, 7, 7, 7, 6, 7, 7, 6, 7, 7, 6, 7, 7, 7, 7, 7, 6, 7, 7, 6, 7, 6, 7, 7, 6, 7, 7, 7, 6, 7, 6, 7, 7, 6, 7, 6, 7, 6, 7, 6, 7, 6, 7, 6, 7, 7, 7, 6, 7, 7, 7, 6, 7, 6, 7, 7, 6, 7, 7, 7, 7, 7, 7, 6, 6, 7, 7, 7, 6, 6, 7, 7, 7, 7, 7, 7, 6, 7, 7, 7, 6, 7, 7, 6, 6, 7, 7, 7, 7, 7, 6, 7, 7, 6, 7, 6, 7, 7, 6, 7, 7, 7, 6, 7, 6, 7, 7, 6, 7, 7, 7, 6, 7, 7, 6, 7, 7, 6, 7, 7, 7, 7, 7, 7, 7, 7, 7, 7, 7, 6, 7, 7, 6, 7, 6, 7, 7, 6, 7, 7, 7, 7, 7, 7]

################################################################
################################################################
################### process_jail_list: ######################

[6, 6, 6, 6, 6, 6, 6, 6, 6, 6, 7, 7, 6, 7, 6, 6, 6, 6, 6, 6, 6, 6, 6, 6, 7, 6, 6, 7, 6, 6, 6, 6, 6, 6, 6, 6, 6, 6, 6, 6, 6, 6, 6, 6, 7, 7, 6, 7, 6, 6, 6, 6, 6, 6, 6, 6, 6, 6, 6, 6, 6, 6, 5, 7, 6, 6, 6, 6, 6, 6, 6, 6, 6, 6, 6, 6, 7, 6, 6, 6, 7, 6, 6, 6, 7, 7, 7, 6, 6, 6, 6, 6, 6, 6, 6, 6, 6, 6, 6, 6, 6, 6, 6, 6, 6, 6, 6, 6, 6, 7, 7, 6, 6, 6, 6, 6, 6, 6, 6, 6, 6, 6, 6, 6, 6, 6, 6, 6, 5, 7, 6, 6, 6, 6, 6, 6, 6, 6, 6, 6, 6, 6, 6, 6, 6, 6, 6, 6, 6, 6, 6, 6, 6, 6, 5, 6, 6, 6, 6, 6, 6, 5, 6, 6, 6, 6, 6, 6, 6, 6, 6, 6, 6, 6, 6, 6, 6, 6, 5, 6, 6, 6, 6, 6, 6, 6, 6, 6, 5, 6, 6, 6, 6, 6, 6, 6, 6, 6, 6, 6, 5, 6, 6, 6, 6, 6, 6, 6, 6, 6, 6, 6, 5, 6, 6, 6, 6, 6, 6, 6, 6, 6, 6, 6, 6, 6, 6, 6, 6, 6, 6, 6, 6, 6, 6, 6, 6, 6, 6, 6, 6, 6, 5, 6, 5, 6, 6, 5, 6, 6, 6, 6, 6, 6, 6, 6, 5, 6, 6, 6, 7, 6, 6, 6, 6, 6, 6, 6, 6, 6, 6, 6, 6, 6, 6, 6, 6, 6, 5, 6, 6, 6, 6, 6, 6, 6, 6, 6, 6, 6, 6, 6, 6, 6, 6, 5, 6, 6, 6, 5, 5, 6, 6, 6, 6, 6, 6, 6, 6, 6, 6, 5, 6, 5, 6, 6, 6, 6, 6, 6, 6, 6, 6, 6, 6, 6, 6, 6, 6, 6, 6, 6, 6, 5, 6, 6, 6, 6, 6, 6, 6, 6, 6, 5, 6, 6, 6, 6, 5, 6, 6, 6, 6, 6, 6, 5, 6, 6, 6, 7, 6, 6, 6, 6, 6, 6, 6, 5, 6, 6, 6, 6, 6, 6, 6, 5, 6, 6, 6, 6, 7, 6, 6, 6, 6, 6, 6, 6, 6, 6, 6, 6, 6, 6, 6, 6, 6, 6, 6, 6, 6, 6, 6, 6, 6, 5, 6, 6, 6, 6, 6, 6, 6, 6, 5, 6, 6, 6, 6, 6, 6, 6, 6, 6, 6, 6, 6, 6, 6, 6, 5, 6, 6, 6, 6, 6, 6, 6, 6, 6, 6, 6, 6, 6, 5, 6, 6, 6, 6, 5, 6, 6, 6, 6, 6, 6, 6, 6, 6, 6, 6, 6, 6, 5, 6, 6, 6, 6, 6, 6, 6, 6, 6, 6, 6, 6, 6, 6, 6, 6, 6, 5, 6, 5, 6, 6, 6, 6, 6, 6, 6, 5, 6, 5, 6, 6, 6, 6, 6, 6, 6, 5, 6, 6, 6, 6, 6, 5, 6, 6, 6, 6, 6, 6, 5, 6, 6, 6, 6, 6, 6, 5, 6, 6, 5, 5, 7, 6, 6, 6, 6, 6, 5, 6, 6, 6, 6, 6, 6, 6, 6, 6, 6, 6, 6, 6, 6, 6, 6, 6, 6, 6, 6, 6, 6, 6, 5, 6, 6, 5, 6, 6, 6, 6, 6, 6, 6, 6, 6, 6, 6, 6, 6, 6, 6, 6, 6, 6, 6, 6, 6, 6, 6, 6, 6, 6, 6, 6, 6, 6, 6, 6, 6, 6, 6, 6, 6, 6, 6, 6, 6, 6, 6, 6, 6, 6, 6, 6, 6, 6, 6, 6, 6, 6, 6, 6, 6, 6, 7, 6, 6, 6, 5, 6, 6, 5, 6, 6, 6, 6, 5, 6, 6, 6, 6, 6, 6, 6, 6, 6, 6, 6, 6, 6, 6, 6, 6, 5, 6, 6, 6, 6, 6, 6, 6, 6, 6, 6, 6, 6, 6, 6, 6, 6, 6, 6, 6, 6, 6, 6, 6, 6, 6, 6, 6, 6, 6, 6, 6, 5, 6, 6, 6, 6, 6, 6, 6, 6, 6, 6, 5, 6, 6, 6, 6, 6, 6, 6, 6, 6, 6, 7, 6, 6, 6, 6, 6, 6, 6, 6, 6, 6, 6, 6, 6, 6, 6, 6, 6, 6, 6, 6, 6, 6, 6, 6, 6, 6, 6, 6, 6, 6, 6, 6, 6, 6, 6, 6, 6, 6, 5, 6, 6, 6, 6, 6, 6, 6, 7, 7, 6, 6, 6, 6, 6, 5, 6, 6, 6, 6, 6, 6, 6, 6, 6, 6, 6, 6, 6, 6]

################################################################
