Numero total de amostras 770

Tempo total de processamento: 1:25:41

############## TEMPOS DE PROCESSAMENTO DO EXERCICIO NO JAIL  ####################
Soma 4550 segundos
Media 5.909090909090909 segundos
Desvio padr達o 0.32560904698088 segundos
Minimo 5 segundos
Maximo 8 segundos

95% 5.0 segundos
99% 5.0 segundos

############## TEMPOS DE PROCESSAMENTO DO EXERCICIO NO JAIL COM DOWNLOAD  ################
Soma 5147 segundos
Media 6.684415584415585 segundos
Desvio padr達o 0.5903036715896243 segundos
Minimo 6 segundos
Maximo 14 segundos

95% 6.0 segundos
99% 6.0 segundos

################### TEMPOS DE DOWNLOAD DO EXERCICIO NO JAIL #######################
Soma 597 segundos
Media 0.7753246753246753 segundos
Desvio padr達o 0.5223960392830911 segundos
Minimo 0 segundos
Maximo 7 segundos

95% 0.0 segundos
99% 0.0 segundos

############################ TEMPOS DE ESPERA NA FILA ############################
Soma 1741090
Media 2261.155844155844 segundos
Desvio padr達o 1289.6824955580976 segundos
Minimo 8 segundos
Maximo 4490 segundos

95% 64.833 segundos
99% 66.6786 segundos

################### queue_wait_time_list: ######################

[3284, 40, 51, 8, 22, 34, 57, 63, 76, 81, 88, 98, 105, 111, 122, 128, 141, 146, 152, 164, 171, 176, 186, 191, 202, 209, 215, 229, 234, 241, 253, 258, 264, 276, 282, 294, 299, 305, 316, 323, 328, 340, 345, 352, 364, 369, 380, 386, 3307, 46, 69, 404, 410, 421, 427, 433, 444, 451, 458, 470, 477, 481, 494, 497, 510, 517, 522, 534, 540, 546, 557, 564, 576, 584, 588, 599, 606, 610, 621, 628, 635, 647, 653, 666, 671, 677, 688, 694, 700, 711, 717, 724, 735, 741, 752, 758, 3331, 92, 117, 134, 770, 781, 787, 792, 805, 810, 816, 827, 833, 838, 851, 856, 867, 873, 879, 891, 897, 902, 914, 919, 925, 937, 943, 954, 960, 966, 977, 984, 990, 1001, 1008, 1019, 1025, 1030, 1042, 1049, 1054, 1066, 1070, 1077, 1088, 1095, 1106, 1112, 1164, 3355, 1118, 1211, 1170, 1124, 1251, 1130, 1176, 1217, 1136, 1286, 1181, 1142, 3378, 1222, 1147, 1187, 1258, 1153, 3395, 1193, 1158, 1228, 3470, 1264, 1199, 1234, 1204, 1269, 1240, 1246, 1275, 1280, 158, 3488, 181, 196, 1298, 1304, 1315, 1321, 1333, 1338, 1344, 1355, 1361, 1367, 1379, 1385, 1396, 1402, 1408, 1420, 1426, 1432, 1443, 1449, 1456, 1467, 1472, 1483, 1489, 1496, 1507, 1513, 1519, 1530, 1536, 1542, 1554, 1560, 1571, 1578, 1584, 1595, 1601, 1607, 1619, 1624, 1635, 1641, 3511, 3534, 1647, 1703, 1755, 1652, 1710, 1658, 3557, 1761, 1664, 1715, 3575, 1670, 3599, 1721, 1675, 1767, 3622, 1681, 1727, 1686, 1773, 1732, 1692, 3647, 3663, 1699, 1739, 1778, 3687, 1743, 3710, 1785, 1750, 3728, 222, 3750, 247, 1797, 1802, 1814, 1821, 1826, 1837, 1843, 1849, 1861, 1865, 1871, 1883, 1889, 1901, 1906, 1912, 1923, 1929, 1934, 1947, 1952, 1962, 1968, 1975, 1987, 1993, 1998, 2009, 2015, 2020, 2033, 2038, 2050, 2056, 2063, 2074, 2079, 2085, 2096, 2103, 2108, 2119, 2125, 2136, 2143, 3773, 2148, 3796, 3814, 3836, 3854, 3871, 3895, 3917, 3935, 3957, 3981, 4005, 270, 4022, 288, 311, 2159, 2165, 2177, 2183, 2194, 2199, 2205, 2217, 2223, 2229, 2240, 2246, 2258, 2264, 2270, 2281, 2287, 2293, 2306, 2311, 2317, 2329, 2333, 2347, 2352, 2358, 2369, 2375, 2380, 2392, 2398, 2403, 2414, 2420, 2432, 2438, 2444, 2455, 2461, 2467, 2479, 2485, 2496, 2503, 4044, 2567, 2509, 2619, 4068, 2515, 2572, 2519, 2625, 2578, 2526, 4091, 4108, 2532, 2585, 2631, 2537, 4131, 2591, 2544, 4154, 2637, 2550, 2596, 4172, 2555, 2602, 2561, 2643, 2608, 2613, 334, 4345, 358, 375, 2654, 2665, 2672, 2678, 2689, 2694, 2700, 2712, 2718, 2723, 2734, 2740, 2752, 2758, 2763, 2774, 2780, 2785, 2798, 2804, 2810, 2821, 2826, 2839, 2844, 2850, 2861, 2868, 2873, 2884, 2890, 2901, 2907, 2912, 2925, 2930, 2936, 2947, 2954, 2959, 2971, 2976, 2988, 2994, 4368, 3000, 4386, 4409, 3006, 4431, 4449, 3011, 4473, 3017, 3023, 3028, 3035, 3041, 3047, 3272, 3279, 3290, 393, 3296, 3301, 398, 3312, 3319, 3325, 3337, 3342, 3348, 416, 3058, 3070, 3076, 3081, 3093, 3098, 3104, 3116, 3122, 3127, 3139, 3144, 3156, 3162, 3168, 3179, 3185, 3190, 3203, 3208, 3220, 3226, 3232, 3243, 3249, 3255, 3266, 3360, 3366, 3372, 3383, 3389, 3401, 3407, 3412, 3418, 3423, 3429, 3436, 3441, 3447, 3453, 3459, 3465, 439, 464, 3476, 3482, 3494, 3500, 3505, 3516, 3523, 3529, 3540, 3546, 3551, 3563, 3569, 3581, 3586, 3592, 3605, 3610, 3616, 3628, 3634, 3640, 3652, 3658, 3669, 3675, 3681, 3693, 3699, 3704, 3715, 3721, 3733, 3739, 3744, 3756, 3762, 3768, 3779, 3785, 3790, 3802, 3807, 3819, 3825, 3830, 487, 504, 529, 3842, 3849, 3860, 3866, 3877, 3883, 3888, 3900, 3906, 3912, 3923, 3928, 3941, 3946, 3952, 3964, 3970, 3975, 3987, 3992, 3998, 4010, 4016, 4027, 4033, 4039, 4051, 4057, 4062, 4073, 4079, 4085, 4097, 4102, 4114, 4119, 4125, 4137, 4143, 4147, 4160, 4166, 4178, 4183, 4287, 4241, 4189, 4334, 4195, 4246, 4294, 4200, 4252, 4206, 4299, 4212, 4258, 4339, 4218, 4264, 4224, 4304, 4230, 4270, 4235, 4310, 4276, 4316, 4281, 4322, 4328, 553, 570, 594, 617, 642, 659, 682, 705, 729, 746, 995, 764, 776, 798, 822, 844, 862, 886, 908, 932, 949, 972, 1013, 1036, 1060, 1083, 1101, 1292, 1309, 4351, 4356, 4362, 4375, 4381, 4392, 4398, 4404, 4416, 4421, 4427, 4438, 4444, 4456, 4461, 4467, 4478, 4484, 4490, 1326, 1350, 1373, 1391, 1413, 1438, 1461, 1478, 1502, 1524, 1548, 1565, 1590, 1612, 1630, 1791, 1808, 1832, 1854, 1877, 1894, 1918, 1941, 1957, 1981, 2004, 2027, 2044, 2068, 2091, 2114, 2130, 2276, 2154, 2170, 2188, 2210, 2235, 2252, 2299, 2323, 2340, 2363, 2387, 2408, 2426, 2449, 2473, 2490, 2648, 2660, 2683, 2706, 2729, 2745, 2769, 2792, 2815, 2832, 2855, 2879, 2896, 2918, 2941, 2965, 2982, 3052, 3064, 3087, 3111, 3133, 3150, 3173, 3197, 3214, 3238, 3260]

################################################################
################### jail_ex_download_list: ######################

[1, 1, 1, 6, 7, 1, 1, 1, 0, 2, 1, 1, 1, 1, 1, 1, 1, 1, 1, 1, 1, 1, 1, 0, 1, 0, 1, 1, 1, 1, 1, 0, 1, 1, 1, 0, 1, 0, 1, 0, 1, 0, 1, 1, 0, 1, 1, 1, 1, 1, 1, 1, 1, 1, 1, 1, 1, 1, 1, 1, 0, 1, 0, 1, 1, 1, 1, 1, 1, 1, 1, 1, 2, 0, 1, 1, 1, 1, 1, 1, 1, 1, 1, 0, 1, 0, 0, 1, 1, 1, 1, 0, 1, 1, 1, 0, 1, 1, 0, 1, 1, 1, 0, 1, 0, 1, 1, 1, 1, 1, 0, 1, 1, 1, 1, 1, 0, 1, 0, 1, 1, 1, 1, 0, 1, 1, 1, 1, 0, 1, 0, 1, 0, 1, 1, 0, 1, 0, 1, 1, 1, 1, 1, 1, 0, 0, 1, 1, 1, 0, 1, 1, 1, 0, 1, 1, 1, 0, 0, 1, 1, 1, 1, 0, 1, 1, 1, 1, 1, 0, 1, 1, 1, 1, 1, 1, 1, 1, 1, 1, 1, 1, 1, 1, 1, 0, 0, 1, 1, 1, 1, 0, 1, 1, 1, 1, 0, 1, 1, 1, 1, 1, 0, 0, 1, 1, 1, 1, 1, 1, 0, 1, 1, 1, 1, 0, 1, 1, 1, 1, 1, 0, 0, 1, 1, 1, 0, 1, 0, 1, 1, 1, 0, 0, 1, 1, 1, 1, 1, 1, 1, 1, 1, 1, 1, 1, 0, 1, 1, 1, 1, 0, 1, 0, 0, 1, 1, 1, 1, 1, 0, 0, 1, 1, 1, 0, 1, 1, 0, 1, 1, 1, 0, 0, 1, 1, 1, 0, 1, 1, 1, 1, 1, 1, 0, 1, 1, 1, 1, 1, 0, 1, 1, 0, 1, 1, 1, 1, 1, 0, 1, 1, 1, 1, 0, 1, 1, 1, 1, 0, 1, 1, 1, 1, 1, 1, 1, 0, 1, 1, 1, 1, 0, 1, 0, 1, 1, 1, 0, 1, 0, 0, 1, 0, 1, 1, 1, 1, 1, 1, 1, 1, 1, 1, 1, 0, 1, 1, 0, 1, 0, 1, 1, 1, 0, 1, 1, 1, 1, 1, 1, 1, 1, 0, 1, 1, 0, 1, 1, 1, 1, 1, 0, 1, 1, 0, 0, 1, 1, 0, 1, 1, 1, 1, 0, 1, 1, 1, 0, 0, 1, 1, 1, 0, 1, 1, 1, 1, 1, 1, 0, 1, 1, 1, 1, 1, 1, 1, 1, 0, 0, 1, 0, 1, 0, 1, 1, 1, 1, 0, 1, 1, 0, 1, 1, 0, 0, 1, 1, 1, 1, 1, 1, 0, 1, 1, 1, 1, 0, 1, 0, 1, 0, 1, 1, 1, 0, 1, 0, 1, 1, 1, 1, 1, 0, 1, 1, 1, 0, 1, 0, 1, 1, 1, 0, 1, 0, 1, 1, 0, 1, 1, 1, 1, 1, 1, 1, 1, 1, 1, 1, 1, 1, 0, 1, 1, 1, 0, 1, 0, 1, 1, 1, 0, 1, 1, 1, 1, 1, 1, 0, 1, 1, 1, 1, 1, 1, 1, 0, 1, 1, 1, 0, 1, 1, 1, 1, 0, 1, 1, 1, 0, 0, 1, 1, 1, 1, 1, 0, 1, 1, 1, 0, 1, 0, 1, 1, 1, 0, 1, 1, 0, 1, 1, 1, 0, 0, 1, 1, 1, 1, 1, 1, 0, 1, 1, 1, 1, 1, 1, 1, 1, 1, 1, 1, 1, 0, 1, 1, 1, 1, 1, 1, 1, 0, 0, 1, 0, 1, 1, 1, 1, 1, 0, 1, 1, 0, 1, 0, 1, 0, 1, 0, 1, 1, 1, 1, 1, 1, 1, 1, 0, 1, 1, 1, 0, 0, 1, 0, 1, 1, 1, 1, 1, 1, 0, 0, 1, 1, 1, 1, 1, 0, 1, 0, 1, 1, 1, 1, 1, 1, 1, 1, 1, 1, 1, 0, 1, 1, 1, 0, 1, 1, 0, 1, 0, 1, 0, 0, 0, 1, 1, 1, 1, 1, 1, 1, 0, 1, 0, 1, 1, 0, 1, 0, 1, 0, 1, 1, 1, 0, 0, 1, 1, 1, 1, 1, 1, 0, 1, 1, 0, 0, 1, 1, 1, 0, 1, 1, 1, 1, 1, 0, 1, 0, 1, 0, 1, 0, 1, 0, 0, 1, 1, 1, 0, 1, 1, 1, 1, 0, 1, 0, 1, 0, 1, 1, 1, 0, 1, 1, 1, 0, 0, 1, 0, 1, 1, 1, 1, 0, 0, 1, 1, 1, 1, 1, 1, 0, 1, 1, 1, 1, 0, 1, 1, 0, 1, 1, 1, 1, 1, 1, 0, 0, 1, 1, 1, 1, 1, 0, 1, 0, 1, 1, 1, 1, 1, 1, 1]

################################################################
################################################################
################### process_jail_download_list: ######################

[7, 7, 7, 14, 13, 7, 7, 7, 6, 8, 6, 7, 7, 7, 7, 7, 6, 7, 7, 7, 6, 7, 7, 6, 7, 6, 7, 6, 7, 7, 7, 6, 7, 6, 7, 6, 7, 6, 7, 6, 7, 6, 7, 7, 6, 7, 7, 7, 6, 6, 7, 7, 7, 7, 7, 7, 7, 7, 7, 7, 6, 7, 6, 7, 7, 6, 7, 7, 7, 7, 7, 7, 8, 6, 7, 7, 7, 7, 7, 7, 7, 7, 7, 6, 7, 6, 6, 7, 6, 7, 7, 6, 7, 6, 7, 6, 7, 7, 6, 7, 7, 7, 6, 7, 6, 7, 7, 7, 6, 7, 6, 7, 7, 7, 7, 7, 6, 7, 6, 7, 7, 7, 7, 6, 7, 7, 7, 7, 6, 7, 6, 7, 6, 7, 7, 6, 7, 6, 7, 7, 7, 7, 7, 7, 6, 6, 7, 7, 7, 6, 7, 7, 6, 6, 7, 7, 7, 6, 6, 7, 7, 7, 7, 6, 7, 7, 7, 7, 7, 6, 6, 7, 7, 7, 7, 6, 6, 7, 7, 7, 7, 7, 7, 6, 7, 6, 6, 7, 7, 7, 7, 6, 7, 7, 7, 7, 6, 7, 7, 7, 7, 7, 6, 6, 7, 7, 7, 7, 7, 7, 6, 6, 7, 7, 7, 6, 7, 7, 7, 7, 7, 6, 6, 7, 7, 7, 6, 7, 6, 7, 7, 7, 6, 6, 7, 7, 7, 7, 7, 6, 7, 7, 7, 7, 7, 6, 6, 7, 6, 7, 7, 6, 7, 6, 6, 7, 7, 7, 6, 7, 6, 6, 7, 7, 7, 6, 7, 7, 6, 7, 7, 7, 6, 6, 7, 7, 7, 6, 6, 7, 7, 7, 6, 7, 6, 7, 7, 7, 6, 7, 6, 7, 7, 6, 7, 6, 7, 7, 7, 6, 6, 7, 7, 7, 6, 7, 7, 6, 7, 6, 7, 7, 7, 6, 7, 7, 7, 6, 7, 7, 7, 7, 6, 7, 6, 7, 7, 7, 6, 7, 6, 6, 7, 6, 7, 7, 7, 7, 7, 7, 7, 7, 7, 7, 7, 6, 7, 7, 6, 7, 6, 7, 6, 7, 6, 7, 7, 6, 7, 7, 7, 7, 7, 6, 7, 7, 6, 7, 6, 7, 7, 7, 6, 7, 7, 6, 6, 7, 7, 6, 7, 7, 7, 7, 6, 7, 7, 7, 6, 6, 7, 7, 7, 6, 7, 7, 7, 7, 7, 6, 6, 7, 7, 7, 7, 6, 7, 7, 7, 6, 6, 7, 6, 7, 6, 7, 7, 6, 7, 6, 7, 7, 6, 7, 7, 7, 6, 6, 7, 6, 7, 6, 7, 6, 7, 7, 7, 7, 6, 7, 6, 7, 6, 7, 6, 7, 6, 7, 6, 7, 7, 7, 7, 7, 6, 7, 7, 7, 6, 7, 6, 7, 7, 7, 6, 7, 6, 7, 6, 6, 7, 7, 7, 7, 7, 6, 7, 7, 6, 7, 7, 6, 7, 6, 7, 7, 7, 6, 7, 6, 7, 7, 7, 6, 7, 6, 7, 6, 7, 7, 6, 7, 7, 7, 6, 7, 7, 7, 7, 7, 6, 7, 6, 7, 6, 7, 7, 6, 7, 7, 7, 7, 6, 7, 7, 6, 7, 7, 6, 7, 7, 7, 6, 7, 6, 7, 6, 7, 6, 7, 7, 6, 7, 7, 7, 7, 7, 7, 6, 7, 6, 7, 7, 6, 7, 7, 7, 7, 6, 7, 6, 7, 6, 7, 6, 7, 6, 7, 7, 6, 7, 7, 7, 7, 7, 6, 7, 6, 6, 7, 7, 7, 7, 6, 6, 7, 6, 7, 6, 7, 6, 7, 6, 7, 7, 7, 7, 7, 7, 6, 7, 6, 7, 7, 7, 6, 6, 7, 6, 7, 7, 7, 6, 7, 7, 6, 6, 7, 7, 6, 7, 6, 6, 7, 6, 7, 6, 6, 7, 7, 7, 7, 7, 7, 7, 6, 6, 7, 7, 7, 6, 7, 7, 6, 7, 6, 7, 6, 6, 6, 7, 7, 7, 7, 7, 7, 7, 6, 7, 6, 7, 6, 6, 7, 6, 7, 6, 7, 7, 7, 6, 6, 6, 7, 6, 7, 7, 7, 6, 7, 7, 6, 6, 7, 6, 7, 6, 6, 7, 7, 7, 7, 6, 7, 6, 7, 6, 7, 6, 7, 6, 6, 7, 7, 7, 6, 7, 6, 7, 7, 6, 7, 6, 7, 6, 7, 6, 7, 6, 7, 7, 7, 6, 6, 7, 6, 6, 7, 7, 7, 6, 6, 7, 7, 7, 7, 6, 6, 6, 7, 7, 7, 7, 6, 7, 7, 6, 7, 6, 7, 7, 7, 7, 6, 6, 7, 7, 7, 7, 7, 6, 7, 6, 7, 6, 7, 7, 7, 6, 7]

################################################################
################################################################
################### process_jail_list: ######################

[6, 6, 6, 8, 6, 6, 6, 6, 6, 6, 5, 6, 6, 6, 6, 6, 5, 6, 6, 6, 5, 6, 6, 6, 6, 6, 6, 5, 6, 6, 6, 6, 6, 5, 6, 6, 6, 6, 6, 6, 6, 6, 6, 6, 6, 6, 6, 6, 5, 5, 6, 6, 6, 6, 6, 6, 6, 6, 6, 6, 6, 6, 6, 6, 6, 5, 6, 6, 6, 6, 6, 6, 6, 6, 6, 6, 6, 6, 6, 6, 6, 6, 6, 6, 6, 6, 6, 6, 5, 6, 6, 6, 6, 5, 6, 6, 6, 6, 6, 6, 6, 6, 6, 6, 6, 6, 6, 6, 5, 6, 6, 6, 6, 6, 6, 6, 6, 6, 6, 6, 6, 6, 6, 6, 6, 6, 6, 6, 6, 6, 6, 6, 6, 6, 6, 6, 6, 6, 6, 6, 6, 6, 6, 6, 6, 6, 6, 6, 6, 6, 6, 6, 5, 6, 6, 6, 6, 6, 6, 6, 6, 6, 6, 6, 6, 6, 6, 6, 6, 6, 5, 6, 6, 6, 6, 5, 5, 6, 6, 6, 6, 6, 6, 5, 6, 6, 6, 6, 6, 6, 6, 6, 6, 6, 6, 6, 6, 6, 6, 6, 6, 6, 6, 6, 6, 6, 6, 6, 6, 6, 6, 5, 6, 6, 6, 6, 6, 6, 6, 6, 6, 6, 6, 6, 6, 6, 6, 6, 6, 6, 6, 6, 6, 6, 6, 6, 6, 6, 6, 5, 6, 6, 6, 6, 6, 5, 6, 6, 5, 6, 6, 6, 6, 6, 6, 6, 6, 6, 5, 6, 6, 6, 6, 6, 6, 6, 6, 6, 6, 6, 6, 6, 6, 6, 6, 6, 6, 6, 5, 6, 6, 6, 5, 6, 6, 6, 6, 6, 5, 6, 6, 6, 6, 6, 6, 5, 6, 6, 6, 6, 5, 6, 6, 6, 6, 6, 6, 5, 6, 6, 6, 6, 6, 5, 6, 6, 6, 6, 6, 6, 6, 6, 6, 6, 6, 6, 6, 6, 6, 6, 6, 6, 6, 6, 6, 6, 6, 6, 6, 6, 6, 6, 6, 6, 6, 6, 6, 6, 6, 6, 6, 6, 5, 6, 6, 6, 6, 5, 6, 6, 6, 6, 6, 6, 6, 6, 6, 6, 5, 6, 6, 6, 6, 6, 6, 6, 6, 6, 6, 6, 6, 6, 6, 6, 6, 6, 6, 6, 6, 6, 6, 6, 6, 6, 6, 6, 6, 6, 6, 5, 6, 6, 6, 6, 6, 5, 6, 6, 6, 6, 6, 6, 6, 6, 6, 6, 6, 5, 6, 6, 6, 6, 6, 6, 6, 7, 6, 5, 6, 5, 6, 5, 6, 6, 6, 6, 6, 6, 6, 6, 6, 6, 6, 6, 5, 6, 6, 6, 6, 6, 6, 6, 6, 6, 6, 6, 6, 6, 6, 6, 6, 6, 6, 6, 6, 6, 6, 6, 5, 6, 6, 6, 6, 6, 6, 5, 6, 6, 5, 6, 6, 5, 6, 6, 6, 6, 6, 6, 6, 6, 6, 6, 6, 6, 6, 5, 6, 5, 6, 6, 6, 6, 6, 6, 5, 6, 6, 6, 7, 6, 5, 6, 6, 6, 5, 6, 6, 6, 6, 6, 6, 7, 6, 6, 6, 5, 6, 6, 6, 6, 6, 6, 6, 6, 6, 6, 5, 6, 6, 6, 6, 6, 6, 6, 6, 7, 7, 6, 5, 6, 5, 6, 6, 6, 6, 6, 6, 6, 5, 6, 5, 6, 5, 6, 5, 6, 6, 6, 6, 5, 6, 6, 6, 6, 7, 6, 6, 6, 5, 6, 6, 6, 6, 6, 5, 6, 6, 6, 6, 6, 6, 6, 6, 6, 6, 6, 6, 6, 6, 5, 6, 6, 6, 6, 6, 6, 6, 6, 6, 6, 6, 6, 5, 6, 6, 6, 6, 6, 6, 5, 6, 5, 6, 6, 6, 6, 5, 5, 6, 6, 6, 6, 6, 6, 6, 5, 6, 6, 6, 6, 6, 6, 6, 6, 6, 6, 6, 6, 6, 6, 6, 6, 6, 6, 6, 6, 6, 6, 6, 6, 6, 5, 6, 6, 6, 6, 6, 6, 6, 6, 6, 6, 5, 6, 5, 6, 6, 6, 6, 6, 6, 6, 6, 6, 5, 6, 6, 5, 6, 6, 6, 6, 6, 6, 6, 6, 6, 6, 6, 6, 6, 6, 6, 6, 6, 6, 6, 5, 6, 6, 6, 6, 6, 6, 6, 6, 5, 6, 6, 6, 6, 6, 6, 6, 6, 6, 5, 6, 6, 6, 6, 6, 6, 6, 6, 6, 5, 5, 6, 6, 6, 6, 6, 6, 6, 6, 6, 6, 5, 6, 6, 6, 6, 6, 6, 6, 6, 6, 6, 6, 6, 6, 6, 6, 5, 6, 6, 6, 5, 6]

################################################################
