Numero total de amostras 770

Tempo total de processamento: 0:40:32

############## TEMPOS DE PROCESSAMENTO DO EXERCICIO NO JAIL  ####################
Soma 4408 segundos
Media 5.724675324675324 segundos
Desvio padr達o 0.4466777344820731 segundos
Minimo 5 segundos
Maximo 6 segundos

95% 5.0 segundos
99% 5.0 segundos

############## TEMPOS DE PROCESSAMENTO DO EXERCICIO NO JAIL COM DOWNLOAD  ################
Soma 4845 segundos
Media 6.292207792207792 segundos
Desvio padr達o 0.45477730636086044 segundos
Minimo 6 segundos
Maximo 7 segundos

95% 6.0 segundos
99% 6.0 segundos

################### TEMPOS DE DOWNLOAD DO EXERCICIO NO JAIL #######################
Soma 437 segundos
Media 0.5675324675324676 segundos
Desvio padr達o 0.5006337693601794 segundos
Minimo 0 segundos
Maximo 2 segundos

95% 0.0 segundos
99% 0.0 segundos

############################ TEMPOS DE ESPERA NA FILA ############################
Soma 686238
Media 891.2181818181818 segundos
Desvio padr達o 511.49285626202425 segundos
Minimo 4 segundos
Maximo 1774 segundos

95% 20.527499999999996 segundos
99% 22.065499999999997 segundos

################### queue_wait_time_list: ######################

[19, 19, 32, 37, 5, 4, 1167, 11, 10, 15, 14, 25, 24, 28, 33, 29, 60, 43, 42, 47, 51, 56, 52, 74, 66, 61, 69, 78, 70, 83, 88, 80, 93, 84, 107, 97, 102, 111, 102, 105, 115, 120, 125, 129, 121, 125, 134, 134, 1176, 1181, 37, 46, 56, 65, 153, 144, 147, 143, 162, 157, 204, 156, 171, 161, 166, 180, 169, 174, 190, 180, 195, 190, 200, 209, 199, 213, 204, 217, 222, 212, 241, 231, 221, 226, 235, 260, 236, 245, 250, 244, 256, 264, 255, 273, 270, 269, 75, 88, 292, 307, 332, 1190, 278, 279, 311, 297, 298, 324, 282, 283, 311, 337, 301, 287, 324, 289, 315, 338, 293, 301, 316, 329, 307, 328, 320, 343, 320, 333, 343, 1204, 94, 98, 112, 116, 356, 352, 352, 360, 366, 370, 360, 385, 375, 380, 390, 379, 384, 394, 399, 403, 408, 400, 413, 413, 409, 422, 418, 427, 436, 433, 427, 446, 442, 451, 440, 461, 446, 464, 450, 455, 468, 460, 474, 480, 484, 474, 483, 129, 138, 517, 1208, 1240, 488, 1259, 487, 1263, 1268, 491, 491, 1283, 1290, 1323, 497, 498, 503, 502, 507, 508, 512, 512, 1219, 1223, 139, 148, 152, 166, 184, 525, 521, 531, 535, 547, 534, 540, 545, 543, 558, 554, 571, 563, 559, 567, 582, 567, 576, 585, 576, 590, 594, 586, 599, 591, 618, 602, 608, 613, 607, 612, 622, 627, 626, 635, 632, 636, 640, 645, 650, 646, 1231, 1264, 654, 654, 1273, 1300, 1309, 1322, 660, 659, 664, 663, 174, 1333, 1351, 184, 194, 208, 667, 681, 678, 686, 677, 686, 691, 695, 699, 704, 709, 700, 714, 723, 709, 719, 727, 718, 732, 740, 728, 737, 746, 737, 752, 756, 747, 765, 760, 778, 761, 770, 774, 769, 778, 783, 796, 787, 793, 787, 800, 797, 1341, 1365, 1370, 1392, 806, 807, 811, 810, 815, 814, 819, 819, 217, 1379, 1384, 227, 231, 240, 251, 837, 829, 828, 837, 841, 847, 847, 851, 856, 855, 860, 869, 865, 878, 865, 874, 882, 875, 892, 888, 897, 889, 893, 902, 907, 912, 915, 906, 916, 921, 928, 925, 935, 923, 939, 943, 933, 953, 949, 957, 948, 956, 1470, 1474, 1479, 962, 962, 1483, 1497, 1515, 967, 966, 1530, 1544, 1562, 970, 971, 1567, 1576, 259, 1502, 1507, 263, 274, 975, 985, 998, 980, 994, 983, 1007, 993, 1002, 1011, 1003, 1012, 1017, 1030, 1020, 1026, 1021, 1039, 1034, 1031, 1045, 1048, 1058, 1044, 1052, 1067, 1053, 1062, 1084, 1062, 1066, 1072, 1076, 1081, 1089, 1080, 1109, 1085, 1095, 1099, 1103, 1113, 1103, 1158, 1159, 1168, 1163, 1172, 1162, 1177, 1116, 1121, 1127, 1131, 1145, 1126, 1134, 1134, 1140, 1149, 1148, 1180, 1154, 1172, 1186, 1185, 1194, 1190, 1199, 1205, 1195, 1209, 1200, 1222, 1213, 1212, 1218, 1227, 1236, 1232, 1226, 1251, 1241, 1237, 1245, 1254, 1245, 1258, 1250, 1535, 1254, 347, 347, 356, 365, 371, 1282, 1267, 1272, 1277, 1287, 1277, 1291, 1296, 1286, 1305, 1301, 1297, 1304, 1308, 1328, 1314, 1319, 1314, 1332, 1318, 1337, 1329, 1336, 1342, 1350, 1347, 1355, 1346, 1378, 1356, 1360, 1360, 1363, 1369, 1374, 1383, 1374, 1387, 1388, 1391, 1398, 376, 389, 1430, 1397, 1429, 1415, 1416, 1443, 1402, 1401, 1443, 1465, 1466, 1419, 1406, 1405, 1420, 1433, 1434, 1456, 1410, 1411, 1456, 1448, 1424, 1447, 1424, 1553, 1586, 1438, 1438, 1462, 1461, 1451, 1452, 393, 404, 418, 422, 1469, 1475, 1484, 1479, 1490, 1498, 1494, 1489, 1493, 1508, 1502, 1516, 1512, 1526, 1511, 1522, 1525, 1521, 1529, 1535, 1545, 1540, 1549, 1539, 1548, 1563, 1554, 1559, 1567, 1558, 1595, 1573, 1577, 1571, 1581, 1587, 1580, 1591, 1599, 1590, 1604, 1599, 1594, 1605, 1609, 1608, 1612, 1623, 1644, 1691, 1715, 432, 435, 454, 465, 469, 1618, 1658, 1622, 1619, 1627, 1626, 1631, 1637, 1640, 1636, 1650, 1641, 1655, 1651, 1663, 1669, 1659, 1672, 1677, 1668, 1682, 1673, 1705, 1683, 1686, 1690, 1696, 1701, 1696, 1709, 1714, 1719, 1708, 1718, 1732, 1723, 1722, 1728, 1737, 1736, 1740, 1613, 1631, 1645, 1654, 1663, 1676, 1686, 1700, 1704, 1763, 1764, 1745, 1746, 1768, 1750, 1751, 1769, 1756, 1755, 1774, 1773, 1759, 1760, 479, 861, 516, 522, 526, 530, 539, 549, 553, 560, 572, 581, 594, 599, 604, 617, 622, 631, 640, 649, 668, 673, 672, 682, 692, 696, 704, 713, 723, 733, 742, 751, 755, 765, 774, 782, 792, 801, 824, 824, 833, 834, 842, 852, 870, 879, 882, 898, 903, 911, 1728, 1733, 920, 928, 938, 942, 952, 1742, 975, 980, 989, 988, 997, 1008, 1016, 1025, 1035, 1039, 1049, 1059, 1071, 1077, 1088, 1094, 1098, 1108, 1112, 1117, 1122, 1130, 1140, 1144, 1154]

################################################################
################### jail_ex_download_list: ######################

[1, 0, 1, 0, 1, 1, 0, 1, 1, 1, 1, 0, 0, 1, 1, 1, 1, 1, 1, 1, 0, 1, 0, 1, 0, 1, 1, 0, 1, 1, 1, 0, 0, 1, 1, 0, 1, 0, 1, 1, 1, 1, 0, 0, 1, 0, 1, 1, 1, 1, 0, 1, 1, 0, 1, 0, 0, 0, 0, 1, 0, 1, 0, 0, 1, 1, 1, 1, 0, 1, 1, 0, 0, 1, 0, 1, 0, 1, 1, 1, 0, 0, 1, 0, 1, 1, 0, 1, 0, 1, 1, 1, 1, 1, 0, 0, 1, 1, 1, 0, 1, 0, 0, 0, 1, 0, 0, 1, 1, 1, 1, 0, 1, 0, 1, 0, 1, 1, 1, 1, 1, 0, 1, 1, 1, 1, 1, 0, 0, 0, 0, 0, 0, 1, 1, 1, 0, 1, 1, 1, 0, 1, 0, 1, 0, 1, 1, 1, 0, 1, 0, 0, 0, 1, 0, 1, 1, 1, 1, 0, 1, 0, 0, 1, 0, 0, 0, 0, 1, 1, 1, 0, 1, 0, 0, 0, 0, 0, 1, 1, 1, 1, 0, 0, 1, 1, 1, 1, 1, 0, 1, 1, 2, 2, 1, 1, 0, 0, 1, 1, 0, 1, 1, 0, 1, 0, 0, 1, 0, 1, 1, 1, 1, 0, 1, 1, 1, 0, 0, 1, 1, 0, 0, 0, 1, 0, 1, 1, 1, 0, 1, 1, 0, 0, 1, 1, 1, 1, 1, 1, 1, 1, 0, 1, 1, 0, 1, 0, 0, 1, 1, 1, 0, 0, 1, 1, 0, 0, 0, 0, 0, 0, 1, 1, 1, 1, 1, 1, 0, 1, 0, 1, 0, 1, 1, 0, 1, 1, 1, 1, 1, 0, 1, 0, 0, 1, 1, 1, 0, 1, 1, 1, 0, 0, 0, 0, 0, 1, 0, 1, 0, 1, 1, 1, 0, 1, 1, 1, 0, 1, 0, 1, 0, 0, 1, 1, 1, 1, 1, 1, 1, 1, 0, 0, 0, 0, 0, 1, 0, 0, 1, 1, 0, 0, 1, 1, 1, 0, 1, 1, 1, 1, 0, 1, 0, 0, 0, 1, 0, 1, 0, 0, 1, 1, 0, 1, 0, 1, 1, 0, 1, 1, 1, 0, 1, 0, 1, 0, 1, 1, 0, 0, 0, 0, 1, 1, 1, 0, 0, 1, 0, 1, 1, 1, 1, 1, 1, 1, 0, 1, 1, 0, 0, 1, 0, 1, 0, 1, 1, 0, 1, 0, 1, 0, 0, 1, 1, 1, 1, 1, 0, 0, 0, 0, 0, 1, 0, 1, 0, 1, 0, 1, 1, 0, 0, 1, 0, 0, 1, 0, 1, 1, 0, 1, 1, 1, 0, 1, 0, 1, 1, 1, 1, 0, 1, 1, 0, 1, 1, 0, 1, 1, 1, 0, 0, 0, 0, 1, 0, 0, 0, 1, 1, 0, 0, 1, 1, 0, 1, 0, 0, 1, 0, 1, 0, 1, 0, 1, 0, 0, 1, 0, 1, 0, 0, 1, 1, 0, 1, 0, 1, 0, 1, 1, 0, 0, 1, 0, 0, 1, 1, 0, 0, 1, 0, 0, 1, 1, 0, 1, 0, 1, 0, 0, 0, 1, 0, 0, 0, 1, 0, 0, 0, 0, 0, 0, 1, 0, 0, 0, 0, 0, 0, 0, 0, 1, 0, 0, 0, 1, 1, 1, 1, 1, 1, 1, 1, 1, 1, 1, 1, 0, 1, 0, 1, 1, 0, 1, 1, 0, 0, 1, 1, 1, 1, 1, 1, 1, 0, 1, 0, 0, 1, 0, 0, 0, 0, 1, 1, 1, 1, 1, 0, 1, 0, 1, 1, 0, 1, 1, 1, 1, 1, 1, 0, 1, 0, 1, 0, 1, 0, 1, 0, 1, 1, 1, 1, 0, 1, 1, 0, 1, 1, 1, 0, 1, 1, 0, 0, 1, 1, 0, 1, 0, 1, 0, 0, 1, 1, 1, 0, 1, 0, 0, 1, 0, 0, 1, 0, 1, 1, 1, 0, 0, 1, 1, 0, 0, 1, 0, 0, 0, 1, 0, 1, 1, 1, 0, 1, 1, 0, 1, 1, 0, 1, 1, 1, 0, 1, 1, 0, 0, 1, 1, 1, 0, 0, 1, 1, 1, 1, 0, 0, 0, 0, 0, 0, 0, 0, 1, 0, 1, 1, 0, 1, 0, 1, 0, 0, 1, 0, 0, 0, 1, 0, 1, 1, 1, 1, 1, 1, 0, 1, 0, 1, 1, 0, 1, 1, 1, 0, 0, 1, 0, 1, 1, 0, 0, 0, 1, 1, 1, 1, 1, 1, 0, 1, 0, 1, 0, 1, 1, 1, 1, 0, 0, 0, 0, 0, 1, 1, 0, 1, 1, 1, 0, 0, 1, 0, 1, 0, 1, 0, 0, 1, 1, 1, 0, 1, 0]

################################################################
################################################################
################### process_jail_download_list: ######################

[7, 6, 7, 6, 7, 7, 6, 6, 6, 6, 7, 6, 6, 6, 7, 6, 7, 6, 6, 7, 6, 6, 6, 7, 6, 7, 6, 6, 6, 6, 7, 6, 6, 6, 7, 6, 6, 6, 6, 7, 6, 7, 6, 6, 7, 6, 6, 6, 6, 7, 6, 7, 6, 6, 6, 6, 6, 6, 6, 7, 6, 7, 6, 6, 6, 6, 6, 6, 6, 7, 7, 6, 6, 6, 6, 6, 6, 6, 7, 6, 6, 6, 7, 6, 7, 6, 6, 7, 6, 7, 6, 7, 6, 6, 6, 6, 7, 7, 7, 6, 7, 6, 6, 6, 6, 6, 6, 7, 7, 7, 6, 6, 6, 6, 6, 6, 6, 7, 7, 7, 6, 6, 6, 6, 6, 6, 6, 6, 6, 6, 6, 6, 6, 6, 6, 6, 6, 6, 6, 7, 6, 7, 6, 6, 6, 6, 7, 6, 6, 7, 6, 6, 6, 7, 6, 7, 6, 7, 6, 6, 7, 6, 6, 6, 6, 6, 6, 6, 6, 7, 6, 6, 7, 6, 6, 6, 6, 6, 7, 7, 6, 6, 6, 6, 6, 6, 7, 7, 7, 6, 7, 7, 7, 7, 7, 7, 6, 6, 6, 6, 6, 6, 7, 6, 6, 6, 6, 6, 6, 6, 7, 7, 7, 6, 6, 6, 6, 6, 6, 7, 6, 6, 6, 6, 7, 6, 7, 6, 6, 6, 7, 6, 6, 6, 6, 7, 6, 7, 6, 7, 7, 6, 6, 6, 7, 6, 6, 6, 6, 6, 7, 7, 6, 6, 7, 7, 6, 6, 6, 6, 6, 6, 7, 7, 7, 6, 6, 6, 6, 7, 6, 7, 6, 6, 7, 6, 6, 7, 7, 6, 6, 6, 7, 6, 6, 7, 7, 6, 6, 6, 6, 7, 6, 6, 6, 6, 6, 7, 6, 7, 6, 6, 6, 7, 6, 7, 7, 6, 6, 7, 6, 7, 6, 6, 6, 6, 6, 6, 6, 7, 6, 7, 6, 6, 6, 6, 6, 6, 6, 6, 6, 7, 6, 6, 6, 7, 7, 6, 7, 6, 6, 6, 6, 7, 6, 6, 6, 7, 6, 6, 6, 6, 6, 7, 6, 7, 6, 7, 6, 6, 6, 6, 7, 6, 6, 6, 7, 6, 7, 7, 6, 6, 6, 6, 7, 6, 7, 6, 6, 7, 6, 6, 7, 7, 7, 6, 6, 7, 6, 7, 6, 6, 6, 7, 6, 6, 6, 6, 6, 6, 7, 6, 7, 6, 6, 6, 7, 6, 7, 6, 6, 6, 6, 6, 6, 7, 6, 7, 6, 6, 6, 6, 7, 6, 6, 7, 6, 6, 6, 6, 6, 7, 6, 7, 6, 6, 6, 7, 6, 7, 6, 6, 7, 6, 6, 6, 6, 7, 7, 6, 7, 7, 7, 6, 6, 6, 6, 7, 6, 6, 6, 7, 6, 6, 6, 7, 7, 6, 7, 6, 6, 7, 6, 6, 6, 7, 6, 7, 6, 6, 6, 6, 6, 6, 6, 6, 7, 6, 7, 6, 6, 6, 6, 7, 6, 6, 6, 6, 6, 6, 7, 6, 6, 6, 6, 6, 6, 7, 6, 7, 6, 7, 6, 6, 6, 7, 6, 6, 6, 7, 6, 6, 6, 6, 6, 6, 7, 6, 6, 6, 6, 6, 6, 6, 6, 7, 6, 6, 6, 6, 6, 6, 6, 6, 6, 6, 6, 7, 7, 7, 7, 6, 7, 6, 7, 7, 6, 6, 7, 6, 6, 6, 6, 7, 7, 6, 6, 7, 6, 7, 6, 6, 6, 6, 6, 6, 6, 7, 7, 6, 6, 6, 6, 6, 6, 7, 6, 6, 7, 6, 7, 6, 6, 7, 6, 7, 6, 6, 6, 6, 6, 7, 6, 7, 6, 7, 6, 6, 7, 6, 6, 6, 6, 7, 6, 7, 7, 6, 6, 6, 7, 6, 6, 6, 6, 6, 6, 6, 6, 7, 6, 6, 6, 6, 6, 6, 6, 7, 6, 6, 6, 7, 6, 6, 6, 6, 6, 6, 7, 6, 6, 6, 7, 6, 6, 7, 6, 6, 7, 7, 6, 7, 7, 6, 7, 7, 7, 6, 7, 7, 6, 6, 6, 6, 6, 6, 6, 7, 7, 7, 7, 6, 6, 6, 6, 6, 6, 6, 6, 7, 6, 6, 6, 6, 7, 6, 7, 6, 6, 7, 6, 6, 6, 6, 6, 7, 6, 6, 7, 7, 6, 6, 6, 6, 7, 6, 6, 7, 6, 7, 6, 6, 6, 6, 7, 7, 6, 6, 6, 7, 6, 7, 6, 7, 7, 6, 6, 6, 6, 6, 7, 6, 7, 6, 6, 6, 6, 6, 6, 7, 6, 6, 7, 6, 7, 6, 6, 7, 6, 7, 6, 6, 6, 6, 6, 7, 6, 6, 6, 6]

################################################################
################################################################
################### process_jail_list: ######################

[6, 6, 6, 6, 6, 6, 6, 5, 5, 5, 6, 6, 6, 5, 6, 5, 6, 5, 5, 6, 6, 5, 6, 6, 6, 6, 5, 6, 5, 5, 6, 6, 6, 5, 6, 6, 5, 6, 5, 6, 5, 6, 6, 6, 6, 6, 5, 5, 5, 6, 6, 6, 5, 6, 5, 6, 6, 6, 6, 6, 6, 6, 6, 6, 5, 5, 5, 5, 6, 6, 6, 6, 6, 5, 6, 5, 6, 5, 6, 5, 6, 6, 6, 6, 6, 5, 6, 6, 6, 6, 5, 6, 5, 5, 6, 6, 6, 6, 6, 6, 6, 6, 6, 6, 5, 6, 6, 6, 6, 6, 5, 6, 5, 6, 5, 6, 5, 6, 6, 6, 5, 6, 5, 5, 5, 5, 5, 6, 6, 6, 6, 6, 6, 5, 5, 5, 6, 5, 5, 6, 6, 6, 6, 5, 6, 5, 6, 5, 6, 6, 6, 6, 6, 6, 6, 6, 5, 6, 5, 6, 6, 6, 6, 5, 6, 6, 6, 6, 5, 6, 5, 6, 6, 6, 6, 6, 6, 6, 6, 6, 5, 5, 6, 6, 5, 5, 6, 6, 6, 6, 6, 6, 5, 5, 6, 6, 6, 6, 5, 5, 6, 5, 6, 6, 5, 6, 6, 5, 6, 5, 6, 6, 6, 6, 5, 5, 5, 6, 6, 6, 5, 6, 6, 6, 6, 6, 6, 5, 5, 6, 6, 5, 6, 6, 5, 6, 5, 6, 5, 6, 6, 5, 6, 5, 6, 6, 5, 6, 6, 5, 6, 6, 6, 6, 6, 6, 6, 6, 6, 6, 6, 6, 6, 6, 6, 5, 5, 5, 6, 6, 6, 6, 6, 5, 6, 6, 5, 6, 6, 5, 5, 6, 6, 6, 6, 6, 6, 5, 6, 5, 5, 6, 6, 6, 6, 6, 6, 6, 6, 6, 6, 5, 5, 6, 6, 6, 6, 5, 6, 6, 6, 6, 6, 6, 5, 5, 5, 5, 5, 6, 5, 6, 6, 6, 6, 6, 6, 5, 6, 6, 5, 6, 6, 6, 5, 6, 6, 6, 6, 5, 5, 5, 6, 6, 6, 6, 6, 6, 6, 5, 6, 6, 5, 6, 6, 6, 6, 6, 5, 6, 5, 5, 6, 6, 5, 6, 6, 6, 6, 6, 6, 6, 6, 6, 6, 5, 6, 6, 6, 6, 6, 5, 6, 6, 6, 5, 5, 6, 6, 6, 5, 6, 6, 6, 6, 5, 6, 5, 5, 6, 6, 6, 6, 6, 6, 5, 6, 5, 6, 5, 6, 6, 6, 6, 6, 6, 6, 6, 6, 5, 6, 5, 6, 6, 6, 6, 6, 6, 5, 6, 5, 6, 6, 6, 5, 5, 6, 6, 6, 6, 5, 5, 6, 6, 5, 5, 6, 6, 6, 6, 6, 6, 6, 6, 6, 6, 6, 6, 6, 6, 6, 6, 5, 6, 6, 6, 6, 6, 6, 6, 6, 6, 6, 5, 6, 6, 6, 6, 6, 6, 5, 6, 5, 6, 6, 5, 6, 6, 6, 6, 5, 6, 5, 6, 6, 6, 5, 6, 6, 5, 6, 6, 6, 5, 6, 6, 5, 6, 6, 6, 6, 6, 6, 6, 6, 6, 6, 6, 6, 6, 6, 6, 6, 6, 6, 6, 6, 6, 6, 6, 6, 6, 6, 6, 6, 6, 6, 6, 6, 5, 5, 5, 5, 5, 5, 5, 5, 6, 6, 6, 6, 6, 6, 6, 6, 6, 6, 5, 6, 6, 6, 5, 5, 6, 6, 5, 5, 6, 6, 6, 6, 6, 5, 6, 6, 6, 6, 6, 6, 5, 5, 5, 6, 5, 6, 6, 5, 6, 6, 5, 6, 5, 5, 6, 6, 6, 6, 5, 6, 5, 6, 6, 6, 6, 5, 6, 5, 6, 6, 5, 6, 5, 5, 6, 6, 6, 6, 6, 6, 5, 6, 6, 5, 6, 5, 6, 6, 5, 5, 6, 6, 5, 6, 6, 5, 6, 6, 6, 6, 5, 5, 6, 6, 6, 5, 5, 6, 6, 6, 6, 6, 6, 6, 6, 5, 6, 5, 6, 6, 6, 6, 6, 6, 6, 6, 6, 6, 6, 6, 6, 6, 6, 5, 5, 5, 6, 6, 6, 6, 6, 6, 6, 6, 6, 6, 6, 6, 6, 6, 6, 6, 5, 5, 6, 6, 6, 6, 6, 6, 6, 6, 6, 6, 5, 6, 6, 5, 5, 6, 6, 5, 6, 5, 6, 6, 5, 6, 6, 5, 6, 6, 6, 5, 6, 6, 6, 6, 6, 6, 6, 5, 6, 5, 6, 6, 6, 5, 6, 5, 6, 6, 5, 6, 5, 6, 6, 6, 6, 6, 6, 5, 6, 6, 5, 6, 6, 6, 6, 6, 6, 6, 5, 6, 6, 5, 6, 5, 6, 5, 6]

################################################################
