Numero total de amostras 770

Tempo total de processamento: 0:42:53

############## TEMPOS DE PROCESSAMENTO DO EXERCICIO NO JAIL  ####################
Soma 4556 segundos
Media 5.916883116883117 segundos
Desvio padr達o 0.38592193457367796 segundos
Minimo 5 segundos
Maximo 8 segundos

95% 5.0 segundos
99% 5.0 segundos

############## TEMPOS DE PROCESSAMENTO DO EXERCICIO NO JAIL COM DOWNLOAD  ################
Soma 5141 segundos
Media 6.676623376623376 segundos
Desvio padr達o 0.7424767439440035 segundos
Minimo 6 segundos
Maximo 14 segundos

95% 6.0 segundos
99% 6.0 segundos

################### TEMPOS DE DOWNLOAD DO EXERCICIO NO JAIL #######################
Soma 585 segundos
Media 0.7597402597402597 segundos
Desvio padr達o 0.6079045850156497 segundos
Minimo 0 segundos
Maximo 7 segundos

95% 0.0 segundos
99% 0.0 segundos

############################ TEMPOS DE ESPERA NA FILA ############################
Soma 752194
Media 976.8753246753247 segundos
Desvio padr達o 544.9440624589923 segundos
Minimo 0 segundos
Maximo 1913 segundos

95% 33.611000000000004 segundos
99% 34.2262 segundos

################### queue_wait_time_list: ######################

[33, 1811, 38, 0, 9, 9, 28, 19, 44, 35, 21, 44, 29, 49, 39, 49, 53, 53, 59, 58, 63, 64, 68, 69, 74, 75, 80, 80, 84, 85, 91, 95, 94, 101, 106, 105, 111, 120, 114, 125, 122, 130, 135, 132, 140, 146, 143, 148, 1821, 155, 161, 166, 164, 171, 178, 173, 184, 182, 189, 194, 191, 197, 203, 201, 206, 211, 216, 221, 219, 227, 232, 229, 236, 242, 239, 245, 250, 255, 260, 258, 264, 269, 267, 274, 282, 276, 288, 286, 291, 297, 296, 302, 308, 306, 311, 316, 89, 100, 109, 321, 336, 327, 329, 344, 353, 347, 358, 363, 367, 373, 370, 377, 383, 382, 389, 397, 393, 402, 399, 408, 413, 408, 417, 422, 418, 425, 430, 432, 438, 437, 444, 449, 447, 454, 460, 458, 462, 468, 473, 478, 475, 484, 485, 117, 127, 1832, 137, 501, 153, 508, 489, 488, 492, 495, 499, 506, 510, 504, 514, 516, 518, 520, 523, 525, 527, 529, 533, 535, 537, 539, 542, 545, 547, 549, 552, 556, 561, 565, 563, 571, 575, 573, 581, 588, 583, 592, 590, 597, 602, 600, 607, 1837, 150, 158, 169, 176, 614, 619, 617, 623, 628, 626, 631, 635, 640, 645, 643, 650, 655, 653, 660, 667, 663, 672, 670, 676, 682, 680, 686, 691, 689, 693, 698, 702, 707, 705, 712, 716, 713, 722, 726, 724, 730, 734, 740, 743, 741, 748, 751, 1847, 1856, 752, 756, 187, 196, 209, 213, 224, 762, 765, 769, 775, 772, 777, 782, 787, 792, 789, 798, 799, 796, 805, 810, 807, 810, 816, 820, 826, 824, 831, 836, 834, 840, 848, 843, 853, 849, 858, 863, 861, 870, 874, 872, 877, 882, 887, 890, 889, 894, 896, 1868, 1873, 930, 1884, 899, 933, 902, 935, 904, 907, 910, 912, 915, 917, 920, 922, 924, 927, 235, 1893, 247, 252, 262, 940, 944, 942, 949, 954, 952, 958, 961, 967, 971, 969, 976, 980, 978, 986, 990, 988, 994, 998, 1002, 1006, 1004, 1012, 1017, 1015, 1022, 1028, 1024, 1034, 1032, 1038, 1044, 1042, 1048, 1052, 1051, 1053, 1057, 1063, 1068, 1064, 1074, 1077, 1900, 1909, 1080, 272, 280, 290, 302, 1084, 1089, 1086, 1094, 1099, 1096, 1099, 1106, 1110, 1115, 1113, 1120, 1126, 1124, 1130, 1135, 1134, 1139, 1143, 1149, 1154, 1150, 1158, 1163, 1160, 1168, 1173, 1170, 1179, 1178, 1183, 1189, 1187, 1193, 1198, 1197, 1202, 1206, 1212, 1216, 1213, 1221, 1223, 1226, 1226, 1230, 1231, 313, 318, 324, 339, 1240, 1245, 1242, 1250, 1254, 1251, 1255, 1261, 1264, 1269, 1268, 1272, 1278, 1277, 1283, 1292, 1288, 1298, 1294, 1301, 1307, 1303, 1312, 1315, 1312, 1317, 1323, 1326, 1332, 1330, 1336, 1342, 1340, 1346, 1352, 1350, 1356, 1361, 1365, 1370, 1366, 1376, 1377, 361, 366, 376, 388, 1385, 1390, 1387, 1396, 1400, 1397, 1402, 1406, 1412, 1416, 1415, 1421, 1425, 1425, 1431, 1440, 1434, 1445, 1441, 1449, 1454, 1450, 1459, 1464, 1460, 1465, 1469, 1474, 1479, 1478, 1484, 1490, 1487, 1494, 1499, 1497, 1502, 1506, 1512, 1516, 1513, 1521, 1522, 394, 405, 414, 1528, 1532, 1545, 1537, 1526, 1531, 1566, 1535, 1541, 1560, 1551, 1541, 1550, 1547, 1555, 1556, 1565, 1569, 1561, 1570, 1574, 1576, 1579, 1581, 1584, 1585, 1589, 1590, 1593, 1595, 1599, 1600, 1603, 1604, 1608, 1613, 1618, 1614, 1622, 1629, 1623, 1633, 1632, 1638, 428, 431, 443, 452, 1644, 1648, 1646, 1653, 1657, 1656, 1661, 1666, 1670, 1675, 1672, 1680, 1685, 1682, 1689, 1696, 1691, 1701, 1700, 1705, 1710, 1709, 1715, 1720, 1719, 1723, 1729, 1733, 1738, 1735, 1742, 1748, 1745, 1752, 1757, 1754, 1759, 1764, 1769, 1774, 1772, 1779, 1782, 1784, 1787, 1788, 1791, 1793, 1797, 465, 1803, 1806, 470, 480, 554, 558, 568, 578, 585, 594, 604, 612, 609, 621, 1812, 1807, 1817, 1816, 1822, 1826, 1825, 1830, 1835, 1840, 1844, 1841, 1850, 1853, 1851, 1859, 1865, 1860, 1866, 1870, 1875, 1880, 1878, 1885, 1890, 1888, 1894, 1903, 1897, 1908, 1904, 1913, 632, 638, 648, 657, 694, 665, 674, 684, 700, 710, 718, 732, 736, 745, 1047, 758, 761, 767, 779, 784, 795, 801, 814, 819, 828, 837, 846, 856, 866, 880, 884, 894, 936, 948, 960, 964, 973, 984, 996, 1000, 1008, 1019, 1026, 1036, 1053, 1059, 1070, 1081, 1091, 1103, 1109, 1119, 1129, 1173, 1140, 1144, 1154, 1164, 1204, 1208, 1217, 1182, 1191, 1619, 1234, 1236, 1246, 1259, 1264, 1272, 1282, 1288, 1298, 1308, 1322, 1325, 1335, 1345, 1357, 1361, 1372, 1627, 1381, 1382, 1392, 1405, 1410, 1420, 1429, 1436, 1446, 1455, 1468, 1473, 1483, 1492, 1503, 1509, 1518, 1610, 1637, 1641, 1651, 1663, 1667, 1676, 1686, 1695, 1704, 1713, 1725, 1729, 1739, 1750, 1762, 1767, 1776, 1798, 1801]

################################################################
################### jail_ex_download_list: ######################

[1, 0, 1, 5, 4, 7, 1, 3, 1, 0, 3, 1, 1, 1, 1, 1, 1, 1, 0, 1, 1, 1, 1, 1, 1, 1, 0, 1, 1, 1, 0, 1, 1, 1, 1, 0, 1, 0, 1, 1, 1, 1, 0, 1, 1, 0, 1, 1, 0, 1, 0, 1, 1, 1, 1, 1, 1, 1, 1, 0, 1, 1, 1, 1, 0, 1, 1, 1, 0, 0, 1, 1, 1, 1, 2, 0, 1, 1, 0, 0, 1, 1, 1, 1, 1, 1, 0, 1, 1, 1, 1, 1, 1, 1, 1, 1, 1, 1, 1, 1, 2, 3, 5, 3, 3, 4, 1, 0, 0, 0, 1, 1, 1, 1, 1, 1, 0, 1, 1, 1, 1, 1, 1, 1, 1, 1, 0, 1, 1, 1, 1, 1, 1, 1, 0, 1, 1, 1, 1, 1, 1, 0, 1, 1, 1, 1, 1, 1, 1, 1, 1, 1, 1, 1, 1, 0, 1, 0, 0, 1, 1, 1, 0, 0, 1, 1, 0, 1, 1, 1, 0, 1, 1, 1, 1, 1, 1, 1, 1, 1, 1, 1, 1, 0, 1, 1, 1, 0, 1, 1, 0, 0, 1, 1, 0, 0, 1, 1, 0, 1, 1, 0, 1, 1, 0, 1, 0, 0, 1, 0, 0, 1, 0, 0, 0, 1, 0, 0, 1, 1, 0, 1, 1, 1, 1, 0, 0, 1, 0, 0, 1, 1, 1, 1, 0, 1, 1, 0, 1, 0, 0, 1, 0, 0, 1, 1, 1, 1, 1, 0, 1, 0, 1, 1, 1, 0, 1, 1, 0, 1, 1, 0, 1, 1, 1, 0, 1, 0, 0, 1, 1, 1, 1, 1, 1, 1, 1, 1, 1, 0, 0, 1, 1, 0, 1, 0, 1, 1, 0, 1, 1, 1, 0, 0, 0, 1, 1, 1, 1, 1, 0, 1, 1, 1, 0, 1, 1, 1, 0, 1, 1, 1, 1, 0, 1, 1, 0, 1, 1, 0, 1, 0, 1, 1, 0, 1, 1, 0, 1, 1, 0, 1, 0, 1, 1, 0, 1, 1, 1, 1, 1, 1, 1, 1, 1, 1, 1, 1, 1, 1, 1, 1, 0, 1, 1, 0, 1, 0, 0, 0, 1, 1, 0, 1, 1, 0, 1, 1, 0, 1, 0, 1, 0, 1, 1, 1, 0, 1, 1, 1, 0, 1, 0, 1, 0, 0, 1, 0, 0, 1, 0, 0, 0, 1, 0, 0, 1, 1, 1, 0, 1, 0, 1, 0, 0, 0, 1, 1, 0, 0, 1, 1, 0, 2, 0, 1, 0, 0, 1, 0, 1, 1, 1, 1, 1, 1, 1, 1, 1, 1, 1, 1, 0, 1, 1, 0, 0, 1, 0, 1, 0, 1, 0, 0, 1, 1, 0, 1, 1, 1, 0, 1, 0, 1, 1, 1, 1, 1, 1, 1, 1, 1, 1, 0, 0, 1, 1, 0, 1, 0, 1, 1, 0, 1, 1, 1, 1, 1, 0, 1, 1, 0, 1, 1, 0, 1, 0, 1, 1, 1, 1, 1, 0, 1, 1, 0, 1, 1, 1, 1, 1, 1, 1, 1, 1, 0, 1, 0, 1, 1, 0, 1, 1, 0, 1, 1, 1, 1, 1, 1, 0, 0, 0, 0, 1, 1, 1, 1, 1, 1, 0, 1, 1, 0, 0, 1, 1, 0, 0, 1, 1, 0, 1, 0, 1, 1, 1, 1, 1, 1, 1, 1, 1, 1, 1, 0, 1, 1, 0, 1, 1, 1, 0, 1, 0, 0, 1, 1, 0, 1, 1, 0, 1, 0, 1, 0, 0, 1, 1, 1, 1, 1, 1, 1, 0, 1, 1, 1, 1, 1, 1, 0, 1, 1, 0, 1, 1, 1, 0, 0, 1, 1, 0, 1, 1, 1, 1, 1, 0, 1, 1, 0, 0, 1, 1, 1, 1, 1, 1, 1, 1, 1, 1, 1, 1, 1, 0, 1, 1, 1, 1, 1, 1, 1, 1, 0, 1, 0, 1, 0, 1, 1, 1, 0, 1, 1, 1, 1, 0, 1, 1, 1, 1, 1, 1, 1, 1, 1, 1, 1, 1, 2, 0, 1, 1, 0, 0, 1, 0, 1, 0, 0, 0, 0, 1, 1, 1, 1, 1, 1, 1, 0, 0, 1, 0, 1, 1, 1, 0, 0, 1, 1, 1, 1, 0, 1, 1, 1, 1, 1, 1, 1, 1, 1, 1, 0, 1, 1, 1, 0, 1, 1, 1, 1, 0, 1, 1, 1, 0, 1, 1, 1, 1, 1, 1, 0, 1, 1, 1, 1, 1, 0, 0, 0, 1, 1, 1, 1, 0, 0, 0, 0, 0, 1, 1, 1, 1, 1, 0, 0, 0, 1, 1, 1, 0, 1, 1, 1, 1, 1, 1, 0, 1, 1, 0, 0, 1, 1, 1, 1]

################################################################
################################################################
################### process_jail_download_list: ######################

[7, 6, 7, 11, 11, 14, 7, 10, 7, 6, 10, 7, 7, 7, 7, 7, 7, 7, 6, 7, 7, 7, 7, 7, 7, 6, 6, 7, 7, 8, 6, 7, 7, 7, 7, 6, 7, 6, 7, 7, 6, 7, 7, 7, 7, 6, 7, 7, 6, 8, 6, 7, 7, 7, 7, 7, 7, 7, 7, 6, 7, 7, 7, 7, 6, 7, 7, 7, 6, 6, 7, 7, 7, 7, 8, 6, 7, 7, 6, 6, 7, 7, 7, 7, 7, 7, 6, 7, 7, 7, 7, 7, 7, 7, 7, 7, 7, 7, 7, 7, 10, 11, 12, 11, 9, 12, 7, 7, 7, 6, 7, 7, 7, 7, 7, 7, 6, 7, 7, 7, 6, 7, 7, 7, 7, 7, 6, 7, 7, 7, 7, 7, 7, 7, 6, 6, 7, 7, 7, 7, 7, 6, 7, 7, 7, 7, 7, 7, 7, 7, 7, 7, 7, 7, 7, 6, 7, 6, 6, 6, 7, 7, 6, 6, 7, 7, 6, 6, 7, 7, 6, 6, 7, 7, 6, 7, 6, 7, 7, 6, 7, 7, 6, 6, 7, 7, 6, 6, 7, 6, 6, 6, 7, 7, 6, 7, 7, 6, 6, 7, 6, 6, 7, 7, 6, 7, 6, 6, 7, 6, 6, 7, 6, 6, 6, 7, 6, 6, 7, 6, 6, 7, 6, 7, 7, 6, 6, 7, 6, 6, 7, 7, 6, 7, 6, 7, 6, 6, 7, 6, 6, 7, 6, 6, 7, 7, 7, 7, 7, 6, 7, 6, 7, 7, 7, 6, 7, 7, 6, 7, 7, 6, 7, 7, 7, 6, 7, 6, 6, 7, 6, 6, 7, 7, 6, 6, 7, 7, 7, 6, 6, 7, 7, 6, 7, 6, 7, 7, 7, 7, 6, 7, 6, 6, 6, 6, 6, 7, 7, 7, 6, 6, 7, 7, 6, 6, 7, 7, 6, 6, 7, 7, 7, 6, 7, 7, 6, 7, 7, 6, 7, 6, 7, 6, 6, 7, 7, 6, 7, 7, 6, 7, 6, 7, 6, 6, 7, 6, 6, 7, 6, 6, 7, 7, 6, 7, 7, 6, 7, 6, 7, 7, 6, 7, 7, 6, 6, 6, 6, 6, 7, 7, 6, 7, 6, 6, 7, 6, 6, 7, 6, 7, 6, 7, 7, 6, 6, 7, 7, 7, 6, 7, 6, 7, 6, 6, 7, 6, 6, 7, 6, 6, 6, 7, 6, 6, 7, 7, 7, 6, 7, 6, 7, 6, 6, 6, 7, 7, 6, 6, 7, 7, 7, 10, 6, 7, 6, 6, 7, 6, 7, 6, 7, 6, 6, 7, 6, 6, 7, 7, 6, 6, 6, 7, 7, 6, 6, 7, 6, 7, 6, 7, 6, 6, 7, 6, 6, 7, 7, 7, 6, 7, 6, 7, 7, 7, 7, 7, 7, 7, 7, 7, 7, 6, 6, 7, 7, 6, 7, 6, 7, 7, 6, 7, 7, 7, 7, 7, 6, 7, 7, 6, 7, 7, 6, 7, 6, 7, 6, 7, 7, 7, 6, 7, 7, 6, 7, 6, 7, 6, 7, 7, 6, 7, 7, 6, 7, 6, 7, 7, 6, 7, 6, 6, 7, 7, 7, 7, 6, 7, 6, 6, 6, 6, 7, 7, 7, 6, 7, 7, 6, 7, 7, 6, 6, 7, 7, 6, 6, 7, 7, 6, 7, 6, 7, 7, 6, 7, 7, 7, 7, 7, 7, 6, 7, 6, 7, 6, 6, 7, 6, 7, 6, 7, 6, 6, 7, 6, 6, 7, 7, 6, 6, 6, 7, 6, 6, 7, 7, 6, 7, 6, 7, 6, 6, 7, 6, 7, 7, 7, 7, 6, 7, 7, 6, 6, 7, 7, 6, 6, 7, 7, 6, 6, 7, 6, 7, 7, 6, 6, 7, 6, 6, 7, 7, 7, 7, 6, 7, 6, 7, 7, 7, 6, 7, 7, 6, 7, 6, 7, 7, 6, 7, 7, 7, 6, 7, 6, 7, 6, 7, 7, 7, 6, 7, 7, 7, 7, 6, 7, 7, 7, 7, 7, 7, 7, 7, 7, 7, 7, 7, 7, 6, 7, 7, 6, 6, 7, 6, 7, 6, 6, 6, 6, 7, 7, 7, 6, 7, 7, 7, 6, 6, 7, 6, 6, 7, 7, 6, 6, 7, 7, 7, 7, 6, 7, 6, 7, 7, 7, 7, 6, 7, 7, 7, 6, 7, 7, 7, 6, 7, 7, 7, 7, 6, 7, 7, 7, 6, 7, 7, 7, 7, 7, 7, 6, 7, 7, 7, 6, 7, 6, 6, 6, 7, 7, 6, 7, 6, 6, 6, 6, 6, 7, 6, 6, 6, 7, 6, 6, 6, 6, 7, 7, 6, 7, 7, 7, 7, 7, 7, 6, 7, 7, 6, 6, 7, 7, 7, 7]

################################################################
################################################################
################### process_jail_list: ######################

[6, 6, 6, 6, 7, 7, 6, 7, 6, 6, 7, 6, 6, 6, 6, 6, 6, 6, 6, 6, 6, 6, 6, 6, 6, 5, 6, 6, 6, 7, 6, 6, 6, 6, 6, 6, 6, 6, 6, 6, 5, 6, 7, 6, 6, 6, 6, 6, 6, 7, 6, 6, 6, 6, 6, 6, 6, 6, 6, 6, 6, 6, 6, 6, 6, 6, 6, 6, 6, 6, 6, 6, 6, 6, 6, 6, 6, 6, 6, 6, 6, 6, 6, 6, 6, 6, 6, 6, 6, 6, 6, 6, 6, 6, 6, 6, 6, 6, 6, 6, 8, 8, 7, 8, 6, 8, 6, 7, 7, 6, 6, 6, 6, 6, 6, 6, 6, 6, 6, 6, 5, 6, 6, 6, 6, 6, 6, 6, 6, 6, 6, 6, 6, 6, 6, 5, 6, 6, 6, 6, 6, 6, 6, 6, 6, 6, 6, 6, 6, 6, 6, 6, 6, 6, 6, 6, 6, 6, 6, 5, 6, 6, 6, 6, 6, 6, 6, 5, 6, 6, 6, 5, 6, 6, 5, 6, 5, 6, 6, 5, 6, 6, 5, 6, 6, 6, 5, 6, 6, 5, 6, 6, 6, 6, 6, 7, 6, 5, 6, 6, 5, 6, 6, 6, 6, 6, 6, 6, 6, 6, 6, 6, 6, 6, 6, 6, 6, 6, 6, 5, 6, 6, 5, 6, 6, 6, 6, 6, 6, 6, 6, 6, 5, 6, 6, 6, 5, 6, 6, 6, 6, 6, 6, 6, 6, 6, 6, 6, 6, 6, 6, 6, 6, 6, 6, 6, 6, 6, 6, 6, 6, 6, 6, 6, 6, 6, 6, 6, 6, 6, 5, 5, 6, 6, 5, 5, 6, 6, 6, 6, 6, 6, 6, 6, 6, 6, 6, 6, 7, 6, 5, 6, 6, 6, 6, 5, 5, 6, 6, 6, 6, 5, 6, 6, 6, 5, 6, 6, 6, 5, 6, 6, 6, 6, 6, 6, 6, 6, 6, 6, 6, 6, 6, 5, 6, 6, 6, 6, 6, 6, 6, 6, 6, 6, 5, 6, 6, 5, 5, 6, 5, 5, 6, 6, 5, 6, 6, 5, 6, 5, 6, 6, 6, 6, 6, 6, 5, 6, 6, 6, 6, 6, 6, 6, 5, 6, 6, 5, 6, 6, 6, 6, 6, 6, 6, 5, 6, 6, 6, 6, 6, 6, 6, 6, 6, 6, 6, 6, 6, 6, 6, 6, 6, 6, 6, 6, 6, 6, 6, 6, 6, 6, 6, 6, 6, 6, 6, 6, 6, 6, 6, 6, 7, 8, 6, 6, 6, 6, 6, 6, 6, 5, 6, 5, 5, 6, 5, 5, 6, 6, 5, 5, 6, 6, 6, 6, 6, 6, 6, 6, 6, 6, 6, 6, 6, 5, 6, 6, 6, 6, 6, 6, 6, 6, 6, 6, 6, 6, 6, 6, 6, 6, 6, 6, 6, 6, 6, 6, 6, 6, 6, 6, 6, 6, 6, 6, 6, 6, 6, 6, 6, 6, 6, 6, 6, 6, 6, 6, 5, 6, 6, 6, 6, 6, 6, 6, 6, 5, 6, 5, 6, 6, 5, 6, 6, 6, 6, 6, 6, 6, 6, 6, 5, 6, 6, 6, 6, 6, 5, 6, 6, 6, 6, 6, 6, 6, 6, 5, 6, 6, 6, 6, 6, 6, 6, 6, 6, 6, 6, 6, 6, 6, 6, 6, 6, 6, 5, 6, 6, 6, 6, 6, 6, 5, 6, 6, 6, 5, 6, 6, 5, 6, 6, 6, 6, 6, 6, 5, 6, 6, 6, 6, 5, 6, 6, 6, 6, 6, 6, 5, 6, 5, 6, 5, 6, 6, 5, 6, 6, 6, 6, 6, 6, 6, 6, 5, 6, 6, 6, 6, 6, 6, 6, 5, 6, 5, 6, 6, 6, 5, 6, 6, 6, 6, 6, 6, 6, 5, 6, 5, 6, 6, 6, 5, 6, 6, 6, 6, 5, 6, 6, 5, 6, 6, 6, 6, 6, 6, 6, 6, 6, 6, 6, 6, 6, 6, 6, 6, 6, 6, 6, 6, 6, 6, 6, 6, 6, 6, 6, 6, 6, 5, 6, 6, 6, 6, 6, 6, 6, 6, 6, 6, 6, 6, 6, 6, 6, 5, 6, 6, 6, 6, 6, 6, 6, 5, 6, 6, 6, 6, 6, 6, 6, 6, 6, 6, 5, 6, 6, 6, 6, 5, 6, 6, 6, 6, 6, 6, 6, 6, 6, 6, 6, 6, 6, 6, 6, 6, 6, 6, 6, 6, 6, 6, 6, 6, 6, 6, 6, 5, 6, 6, 6, 6, 6, 6, 5, 6, 6, 6, 6, 6, 6, 6, 5, 5, 5, 6, 6, 6, 6, 5, 6, 6, 6, 6, 6, 6, 6, 6, 6, 6, 6, 6, 6, 6, 6, 6, 6, 6]

################################################################
