Numero total de amostras 770

Tempo total de processamento: 0:20:55

############## TEMPOS DE PROCESSAMENTO DO EXERCICIO NO JAIL  ####################
Soma 4546 segundos
Media 5.903896103896104 segundos
Desvio padr達o 0.38289449852120805 segundos
Minimo 5 segundos
Maximo 7 segundos

95% 5.0 segundos
99% 5.0 segundos

############## TEMPOS DE PROCESSAMENTO DO EXERCICIO NO JAIL COM DOWNLOAD  ################
Soma 5009 segundos
Media 6.505194805194805 segundos
Desvio padr達o 0.5153226460999009 segundos
Minimo 6 segundos
Maximo 8 segundos

95% 6.0 segundos
99% 6.0 segundos

################### TEMPOS DE DOWNLOAD DO EXERCICIO NO JAIL #######################
Soma 463 segundos
Media 0.6012987012987013 segundos
Desvio padr達o 0.4896310581603219 segundos
Minimo 0 segundos
Maximo 1 segundos

95% 0.0 segundos
99% 0.0 segundos

############################ TEMPOS DE ESPERA NA FILA ############################
Soma 228839
Media 297.1935064935065 segundos
Desvio padr達o 170.84668515357342 segundos
Minimo 4 segundos
Maximo 596 segundos

95% 9.305499999999999 segundos
99% 9.6131 segundos

################### queue_wait_time_list: ######################

[14, 27, 380, 11, 14, 5, 6, 13, 4, 5, 14, 12, 21, 10, 8, 17, 19, 9, 8, 9, 22, 17, 13, 16, 17, 26, 24, 20, 20, 30, 36, 22, 26, 43, 24, 27, 33, 31, 39, 36, 32, 37, 39, 45, 43, 38, 45, 42, 384, 23, 26, 28, 29, 33, 36, 39, 43, 48, 52, 44, 55, 51, 51, 57, 55, 65, 60, 59, 54, 58, 68, 66, 57, 78, 61, 59, 68, 64, 71, 72, 67, 71, 74, 73, 75, 77, 84, 76, 81, 81, 86, 83, 82, 86, 86, 87, 63, 46, 49, 48, 49, 51, 54, 60, 63, 89, 92, 90, 94, 91, 92, 98, 96, 98, 95, 95, 104, 102, 98, 104, 107, 101, 109, 107, 104, 112, 111, 107, 112, 113, 114, 118, 115, 112, 117, 123, 116, 119, 121, 121, 123, 124, 126, 389, 392, 561, 563, 567, 127, 127, 127, 129, 131, 131, 130, 66, 70, 74, 77, 81, 80, 83, 89, 135, 134, 135, 142, 141, 139, 142, 137, 145, 147, 144, 144, 148, 148, 158, 149, 144, 158, 155, 150, 169, 163, 154, 153, 162, 157, 156, 166, 158, 168, 167, 162, 174, 170, 166, 215, 173, 167, 172, 89, 392, 93, 97, 100, 101, 103, 107, 109, 110, 177, 179, 177, 181, 183, 186, 183, 182, 185, 186, 189, 189, 193, 186, 194, 191, 188, 197, 195, 192, 198, 198, 195, 200, 199, 203, 205, 204, 199, 203, 207, 209, 209, 208, 212, 211, 212, 214, 395, 399, 402, 409, 422, 569, 572, 575, 215, 581, 215, 217, 218, 218, 218, 399, 116, 119, 117, 120, 125, 133, 133, 139, 219, 221, 223, 223, 222, 226, 225, 229, 227, 228, 232, 229, 232, 232, 232, 235, 234, 235, 238, 238, 243, 240, 241, 244, 246, 244, 241, 248, 251, 245, 249, 250, 254, 252, 256, 251, 255, 255, 258, 405, 413, 415, 419, 425, 428, 431, 257, 258, 579, 260, 260, 261, 261, 263, 264, 138, 140, 145, 145, 149, 272, 268, 267, 285, 278, 272, 285, 269, 264, 265, 277, 287, 274, 266, 269, 275, 267, 280, 279, 271, 270, 443, 275, 281, 279, 275, 284, 280, 281, 284, 462, 443, 154, 156, 157, 158, 164, 165, 168, 290, 287, 302, 287, 291, 294, 293, 294, 307, 296, 296, 300, 300, 304, 299, 314, 310, 303, 306, 316, 309, 306, 329, 313, 310, 308, 316, 319, 322, 319, 315, 325, 324, 320, 331, 326, 326, 329, 329, 177, 448, 453, 456, 467, 472, 474, 478, 481, 486, 489, 491, 173, 175, 178, 447, 455, 338, 339, 463, 488, 332, 340, 331, 332, 341, 342, 341, 334, 342, 335, 336, 335, 336, 338, 179, 380, 379, 383, 464, 183, 382, 379, 387, 189, 386, 382, 192, 194, 195, 196, 207, 345, 347, 350, 347, 348, 352, 351, 354, 351, 355, 365, 356, 356, 358, 361, 371, 357, 362, 367, 361, 364, 369, 370, 371, 367, 370, 374, 373, 377, 378, 377, 386, 386, 389, 389, 390, 489, 204, 207, 209, 213, 220, 220, 224, 392, 403, 397, 397, 393, 395, 396, 400, 400, 406, 402, 401, 408, 406, 406, 411, 408, 410, 412, 410, 414, 414, 415, 417, 420, 418, 422, 418, 423, 423, 424, 424, 427, 429, 429, 431, 435, 427, 432, 431, 434, 433, 498, 502, 507, 511, 515, 532, 534, 542, 227, 229, 443, 498, 504, 514, 517, 523, 434, 439, 437, 438, 438, 441, 439, 440, 441, 444, 443, 444, 234, 237, 238, 239, 243, 247, 246, 249, 443, 443, 448, 448, 451, 457, 453, 455, 455, 460, 452, 458, 456, 461, 466, 456, 473, 461, 470, 463, 463, 468, 467, 472, 473, 472, 478, 474, 476, 477, 476, 486, 480, 482, 481, 485, 486, 488, 538, 253, 255, 496, 492, 494, 493, 487, 500, 490, 502, 494, 495, 500, 501, 505, 502, 506, 504, 507, 511, 507, 508, 511, 514, 511, 523, 515, 527, 517, 518, 521, 521, 518, 530, 526, 521, 533, 533, 525, 528, 530, 533, 537, 535, 535, 539, 539, 299, 286, 291, 290, 293, 296, 297, 541, 542, 545, 547, 545, 545, 550, 548, 544, 548, 554, 550, 554, 555, 557, 556, 558, 565, 560, 560, 560, 563, 563, 563, 571, 566, 566, 572, 576, 572, 569, 570, 575, 579, 571, 582, 578, 575, 581, 578, 525, 528, 548, 550, 581, 583, 585, 584, 585, 302, 313, 315, 539, 542, 587, 588, 587, 587, 589, 591, 592, 591, 307, 312, 318, 323, 322, 325, 328, 551, 554, 343, 344, 345, 348, 352, 355, 358, 361, 363, 365, 368, 374, 373, 377, 557, 592, 595, 594, 593, 596]

################################################################
################### jail_ex_download_list: ######################

[0, 1, 1, 1, 0, 1, 1, 0, 1, 1, 1, 0, 0, 1, 1, 0, 1, 1, 0, 0, 1, 1, 0, 0, 1, 0, 1, 0, 1, 0, 0, 1, 0, 0, 0, 1, 0, 1, 1, 0, 1, 1, 1, 1, 0, 1, 1, 0, 1, 1, 1, 1, 1, 0, 0, 1, 0, 1, 0, 1, 0, 1, 1, 0, 1, 1, 1, 0, 1, 0, 1, 0, 1, 1, 1, 1, 1, 1, 1, 0, 1, 1, 0, 1, 0, 1, 0, 1, 0, 0, 1, 1, 1, 1, 1, 1, 1, 1, 0, 0, 0, 1, 1, 1, 1, 1, 0, 0, 1, 1, 1, 1, 1, 0, 1, 1, 1, 0, 0, 1, 1, 1, 0, 0, 0, 1, 0, 0, 1, 1, 1, 0, 1, 1, 0, 1, 0, 1, 1, 1, 1, 0, 0, 0, 1, 1, 0, 1, 1, 1, 1, 1, 1, 1, 1, 1, 1, 1, 0, 0, 0, 1, 0, 1, 1, 0, 0, 1, 0, 0, 1, 1, 1, 0, 1, 0, 0, 1, 1, 0, 0, 1, 1, 1, 1, 1, 1, 1, 0, 0, 0, 1, 1, 0, 1, 0, 1, 0, 0, 0, 1, 1, 1, 1, 0, 1, 1, 1, 1, 0, 1, 0, 0, 1, 1, 0, 1, 1, 1, 1, 1, 0, 0, 1, 0, 0, 1, 0, 1, 0, 1, 0, 0, 0, 0, 1, 0, 1, 1, 1, 1, 1, 0, 0, 0, 1, 1, 0, 1, 1, 1, 0, 1, 0, 0, 0, 0, 0, 0, 1, 1, 1, 0, 0, 0, 0, 0, 0, 0, 1, 0, 0, 1, 1, 1, 1, 1, 0, 1, 0, 1, 1, 0, 1, 1, 0, 0, 1, 1, 0, 1, 1, 0, 0, 0, 1, 1, 0, 1, 0, 0, 1, 0, 1, 1, 0, 0, 0, 1, 0, 0, 1, 1, 1, 0, 1, 1, 1, 0, 1, 1, 1, 0, 0, 1, 1, 1, 1, 0, 1, 1, 0, 0, 1, 1, 1, 1, 0, 0, 0, 0, 0, 0, 0, 0, 1, 1, 0, 1, 1, 1, 1, 0, 1, 1, 1, 1, 1, 0, 1, 0, 1, 1, 0, 1, 1, 0, 0, 0, 1, 1, 1, 1, 1, 0, 1, 0, 0, 0, 0, 0, 0, 1, 1, 1, 1, 1, 1, 0, 1, 1, 1, 0, 1, 0, 0, 0, 1, 1, 1, 1, 0, 1, 1, 1, 0, 1, 0, 1, 0, 1, 1, 0, 1, 0, 1, 1, 0, 0, 1, 1, 0, 1, 1, 1, 0, 1, 0, 0, 1, 1, 1, 1, 0, 0, 1, 1, 0, 0, 0, 1, 0, 1, 0, 0, 1, 0, 1, 1, 1, 1, 1, 1, 1, 1, 0, 0, 1, 0, 1, 0, 0, 0, 1, 1, 0, 1, 1, 1, 1, 0, 1, 1, 0, 1, 0, 1, 1, 1, 0, 1, 0, 0, 0, 1, 0, 1, 1, 0, 1, 1, 1, 0, 0, 0, 0, 1, 1, 1, 1, 1, 0, 0, 0, 0, 0, 1, 0, 0, 1, 1, 0, 1, 0, 1, 0, 1, 0, 1, 1, 1, 1, 1, 1, 0, 0, 0, 0, 1, 1, 1, 1, 0, 1, 0, 1, 0, 1, 1, 1, 0, 0, 0, 1, 1, 1, 0, 0, 1, 1, 1, 0, 1, 0, 1, 0, 1, 0, 0, 1, 1, 1, 1, 1, 1, 1, 1, 0, 0, 0, 0, 0, 1, 1, 0, 1, 1, 1, 0, 0, 0, 1, 1, 1, 1, 0, 1, 1, 0, 1, 1, 0, 0, 1, 1, 0, 1, 1, 0, 0, 0, 1, 1, 0, 0, 1, 1, 1, 1, 0, 0, 1, 0, 0, 0, 1, 1, 0, 1, 1, 1, 0, 0, 1, 1, 0, 0, 1, 1, 1, 0, 1, 0, 0, 0, 1, 1, 0, 0, 1, 1, 0, 1, 1, 1, 1, 1, 0, 0, 1, 1, 0, 1, 1, 1, 1, 1, 0, 0, 1, 1, 1, 0, 1, 1, 0, 0, 0, 1, 1, 1, 1, 1, 1, 1, 1, 0, 1, 1, 1, 0, 0, 1, 1, 0, 1, 1, 1, 1, 1, 1, 0, 1, 0, 1, 0, 1, 1, 1, 1, 0, 1, 0, 0, 1, 1, 0, 1, 0, 1, 0, 1, 0, 1, 1, 0, 1, 1, 1, 1, 1, 1, 1, 1, 1, 0, 0, 0, 1, 1, 1, 1, 1, 0, 1, 1, 1, 1, 1, 1, 1, 1, 0, 1, 1, 1, 0, 1, 1, 1, 1, 1, 1, 1, 0, 0, 1, 1, 1, 1, 0, 1, 1, 0, 0, 1, 1, 1, 1, 0]

################################################################
################################################################
################### process_jail_download_list: ######################

[6, 7, 7, 7, 6, 7, 7, 6, 8, 8, 7, 6, 6, 6, 6, 6, 6, 7, 6, 6, 7, 7, 6, 6, 7, 6, 6, 6, 6, 6, 6, 7, 6, 6, 6, 7, 6, 7, 7, 6, 7, 6, 7, 7, 6, 7, 7, 6, 7, 7, 7, 7, 7, 6, 6, 7, 6, 7, 6, 7, 6, 7, 7, 6, 7, 7, 7, 6, 6, 6, 7, 6, 6, 7, 7, 7, 6, 7, 7, 6, 7, 6, 6, 7, 6, 7, 6, 7, 6, 6, 6, 6, 7, 7, 6, 7, 7, 6, 6, 6, 6, 7, 7, 6, 7, 6, 6, 6, 6, 7, 6, 7, 6, 6, 7, 7, 6, 6, 6, 7, 7, 7, 6, 6, 6, 6, 6, 6, 7, 6, 7, 6, 7, 7, 6, 7, 6, 6, 7, 6, 7, 6, 6, 6, 7, 7, 6, 7, 7, 7, 6, 7, 7, 7, 7, 7, 6, 7, 7, 6, 6, 7, 6, 7, 7, 7, 6, 7, 6, 6, 7, 6, 7, 7, 7, 6, 6, 7, 7, 6, 6, 7, 6, 7, 7, 7, 7, 7, 6, 6, 6, 7, 6, 6, 7, 6, 7, 6, 6, 6, 7, 7, 7, 7, 6, 7, 6, 6, 7, 6, 6, 6, 6, 7, 7, 6, 6, 7, 6, 7, 7, 6, 6, 7, 6, 6, 7, 6, 7, 6, 7, 7, 6, 6, 6, 6, 6, 6, 7, 6, 7, 7, 6, 6, 6, 7, 6, 6, 7, 6, 7, 6, 7, 7, 6, 6, 6, 7, 6, 6, 7, 7, 6, 6, 6, 6, 6, 6, 6, 7, 6, 6, 7, 7, 7, 6, 7, 6, 7, 6, 6, 6, 6, 7, 6, 6, 6, 7, 6, 6, 7, 7, 6, 6, 6, 7, 7, 6, 6, 6, 6, 7, 6, 6, 7, 6, 6, 6, 7, 6, 6, 6, 6, 7, 6, 7, 7, 7, 6, 7, 7, 7, 6, 6, 7, 7, 7, 7, 6, 7, 7, 7, 6, 7, 7, 7, 7, 6, 6, 6, 6, 6, 6, 6, 6, 7, 7, 6, 7, 7, 6, 7, 6, 7, 7, 7, 7, 7, 6, 7, 6, 7, 7, 6, 7, 7, 7, 6, 6, 7, 7, 6, 7, 7, 7, 7, 6, 6, 6, 6, 6, 6, 6, 6, 7, 7, 7, 7, 6, 7, 7, 7, 6, 6, 6, 6, 6, 7, 7, 7, 7, 6, 7, 7, 7, 6, 7, 6, 6, 6, 7, 7, 6, 7, 6, 8, 7, 7, 6, 7, 7, 6, 7, 7, 7, 6, 7, 6, 7, 7, 7, 7, 7, 6, 6, 7, 7, 6, 6, 6, 6, 6, 7, 6, 6, 7, 6, 7, 6, 7, 7, 6, 7, 7, 7, 6, 6, 6, 6, 7, 6, 6, 6, 6, 7, 6, 6, 7, 7, 7, 7, 7, 6, 6, 7, 6, 7, 7, 7, 6, 7, 6, 6, 6, 7, 6, 7, 6, 6, 7, 7, 7, 6, 6, 6, 6, 7, 7, 7, 7, 7, 6, 6, 6, 6, 6, 6, 6, 6, 7, 6, 6, 7, 6, 7, 6, 6, 6, 7, 7, 7, 7, 7, 6, 7, 6, 6, 6, 7, 6, 7, 7, 6, 7, 6, 7, 6, 7, 7, 6, 6, 6, 6, 7, 7, 7, 6, 6, 7, 7, 7, 6, 7, 6, 7, 6, 7, 6, 6, 6, 6, 7, 7, 7, 8, 7, 7, 6, 6, 6, 6, 6, 7, 7, 6, 6, 6, 6, 6, 6, 6, 7, 6, 7, 7, 6, 7, 7, 6, 7, 6, 7, 6, 8, 7, 6, 6, 7, 6, 6, 6, 7, 7, 6, 6, 7, 7, 7, 7, 6, 7, 7, 6, 6, 6, 6, 7, 6, 7, 7, 7, 6, 6, 6, 7, 6, 6, 7, 7, 7, 6, 7, 6, 6, 6, 7, 7, 6, 6, 7, 7, 6, 7, 6, 7, 7, 6, 6, 6, 7, 7, 7, 7, 7, 8, 6, 7, 6, 6, 7, 7, 7, 6, 7, 7, 6, 6, 6, 7, 7, 6, 7, 7, 7, 7, 7, 6, 7, 7, 7, 6, 6, 6, 7, 6, 7, 6, 7, 6, 7, 7, 6, 7, 6, 7, 6, 7, 7, 6, 7, 6, 7, 6, 6, 6, 7, 6, 7, 6, 7, 6, 7, 6, 6, 7, 6, 7, 7, 6, 7, 7, 6, 7, 7, 7, 6, 6, 6, 7, 7, 7, 6, 7, 6, 7, 7, 7, 6, 7, 7, 6, 7, 6, 7, 7, 7, 6, 7, 7, 7, 7, 7, 6, 7, 7, 6, 7, 7, 7, 7, 6, 7, 7, 6, 6, 7, 6, 6, 7, 6]

################################################################
################################################################
################### process_jail_list: ######################

[6, 6, 6, 6, 6, 6, 6, 6, 7, 7, 6, 6, 6, 5, 5, 6, 5, 6, 6, 6, 6, 6, 6, 6, 6, 6, 5, 6, 5, 6, 6, 6, 6, 6, 6, 6, 6, 6, 6, 6, 6, 5, 6, 6, 6, 6, 6, 6, 6, 6, 6, 6, 6, 6, 6, 6, 6, 6, 6, 6, 6, 6, 6, 6, 6, 6, 6, 6, 5, 6, 6, 6, 5, 6, 6, 6, 5, 6, 6, 6, 6, 5, 6, 6, 6, 6, 6, 6, 6, 6, 5, 5, 6, 6, 5, 6, 6, 5, 6, 6, 6, 6, 6, 5, 6, 5, 6, 6, 5, 6, 5, 6, 5, 6, 6, 6, 5, 6, 6, 6, 6, 6, 6, 6, 6, 5, 6, 6, 6, 5, 6, 6, 6, 6, 6, 6, 6, 5, 6, 5, 6, 6, 6, 6, 6, 6, 6, 6, 6, 6, 5, 6, 6, 6, 6, 6, 5, 6, 7, 6, 6, 6, 6, 6, 6, 7, 6, 6, 6, 6, 6, 5, 6, 7, 6, 6, 6, 6, 6, 6, 6, 6, 5, 6, 6, 6, 6, 6, 6, 6, 6, 6, 5, 6, 6, 6, 6, 6, 6, 6, 6, 6, 6, 6, 6, 6, 5, 5, 6, 6, 5, 6, 6, 6, 6, 6, 5, 6, 5, 6, 6, 6, 6, 6, 6, 6, 6, 6, 6, 6, 6, 7, 6, 6, 6, 5, 6, 5, 6, 5, 6, 6, 6, 6, 6, 6, 5, 6, 6, 5, 6, 6, 6, 7, 6, 6, 6, 7, 6, 5, 6, 6, 6, 6, 6, 6, 6, 6, 6, 6, 6, 6, 6, 6, 6, 5, 6, 6, 6, 6, 5, 5, 6, 6, 5, 6, 6, 6, 5, 6, 6, 6, 6, 6, 6, 6, 6, 6, 5, 6, 6, 6, 6, 5, 6, 6, 6, 6, 6, 6, 6, 5, 5, 6, 6, 6, 6, 6, 6, 6, 6, 6, 6, 6, 6, 6, 6, 6, 6, 6, 6, 7, 6, 6, 6, 6, 6, 6, 6, 6, 6, 6, 6, 6, 6, 6, 6, 6, 6, 6, 5, 6, 6, 6, 6, 6, 6, 6, 6, 6, 6, 6, 6, 6, 6, 6, 7, 6, 6, 6, 6, 5, 6, 6, 7, 6, 6, 6, 6, 6, 6, 6, 5, 5, 6, 6, 6, 6, 6, 6, 6, 6, 6, 5, 6, 6, 6, 6, 6, 6, 6, 6, 6, 6, 6, 6, 6, 6, 5, 6, 6, 6, 6, 6, 6, 7, 6, 7, 6, 6, 6, 6, 6, 6, 6, 6, 6, 6, 7, 6, 6, 6, 6, 6, 6, 6, 6, 6, 6, 6, 5, 6, 6, 6, 6, 6, 6, 6, 5, 6, 6, 5, 6, 6, 6, 6, 6, 5, 6, 6, 6, 6, 6, 5, 6, 6, 5, 6, 6, 6, 7, 6, 5, 6, 6, 6, 6, 6, 6, 6, 6, 6, 6, 6, 6, 6, 6, 5, 6, 6, 6, 6, 6, 6, 6, 6, 6, 6, 6, 6, 6, 6, 6, 6, 6, 6, 5, 6, 6, 6, 5, 6, 6, 6, 6, 6, 5, 6, 6, 6, 6, 6, 6, 5, 7, 6, 6, 6, 6, 5, 6, 6, 6, 6, 6, 6, 6, 6, 6, 5, 6, 6, 6, 6, 6, 6, 6, 6, 6, 6, 6, 6, 6, 6, 6, 6, 6, 6, 6, 5, 5, 6, 6, 6, 7, 6, 6, 6, 6, 6, 6, 6, 6, 6, 6, 5, 5, 5, 6, 6, 6, 6, 5, 6, 6, 6, 6, 6, 6, 6, 5, 7, 6, 7, 6, 6, 5, 6, 6, 6, 6, 6, 6, 6, 6, 6, 6, 6, 6, 6, 7, 6, 6, 6, 6, 5, 6, 6, 6, 6, 6, 6, 6, 5, 6, 6, 6, 6, 6, 6, 6, 6, 6, 6, 6, 6, 6, 6, 6, 6, 6, 6, 6, 5, 6, 6, 5, 6, 6, 6, 6, 7, 6, 6, 7, 5, 6, 6, 6, 6, 6, 6, 6, 6, 6, 6, 6, 6, 6, 6, 5, 6, 6, 6, 6, 6, 6, 6, 6, 6, 6, 6, 5, 6, 6, 6, 5, 6, 5, 6, 6, 6, 6, 6, 6, 6, 6, 6, 5, 6, 6, 6, 6, 6, 5, 6, 6, 6, 6, 6, 6, 6, 6, 5, 6, 6, 6, 6, 5, 6, 6, 5, 6, 6, 6, 6, 6, 6, 6, 6, 6, 5, 6, 6, 6, 6, 6, 5, 6, 6, 5, 6, 6, 6, 6, 6, 6, 6, 6, 6, 6, 6, 5, 6, 7, 6, 6, 6, 6, 6, 6, 6, 6, 6, 6, 6, 5, 5, 6, 6]

################################################################
