Numero total de amostras 771

Tempo total de processamento: 1:25:53

############## TEMPOS DE PROCESSAMENTO DO EXERCICIO NO JAIL  ####################
Soma 4550 segundos
Media 5.9014267185473415 segundos
Desvio padr達o 0.3191030527094746 segundos
Minimo 5 segundos
Maximo 7 segundos

95% 5.0 segundos
99% 5.0 segundos

############## TEMPOS DE PROCESSAMENTO DO EXERCICIO NO JAIL COM DOWNLOAD  ################
Soma 5145 segundos
Media 6.673151750972763 segundos
Desvio padr達o 0.4853685954712117 segundos
Minimo 6 segundos
Maximo 8 segundos

95% 6.0 segundos
99% 6.0 segundos

################### TEMPOS DE DOWNLOAD DO EXERCICIO NO JAIL #######################
Soma 595 segundos
Media 0.7717250324254216 segundos
Desvio padr達o 0.4288911376103717 segundos
Minimo 0 segundos
Maximo 2 segundos

95% 0.0 segundos
99% 0.0 segundos

############################ TEMPOS DE ESPERA NA FILA ############################
Soma 1728179
Media 2241.4773022049285 segundos
Desvio padr達o 1287.3238473191232 segundos
Minimo 2 segundos
Maximo 4473 segundos

95% 40.88999999999999 segundos
99% 42.73799999999999 segundos

################### queue_wait_time_list: ######################

[27, 33, 6, 45, 3477, 2, 9, 15, 21, 51, 58, 70, 76, 83, 102, 108, 122, 128, 134, 146, 152, 158, 171, 176, 189, 195, 201, 213, 220, 226, 237, 243, 250, 262, 268, 280, 285, 291, 303, 309, 315, 327, 333, 339, 351, 357, 368, 737, 39, 3501, 63, 381, 387, 398, 404, 409, 422, 427, 433, 445, 451, 457, 469, 474, 487, 493, 500, 511, 517, 523, 534, 540, 552, 558, 564, 571, 578, 583, 596, 603, 608, 620, 626, 639, 645, 651, 659, 664, 671, 684, 689, 696, 708, 715, 726, 731, 3525, 743, 3548, 3565, 748, 3588, 3612, 755, 3629, 3652, 760, 3675, 3699, 3716, 90, 3739, 96, 114, 771, 784, 789, 795, 807, 813, 818, 831, 836, 842, 853, 859, 872, 877, 883, 894, 900, 906, 917, 923, 929, 941, 945, 957, 963, 969, 980, 986, 992, 1003, 1009, 1020, 1026, 1032, 1043, 1049, 1054, 1067, 1073, 1078, 1089, 1095, 1107, 1113, 3762, 140, 165, 1131, 1136, 1148, 1154, 1160, 1172, 1177, 1184, 1195, 1200, 1205, 1217, 1223, 1235, 1240, 1246, 1257, 1263, 1268, 1280, 1286, 1297, 1302, 1308, 1320, 1326, 1331, 1343, 1349, 1355, 1366, 1372, 1383, 1389, 1395, 1407, 1412, 1418, 1429, 1435, 1441, 1452, 1458, 1470, 1837, 183, 208, 1487, 1492, 1504, 1510, 1515, 1526, 1532, 1538, 1550, 1555, 1561, 1572, 1578, 1590, 1595, 1601, 1612, 1618, 1623, 1636, 1641, 1652, 1658, 1663, 1675, 1681, 1687, 1698, 1703, 1709, 1721, 1727, 1738, 1744, 1750, 1761, 1767, 1772, 1783, 1790, 1796, 1807, 1813, 1824, 1831, 3786, 232, 256, 274, 1848, 1859, 1865, 1871, 1882, 1888, 1893, 1905, 1911, 1916, 1927, 1933, 1944, 1951, 1956, 1967, 1973, 1978, 1990, 1996, 2002, 2013, 2019, 2030, 2035, 2042, 2054, 2059, 2066, 2077, 2083, 2094, 2099, 2105, 2118, 2123, 2129, 2140, 2146, 2152, 2163, 2169, 2180, 2187, 298, 321, 2203, 2209, 2220, 2226, 2232, 2243, 2248, 2254, 2265, 2272, 2277, 2288, 2294, 2305, 2312, 2317, 2329, 2335, 2341, 2353, 2359, 2370, 2376, 2382, 2394, 2400, 2406, 2417, 2423, 2430, 2441, 2447, 2459, 2464, 2470, 2482, 2488, 2493, 2504, 2511, 2517, 2528, 2533, 2545, 2551, 345, 363, 2562, 2568, 2580, 2585, 2592, 2603, 2609, 2614, 2626, 2631, 2644, 2649, 2655, 2666, 2672, 2678, 2690, 2695, 2701, 2713, 2718, 2730, 2736, 2741, 2754, 2758, 2764, 2776, 2782, 2787, 2800, 2806, 2817, 2823, 2828, 2841, 2846, 2852, 2863, 2869, 2881, 2887, 2893, 2904, 2910, 3797, 2916, 3802, 3820, 2922, 3843, 3867, 2928, 3890, 2933, 3907, 3931, 2939, 3954, 3971, 2944, 374, 3995, 392, 416, 2957, 2962, 2974, 2979, 2991, 2996, 3003, 3015, 3020, 3026, 3037, 3044, 3055, 3061, 3066, 3078, 3085, 3090, 3102, 3107, 3112, 3125, 3131, 3142, 3148, 3152, 3166, 3170, 3176, 3187, 3194, 3199, 3211, 3217, 3228, 3234, 3240, 3252, 3257, 3263, 3274, 3281, 3292, 3298, 4019, 3361, 3303, 3412, 3309, 3367, 4042, 3315, 3418, 3373, 3321, 4060, 4083, 3327, 3379, 3425, 3333, 4105, 3384, 3338, 3431, 3344, 3390, 4128, 3350, 4147, 3396, 3355, 3437, 3402, 3409, 439, 3472, 3483, 463, 481, 3449, 3460, 3467, 3490, 3496, 3507, 3512, 3518, 3531, 3536, 3542, 3553, 3559, 3571, 3576, 3583, 3594, 3599, 3606, 3617, 3623, 3634, 3640, 3645, 3658, 3664, 3669, 3681, 3686, 3693, 3704, 3710, 3722, 3727, 3733, 3745, 3751, 3756, 3769, 3774, 3780, 3791, 4282, 505, 528, 3809, 3815, 3826, 3832, 3837, 3850, 3855, 3861, 3872, 3878, 3884, 3896, 3901, 3913, 3919, 3924, 3937, 3943, 3948, 3960, 3966, 3978, 3984, 3989, 4001, 4006, 4013, 4025, 4030, 4036, 4047, 4053, 4066, 4070, 4077, 4088, 4093, 4100, 4112, 4117, 4124, 4134, 4141, 4152, 4159, 4369, 4230, 4166, 4392, 4171, 4236, 4409, 4178, 4432, 4242, 4184, 4455, 4473, 4190, 4247, 4195, 4253, 4201, 4207, 4260, 4212, 4265, 4219, 4225, 4271, 4276, 4306, 4323, 4346, 546, 564, 590, 615, 632, 652, 677, 701, 719, 888, 766, 777, 801, 825, 848, 865, 912, 934, 952, 974, 998, 1014, 1038, 4288, 4293, 4300, 4311, 4317, 4329, 4334, 4341, 4352, 4358, 4363, 4374, 4381, 4387, 4398, 4403, 4415, 4420, 4427, 4438, 4444, 4449, 4462, 4466, 1061, 1084, 1101, 1756, 1119, 1125, 1143, 1166, 1189, 1211, 1229, 1252, 1275, 1291, 1314, 1337, 1361, 1378, 1401, 1423, 1446, 1463, 1778, 1475, 1481, 1498, 1521, 1543, 1566, 1584, 1606, 1630, 1647, 1670, 1692, 1716, 1732, 1802, 1818, 1842, 1853, 1877, 1899, 1922, 1938, 1962, 1984, 2008, 2024, 2048, 2071, 2088, 2112, 2134, 2158, 2175, 2811, 2192, 2198, 2214, 2237, 2260, 2283, 2299, 2323, 2347, 2365, 2389, 2412, 2435, 2453, 2477, 2499, 2522, 2539, 2557, 2574, 2598, 2620, 2638, 2661, 2684, 2707, 2724, 2747, 2770, 2794, 2835, 2858, 2876, 2898, 2950, 2968, 2985, 3009, 3032, 3049, 3072, 3096, 3119, 3135, 3159, 3181, 3205, 3223, 3246, 3269, 3287, 3443, 3453]

################################################################
################### jail_ex_download_list: ######################

[1, 1, 2, 1, 1, 2, 1, 1, 1, 1, 1, 1, 2, 1, 1, 1, 0, 1, 0, 1, 1, 1, 1, 1, 1, 1, 1, 1, 1, 1, 1, 1, 1, 1, 1, 1, 1, 1, 1, 1, 1, 1, 0, 1, 1, 1, 1, 1, 1, 1, 1, 1, 0, 1, 0, 1, 1, 1, 1, 1, 1, 1, 1, 1, 1, 1, 0, 1, 1, 0, 1, 1, 1, 1, 1, 1, 0, 1, 1, 1, 1, 0, 1, 0, 1, 1, 1, 1, 1, 0, 1, 1, 1, 0, 1, 1, 1, 1, 0, 1, 1, 1, 0, 0, 0, 1, 1, 1, 0, 1, 1, 1, 1, 1, 1, 1, 1, 1, 1, 0, 1, 0, 1, 1, 1, 1, 0, 1, 0, 1, 0, 1, 1, 1, 0, 0, 1, 1, 1, 0, 1, 1, 1, 1, 0, 1, 1, 1, 1, 0, 1, 1, 0, 1, 1, 1, 1, 1, 1, 1, 1, 0, 1, 0, 1, 1, 0, 1, 1, 1, 1, 1, 1, 0, 1, 1, 1, 1, 0, 1, 1, 1, 1, 0, 1, 1, 1, 0, 1, 1, 1, 1, 1, 1, 0, 1, 0, 1, 1, 1, 1, 1, 1, 0, 1, 0, 1, 0, 0, 1, 1, 0, 1, 1, 1, 0, 0, 1, 1, 1, 0, 1, 1, 1, 1, 1, 1, 0, 1, 1, 0, 1, 1, 1, 0, 1, 1, 1, 1, 0, 1, 0, 1, 1, 1, 1, 1, 1, 1, 1, 1, 1, 1, 0, 1, 1, 1, 0, 1, 0, 1, 1, 0, 1, 1, 0, 1, 1, 1, 1, 0, 1, 1, 1, 1, 0, 1, 1, 1, 0, 0, 1, 1, 0, 1, 1, 1, 0, 1, 1, 1, 0, 1, 1, 1, 1, 1, 1, 1, 1, 0, 1, 1, 1, 0, 1, 1, 0, 1, 1, 1, 1, 1, 1, 1, 1, 1, 0, 1, 1, 1, 0, 1, 1, 1, 1, 1, 1, 1, 1, 1, 1, 1, 1, 1, 0, 1, 1, 1, 1, 1, 1, 1, 0, 1, 1, 0, 1, 1, 1, 1, 1, 0, 1, 1, 1, 1, 1, 0, 1, 0, 1, 1, 1, 0, 1, 0, 1, 1, 1, 1, 1, 0, 1, 0, 1, 0, 1, 0, 1, 1, 0, 1, 0, 1, 0, 1, 1, 1, 1, 1, 1, 0, 1, 0, 1, 1, 1, 1, 1, 1, 0, 0, 1, 1, 1, 1, 1, 1, 1, 1, 1, 1, 1, 1, 0, 1, 0, 1, 1, 1, 1, 0, 1, 1, 1, 0, 1, 0, 1, 1, 0, 1, 0, 1, 1, 1, 0, 1, 0, 1, 0, 1, 1, 1, 0, 1, 0, 1, 1, 1, 0, 0, 1, 1, 1, 1, 1, 0, 1, 1, 1, 1, 1, 1, 1, 0, 1, 1, 1, 1, 1, 1, 1, 1, 0, 1, 1, 1, 0, 1, 1, 1, 0, 1, 1, 1, 1, 1, 0, 1, 1, 1, 1, 1, 0, 1, 0, 1, 0, 1, 1, 1, 0, 1, 1, 1, 0, 1, 1, 0, 0, 1, 1, 1, 1, 1, 1, 1, 1, 0, 1, 0, 1, 1, 1, 1, 0, 1, 1, 1, 0, 1, 0, 1, 1, 1, 1, 1, 1, 1, 1, 1, 0, 1, 0, 1, 1, 1, 1, 0, 1, 1, 1, 0, 1, 1, 0, 1, 1, 0, 1, 0, 1, 0, 1, 1, 0, 1, 1, 1, 1, 1, 1, 1, 0, 1, 1, 0, 1, 1, 1, 0, 1, 1, 1, 1, 0, 1, 1, 1, 1, 1, 1, 0, 1, 1, 1, 0, 1, 1, 1, 1, 0, 0, 1, 1, 1, 0, 1, 1, 1, 1, 1, 0, 1, 1, 1, 1, 1, 1, 1, 1, 1, 0, 1, 1, 1, 1, 1, 0, 1, 0, 1, 0, 1, 0, 0, 1, 1, 1, 1, 0, 1, 1, 1, 0, 1, 1, 1, 0, 0, 1, 0, 1, 1, 1, 0, 1, 0, 1, 1, 0, 0, 0, 1, 1, 1, 1, 1, 1, 1, 0, 1, 1, 0, 1, 0, 0, 1, 1, 1, 1, 1, 1, 1, 0, 1, 1, 1, 1, 1, 1, 0, 1, 1, 0, 1, 0, 1, 1, 1, 0, 0, 1, 1, 1, 1, 0, 1, 1, 1, 1, 1, 1, 1, 0, 1, 1, 0, 1, 1, 0, 1, 1, 1, 1, 0, 0, 1, 1, 1, 0, 0, 1, 1, 0, 1, 0, 1, 1, 0, 1, 0, 1, 1, 1, 1, 1, 1, 1, 1, 1, 1, 1, 1, 0, 1, 1, 1, 0, 1, 1, 1, 1, 1, 1, 0, 0, 1, 1]

################################################################
################################################################
################### process_jail_download_list: ######################

[7, 7, 8, 7, 6, 8, 7, 7, 7, 7, 7, 7, 8, 7, 7, 7, 7, 7, 7, 7, 7, 7, 7, 7, 7, 7, 7, 8, 7, 7, 7, 7, 7, 7, 7, 6, 7, 7, 7, 6, 7, 7, 6, 7, 7, 7, 7, 6, 7, 7, 7, 7, 6, 7, 6, 7, 6, 7, 7, 7, 6, 7, 7, 7, 7, 7, 6, 7, 7, 6, 7, 7, 7, 7, 7, 7, 6, 7, 7, 6, 7, 6, 7, 6, 7, 6, 6, 7, 7, 6, 7, 6, 7, 6, 6, 7, 7, 7, 6, 7, 7, 7, 6, 6, 6, 7, 7, 7, 6, 7, 7, 7, 7, 8, 7, 6, 7, 7, 7, 6, 7, 6, 7, 7, 7, 7, 6, 7, 6, 7, 6, 7, 7, 7, 6, 6, 7, 7, 7, 6, 6, 7, 7, 7, 6, 6, 7, 7, 7, 6, 7, 7, 6, 7, 7, 7, 7, 7, 7, 7, 7, 6, 7, 6, 7, 7, 6, 7, 6, 6, 7, 6, 7, 6, 6, 7, 7, 7, 6, 7, 7, 6, 7, 6, 7, 7, 7, 6, 6, 7, 7, 7, 7, 7, 6, 7, 6, 7, 6, 6, 7, 6, 7, 6, 6, 6, 7, 6, 6, 7, 7, 6, 7, 7, 7, 6, 6, 7, 6, 7, 6, 6, 7, 6, 7, 6, 7, 6, 7, 7, 6, 7, 7, 7, 6, 6, 7, 7, 7, 6, 7, 6, 7, 7, 6, 7, 7, 7, 7, 7, 6, 7, 7, 6, 6, 7, 7, 6, 7, 6, 7, 7, 6, 7, 7, 6, 7, 7, 6, 7, 6, 7, 7, 6, 7, 6, 7, 7, 7, 6, 6, 7, 7, 6, 7, 6, 7, 6, 6, 7, 7, 6, 7, 6, 7, 6, 7, 7, 7, 7, 6, 7, 7, 7, 6, 6, 7, 6, 6, 7, 7, 7, 6, 7, 7, 6, 7, 6, 7, 7, 7, 6, 7, 7, 7, 7, 7, 7, 7, 7, 7, 7, 6, 7, 7, 6, 7, 7, 7, 6, 7, 7, 7, 6, 6, 7, 6, 7, 7, 6, 7, 7, 6, 7, 7, 7, 6, 7, 6, 7, 6, 7, 7, 7, 6, 7, 6, 7, 7, 7, 6, 7, 6, 7, 6, 7, 6, 7, 6, 7, 7, 6, 7, 6, 7, 6, 7, 7, 7, 7, 7, 7, 6, 7, 6, 6, 7, 7, 7, 7, 7, 6, 6, 7, 7, 7, 7, 6, 7, 7, 7, 7, 7, 7, 7, 6, 7, 6, 7, 6, 7, 7, 6, 7, 7, 7, 6, 7, 6, 7, 8, 6, 7, 6, 7, 7, 7, 6, 7, 6, 7, 6, 7, 6, 7, 6, 7, 6, 7, 7, 7, 6, 6, 7, 7, 7, 7, 7, 6, 7, 6, 7, 7, 7, 7, 6, 6, 7, 7, 7, 7, 7, 7, 6, 7, 6, 7, 7, 7, 6, 7, 7, 7, 6, 7, 7, 7, 7, 7, 6, 7, 7, 7, 7, 7, 6, 7, 6, 7, 6, 6, 7, 7, 6, 7, 7, 7, 6, 7, 7, 6, 6, 7, 7, 7, 7, 7, 6, 7, 7, 6, 7, 6, 7, 7, 7, 7, 6, 7, 6, 7, 6, 7, 6, 7, 7, 7, 7, 7, 7, 7, 6, 7, 6, 7, 6, 7, 7, 7, 7, 6, 6, 7, 7, 6, 7, 7, 6, 7, 7, 6, 7, 6, 7, 6, 7, 7, 6, 7, 7, 7, 7, 6, 7, 7, 6, 7, 7, 6, 7, 7, 7, 6, 7, 7, 6, 7, 6, 7, 7, 7, 7, 7, 7, 6, 7, 7, 7, 6, 7, 7, 7, 7, 6, 6, 7, 7, 7, 6, 6, 7, 6, 7, 7, 6, 7, 6, 7, 7, 7, 7, 7, 7, 7, 6, 7, 7, 7, 6, 7, 6, 7, 6, 7, 6, 7, 6, 6, 7, 7, 7, 7, 6, 7, 6, 7, 6, 7, 7, 7, 6, 6, 7, 6, 7, 6, 7, 6, 7, 6, 7, 7, 6, 6, 6, 7, 7, 7, 7, 7, 7, 7, 6, 6, 7, 6, 7, 6, 6, 7, 7, 7, 7, 6, 7, 7, 6, 6, 7, 7, 7, 7, 7, 6, 6, 7, 6, 7, 6, 7, 7, 7, 6, 6, 6, 7, 6, 7, 6, 7, 7, 7, 7, 7, 7, 6, 6, 7, 7, 6, 7, 7, 6, 6, 7, 7, 7, 6, 6, 6, 7, 7, 6, 6, 7, 7, 6, 7, 6, 7, 7, 6, 7, 6, 7, 7, 7, 7, 7, 6, 6, 7, 7, 7, 7, 7, 6, 7, 6, 7, 6, 7, 7, 7, 7, 6, 7, 6, 6, 7, 7]

################################################################
################################################################
################### process_jail_list: ######################

[6, 6, 6, 6, 5, 6, 6, 6, 6, 6, 6, 6, 6, 6, 6, 6, 7, 6, 7, 6, 6, 6, 6, 6, 6, 6, 6, 7, 6, 6, 6, 6, 6, 6, 6, 5, 6, 6, 6, 5, 6, 6, 6, 6, 6, 6, 6, 5, 6, 6, 6, 6, 6, 6, 6, 6, 5, 6, 6, 6, 5, 6, 6, 6, 6, 6, 6, 6, 6, 6, 6, 6, 6, 6, 6, 6, 6, 6, 6, 5, 6, 6, 6, 6, 6, 5, 5, 6, 6, 6, 6, 5, 6, 6, 5, 6, 6, 6, 6, 6, 6, 6, 6, 6, 6, 6, 6, 6, 6, 6, 6, 6, 6, 7, 6, 5, 6, 6, 6, 6, 6, 6, 6, 6, 6, 6, 6, 6, 6, 6, 6, 6, 6, 6, 6, 6, 6, 6, 6, 6, 5, 6, 6, 6, 6, 5, 6, 6, 6, 6, 6, 6, 6, 6, 6, 6, 6, 6, 6, 6, 6, 6, 6, 6, 6, 6, 6, 6, 5, 5, 6, 5, 6, 6, 5, 6, 6, 6, 6, 6, 6, 5, 6, 6, 6, 6, 6, 6, 5, 6, 6, 6, 6, 6, 6, 6, 6, 6, 5, 5, 6, 5, 6, 6, 5, 6, 6, 6, 6, 6, 6, 6, 6, 6, 6, 6, 6, 6, 5, 6, 6, 5, 6, 5, 6, 5, 6, 6, 6, 6, 6, 6, 6, 6, 6, 5, 6, 6, 6, 6, 6, 6, 6, 6, 5, 6, 6, 6, 6, 6, 5, 6, 6, 6, 5, 6, 6, 6, 6, 6, 6, 6, 6, 6, 6, 6, 6, 6, 5, 6, 6, 6, 6, 5, 6, 6, 6, 6, 6, 6, 6, 6, 6, 6, 6, 5, 6, 6, 5, 6, 6, 6, 6, 5, 6, 5, 6, 6, 6, 6, 6, 6, 6, 6, 6, 5, 6, 6, 5, 6, 6, 6, 5, 6, 6, 5, 6, 6, 6, 6, 6, 6, 6, 6, 6, 6, 6, 6, 6, 6, 6, 6, 5, 6, 6, 6, 6, 6, 6, 5, 6, 6, 6, 6, 5, 6, 6, 6, 6, 5, 6, 6, 6, 6, 6, 6, 5, 6, 6, 6, 6, 6, 6, 6, 6, 6, 6, 6, 6, 6, 5, 6, 6, 6, 6, 6, 6, 6, 6, 6, 6, 6, 6, 6, 6, 6, 6, 6, 6, 6, 6, 6, 6, 6, 6, 5, 6, 6, 6, 6, 6, 6, 6, 6, 6, 6, 6, 5, 6, 6, 6, 6, 6, 6, 6, 6, 6, 6, 6, 5, 6, 6, 6, 6, 6, 6, 6, 6, 6, 6, 7, 6, 6, 6, 6, 6, 6, 6, 6, 6, 6, 6, 6, 5, 6, 6, 6, 6, 6, 6, 6, 6, 6, 6, 6, 6, 6, 6, 6, 6, 5, 6, 6, 6, 6, 5, 6, 6, 6, 6, 6, 6, 6, 5, 6, 6, 6, 6, 6, 6, 6, 6, 6, 6, 6, 6, 6, 6, 6, 6, 6, 6, 6, 6, 6, 6, 6, 6, 6, 6, 5, 6, 6, 6, 6, 6, 6, 6, 6, 6, 6, 6, 6, 6, 6, 6, 6, 5, 6, 6, 6, 6, 6, 6, 6, 6, 6, 6, 6, 5, 6, 6, 6, 6, 6, 6, 6, 6, 6, 6, 6, 5, 6, 6, 6, 6, 6, 6, 6, 6, 6, 5, 6, 6, 6, 6, 6, 6, 6, 6, 6, 6, 6, 6, 6, 6, 6, 6, 6, 6, 6, 6, 5, 6, 6, 6, 6, 6, 6, 6, 6, 6, 6, 6, 6, 5, 6, 6, 6, 6, 6, 6, 6, 6, 6, 6, 6, 6, 6, 6, 6, 6, 6, 6, 6, 6, 6, 6, 6, 5, 6, 5, 6, 6, 6, 6, 5, 6, 6, 6, 6, 6, 6, 6, 6, 6, 6, 6, 5, 6, 6, 6, 6, 6, 6, 6, 6, 6, 6, 6, 6, 6, 6, 6, 5, 6, 6, 6, 6, 6, 6, 6, 6, 6, 6, 5, 6, 6, 6, 6, 6, 6, 6, 6, 6, 6, 6, 6, 6, 6, 6, 6, 6, 5, 6, 6, 6, 6, 6, 6, 6, 6, 6, 5, 6, 6, 6, 5, 6, 6, 6, 6, 6, 6, 5, 6, 6, 6, 6, 6, 6, 6, 6, 6, 5, 6, 5, 6, 6, 6, 6, 6, 6, 6, 6, 5, 6, 6, 6, 6, 6, 6, 6, 5, 6, 6, 6, 6, 6, 5, 6, 6, 6, 6, 6, 6, 6, 6, 6, 6, 6, 6, 6, 6, 6, 6, 6, 6, 6, 5, 5, 6, 6, 6, 6, 6, 6, 6, 5, 6, 6, 6, 6, 6, 6, 5, 6, 6, 6, 6, 6]

################################################################
