Numero total de amostras 770

Tempo total de processamento: 0:14:18

############## TEMPOS DE PROCESSAMENTO DO EXERCICIO NO JAIL  ####################
Soma 4630 segundos
Media 6.012987012987013 segundos
Desvio padrão 0.480624769089678 segundos
Minimo 5 segundos
Maximo 8 segundos

95% 5.0 segundos
99% 5.0 segundos

############## TEMPOS DE PROCESSAMENTO DO EXERCICIO NO JAIL COM DOWNLOAD  ################
Soma 5141 segundos
Media 6.676623376623376 segundos
Desvio padrão 0.5816224740419479 segundos
Minimo 6 segundos
Maximo 10 segundos

95% 6.0 segundos
99% 6.0 segundos

################### TEMPOS DE DOWNLOAD DO EXERCICIO NO JAIL #######################
Soma 511 segundos
Media 0.6636363636363637 segundos
Desvio padrão 0.504372849848898 segundos
Minimo 0 segundos
Maximo 3 segundos

95% 0.0 segundos
99% 0.0 segundos

############################ TEMPOS DE ESPERA NA FILA ############################
Soma 80293
Media 104.27662337662338 segundos
Desvio padrão 55.548061315145304 segundos
Minimo 1 segundos
Maximo 201 segundos

95% 5.610999999999999 segundos
99% 6.226199999999999 segundos

################### queue_wait_time_list: ######################

[10, 10, 7, 8, 10, 11, 11, 7, 3, 5, 4, 5, 3, 2, 1, 3, 9, 8, 13, 18, 15, 14, 11, 14, 10, 13, 10, 12, 16, 16, 23, 20, 14, 15, 13, 16, 17, 15, 21, 14, 21, 16, 16, 22, 20, 19, 22, 17, 25, 19, 18, 17, 21, 18, 31, 25, 29, 23, 24, 27, 29, 20, 26, 25, 23, 22, 25, 32, 26, 25, 27, 24, 33, 29, 26, 25, 28, 30, 24, 27, 25, 30, 27, 31, 29, 24, 31, 34, 25, 36, 33, 30, 34, 36, 36, 36, 36, 82, 73, 74, 95, 82, 75, 109, 78, 84, 80, 98, 88, 117, 90, 99, 112, 104, 116, 104, 105, 127, 117, 123, 122, 132, 132, 139, 136, 140, 143, 147, 150, 155, 156, 158, 162, 165, 168, 174, 176, 181, 183, 182, 184, 28, 60, 35, 63, 66, 69, 81, 74, 94, 77, 83, 78, 105, 86, 97, 88, 90, 99, 93, 109, 117, 104, 112, 104, 104, 124, 118, 115, 126, 127, 132, 133, 136, 141, 140, 143, 144, 150, 153, 155, 158, 161, 166, 167, 173, 175, 177, 27, 27, 26, 69, 30, 29, 29, 31, 34, 33, 41, 37, 37, 37, 39, 39, 39, 43, 37, 43, 38, 40, 42, 40, 41, 42, 43, 43, 49, 42, 45, 45, 46, 44, 43, 46, 46, 43, 50, 47, 49, 46, 50, 45, 51, 48, 46, 38, 60, 66, 51, 50, 83, 73, 51, 51, 50, 76, 83, 51, 78, 53, 52, 52, 52, 53, 53, 102, 96, 85, 88, 99, 91, 108, 92, 100, 106, 113, 111, 118, 114, 121, 123, 144, 144, 153, 153, 158, 162, 164, 167, 173, 173, 178, 38, 41, 54, 55, 64, 74, 83, 75, 76, 78, 85, 80, 99, 89, 129, 91, 100, 94, 114, 101, 108, 114, 122, 110, 110, 118, 134, 120, 126, 131, 133, 135, 136, 140, 146, 152, 153, 157, 162, 164, 166, 173, 176, 180, 181, 184, 183, 40, 53, 82, 54, 54, 55, 55, 55, 73, 114, 108, 75, 83, 77, 96, 80, 106, 86, 87, 97, 90, 94, 101, 109, 104, 105, 116, 109, 130, 123, 118, 124, 125, 130, 133, 138, 148, 150, 154, 157, 160, 165, 165, 171, 175, 176, 180, 40, 55, 55, 55, 82, 75, 133, 77, 84, 78, 95, 80, 113, 86, 89, 98, 93, 131, 127, 92, 102, 115, 103, 125, 107, 118, 111, 122, 130, 130, 133, 134, 139, 138, 138, 139, 147, 147, 154, 154, 160, 166, 171, 174, 178, 186, 181, 42, 60, 57, 58, 56, 44, 47, 45, 48, 47, 50, 49, 56, 60, 59, 57, 60, 59, 61, 58, 59, 61, 61, 61, 63, 61, 61, 62, 64, 62, 63, 64, 63, 66, 65, 67, 66, 64, 64, 66, 65, 67, 67, 68, 68, 68, 66, 56, 59, 76, 93, 79, 81, 81, 70, 83, 69, 98, 70, 86, 71, 119, 70, 108, 70, 71, 70, 71, 72, 90, 99, 92, 101, 112, 105, 117, 113, 121, 122, 129, 126, 129, 133, 142, 143, 149, 153, 156, 161, 163, 171, 172, 177, 181, 58, 59, 64, 64, 68, 94, 74, 105, 76, 82, 79, 70, 70, 84, 80, 72, 71, 97, 72, 73, 73, 72, 73, 73, 87, 89, 98, 113, 108, 101, 112, 110, 116, 118, 120, 126, 138, 138, 144, 148, 150, 156, 156, 160, 164, 168, 173, 57, 93, 76, 81, 77, 114, 79, 85, 81, 96, 86, 135, 89, 101, 91, 117, 102, 128, 104, 120, 109, 112, 122, 133, 128, 141, 133, 137, 141, 142, 141, 142, 144, 142, 143, 148, 151, 154, 158, 160, 163, 169, 169, 177, 179, 180, 185, 82, 58, 62, 96, 70, 75, 83, 79, 96, 86, 87, 100, 91, 114, 93, 127, 101, 116, 103, 108, 138, 109, 119, 111, 130, 121, 137, 133, 142, 142, 140, 144, 148, 154, 155, 160, 162, 164, 168, 175, 176, 180, 181, 183, 187, 184, 185, 141, 150, 141, 144, 149, 151, 186, 186, 185, 186, 188, 188, 144, 145, 147, 188, 187, 186, 187, 189, 190, 189, 187, 147, 152, 151, 151, 154, 154, 152, 156, 156, 160, 158, 158, 161, 190, 191, 193, 188, 192, 192, 193, 191, 191, 195, 194, 195, 192, 194, 196, 195, 193, 193, 194, 198, 197, 196, 201, 196, 198, 195, 198, 198, 199, 196, 200, 199, 201, 198, 161, 163, 161, 161, 164, 163, 166, 169, 170, 170, 170, 172, 172, 174, 175, 177, 176, 177, 178, 179, 179, 182, 182, 184, 182, 183, 185, 187, 187, 191, 190, 192, 192, 194, 192, 195, 195, 195, 198, 197, 199, 201]

################################################################
################### jail_ex_download_list: ######################

[0, 1, 0, 0, 0, 0, 1, 1, 3, 3, 1, 1, 2, 2, 2, 3, 1, 1, 1, 1, 0, 0, 0, 1, 1, 1, 1, 1, 0, 1, 1, 1, 1, 1, 1, 1, 1, 1, 0, 1, 1, 1, 1, 1, 1, 1, 0, 1, 0, 1, 0, 0, 1, 1, 0, 1, 0, 1, 1, 0, 0, 0, 0, 0, 1, 1, 1, 0, 1, 1, 1, 0, 1, 0, 1, 1, 1, 1, 1, 0, 1, 1, 1, 0, 1, 0, 0, 1, 1, 0, 1, 0, 1, 0, 0, 1, 1, 0, 1, 1, 0, 0, 1, 1, 1, 0, 0, 1, 1, 1, 1, 1, 1, 1, 0, 0, 0, 1, 1, 1, 1, 1, 0, 1, 0, 1, 0, 1, 1, 1, 0, 1, 1, 1, 0, 1, 1, 1, 0, 1, 1, 1, 1, 1, 1, 1, 1, 1, 1, 1, 1, 1, 1, 0, 0, 1, 1, 1, 1, 0, 1, 0, 1, 0, 0, 1, 1, 1, 0, 0, 1, 1, 1, 0, 0, 1, 1, 1, 0, 1, 1, 1, 1, 1, 0, 1, 1, 1, 1, 1, 1, 0, 1, 1, 1, 1, 1, 1, 1, 1, 1, 1, 1, 1, 0, 0, 1, 0, 1, 0, 1, 1, 1, 0, 1, 1, 0, 1, 0, 0, 1, 0, 1, 0, 1, 1, 1, 0, 1, 1, 0, 1, 0, 1, 1, 1, 1, 0, 1, 1, 0, 1, 1, 0, 0, 1, 0, 1, 1, 1, 1, 1, 0, 1, 1, 1, 1, 0, 1, 1, 0, 0, 0, 1, 0, 0, 0, 1, 0, 0, 1, 0, 1, 0, 1, 0, 0, 1, 0, 0, 1, 1, 1, 1, 1, 0, 0, 0, 1, 1, 0, 1, 1, 1, 1, 1, 0, 1, 1, 1, 0, 1, 0, 1, 1, 1, 1, 1, 0, 0, 1, 1, 0, 0, 1, 0, 0, 1, 1, 1, 0, 1, 0, 1, 1, 1, 1, 1, 1, 1, 0, 0, 0, 0, 0, 1, 0, 1, 1, 0, 1, 0, 1, 1, 1, 1, 1, 1, 0, 1, 1, 1, 0, 1, 1, 0, 1, 1, 1, 1, 1, 1, 1, 0, 0, 1, 1, 1, 1, 0, 1, 0, 0, 0, 0, 1, 1, 1, 1, 1, 1, 1, 1, 0, 1, 1, 1, 0, 1, 1, 0, 1, 1, 1, 1, 1, 1, 1, 1, 1, 1, 0, 0, 1, 1, 1, 0, 0, 0, 0, 1, 1, 1, 1, 1, 1, 0, 0, 1, 1, 1, 0, 0, 1, 0, 1, 1, 1, 1, 1, 1, 1, 1, 0, 1, 1, 0, 1, 0, 1, 0, 1, 1, 1, 1, 0, 0, 0, 1, 1, 1, 0, 1, 0, 0, 0, 1, 1, 0, 1, 1, 1, 0, 0, 1, 1, 1, 1, 0, 0, 0, 1, 0, 1, 1, 1, 1, 0, 1, 0, 0, 0, 1, 0, 0, 0, 0, 1, 0, 1, 0, 0, 0, 0, 1, 1, 1, 0, 1, 1, 1, 1, 1, 1, 1, 0, 1, 1, 1, 0, 1, 1, 0, 0, 1, 1, 0, 0, 0, 0, 1, 0, 1, 1, 0, 0, 1, 0, 1, 1, 0, 1, 1, 1, 0, 1, 1, 0, 0, 0, 1, 1, 0, 0, 1, 1, 1, 1, 0, 1, 1, 1, 0, 0, 1, 1, 1, 0, 1, 0, 1, 0, 1, 0, 1, 1, 0, 1, 0, 1, 1, 0, 0, 0, 1, 1, 1, 0, 1, 0, 1, 1, 1, 1, 1, 1, 1, 0, 1, 1, 1, 0, 0, 0, 1, 1, 1, 0, 0, 1, 1, 1, 1, 1, 1, 1, 1, 1, 0, 0, 1, 1, 1, 1, 0, 1, 1, 0, 0, 1, 0, 0, 1, 1, 1, 0, 1, 1, 1, 1, 0, 0, 1, 1, 1, 0, 1, 0, 1, 0, 1, 1, 1, 1, 0, 0, 0, 1, 1, 1, 0, 1, 1, 1, 1, 0, 0, 0, 0, 1, 1, 1, 1, 1, 1, 0, 0, 0, 1, 1, 1, 0, 1, 0, 1, 1, 1, 1, 1, 1, 1, 1, 1, 1, 1, 0, 0, 1, 0, 1, 0, 1, 1, 1, 1, 0, 1, 0, 0, 1, 0, 1, 0, 0, 1, 1, 0, 0, 1, 1, 1, 0, 0, 0, 0, 1, 0, 1, 1, 1, 1, 1, 0, 1, 0, 1, 1, 1, 1, 0, 1, 0, 1, 1, 1, 0, 0, 1, 1, 1, 1, 0, 1, 0, 1, 1, 1, 1, 0, 1, 0, 1, 1, 1, 1, 1, 1, 1, 1, 1, 1, 1, 1, 0, 0, 1, 1, 1, 0, 0]

################################################################
################################################################
################### process_jail_download_list: ######################

[7, 6, 7, 7, 8, 8, 7, 8, 9, 9, 8, 8, 9, 9, 9, 10, 7, 7, 7, 7, 6, 7, 8, 7, 8, 7, 7, 7, 6, 7, 8, 7, 7, 7, 7, 7, 8, 7, 7, 7, 7, 7, 7, 8, 7, 7, 7, 7, 7, 7, 7, 7, 7, 8, 7, 7, 6, 7, 7, 6, 6, 7, 6, 6, 7, 7, 7, 6, 7, 7, 6, 6, 7, 6, 7, 7, 8, 7, 7, 7, 6, 7, 6, 6, 7, 6, 6, 7, 7, 6, 7, 6, 7, 7, 7, 6, 7, 6, 7, 7, 7, 6, 7, 7, 7, 6, 6, 7, 7, 8, 7, 7, 6, 7, 6, 7, 6, 7, 7, 8, 7, 7, 7, 7, 7, 6, 6, 7, 6, 6, 6, 7, 7, 7, 7, 7, 7, 7, 6, 7, 6, 7, 7, 7, 7, 7, 7, 6, 7, 7, 7, 7, 6, 6, 6, 7, 7, 6, 7, 6, 7, 6, 7, 6, 7, 7, 8, 7, 6, 6, 7, 7, 6, 7, 7, 6, 6, 7, 6, 6, 7, 7, 7, 8, 7, 7, 7, 7, 6, 7, 7, 6, 6, 7, 7, 7, 7, 7, 7, 7, 7, 7, 7, 7, 6, 6, 7, 6, 7, 7, 6, 7, 7, 6, 7, 7, 6, 6, 7, 7, 7, 7, 7, 6, 7, 7, 6, 7, 7, 7, 6, 6, 6, 7, 7, 7, 6, 6, 7, 7, 6, 7, 7, 7, 7, 7, 6, 7, 7, 7, 8, 7, 7, 7, 7, 7, 6, 6, 7, 7, 6, 6, 6, 7, 6, 6, 6, 7, 7, 6, 8, 7, 7, 6, 7, 6, 6, 6, 6, 6, 7, 7, 7, 7, 6, 6, 7, 6, 7, 7, 6, 7, 7, 7, 6, 7, 6, 7, 7, 7, 6, 7, 6, 7, 8, 7, 7, 7, 7, 6, 7, 7, 7, 7, 7, 7, 6, 7, 7, 7, 6, 7, 6, 7, 6, 7, 7, 7, 7, 7, 6, 6, 6, 6, 6, 7, 6, 6, 7, 6, 6, 6, 7, 7, 7, 7, 7, 7, 6, 7, 7, 7, 6, 7, 7, 6, 7, 7, 7, 6, 7, 7, 7, 7, 6, 6, 7, 7, 7, 6, 7, 7, 6, 6, 6, 7, 7, 6, 7, 7, 6, 6, 7, 6, 7, 6, 7, 6, 7, 7, 6, 6, 7, 7, 7, 7, 7, 7, 7, 7, 7, 6, 6, 6, 7, 7, 6, 7, 7, 7, 7, 7, 7, 7, 6, 7, 6, 6, 7, 7, 7, 6, 6, 7, 6, 7, 7, 7, 7, 7, 7, 7, 7, 6, 7, 7, 6, 6, 6, 7, 6, 7, 6, 7, 7, 6, 6, 6, 6, 7, 6, 6, 7, 6, 6, 6, 7, 7, 6, 7, 7, 7, 6, 6, 7, 7, 7, 7, 6, 6, 6, 7, 6, 7, 6, 7, 7, 6, 7, 6, 6, 6, 7, 6, 7, 6, 6, 6, 6, 6, 6, 6, 6, 6, 7, 7, 7, 6, 7, 7, 7, 7, 7, 7, 7, 6, 7, 7, 7, 6, 7, 7, 6, 7, 6, 7, 6, 6, 6, 6, 7, 6, 7, 7, 6, 6, 6, 6, 7, 7, 6, 7, 7, 7, 7, 6, 6, 6, 6, 6, 6, 7, 6, 6, 6, 6, 6, 7, 6, 7, 7, 7, 7, 6, 7, 7, 7, 6, 7, 6, 7, 7, 7, 7, 7, 7, 6, 7, 6, 7, 7, 6, 6, 7, 7, 7, 6, 6, 7, 6, 7, 7, 7, 8, 7, 7, 7, 7, 7, 7, 7, 6, 6, 6, 6, 7, 6, 6, 6, 7, 7, 6, 7, 6, 7, 7, 8, 7, 6, 7, 7, 6, 6, 7, 7, 7, 6, 6, 6, 7, 6, 7, 7, 7, 6, 6, 7, 7, 7, 7, 6, 6, 7, 8, 7, 6, 7, 7, 7, 6, 7, 7, 7, 6, 6, 6, 6, 7, 7, 8, 6, 7, 6, 6, 7, 6, 6, 6, 6, 7, 7, 7, 7, 6, 7, 6, 6, 6, 7, 7, 7, 6, 7, 6, 7, 7, 7, 7, 7, 7, 7, 6, 7, 7, 7, 6, 6, 6, 6, 6, 6, 7, 7, 7, 7, 6, 7, 6, 6, 6, 6, 7, 6, 6, 6, 7, 6, 6, 7, 6, 7, 6, 6, 6, 6, 7, 6, 7, 7, 6, 7, 6, 7, 7, 7, 7, 7, 7, 7, 6, 7, 6, 7, 7, 8, 7, 6, 8, 7, 7, 7, 6, 6, 6, 7, 7, 7, 7, 7, 7, 6, 6, 7, 6, 7, 6, 7, 7, 7, 7, 7, 6, 7, 6, 6, 7, 7, 7, 6, 6]

################################################################
################################################################
################### process_jail_list: ######################

[7, 5, 7, 7, 8, 8, 6, 7, 6, 6, 7, 7, 7, 7, 7, 7, 6, 6, 6, 6, 6, 7, 8, 6, 7, 6, 6, 6, 6, 6, 7, 6, 6, 6, 6, 6, 7, 6, 7, 6, 6, 6, 6, 7, 6, 6, 7, 6, 7, 6, 7, 7, 6, 7, 7, 6, 6, 6, 6, 6, 6, 7, 6, 6, 6, 6, 6, 6, 6, 6, 5, 6, 6, 6, 6, 6, 7, 6, 6, 7, 5, 6, 5, 6, 6, 6, 6, 6, 6, 6, 6, 6, 6, 7, 7, 5, 6, 6, 6, 6, 7, 6, 6, 6, 6, 6, 6, 6, 6, 7, 6, 6, 5, 6, 6, 7, 6, 6, 6, 7, 6, 6, 7, 6, 7, 5, 6, 6, 5, 5, 6, 6, 6, 6, 7, 6, 6, 6, 6, 6, 5, 6, 6, 6, 6, 6, 6, 5, 6, 6, 6, 6, 5, 6, 6, 6, 6, 5, 6, 6, 6, 6, 6, 6, 7, 6, 7, 6, 6, 6, 6, 6, 5, 7, 7, 5, 5, 6, 6, 5, 6, 6, 6, 7, 7, 6, 6, 6, 5, 6, 6, 6, 5, 6, 6, 6, 6, 6, 6, 6, 6, 6, 6, 6, 6, 6, 6, 6, 6, 7, 5, 6, 6, 6, 6, 6, 6, 5, 7, 7, 6, 7, 6, 6, 6, 6, 5, 7, 6, 6, 6, 5, 6, 6, 6, 6, 5, 6, 6, 6, 6, 6, 6, 7, 7, 6, 6, 6, 6, 6, 7, 6, 7, 6, 6, 6, 5, 6, 6, 6, 6, 6, 6, 6, 6, 6, 6, 6, 7, 6, 7, 7, 6, 6, 6, 6, 6, 5, 6, 6, 6, 6, 6, 6, 5, 6, 7, 6, 6, 6, 6, 6, 6, 6, 5, 6, 6, 6, 6, 6, 6, 6, 6, 6, 7, 6, 6, 6, 7, 6, 6, 6, 7, 7, 6, 7, 6, 6, 6, 6, 6, 6, 6, 6, 5, 6, 6, 6, 6, 6, 6, 6, 6, 6, 6, 6, 6, 5, 6, 6, 5, 6, 6, 6, 6, 6, 6, 6, 6, 6, 6, 6, 6, 6, 6, 6, 6, 6, 6, 5, 6, 6, 6, 7, 6, 5, 6, 6, 6, 6, 6, 7, 6, 6, 6, 6, 6, 5, 6, 6, 5, 5, 6, 6, 6, 5, 6, 6, 6, 6, 6, 5, 6, 6, 6, 6, 6, 6, 6, 6, 6, 6, 6, 5, 6, 6, 6, 7, 7, 7, 6, 6, 6, 6, 5, 6, 6, 6, 6, 6, 6, 6, 6, 6, 6, 6, 6, 6, 6, 6, 6, 6, 6, 6, 6, 6, 6, 5, 6, 6, 6, 6, 5, 6, 6, 6, 6, 6, 5, 6, 5, 6, 6, 6, 6, 6, 6, 6, 6, 6, 6, 6, 6, 6, 6, 6, 6, 6, 6, 6, 6, 6, 6, 6, 5, 6, 6, 6, 6, 6, 6, 6, 6, 6, 7, 6, 6, 5, 6, 5, 6, 6, 6, 6, 6, 6, 6, 6, 6, 6, 6, 6, 6, 6, 6, 6, 6, 6, 6, 6, 6, 6, 6, 7, 5, 6, 6, 6, 6, 6, 6, 6, 6, 6, 6, 6, 5, 6, 6, 6, 6, 6, 6, 6, 7, 5, 5, 6, 6, 6, 5, 6, 6, 6, 5, 5, 5, 6, 6, 6, 6, 6, 7, 6, 6, 6, 6, 6, 6, 6, 6, 7, 6, 7, 6, 6, 6, 6, 6, 6, 6, 6, 6, 7, 6, 6, 5, 6, 6, 6, 6, 6, 6, 7, 6, 6, 6, 7, 6, 6, 6, 6, 6, 6, 5, 6, 5, 6, 6, 6, 6, 5, 6, 5, 6, 6, 7, 6, 6, 7, 6, 5, 5, 6, 7, 6, 5, 6, 6, 6, 6, 7, 6, 6, 5, 6, 6, 6, 6, 6, 6, 6, 6, 7, 6, 6, 6, 7, 6, 6, 6, 6, 6, 5, 6, 6, 6, 6, 6, 7, 6, 6, 5, 5, 6, 6, 6, 6, 6, 6, 6, 6, 6, 5, 6, 6, 6, 6, 6, 6, 6, 6, 6, 6, 6, 6, 6, 6, 6, 6, 6, 5, 6, 6, 6, 6, 6, 5, 6, 5, 6, 6, 6, 6, 6, 6, 6, 6, 6, 5, 6, 6, 6, 6, 5, 6, 6, 6, 6, 5, 6, 6, 6, 6, 6, 6, 6, 6, 6, 5, 6, 5, 7, 6, 7, 6, 6, 6, 6, 6, 6, 6, 6, 6, 7, 7, 6, 7, 6, 6, 6, 6, 5, 6, 6, 6, 6, 6, 7, 6, 6, 5, 6, 5, 6, 5, 6, 6, 6, 6, 6, 5, 6, 6, 6, 6, 6, 6, 6, 6]

################################################################
Numero total de amostras 770

Tempo total de processamento: 0:13:53

############## TEMPOS DE PROCESSAMENTO DO EXERCICIO NO JAIL  ####################
Soma 4494 segundos
Media 5.836363636363636 segundos
Desvio padrão 0.4492155040370895 segundos
Minimo 5 segundos
Maximo 7 segundos

95% 5.0 segundos
99% 5.0 segundos

############## TEMPOS DE PROCESSAMENTO DO EXERCICIO NO JAIL COM DOWNLOAD  ################
Soma 4999 segundos
Media 6.492207792207792 segundos
Desvio padrão 0.5748554270572763 segundos
Minimo 6 segundos
Maximo 9 segundos

95% 6.0 segundos
99% 6.0 segundos

################### TEMPOS DE DOWNLOAD DO EXERCICIO NO JAIL #######################
Soma 505 segundos
Media 0.6558441558441559 segundos
Desvio padrão 0.5194886363002242 segundos
Minimo 0 segundos
Maximo 3 segundos

95% 0.0 segundos
99% 0.0 segundos

############################ TEMPOS DE ESPERA NA FILA ############################
Soma 74075
Media 96.2012987012987 segundos
Desvio padrão 49.87998321557559 segundos
Minimo 5 segundos
Maximo 180 segundos

95% 9.305499999999999 segundos
99% 9.6131 segundos

################### queue_wait_time_list: ######################

[12, 14, 14, 12, 173, 10, 17, 8, 14, 9, 10, 7, 8, 14, 6, 9, 6, 5, 16, 18, 12, 17, 12, 15, 13, 12, 11, 16, 19, 16, 17, 14, 19, 19, 16, 22, 17, 18, 17, 18, 20, 21, 19, 21, 20, 21, 19, 21, 15, 18, 16, 19, 174, 20, 20, 24, 23, 21, 25, 22, 27, 25, 26, 23, 24, 28, 23, 24, 22, 31, 24, 26, 23, 24, 26, 25, 29, 27, 27, 25, 29, 29, 29, 28, 26, 30, 29, 30, 28, 30, 30, 29, 31, 31, 32, 30, 26, 25, 27, 28, 28, 29, 29, 31, 33, 31, 33, 33, 33, 33, 32, 35, 35, 33, 34, 34, 34, 37, 38, 37, 35, 36, 41, 38, 35, 41, 39, 39, 37, 36, 37, 36, 38, 38, 39, 42, 40, 42, 38, 39, 42, 40, 41, 32, 36, 64, 65, 69, 69, 72, 41, 44, 43, 42, 42, 44, 42, 92, 174, 82, 83, 98, 85, 93, 86, 89, 95, 99, 96, 100, 100, 102, 104, 106, 106, 107, 114, 108, 115, 116, 116, 117, 123, 126, 124, 126, 128, 128, 135, 135, 133, 36, 44, 45, 45, 99, 76, 75, 93, 175, 80, 84, 83, 94, 84, 105, 86, 95, 86, 88, 92, 103, 98, 109, 98, 103, 106, 112, 113, 115, 114, 116, 122, 123, 126, 127, 128, 130, 132, 131, 134, 134, 139, 142, 137, 146, 142, 145, 144, 177, 35, 85, 35, 36, 38, 38, 38, 40, 40, 41, 47, 44, 45, 48, 47, 49, 46, 44, 47, 47, 45, 51, 54, 48, 46, 44, 52, 49, 51, 47, 53, 51, 55, 50, 48, 54, 53, 54, 56, 54, 54, 56, 57, 55, 55, 56, 56, 58, 59, 58, 57, 58, 62, 176, 94, 83, 83, 98, 84, 95, 88, 90, 95, 91, 99, 92, 97, 92, 111, 97, 101, 106, 102, 108, 111, 111, 113, 113, 121, 122, 124, 127, 129, 125, 131, 132, 134, 135, 136, 137, 138, 141, 143, 145, 145, 44, 46, 47, 60, 58, 59, 60, 58, 62, 92, 83, 97, 87, 93, 101, 88, 100, 89, 94, 90, 100, 91, 94, 98, 96, 105, 104, 107, 109, 110, 111, 113, 115, 120, 122, 123, 126, 128, 133, 133, 130, 135, 137, 138, 141, 139, 141, 44, 88, 94, 62, 60, 61, 90, 61, 178, 91, 59, 63, 64, 66, 71, 75, 96, 102, 86, 93, 86, 87, 94, 97, 104, 102, 100, 102, 106, 108, 108, 109, 111, 110, 118, 119, 119, 122, 126, 127, 124, 128, 134, 135, 135, 139, 139, 140, 179, 48, 49, 48, 50, 53, 52, 54, 56, 54, 67, 56, 65, 64, 70, 67, 66, 68, 62, 71, 66, 68, 69, 66, 67, 68, 70, 69, 73, 71, 69, 68, 74, 70, 72, 69, 71, 72, 72, 76, 70, 71, 76, 71, 74, 76, 75, 74, 57, 68, 68, 74, 102, 177, 85, 95, 111, 86, 88, 95, 89, 90, 99, 91, 104, 92, 93, 108, 101, 106, 110, 102, 107, 108, 112, 117, 118, 113, 117, 121, 125, 126, 123, 128, 132, 133, 135, 137, 139, 143, 138, 143, 140, 145, 147, 147, 58, 59, 73, 80, 78, 79, 77, 77, 79, 81, 83, 77, 82, 75, 79, 82, 78, 179, 78, 85, 79, 78, 81, 83, 80, 79, 81, 82, 87, 85, 88, 89, 90, 91, 96, 97, 97, 100, 102, 105, 105, 106, 109, 111, 115, 116, 118, 119, 115, 115, 120, 124, 126, 148, 147, 147, 146, 114, 115, 119, 120, 125, 146, 148, 148, 148, 147, 147, 146, 149, 149, 116, 116, 150, 150, 148, 148, 153, 153, 149, 152, 153, 148, 148, 154, 147, 151, 152, 153, 153, 151, 151, 151, 151, 150, 152, 121, 123, 125, 126, 125, 128, 129, 129, 130, 154, 155, 155, 155, 154, 156, 157, 158, 157, 156, 155, 158, 159, 157, 156, 157, 158, 160, 158, 159, 159, 160, 160, 162, 160, 163, 160, 159, 163, 165, 161, 160, 163, 161, 163, 163, 166, 163, 129, 132, 164, 164, 164, 166, 167, 166, 166, 132, 164, 165, 166, 132, 167, 167, 167, 166, 166, 167, 169, 169, 168, 168, 134, 168, 168, 170, 170, 170, 171, 169, 169, 171, 135, 178, 172, 176, 174, 138, 137, 138, 138, 138, 141, 138, 140, 142, 144, 143, 143, 146, 172, 171, 173, 172, 173, 174, 172, 173, 174, 174, 176, 173, 173, 177, 176, 175, 176, 175, 179, 178, 177, 178, 176, 180, 177, 180, 179, 178, 179, 144, 155, 154, 153, 156, 156, 157, 156, 157, 159, 161, 161, 162, 162, 164, 164, 172, 171, 171, 173]

################################################################
################### jail_ex_download_list: ######################

[1, 0, 1, 1, 1, 1, 1, 1, 1, 1, 1, 2, 2, 1, 3, 3, 3, 3, 1, 0, 1, 0, 1, 1, 1, 1, 1, 1, 0, 0, 0, 1, 1, 0, 0, 0, 1, 1, 1, 0, 1, 0, 1, 0, 0, 0, 1, 1, 1, 1, 1, 0, 0, 1, 1, 1, 0, 1, 1, 0, 0, 0, 0, 0, 1, 0, 1, 0, 1, 1, 1, 0, 1, 1, 1, 1, 0, 1, 1, 1, 1, 1, 0, 1, 1, 1, 1, 1, 0, 1, 1, 1, 1, 1, 0, 0, 1, 0, 1, 0, 0, 1, 1, 1, 1, 0, 1, 0, 1, 0, 1, 0, 1, 0, 0, 1, 1, 1, 1, 0, 1, 0, 0, 0, 1, 0, 1, 0, 1, 1, 1, 1, 0, 0, 1, 1, 1, 1, 1, 1, 1, 1, 1, 1, 1, 1, 1, 1, 0, 1, 1, 0, 1, 0, 0, 0, 0, 1, 1, 0, 1, 0, 1, 1, 1, 0, 0, 1, 1, 1, 0, 1, 1, 0, 1, 1, 1, 0, 0, 1, 1, 1, 1, 0, 1, 0, 1, 1, 0, 1, 1, 0, 1, 1, 0, 0, 1, 1, 1, 0, 0, 1, 1, 1, 1, 0, 0, 0, 1, 1, 1, 0, 1, 1, 1, 1, 1, 1, 1, 1, 1, 0, 0, 1, 0, 0, 0, 1, 0, 0, 1, 1, 0, 1, 0, 1, 0, 1, 1, 0, 0, 1, 1, 0, 1, 1, 1, 0, 1, 1, 1, 1, 0, 0, 1, 1, 1, 1, 0, 1, 1, 1, 1, 1, 1, 0, 1, 0, 1, 1, 1, 1, 1, 1, 1, 0, 0, 1, 1, 1, 1, 1, 1, 0, 1, 0, 0, 1, 1, 1, 1, 1, 0, 0, 0, 1, 1, 1, 1, 0, 1, 0, 1, 0, 1, 0, 0, 1, 0, 1, 1, 1, 0, 1, 0, 1, 0, 1, 2, 0, 0, 1, 1, 1, 0, 1, 0, 0, 1, 1, 1, 1, 1, 1, 1, 0, 1, 1, 0, 1, 1, 1, 1, 1, 0, 0, 1, 0, 1, 0, 1, 1, 1, 1, 0, 1, 1, 1, 0, 1, 0, 0, 1, 1, 0, 1, 0, 0, 1, 1, 1, 1, 0, 0, 0, 1, 1, 0, 1, 1, 0, 1, 1, 1, 1, 1, 1, 1, 0, 1, 1, 0, 1, 1, 1, 1, 1, 1, 0, 1, 0, 0, 1, 1, 0, 0, 1, 0, 0, 1, 0, 0, 1, 1, 1, 1, 1, 0, 2, 1, 0, 0, 0, 1, 1, 1, 1, 0, 1, 1, 0, 1, 1, 1, 2, 1, 1, 1, 0, 1, 0, 0, 1, 0, 1, 1, 1, 0, 1, 1, 0, 0, 0, 1, 1, 1, 1, 0, 1, 1, 1, 1, 1, 1, 0, 1, 0, 0, 1, 1, 1, 1, 1, 1, 1, 1, 1, 0, 1, 0, 1, 1, 1, 1, 0, 0, 0, 0, 1, 1, 1, 1, 0, 1, 1, 1, 1, 1, 0, 1, 1, 0, 0, 1, 1, 1, 0, 1, 1, 1, 0, 1, 0, 0, 1, 1, 1, 0, 1, 1, 1, 0, 1, 0, 0, 1, 1, 1, 1, 1, 1, 1, 1, 1, 1, 0, 1, 0, 1, 1, 1, 0, 1, 0, 0, 0, 0, 1, 1, 0, 0, 0, 0, 0, 0, 1, 0, 1, 0, 0, 0, 1, 1, 1, 0, 0, 1, 1, 1, 0, 0, 1, 1, 1, 1, 1, 0, 1, 0, 0, 1, 0, 0, 1, 1, 1, 1, 0, 0, 1, 1, 0, 1, 1, 1, 1, 1, 0, 1, 1, 1, 1, 1, 1, 1, 1, 0, 0, 0, 0, 0, 1, 0, 0, 0, 1, 0, 0, 1, 1, 1, 1, 1, 1, 1, 1, 1, 1, 1, 1, 1, 1, 0, 0, 0, 1, 1, 1, 1, 0, 0, 0, 1, 0, 1, 1, 0, 1, 0, 1, 1, 0, 0, 1, 0, 1, 0, 1, 1, 0, 1, 1, 0, 1, 1, 1, 1, 1, 0, 1, 1, 1, 1, 0, 0, 1, 0, 0, 0, 1, 0, 0, 1, 1, 1, 1, 1, 1, 0, 0, 1, 1, 1, 0, 0, 1, 0, 1, 1, 1, 1, 1, 0, 1, 0, 1, 0, 1, 0, 1, 0, 1, 1, 0, 0, 1, 0, 0, 1, 1, 0, 1, 0, 1, 0, 0, 1, 0, 0, 1, 1, 0, 1, 1, 1, 0, 1, 1, 0, 1, 1, 0, 1, 1, 0, 1, 0, 1, 1, 0, 1, 0, 0, 1, 1, 0, 1, 1, 1, 0, 0, 1, 0, 1, 1, 1, 0, 1, 0, 0]

################################################################
################################################################
################### process_jail_download_list: ######################

[7, 6, 7, 7, 7, 7, 7, 7, 7, 8, 8, 9, 9, 6, 9, 9, 9, 9, 7, 6, 7, 6, 7, 7, 6, 7, 7, 6, 6, 6, 6, 7, 6, 6, 6, 6, 6, 7, 7, 6, 7, 7, 7, 6, 6, 7, 7, 6, 7, 7, 7, 6, 6, 7, 7, 6, 6, 7, 7, 7, 6, 6, 6, 6, 6, 6, 7, 6, 7, 6, 7, 6, 7, 7, 7, 6, 6, 7, 6, 6, 6, 6, 6, 6, 7, 6, 7, 7, 6, 6, 7, 6, 7, 7, 6, 6, 6, 6, 7, 6, 6, 7, 7, 7, 6, 6, 7, 6, 7, 6, 6, 6, 6, 6, 6, 7, 6, 6, 7, 6, 6, 6, 6, 6, 6, 6, 7, 6, 6, 7, 6, 7, 6, 6, 6, 7, 7, 6, 7, 6, 7, 7, 7, 7, 6, 7, 7, 7, 6, 7, 7, 6, 7, 7, 7, 6, 6, 6, 7, 6, 7, 6, 6, 7, 7, 6, 6, 6, 7, 7, 6, 7, 7, 6, 7, 6, 7, 6, 6, 6, 7, 7, 6, 6, 6, 6, 6, 8, 6, 6, 7, 6, 6, 7, 6, 6, 7, 7, 6, 6, 7, 7, 7, 7, 6, 6, 6, 6, 6, 7, 6, 6, 7, 7, 6, 7, 7, 7, 7, 6, 7, 6, 6, 7, 6, 6, 6, 7, 6, 6, 6, 7, 6, 7, 6, 7, 7, 7, 7, 6, 6, 6, 6, 6, 7, 6, 6, 6, 6, 7, 6, 6, 6, 6, 6, 7, 7, 7, 6, 7, 6, 6, 7, 7, 7, 6, 7, 6, 7, 7, 7, 7, 6, 8, 8, 6, 6, 6, 7, 6, 7, 7, 7, 6, 7, 6, 6, 7, 7, 7, 7, 7, 6, 6, 6, 7, 7, 7, 7, 6, 7, 6, 7, 6, 6, 6, 6, 7, 6, 7, 7, 6, 6, 6, 6, 7, 6, 7, 8, 6, 6, 6, 7, 6, 6, 7, 6, 6, 6, 6, 6, 7, 7, 6, 7, 6, 7, 7, 6, 7, 7, 7, 6, 7, 6, 6, 6, 6, 6, 6, 6, 7, 7, 6, 6, 7, 6, 7, 6, 6, 6, 6, 6, 7, 6, 7, 6, 6, 7, 7, 6, 7, 6, 6, 6, 7, 7, 6, 7, 7, 6, 7, 7, 7, 7, 8, 8, 8, 6, 7, 6, 6, 8, 7, 7, 7, 7, 7, 6, 6, 6, 6, 7, 6, 6, 6, 7, 6, 6, 7, 6, 6, 7, 7, 7, 7, 7, 6, 8, 7, 6, 6, 6, 7, 7, 6, 7, 7, 6, 7, 6, 7, 7, 7, 8, 7, 7, 7, 6, 7, 6, 6, 6, 7, 7, 7, 7, 6, 7, 6, 7, 6, 6, 7, 6, 6, 6, 6, 7, 7, 6, 7, 7, 6, 6, 7, 6, 6, 7, 7, 6, 7, 7, 7, 7, 7, 7, 6, 7, 6, 7, 7, 6, 7, 6, 6, 6, 6, 6, 7, 6, 6, 6, 7, 7, 6, 7, 6, 6, 7, 6, 6, 6, 7, 6, 7, 6, 7, 7, 7, 6, 7, 6, 6, 6, 7, 6, 6, 7, 6, 7, 7, 6, 6, 6, 6, 7, 7, 7, 7, 6, 7, 7, 7, 7, 6, 7, 6, 7, 7, 7, 6, 7, 6, 6, 6, 6, 7, 7, 6, 7, 7, 6, 6, 6, 7, 6, 6, 6, 6, 6, 7, 6, 7, 6, 6, 7, 7, 6, 6, 6, 7, 7, 7, 7, 7, 6, 7, 6, 6, 7, 6, 6, 7, 7, 7, 7, 6, 6, 6, 6, 6, 7, 7, 6, 7, 7, 6, 6, 6, 7, 7, 7, 6, 7, 6, 6, 6, 6, 6, 6, 6, 6, 6, 6, 6, 6, 6, 7, 6, 7, 7, 7, 6, 7, 6, 7, 6, 6, 7, 7, 7, 6, 6, 6, 7, 6, 7, 7, 6, 6, 6, 6, 6, 7, 7, 6, 7, 6, 6, 7, 6, 6, 6, 6, 7, 6, 6, 7, 6, 7, 7, 6, 6, 7, 7, 7, 6, 6, 8, 7, 7, 6, 6, 6, 6, 6, 6, 6, 6, 6, 6, 7, 7, 7, 7, 7, 7, 6, 6, 6, 7, 7, 6, 6, 6, 6, 7, 6, 7, 7, 7, 6, 7, 6, 7, 6, 7, 6, 7, 6, 6, 7, 6, 6, 6, 6, 6, 6, 7, 6, 6, 6, 6, 6, 6, 7, 6, 6, 6, 7, 6, 7, 6, 6, 6, 6, 6, 6, 7, 6, 6, 7, 6, 6, 7, 6, 7, 7, 6, 7, 6, 6, 7, 6, 6, 7, 7, 7, 6, 6, 7, 6, 6, 7, 7, 6, 7, 6, 6]

################################################################
################################################################
################### process_jail_list: ######################

[6, 6, 6, 6, 6, 6, 6, 6, 6, 7, 7, 7, 7, 5, 6, 6, 6, 6, 6, 6, 6, 6, 6, 6, 5, 6, 6, 5, 6, 6, 6, 6, 5, 6, 6, 6, 5, 6, 6, 6, 6, 7, 6, 6, 6, 7, 6, 5, 6, 6, 6, 6, 6, 6, 6, 5, 6, 6, 6, 7, 6, 6, 6, 6, 5, 6, 6, 6, 6, 5, 6, 6, 6, 6, 6, 5, 6, 6, 5, 5, 5, 5, 6, 5, 6, 5, 6, 6, 6, 5, 6, 5, 6, 6, 6, 6, 5, 6, 6, 6, 6, 6, 6, 6, 5, 6, 6, 6, 6, 6, 5, 6, 5, 6, 6, 6, 5, 5, 6, 6, 5, 6, 6, 6, 5, 6, 6, 6, 5, 6, 5, 6, 6, 6, 5, 6, 6, 5, 6, 5, 6, 6, 6, 6, 5, 6, 6, 6, 6, 6, 6, 6, 6, 7, 7, 6, 6, 5, 6, 6, 6, 6, 5, 6, 6, 6, 6, 5, 6, 6, 6, 6, 6, 6, 6, 5, 6, 6, 6, 5, 6, 6, 5, 6, 5, 6, 5, 7, 6, 5, 6, 6, 5, 6, 6, 6, 6, 6, 5, 6, 7, 6, 6, 6, 5, 6, 6, 6, 5, 6, 5, 6, 6, 6, 5, 6, 6, 6, 6, 5, 6, 6, 6, 6, 6, 6, 6, 6, 6, 6, 5, 6, 6, 6, 6, 6, 7, 6, 6, 6, 6, 5, 5, 6, 6, 5, 5, 6, 5, 6, 5, 5, 6, 6, 5, 6, 6, 6, 6, 6, 5, 5, 6, 6, 6, 6, 6, 6, 6, 6, 6, 6, 5, 7, 7, 6, 6, 5, 6, 5, 6, 6, 6, 6, 6, 6, 6, 6, 6, 6, 6, 6, 6, 6, 6, 6, 6, 6, 6, 6, 6, 6, 6, 6, 5, 6, 6, 6, 6, 6, 6, 5, 6, 5, 6, 6, 6, 6, 6, 6, 6, 5, 6, 5, 6, 6, 6, 6, 5, 5, 5, 6, 6, 5, 6, 6, 6, 6, 6, 6, 6, 6, 5, 6, 6, 6, 5, 6, 5, 6, 5, 6, 6, 5, 6, 6, 5, 6, 6, 5, 6, 6, 5, 6, 6, 6, 6, 6, 6, 6, 5, 6, 6, 6, 6, 6, 6, 6, 6, 6, 6, 6, 6, 6, 6, 7, 7, 7, 6, 6, 5, 6, 7, 6, 6, 6, 6, 6, 6, 5, 6, 6, 6, 5, 6, 6, 6, 6, 6, 6, 6, 6, 6, 6, 6, 6, 6, 6, 6, 6, 6, 6, 6, 6, 6, 5, 6, 7, 5, 6, 6, 6, 6, 6, 6, 6, 6, 6, 6, 6, 6, 6, 5, 7, 6, 6, 6, 6, 6, 5, 7, 6, 6, 6, 5, 5, 5, 6, 6, 6, 5, 6, 6, 5, 6, 6, 6, 6, 6, 6, 5, 6, 6, 6, 6, 6, 6, 6, 6, 6, 6, 6, 5, 6, 6, 6, 6, 6, 5, 6, 5, 5, 6, 6, 6, 5, 6, 5, 6, 6, 5, 6, 6, 6, 5, 6, 6, 6, 6, 6, 6, 6, 6, 6, 5, 6, 5, 6, 6, 5, 6, 7, 5, 6, 6, 5, 6, 6, 6, 6, 5, 6, 6, 6, 6, 6, 6, 6, 6, 6, 6, 6, 6, 6, 6, 6, 6, 6, 6, 6, 7, 7, 6, 6, 6, 6, 6, 5, 6, 6, 6, 6, 5, 6, 6, 6, 6, 6, 5, 6, 6, 6, 6, 6, 6, 6, 6, 6, 6, 6, 6, 6, 6, 6, 6, 6, 6, 6, 6, 5, 5, 6, 6, 6, 5, 6, 6, 6, 5, 5, 6, 6, 6, 5, 6, 5, 6, 6, 6, 6, 6, 5, 6, 6, 6, 5, 6, 6, 6, 5, 6, 6, 6, 5, 6, 5, 6, 5, 5, 6, 6, 6, 6, 6, 6, 6, 5, 6, 6, 6, 6, 6, 5, 6, 6, 6, 6, 6, 6, 5, 6, 6, 6, 5, 6, 6, 6, 5, 6, 6, 6, 6, 6, 5, 6, 6, 6, 5, 6, 7, 6, 6, 5, 6, 6, 5, 6, 6, 6, 5, 6, 6, 6, 6, 6, 6, 6, 6, 6, 6, 5, 6, 6, 6, 6, 5, 6, 6, 5, 6, 6, 6, 6, 6, 6, 6, 6, 6, 6, 6, 6, 5, 6, 6, 6, 5, 6, 6, 5, 6, 6, 5, 6, 5, 6, 6, 6, 6, 6, 5, 6, 6, 6, 5, 5, 6, 5, 5, 6, 6, 5, 6, 6, 5, 6, 6, 6, 6, 6, 6, 6, 6, 6, 6, 5, 6, 6, 6, 6, 6, 6, 6, 6, 5, 6, 6, 6, 6, 6, 6]

################################################################
