Numero total de amostras 770

Tempo total de processamento: 0:14:21

############## TEMPOS DE PROCESSAMENTO DO EXERCICIO NO JAIL  ####################
Soma 4637 segundos
Media 6.022077922077922 segundos
Desvio padr達o 0.4212299173596281 segundos
Minimo 5 segundos
Maximo 7 segundos

95% 5.0 segundos
99% 5.0 segundos

############## TEMPOS DE PROCESSAMENTO DO EXERCICIO NO JAIL COM DOWNLOAD  ################
Soma 5136 segundos
Media 6.67012987012987 segundos
Desvio padr達o 0.5274454326586313 segundos
Minimo 6 segundos
Maximo 8 segundos

95% 6.0 segundos
99% 6.0 segundos

################### TEMPOS DE DOWNLOAD DO EXERCICIO NO JAIL #######################
Soma 499 segundos
Media 0.6480519480519481 segundos
Desvio padr達o 0.4856674051964277 segundos
Minimo 0 segundos
Maximo 2 segundos

95% 0.0 segundos
99% 0.0 segundos

############################ TEMPOS DE ESPERA NA FILA ############################
Soma 77810
Media 101.05194805194805 segundos
Desvio padr達o 56.208100378443184 segundos
Minimo 1 segundos
Maximo 201 segundos

95% 6.0 segundos
99% 6.0 segundos

################### queue_wait_time_list: ######################

[8, 14, 6, 6, 2, 2, 2, 1, 8, 9, 7, 13, 6, 8, 6, 9, 5, 4, 9, 10, 7, 9, 6, 12, 7, 9, 8, 12, 15, 11, 9, 10, 14, 11, 11, 11, 13, 11, 15, 13, 15, 13, 13, 12, 17, 18, 17, 13, 12, 15, 16, 28, 21, 20, 15, 19, 20, 18, 18, 19, 20, 17, 18, 17, 27, 16, 22, 22, 19, 18, 20, 23, 19, 26, 26, 22, 21, 20, 30, 24, 27, 25, 25, 29, 24, 23, 25, 27, 28, 26, 28, 29, 30, 29, 21, 24, 24, 23, 22, 63, 27, 28, 27, 34, 34, 30, 32, 31, 30, 29, 31, 33, 34, 32, 32, 31, 30, 33, 33, 36, 34, 39, 37, 35, 36, 35, 38, 43, 38, 37, 40, 36, 41, 43, 40, 39, 41, 42, 41, 42, 42, 32, 66, 65, 68, 69, 42, 89, 42, 42, 73, 41, 73, 44, 44, 46, 46, 99, 81, 91, 84, 85, 104, 109, 92, 101, 96, 97, 108, 102, 115, 110, 111, 112, 113, 105, 108, 123, 124, 126, 129, 133, 138, 139, 144, 147, 148, 150, 32, 86, 34, 36, 35, 37, 40, 39, 41, 41, 42, 39, 49, 54, 47, 48, 46, 48, 46, 49, 47, 53, 51, 50, 51, 48, 48, 48, 52, 50, 49, 51, 55, 54, 52, 56, 52, 52, 56, 52, 55, 53, 57, 53, 57, 56, 55, 62, 59, 88, 66, 68, 72, 80, 92, 84, 106, 86, 94, 110, 95, 107, 115, 99, 99, 108, 101, 115, 105, 110, 114, 111, 123, 123, 126, 125, 126, 131, 137, 139, 145, 146, 149, 151, 148, 154, 156, 159, 160, 161, 164, 167, 166, 164, 63, 45, 44, 63, 58, 57, 57, 57, 98, 104, 90, 82, 82, 61, 61, 91, 60, 60, 59, 59, 83, 100, 109, 86, 85, 94, 95, 100, 106, 109, 113, 116, 113, 116, 116, 125, 125, 130, 137, 138, 144, 145, 150, 152, 155, 157, 159, 46, 88, 123, 81, 91, 105, 82, 79, 93, 85, 109, 93, 107, 97, 107, 98, 113, 99, 103, 114, 128, 104, 115, 115, 123, 123, 123, 125, 123, 131, 138, 138, 143, 145, 150, 150, 154, 155, 159, 160, 161, 165, 161, 192, 165, 166, 167, 46, 62, 63, 47, 49, 51, 50, 51, 55, 53, 55, 54, 54, 64, 61, 65, 64, 64, 63, 66, 67, 66, 69, 67, 65, 64, 67, 69, 72, 66, 70, 69, 67, 73, 69, 71, 69, 71, 72, 72, 70, 70, 72, 70, 73, 72, 71, 89, 110, 90, 105, 92, 74, 74, 74, 73, 79, 80, 94, 82, 108, 84, 115, 96, 114, 98, 108, 98, 115, 103, 113, 121, 114, 105, 115, 123, 123, 126, 126, 127, 135, 136, 143, 144, 147, 152, 151, 154, 156, 158, 159, 162, 167, 162, 57, 60, 77, 75, 78, 77, 75, 76, 78, 78, 88, 95, 78, 74, 76, 73, 75, 86, 79, 76, 78, 75, 97, 76, 83, 91, 77, 96, 91, 81, 107, 101, 102, 108, 111, 112, 115, 125, 124, 124, 127, 135, 136, 143, 142, 147, 149, 89, 62, 82, 91, 106, 81, 116, 92, 87, 107, 94, 115, 97, 98, 111, 101, 124, 112, 103, 105, 111, 113, 125, 118, 127, 124, 130, 133, 135, 138, 141, 145, 149, 149, 151, 155, 155, 156, 161, 163, 159, 167, 166, 164, 168, 169, 112, 61, 64, 67, 71, 90, 104, 93, 79, 80, 79, 80, 85, 94, 86, 105, 97, 113, 100, 110, 100, 102, 110, 111, 117, 110, 121, 123, 124, 123, 123, 124, 129, 135, 139, 140, 146, 147, 150, 152, 149, 155, 157, 158, 164, 165, 163, 125, 168, 170, 170, 170, 169, 170, 170, 171, 128, 131, 134, 133, 134, 134, 138, 141, 141, 141, 143, 170, 170, 177, 178, 173, 176, 176, 172, 172, 172, 171, 176, 177, 174, 175, 173, 174, 176, 175, 176, 135, 141, 139, 145, 145, 147, 184, 177, 178, 178, 179, 180, 178, 179, 186, 180, 185, 183, 180, 183, 181, 180, 182, 185, 183, 184, 189, 186, 188, 184, 187, 191, 187, 187, 186, 187, 188, 189, 190, 187, 190, 191, 193, 188, 192, 190, 189, 146, 147, 149, 150, 151, 153, 155, 157, 190, 193, 194, 193, 194, 148, 148, 151, 153, 154, 157, 158, 157, 160, 161, 162, 162, 163, 164, 164, 166, 167, 169, 168, 168, 168, 180, 177, 183, 177, 180, 180, 182, 182, 186, 185, 187, 193, 197, 194, 195, 199, 196, 194, 198, 196, 196, 200, 198, 200, 197, 197, 201, 188, 189, 195, 187, 194, 197, 190, 196, 196, 198, 187, 195]

################################################################
################### jail_ex_download_list: ######################

[1, 1, 1, 1, 2, 1, 1, 1, 0, 1, 1, 0, 0, 1, 1, 1, 1, 1, 0, 1, 1, 1, 1, 1, 1, 0, 0, 1, 0, 1, 1, 1, 0, 1, 1, 0, 0, 1, 1, 0, 1, 1, 1, 1, 1, 0, 1, 1, 1, 0, 1, 0, 0, 1, 0, 1, 0, 1, 0, 0, 1, 1, 0, 0, 1, 1, 1, 1, 1, 1, 0, 0, 1, 1, 0, 0, 1, 1, 1, 0, 1, 1, 1, 0, 1, 1, 1, 0, 0, 1, 0, 0, 1, 1, 1, 1, 1, 1, 1, 1, 1, 1, 1, 1, 0, 0, 0, 0, 1, 0, 1, 0, 0, 0, 1, 0, 0, 1, 1, 0, 0, 1, 1, 1, 0, 0, 1, 1, 1, 1, 0, 1, 0, 1, 0, 1, 0, 0, 1, 0, 1, 0, 1, 1, 0, 1, 0, 1, 1, 1, 0, 1, 0, 1, 1, 0, 1, 1, 0, 1, 1, 1, 0, 1, 1, 0, 1, 0, 1, 1, 0, 1, 0, 1, 0, 1, 1, 1, 1, 1, 1, 0, 1, 1, 0, 1, 0, 1, 1, 1, 0, 1, 1, 1, 1, 1, 0, 0, 0, 1, 1, 0, 0, 0, 1, 1, 1, 1, 1, 1, 1, 1, 1, 1, 0, 1, 1, 0, 1, 0, 0, 0, 1, 1, 1, 0, 1, 1, 1, 1, 1, 0, 0, 1, 0, 0, 1, 1, 1, 1, 1, 1, 0, 1, 1, 1, 0, 1, 1, 1, 1, 0, 1, 1, 0, 1, 0, 1, 0, 1, 0, 1, 1, 1, 1, 1, 1, 1, 0, 0, 0, 0, 0, 0, 1, 1, 1, 0, 1, 0, 1, 1, 0, 1, 1, 0, 1, 1, 1, 1, 0, 0, 0, 0, 1, 1, 1, 0, 1, 2, 2, 1, 1, 1, 0, 0, 1, 1, 1, 1, 1, 1, 1, 0, 1, 1, 0, 1, 1, 1, 1, 0, 0, 1, 1, 1, 1, 0, 1, 0, 0, 1, 1, 0, 1, 0, 1, 0, 1, 0, 1, 1, 0, 1, 0, 0, 1, 0, 0, 0, 1, 1, 0, 0, 0, 0, 1, 1, 1, 0, 0, 1, 1, 1, 1, 0, 1, 0, 1, 0, 1, 1, 1, 1, 1, 1, 0, 0, 0, 1, 1, 0, 1, 1, 0, 1, 1, 1, 0, 1, 1, 1, 0, 1, 1, 0, 1, 1, 0, 1, 1, 1, 0, 1, 0, 0, 1, 0, 0, 0, 0, 0, 0, 0, 1, 1, 1, 1, 1, 0, 1, 0, 1, 0, 1, 0, 0, 1, 1, 0, 1, 1, 1, 1, 0, 1, 0, 1, 1, 0, 1, 1, 0, 0, 1, 0, 1, 1, 0, 1, 1, 1, 1, 1, 1, 1, 0, 1, 1, 1, 0, 0, 1, 1, 0, 0, 1, 0, 0, 1, 0, 1, 0, 0, 0, 1, 1, 1, 1, 1, 0, 1, 1, 1, 1, 1, 0, 1, 1, 1, 0, 0, 1, 1, 1, 1, 0, 1, 1, 1, 1, 0, 1, 1, 1, 1, 1, 1, 0, 1, 1, 1, 1, 1, 1, 1, 1, 1, 1, 1, 0, 1, 1, 1, 1, 0, 1, 1, 0, 0, 0, 1, 0, 0, 1, 1, 1, 0, 1, 0, 1, 0, 0, 1, 1, 1, 1, 1, 1, 0, 1, 1, 0, 1, 0, 1, 0, 0, 1, 0, 0, 0, 1, 1, 1, 1, 1, 0, 0, 1, 1, 0, 0, 0, 1, 0, 1, 0, 1, 0, 0, 1, 1, 0, 1, 1, 1, 1, 0, 0, 1, 0, 1, 0, 1, 1, 0, 1, 1, 0, 1, 1, 1, 1, 1, 1, 0, 1, 1, 0, 0, 1, 0, 0, 1, 1, 1, 0, 1, 0, 1, 0, 1, 0, 1, 0, 1, 1, 1, 0, 1, 1, 0, 1, 1, 0, 0, 0, 1, 1, 1, 1, 1, 0, 0, 1, 1, 1, 1, 1, 0, 1, 1, 1, 1, 0, 1, 1, 0, 0, 1, 1, 1, 0, 0, 0, 1, 0, 1, 1, 1, 0, 1, 1, 1, 1, 1, 1, 0, 1, 0, 1, 0, 0, 1, 1, 1, 0, 0, 0, 1, 1, 0, 0, 0, 1, 1, 1, 1, 0, 0, 1, 0, 1, 1, 1, 0, 0, 1, 0, 1, 1, 0, 1, 1, 0, 1, 1, 1, 1, 1, 0, 1, 1, 1, 0, 1, 0, 1, 1, 1, 1, 1, 1, 1, 0, 1, 1, 1, 1, 1, 1, 1, 1, 0, 0, 1, 1, 0, 1, 1, 1, 1, 1, 1, 0, 1, 1, 1, 1, 0, 1, 1, 1, 1, 0, 1, 1, 1, 0]

################################################################
################################################################
################### process_jail_download_list: ######################

[7, 7, 7, 7, 8, 7, 7, 7, 6, 7, 7, 6, 6, 6, 6, 7, 7, 7, 6, 7, 7, 7, 7, 7, 7, 6, 6, 7, 7, 7, 7, 7, 6, 7, 6, 6, 6, 7, 8, 6, 7, 7, 6, 7, 7, 6, 7, 7, 6, 6, 7, 7, 7, 7, 6, 7, 6, 7, 6, 6, 7, 6, 6, 6, 7, 7, 7, 7, 7, 7, 7, 6, 7, 6, 6, 7, 7, 7, 7, 6, 6, 7, 7, 6, 7, 7, 7, 6, 7, 7, 6, 6, 7, 7, 6, 7, 7, 7, 7, 6, 7, 7, 7, 7, 6, 6, 6, 6, 7, 6, 7, 6, 7, 7, 7, 7, 7, 7, 7, 6, 7, 7, 7, 6, 7, 7, 8, 7, 7, 8, 7, 8, 6, 7, 7, 7, 6, 6, 7, 6, 7, 6, 7, 7, 6, 7, 6, 7, 7, 7, 6, 7, 6, 7, 7, 6, 7, 7, 6, 6, 7, 7, 6, 7, 7, 6, 7, 7, 7, 7, 6, 7, 7, 7, 6, 7, 7, 7, 7, 7, 7, 6, 7, 7, 6, 6, 6, 7, 7, 7, 7, 7, 7, 7, 7, 7, 6, 6, 6, 7, 7, 6, 6, 6, 7, 7, 7, 7, 6, 7, 7, 7, 6, 7, 6, 7, 7, 6, 7, 6, 7, 6, 6, 7, 7, 6, 8, 7, 7, 6, 8, 6, 6, 6, 6, 6, 7, 7, 7, 7, 6, 7, 6, 7, 7, 7, 6, 7, 7, 7, 7, 6, 7, 7, 6, 7, 6, 7, 7, 7, 6, 7, 6, 7, 7, 7, 7, 7, 6, 6, 6, 6, 6, 6, 7, 7, 7, 6, 7, 6, 6, 6, 6, 7, 7, 6, 7, 7, 7, 7, 6, 6, 6, 6, 7, 7, 7, 6, 7, 8, 8, 7, 7, 7, 6, 6, 7, 7, 7, 7, 7, 7, 7, 6, 7, 8, 7, 7, 7, 7, 7, 6, 6, 7, 7, 7, 7, 6, 7, 6, 7, 7, 7, 7, 7, 6, 7, 6, 7, 7, 7, 7, 7, 7, 6, 6, 7, 7, 6, 6, 7, 8, 7, 6, 6, 6, 7, 7, 6, 6, 6, 7, 7, 7, 7, 6, 7, 6, 7, 6, 7, 7, 7, 7, 7, 6, 6, 6, 6, 7, 6, 6, 7, 7, 6, 7, 7, 7, 6, 6, 7, 7, 6, 7, 7, 6, 7, 6, 6, 7, 6, 7, 6, 7, 6, 6, 7, 6, 7, 6, 6, 6, 6, 6, 7, 6, 7, 7, 6, 6, 7, 6, 7, 7, 7, 7, 6, 7, 7, 6, 7, 7, 7, 7, 6, 7, 6, 7, 7, 7, 7, 7, 6, 6, 6, 7, 7, 7, 6, 7, 8, 7, 6, 7, 7, 6, 6, 7, 7, 7, 6, 6, 6, 7, 7, 6, 7, 6, 6, 7, 7, 6, 7, 7, 7, 7, 7, 7, 7, 7, 7, 7, 6, 7, 6, 7, 6, 7, 7, 7, 6, 6, 7, 6, 7, 7, 6, 7, 7, 7, 7, 7, 7, 6, 7, 7, 8, 7, 6, 7, 7, 7, 7, 7, 7, 7, 7, 7, 7, 7, 6, 7, 7, 7, 7, 7, 7, 7, 6, 6, 6, 7, 7, 7, 6, 7, 7, 6, 7, 6, 6, 6, 7, 7, 7, 7, 7, 7, 7, 6, 6, 7, 6, 7, 6, 7, 6, 7, 7, 6, 6, 6, 6, 6, 7, 7, 7, 6, 6, 7, 7, 7, 7, 6, 7, 6, 7, 7, 7, 6, 6, 7, 6, 6, 7, 7, 7, 8, 6, 6, 7, 6, 7, 7, 6, 7, 6, 7, 7, 6, 7, 7, 6, 7, 6, 7, 6, 6, 6, 6, 6, 7, 6, 7, 7, 7, 7, 6, 7, 6, 7, 6, 7, 6, 7, 6, 7, 7, 7, 6, 8, 8, 6, 7, 8, 6, 7, 6, 8, 8, 8, 7, 7, 7, 7, 7, 7, 7, 7, 7, 6, 7, 6, 7, 7, 6, 7, 8, 6, 7, 7, 7, 7, 6, 7, 6, 7, 6, 7, 6, 7, 6, 7, 7, 6, 7, 6, 7, 6, 7, 6, 7, 6, 6, 7, 7, 7, 6, 6, 6, 7, 7, 6, 6, 6, 6, 7, 7, 7, 6, 6, 7, 6, 6, 6, 7, 7, 7, 7, 7, 7, 7, 6, 6, 7, 7, 6, 7, 7, 7, 7, 6, 7, 7, 7, 6, 7, 6, 7, 7, 7, 7, 7, 7, 8, 6, 7, 7, 7, 7, 7, 7, 7, 7, 6, 6, 7, 7, 6, 7, 7, 7, 6, 7, 7, 6, 7, 7, 7, 7, 6, 7, 7, 7, 7, 6, 7, 7, 7, 6]

################################################################
################################################################
################### process_jail_list: ######################

[6, 6, 6, 6, 6, 6, 6, 6, 6, 6, 6, 6, 6, 5, 5, 6, 6, 6, 6, 6, 6, 6, 6, 6, 6, 6, 6, 6, 7, 6, 6, 6, 6, 6, 5, 6, 6, 6, 7, 6, 6, 6, 5, 6, 6, 6, 6, 6, 5, 6, 6, 7, 7, 6, 6, 6, 6, 6, 6, 6, 6, 5, 6, 6, 6, 6, 6, 6, 6, 6, 7, 6, 6, 5, 6, 7, 6, 6, 6, 6, 5, 6, 6, 6, 6, 6, 6, 6, 7, 6, 6, 6, 6, 6, 5, 6, 6, 6, 6, 5, 6, 6, 6, 6, 6, 6, 6, 6, 6, 6, 6, 6, 7, 7, 6, 7, 7, 6, 6, 6, 7, 6, 6, 5, 7, 7, 7, 6, 6, 7, 7, 7, 6, 6, 7, 6, 6, 6, 6, 6, 6, 6, 6, 6, 6, 6, 6, 6, 6, 6, 6, 6, 6, 6, 6, 6, 6, 6, 6, 5, 6, 6, 6, 6, 6, 6, 6, 7, 6, 6, 6, 6, 7, 6, 6, 6, 6, 6, 6, 6, 6, 6, 6, 6, 6, 5, 6, 6, 6, 6, 7, 6, 6, 6, 6, 6, 6, 6, 6, 6, 6, 6, 6, 6, 6, 6, 6, 6, 5, 6, 6, 6, 5, 6, 6, 6, 6, 6, 6, 6, 7, 6, 5, 6, 6, 6, 7, 6, 6, 5, 7, 6, 6, 5, 6, 6, 6, 6, 6, 6, 5, 6, 6, 6, 6, 6, 6, 6, 6, 6, 6, 6, 6, 6, 6, 6, 6, 6, 7, 6, 6, 6, 5, 6, 6, 6, 6, 6, 6, 6, 6, 6, 6, 6, 6, 6, 6, 6, 6, 6, 5, 5, 6, 6, 6, 6, 6, 6, 6, 6, 6, 6, 6, 6, 6, 6, 6, 6, 6, 6, 6, 6, 6, 6, 6, 6, 6, 6, 6, 6, 6, 6, 6, 6, 6, 7, 7, 6, 6, 6, 6, 6, 6, 6, 6, 6, 6, 6, 6, 6, 7, 6, 6, 7, 6, 6, 6, 6, 6, 7, 6, 6, 7, 6, 6, 6, 6, 7, 6, 6, 6, 7, 7, 6, 6, 6, 6, 6, 5, 6, 6, 6, 6, 6, 6, 6, 6, 6, 6, 6, 6, 6, 6, 6, 6, 5, 6, 6, 6, 6, 5, 6, 6, 6, 6, 6, 6, 6, 6, 5, 6, 6, 6, 6, 6, 6, 6, 5, 6, 6, 5, 6, 6, 6, 6, 6, 6, 6, 7, 6, 6, 6, 6, 6, 6, 5, 6, 6, 5, 6, 6, 6, 6, 7, 6, 7, 6, 6, 6, 6, 6, 6, 6, 6, 6, 6, 6, 6, 6, 7, 6, 6, 6, 6, 5, 7, 6, 6, 6, 6, 7, 6, 5, 6, 6, 5, 6, 6, 6, 6, 6, 6, 5, 6, 7, 6, 6, 6, 6, 6, 7, 5, 7, 7, 7, 6, 6, 6, 6, 6, 7, 6, 5, 6, 5, 6, 6, 6, 6, 6, 6, 6, 6, 5, 6, 6, 6, 6, 6, 6, 6, 7, 6, 5, 6, 6, 7, 6, 6, 6, 6, 6, 6, 6, 6, 6, 6, 6, 6, 6, 6, 6, 6, 6, 6, 7, 6, 6, 6, 6, 6, 6, 7, 7, 5, 6, 6, 6, 6, 6, 5, 6, 7, 6, 6, 6, 6, 6, 6, 6, 5, 6, 6, 6, 6, 6, 6, 7, 6, 6, 6, 6, 5, 5, 6, 6, 6, 6, 6, 6, 6, 7, 7, 6, 6, 6, 6, 7, 6, 6, 6, 6, 5, 6, 6, 6, 6, 7, 6, 6, 6, 6, 6, 7, 5, 6, 6, 6, 6, 6, 6, 6, 5, 6, 5, 6, 6, 5, 5, 6, 6, 6, 6, 7, 6, 6, 6, 6, 6, 6, 6, 6, 6, 6, 6, 6, 6, 6, 6, 6, 7, 7, 6, 6, 7, 6, 7, 6, 7, 7, 7, 6, 6, 7, 7, 6, 6, 6, 6, 6, 6, 6, 5, 6, 6, 6, 6, 7, 6, 7, 6, 6, 6, 6, 7, 6, 6, 6, 6, 5, 6, 6, 6, 6, 5, 6, 5, 6, 6, 6, 6, 6, 6, 6, 6, 6, 6, 6, 6, 6, 6, 6, 6, 6, 6, 5, 6, 6, 6, 6, 6, 6, 6, 5, 5, 6, 7, 7, 6, 7, 6, 6, 6, 5, 6, 7, 5, 6, 6, 6, 6, 6, 6, 6, 6, 6, 6, 6, 6, 6, 6, 6, 6, 6, 7, 6, 6, 6, 6, 6, 6, 6, 6, 6, 6, 6, 6, 6, 6, 6, 6, 6, 5, 6, 6, 6, 6, 6, 6, 6, 6, 6, 6, 6, 6, 6, 6, 6, 6, 6]

################################################################
