Numero total de amostras 770

Tempo total de processamento: 0:14:03

############## TEMPOS DE PROCESSAMENTO DO EXERCICIO NO JAIL  ####################
Soma 4534 segundos
Media 5.888311688311688 segundos
Desvio padrão 0.4177783001128727 segundos
Minimo 5 segundos
Maximo 7 segundos

95% 5.0 segundos
99% 5.0 segundos

############## TEMPOS DE PROCESSAMENTO DO EXERCICIO NO JAIL COM DOWNLOAD  ################
Soma 5025 segundos
Media 6.525974025974026 segundos
Desvio padrão 0.5246897902082016 segundos
Minimo 6 segundos
Maximo 8 segundos

95% 6.0 segundos
99% 6.0 segundos

################### TEMPOS DE DOWNLOAD DO EXERCICIO NO JAIL #######################
Soma 491 segundos
Media 0.6376623376623377 segundos
Desvio padrão 0.4913641126282534 segundos
Minimo 0 segundos
Maximo 2 segundos

95% 0.0 segundos
99% 0.0 segundos

############################ TEMPOS DE ESPERA NA FILA ############################
Soma 70028
Media 90.94545454545455 segundos
Desvio padrão 50.43148507758869 segundos
Minimo 1 segundos
Maximo 183 segundos

95% 5.305499999999999 segundos
99% 5.613099999999999 segundos

################### queue_wait_time_list: ######################

[5, 5, 6, 10, 5, 10, 9, 8, 3, 3, 2, 1, 7, 2, 9, 7, 8, 6, 14, 9, 7, 10, 7, 6, 13, 7, 13, 9, 8, 10, 99, 12, 11, 13, 8, 15, 11, 12, 10, 10, 15, 11, 16, 17, 15, 14, 13, 13, 12, 13, 15, 18, 19, 17, 18, 16, 22, 15, 18, 16, 19, 21, 15, 16, 18, 18, 17, 20, 17, 20, 25, 23, 18, 23, 22, 19, 21, 20, 24, 24, 21, 22, 23, 24, 24, 26, 23, 26, 25, 26, 24, 26, 26, 26, 22, 20, 21, 22, 24, 23, 26, 25, 30, 29, 28, 27, 28, 29, 28, 30, 27, 29, 27, 27, 31, 28, 29, 31, 28, 32, 31, 31, 33, 32, 33, 39, 33, 35, 32, 34, 34, 37, 32, 35, 38, 35, 34, 33, 36, 36, 37, 28, 29, 31, 31, 34, 37, 36, 87, 90, 39, 38, 41, 40, 39, 38, 40, 102, 96, 99, 94, 98, 99, 97, 98, 101, 105, 104, 107, 108, 111, 119, 120, 121, 123, 124, 125, 128, 131, 133, 134, 134, 138, 138, 140, 143, 144, 146, 29, 30, 43, 42, 42, 43, 44, 45, 39, 41, 42, 40, 41, 41, 42, 43, 43, 94, 100, 96, 108, 99, 102, 100, 107, 104, 109, 110, 111, 113, 121, 123, 125, 127, 131, 125, 132, 134, 136, 137, 139, 142, 142, 146, 147, 148, 150, 32, 33, 36, 37, 45, 48, 44, 46, 48, 47, 43, 51, 47, 46, 44, 45, 49, 51, 48, 46, 49, 47, 55, 51, 49, 50, 50, 50, 54, 50, 53, 56, 54, 58, 57, 52, 52, 53, 57, 56, 54, 54, 56, 58, 55, 55, 57, 43, 45, 47, 46, 47, 62, 60, 60, 61, 60, 60, 59, 59, 79, 58, 81, 59, 57, 62, 61, 59, 59, 59, 60, 86, 62, 61, 88, 63, 61, 62, 63, 95, 96, 98, 97, 103, 106, 107, 110, 110, 113, 116, 117, 120, 120, 122, 49, 74, 49, 50, 51, 52, 53, 54, 55, 57, 55, 64, 63, 63, 63, 65, 66, 63, 67, 65, 65, 66, 67, 70, 67, 70, 67, 65, 67, 68, 69, 69, 72, 69, 70, 71, 68, 73, 71, 70, 72, 70, 71, 72, 73, 74, 73, 77, 83, 76, 85, 77, 74, 75, 77, 74, 77, 74, 76, 77, 75, 78, 76, 79, 76, 75, 79, 94, 75, 77, 78, 80, 80, 83, 97, 98, 100, 103, 103, 105, 107, 112, 112, 115, 115, 119, 122, 125, 128, 127, 128, 131, 132, 135, 62, 64, 65, 64, 66, 66, 67, 66, 68, 70, 69, 83, 83, 79, 80, 83, 82, 81, 80, 80, 85, 82, 84, 80, 85, 82, 85, 84, 87, 83, 84, 86, 85, 88, 86, 88, 87, 86, 85, 88, 89, 89, 97, 87, 88, 90, 98, 70, 93, 73, 86, 104, 96, 109, 99, 90, 89, 100, 106, 112, 89, 91, 90, 91, 91, 91, 101, 107, 103, 110, 114, 109, 111, 114, 113, 114, 115, 120, 121, 124, 126, 130, 131, 128, 133, 137, 141, 143, 140, 145, 149, 149, 149, 150, 71, 102, 78, 81, 103, 104, 114, 91, 92, 92, 93, 91, 95, 106, 110, 100, 102, 107, 111, 108, 108, 113, 114, 116, 116, 115, 117, 117, 117, 116, 123, 123, 124, 126, 129, 130, 132, 134, 142, 144, 137, 139, 142, 144, 148, 150, 153, 71, 72, 81, 96, 110, 99, 106, 91, 101, 92, 101, 93, 94, 94, 93, 92, 93, 111, 105, 109, 106, 114, 113, 115, 118, 117, 122, 118, 124, 124, 127, 127, 129, 131, 133, 136, 139, 139, 141, 145, 147, 143, 146, 149, 151, 149, 149, 152, 120, 120, 122, 117, 117, 152, 153, 152, 152, 154, 153, 155, 119, 118, 154, 153, 153, 119, 121, 123, 123, 125, 125, 125, 126, 126, 130, 159, 159, 157, 160, 158, 155, 160, 155, 158, 157, 162, 159, 162, 159, 163, 161, 166, 160, 162, 164, 163, 162, 162, 161, 163, 167, 168, 169, 167, 165, 164, 167, 166, 168, 166, 167, 130, 170, 169, 128, 168, 167, 171, 170, 171, 129, 130, 136, 170, 170, 169, 172, 130, 133, 135, 137, 135, 138, 141, 138, 140, 143, 143, 145, 144, 145, 147, 146, 147, 174, 173, 171, 171, 174, 171, 173, 176, 176, 176, 175, 181, 172, 179, 175, 174, 173, 183, 179, 177, 176, 175, 176, 181, 179, 179, 178, 181, 180, 179, 148, 151, 151, 150, 155, 157, 156, 154, 157, 160, 162, 161, 164, 163, 165, 165, 164, 166, 167, 170, 171, 172, 173, 174, 175, 175, 177, 178, 178, 180, 177, 182]

################################################################
################### jail_ex_download_list: ######################

[1, 1, 1, 1, 1, 0, 1, 0, 2, 2, 2, 2, 1, 1, 0, 1, 1, 1, 1, 1, 1, 0, 0, 1, 1, 1, 0, 0, 1, 1, 1, 0, 1, 0, 1, 1, 1, 1, 1, 1, 1, 1, 0, 0, 1, 1, 1, 1, 1, 1, 1, 0, 1, 0, 0, 1, 0, 0, 1, 1, 1, 0, 1, 1, 0, 1, 1, 1, 0, 0, 1, 0, 0, 0, 0, 0, 1, 0, 0, 1, 1, 1, 0, 1, 0, 1, 0, 0, 1, 1, 1, 0, 0, 1, 1, 0, 0, 1, 0, 0, 0, 0, 1, 0, 1, 1, 0, 0, 0, 0, 0, 1, 0, 1, 0, 1, 1, 0, 0, 1, 0, 1, 0, 0, 0, 1, 1, 1, 0, 0, 1, 1, 1, 1, 1, 1, 1, 1, 0, 1, 1, 1, 1, 0, 1, 0, 1, 1, 1, 0, 0, 0, 1, 1, 1, 1, 1, 1, 0, 1, 1, 0, 0, 1, 1, 1, 0, 1, 1, 1, 1, 0, 1, 1, 1, 1, 1, 1, 1, 0, 0, 1, 1, 0, 1, 1, 0, 1, 0, 1, 0, 0, 1, 1, 0, 0, 1, 1, 0, 1, 1, 0, 0, 1, 1, 0, 1, 1, 1, 0, 1, 0, 0, 1, 1, 0, 1, 0, 1, 0, 0, 1, 1, 1, 1, 1, 0, 1, 1, 0, 1, 0, 1, 0, 1, 1, 1, 1, 1, 1, 1, 1, 0, 1, 1, 1, 1, 1, 1, 1, 1, 1, 0, 1, 0, 0, 1, 1, 1, 0, 1, 1, 1, 0, 1, 1, 0, 1, 0, 0, 1, 1, 1, 1, 1, 1, 1, 0, 1, 1, 1, 1, 1, 1, 0, 1, 1, 0, 1, 1, 1, 1, 0, 0, 0, 1, 1, 1, 1, 1, 0, 0, 0, 0, 1, 1, 1, 0, 0, 0, 1, 1, 1, 1, 1, 0, 1, 1, 0, 0, 0, 0, 1, 0, 1, 1, 0, 1, 0, 1, 1, 0, 0, 1, 1, 0, 0, 1, 0, 1, 0, 1, 1, 1, 0, 0, 1, 0, 1, 0, 1, 1, 0, 1, 0, 1, 1, 1, 1, 0, 1, 1, 0, 1, 1, 1, 0, 1, 1, 0, 1, 1, 1, 1, 0, 0, 1, 1, 1, 0, 1, 1, 1, 0, 0, 0, 1, 0, 0, 0, 0, 1, 0, 1, 1, 0, 1, 1, 1, 1, 1, 0, 1, 1, 1, 1, 0, 1, 1, 1, 1, 0, 0, 1, 0, 1, 1, 0, 1, 1, 1, 1, 1, 1, 1, 0, 1, 1, 1, 0, 1, 1, 0, 1, 1, 0, 0, 1, 1, 0, 0, 1, 0, 0, 1, 0, 0, 1, 1, 0, 0, 1, 1, 0, 0, 1, 1, 1, 0, 0, 1, 1, 0, 1, 0, 0, 0, 1, 0, 1, 1, 1, 1, 1, 1, 0, 0, 1, 0, 1, 1, 0, 1, 0, 0, 1, 1, 1, 0, 1, 1, 0, 0, 0, 0, 0, 1, 1, 1, 1, 0, 1, 1, 1, 0, 1, 0, 0, 0, 0, 1, 1, 0, 0, 1, 1, 1, 0, 0, 1, 1, 1, 1, 1, 0, 0, 1, 1, 1, 0, 0, 0, 1, 0, 1, 1, 1, 0, 0, 1, 0, 0, 1, 1, 1, 0, 1, 0, 0, 0, 1, 0, 0, 0, 0, 1, 1, 1, 1, 1, 0, 0, 0, 0, 1, 1, 1, 1, 0, 1, 1, 0, 1, 0, 1, 1, 1, 0, 0, 1, 0, 1, 0, 0, 0, 1, 0, 0, 1, 0, 1, 1, 0, 1, 0, 1, 0, 1, 0, 1, 1, 0, 1, 1, 1, 1, 0, 0, 1, 1, 1, 0, 0, 1, 1, 1, 1, 1, 1, 0, 1, 1, 1, 1, 0, 1, 1, 1, 0, 1, 1, 1, 1, 1, 0, 1, 0, 0, 1, 0, 1, 1, 1, 0, 1, 1, 1, 1, 1, 0, 1, 0, 1, 1, 0, 0, 1, 0, 1, 0, 1, 1, 1, 1, 1, 1, 1, 1, 1, 1, 1, 1, 1, 0, 1, 1, 0, 0, 1, 1, 1, 1, 1, 0, 1, 1, 1, 0, 0, 1, 1, 0, 0, 0, 1, 1, 0, 1, 1, 1, 0, 1, 0, 0, 1, 0, 1, 1, 0, 1, 1, 1, 1, 0, 1, 1, 1, 1, 0, 1, 1, 0, 1, 1, 1, 0, 1, 1, 1, 1, 1, 1, 1, 1, 1, 0, 1, 1, 1, 1, 1, 1, 1, 1, 1, 1, 1, 1, 0, 0, 0, 1, 1, 0, 0, 1, 1, 1, 1, 1, 0, 1, 1, 0, 1, 0, 1, 1, 1, 1]

################################################################
################################################################
################### process_jail_download_list: ######################

[7, 7, 7, 7, 6, 6, 6, 6, 8, 8, 8, 8, 7, 7, 6, 6, 7, 6, 6, 6, 7, 6, 6, 6, 7, 7, 6, 6, 7, 7, 7, 6, 7, 6, 7, 7, 7, 7, 7, 6, 6, 7, 6, 6, 7, 7, 7, 7, 7, 7, 6, 6, 7, 6, 7, 7, 6, 6, 7, 7, 6, 6, 7, 7, 6, 7, 7, 7, 6, 6, 6, 6, 6, 6, 6, 6, 7, 7, 6, 6, 6, 7, 6, 7, 7, 7, 6, 6, 7, 7, 7, 6, 6, 6, 7, 6, 6, 7, 6, 7, 6, 6, 7, 6, 6, 6, 6, 6, 6, 6, 6, 7, 6, 7, 6, 6, 6, 6, 6, 7, 6, 7, 6, 6, 7, 7, 6, 7, 6, 6, 7, 7, 6, 6, 7, 7, 7, 8, 6, 7, 7, 6, 7, 6, 7, 6, 7, 7, 7, 6, 6, 6, 6, 7, 7, 7, 7, 7, 7, 6, 7, 6, 6, 7, 7, 7, 6, 7, 7, 7, 7, 6, 6, 6, 6, 7, 7, 7, 7, 6, 6, 7, 7, 6, 7, 7, 6, 7, 6, 7, 6, 6, 7, 7, 6, 6, 7, 7, 6, 7, 7, 6, 6, 7, 7, 7, 6, 7, 6, 6, 7, 6, 6, 7, 7, 6, 6, 6, 7, 6, 6, 7, 6, 6, 7, 7, 6, 7, 7, 6, 7, 6, 7, 6, 7, 6, 7, 7, 7, 7, 7, 7, 6, 7, 6, 7, 7, 6, 7, 6, 7, 7, 6, 7, 6, 6, 7, 7, 7, 6, 7, 6, 7, 6, 7, 7, 6, 7, 6, 6, 7, 6, 7, 7, 7, 7, 7, 6, 7, 6, 6, 7, 7, 7, 6, 7, 7, 6, 6, 7, 6, 7, 6, 6, 6, 7, 6, 7, 7, 7, 6, 6, 6, 6, 7, 7, 6, 6, 6, 7, 6, 7, 7, 7, 8, 6, 7, 7, 6, 6, 6, 6, 7, 6, 7, 7, 6, 7, 6, 7, 7, 6, 6, 7, 7, 6, 6, 7, 6, 7, 6, 7, 6, 7, 6, 6, 7, 6, 7, 6, 6, 7, 6, 6, 6, 7, 6, 7, 7, 6, 6, 7, 6, 6, 6, 6, 6, 6, 6, 6, 6, 7, 7, 7, 6, 6, 7, 7, 7, 6, 7, 7, 7, 6, 6, 6, 6, 6, 6, 6, 6, 6, 6, 7, 7, 6, 7, 7, 7, 7, 7, 6, 7, 6, 7, 7, 6, 7, 7, 6, 7, 6, 6, 7, 6, 6, 7, 6, 7, 7, 7, 7, 7, 7, 6, 6, 7, 7, 6, 6, 7, 7, 6, 7, 6, 6, 6, 6, 6, 6, 6, 7, 6, 6, 7, 6, 6, 6, 6, 6, 6, 6, 7, 6, 6, 7, 7, 6, 6, 6, 7, 7, 6, 7, 7, 6, 6, 6, 6, 6, 7, 7, 7, 7, 6, 6, 7, 6, 6, 6, 6, 6, 6, 7, 6, 7, 7, 6, 6, 7, 7, 6, 6, 6, 6, 6, 7, 7, 7, 6, 6, 6, 6, 7, 6, 7, 6, 7, 7, 6, 7, 7, 6, 6, 7, 7, 7, 6, 6, 7, 7, 7, 7, 6, 6, 6, 6, 7, 7, 6, 6, 6, 7, 6, 7, 7, 6, 7, 6, 6, 6, 6, 7, 7, 6, 6, 6, 6, 6, 6, 6, 6, 6, 7, 7, 7, 7, 6, 7, 6, 7, 6, 6, 6, 7, 7, 7, 6, 6, 6, 7, 6, 6, 6, 7, 6, 7, 6, 6, 7, 6, 7, 6, 6, 6, 7, 6, 6, 7, 6, 7, 6, 6, 7, 6, 7, 6, 7, 6, 7, 7, 6, 7, 7, 7, 7, 6, 6, 7, 7, 6, 6, 6, 7, 6, 6, 7, 7, 7, 6, 7, 7, 7, 7, 6, 7, 7, 7, 6, 7, 7, 7, 7, 6, 6, 7, 6, 6, 7, 6, 7, 7, 6, 6, 7, 7, 8, 7, 7, 6, 7, 6, 7, 7, 6, 6, 7, 6, 7, 6, 7, 7, 6, 7, 6, 7, 6, 7, 7, 7, 6, 6, 7, 6, 6, 6, 6, 6, 7, 7, 7, 7, 7, 6, 7, 6, 7, 6, 6, 7, 7, 6, 7, 7, 7, 7, 7, 7, 7, 7, 6, 7, 6, 7, 7, 6, 7, 7, 6, 7, 7, 7, 7, 6, 6, 7, 7, 7, 6, 7, 6, 6, 7, 7, 7, 6, 7, 6, 6, 6, 7, 7, 7, 7, 7, 6, 7, 7, 7, 7, 7, 7, 7, 8, 8, 8, 7, 7, 6, 6, 6, 7, 7, 7, 7, 7, 7, 6, 7, 7, 6, 7, 7, 6, 7, 6, 7, 7, 7, 7]

################################################################
################################################################
################### process_jail_list: ######################

[6, 6, 6, 6, 5, 6, 5, 6, 6, 6, 6, 6, 6, 6, 6, 5, 6, 5, 5, 5, 6, 6, 6, 5, 6, 6, 6, 6, 6, 6, 6, 6, 6, 6, 6, 6, 6, 6, 6, 5, 5, 6, 6, 6, 6, 6, 6, 6, 6, 6, 5, 6, 6, 6, 7, 6, 6, 6, 6, 6, 5, 6, 6, 6, 6, 6, 6, 6, 6, 6, 5, 6, 6, 6, 6, 6, 6, 7, 6, 5, 5, 6, 6, 6, 7, 6, 6, 6, 6, 6, 6, 6, 6, 5, 6, 6, 6, 6, 6, 7, 6, 6, 6, 6, 5, 5, 6, 6, 6, 6, 6, 6, 6, 6, 6, 5, 5, 6, 6, 6, 6, 6, 6, 6, 7, 6, 5, 6, 6, 6, 6, 6, 5, 5, 6, 6, 6, 7, 6, 6, 6, 5, 6, 6, 6, 6, 6, 6, 6, 6, 6, 6, 5, 6, 6, 6, 6, 6, 7, 5, 6, 6, 6, 6, 6, 6, 6, 6, 6, 6, 6, 6, 5, 5, 5, 6, 6, 6, 6, 6, 6, 6, 6, 6, 6, 6, 6, 6, 6, 6, 6, 6, 6, 6, 6, 6, 6, 6, 6, 6, 6, 6, 6, 6, 6, 7, 5, 6, 5, 6, 6, 6, 6, 6, 6, 6, 5, 6, 6, 6, 6, 6, 5, 5, 6, 6, 6, 6, 6, 6, 6, 6, 6, 6, 6, 5, 6, 6, 6, 6, 6, 6, 6, 6, 5, 6, 6, 5, 6, 5, 6, 6, 6, 6, 6, 6, 6, 6, 6, 6, 6, 5, 6, 6, 6, 6, 6, 6, 6, 6, 6, 5, 6, 6, 6, 6, 6, 6, 6, 5, 5, 6, 6, 6, 6, 6, 6, 6, 5, 6, 5, 6, 6, 6, 6, 6, 5, 6, 6, 6, 6, 6, 6, 6, 6, 6, 5, 6, 6, 7, 5, 6, 6, 6, 7, 6, 6, 6, 6, 6, 6, 6, 6, 6, 6, 6, 6, 6, 6, 6, 6, 6, 6, 6, 6, 6, 6, 6, 6, 6, 6, 6, 5, 6, 6, 6, 6, 6, 6, 6, 5, 6, 6, 5, 6, 6, 5, 6, 6, 6, 5, 6, 6, 5, 5, 5, 6, 5, 5, 6, 5, 6, 6, 6, 6, 6, 6, 6, 6, 6, 6, 6, 6, 6, 6, 6, 5, 6, 6, 6, 6, 5, 6, 6, 6, 6, 6, 6, 6, 6, 6, 6, 6, 5, 6, 6, 6, 6, 6, 5, 6, 6, 6, 6, 6, 5, 6, 6, 6, 6, 6, 6, 6, 6, 5, 6, 6, 6, 5, 6, 6, 6, 6, 6, 5, 6, 6, 5, 5, 6, 6, 6, 6, 6, 6, 6, 6, 5, 5, 6, 6, 5, 6, 6, 6, 6, 6, 5, 6, 6, 6, 6, 6, 6, 7, 6, 6, 5, 6, 5, 6, 6, 6, 6, 5, 6, 7, 5, 6, 5, 5, 6, 5, 7, 6, 6, 6, 5, 6, 6, 6, 6, 6, 6, 6, 6, 6, 6, 6, 5, 6, 5, 5, 6, 6, 6, 6, 7, 7, 6, 6, 6, 6, 6, 6, 6, 6, 6, 6, 6, 6, 6, 6, 5, 6, 6, 5, 6, 6, 6, 6, 6, 6, 6, 6, 6, 5, 7, 6, 5, 6, 6, 6, 6, 5, 6, 5, 6, 6, 6, 5, 6, 6, 7, 7, 6, 6, 5, 6, 5, 7, 6, 6, 6, 6, 6, 6, 5, 6, 5, 6, 6, 5, 6, 6, 5, 6, 6, 6, 6, 6, 6, 6, 6, 6, 6, 6, 6, 6, 6, 6, 5, 6, 6, 6, 6, 6, 6, 6, 6, 6, 6, 6, 6, 6, 6, 6, 6, 6, 6, 5, 6, 6, 6, 5, 5, 6, 6, 6, 6, 6, 6, 6, 6, 6, 6, 6, 6, 6, 6, 6, 6, 6, 5, 6, 6, 6, 6, 6, 6, 6, 6, 5, 6, 6, 6, 7, 6, 6, 6, 6, 6, 6, 6, 6, 6, 6, 6, 6, 6, 6, 6, 5, 6, 5, 6, 5, 6, 6, 6, 5, 5, 6, 6, 5, 5, 6, 6, 6, 6, 6, 6, 6, 6, 6, 5, 6, 6, 6, 6, 6, 6, 7, 7, 6, 6, 7, 6, 6, 6, 6, 6, 6, 7, 6, 6, 6, 6, 6, 6, 6, 6, 6, 6, 5, 6, 6, 6, 6, 6, 5, 6, 6, 6, 6, 6, 6, 5, 5, 5, 6, 6, 6, 6, 6, 6, 6, 6, 6, 6, 6, 6, 6, 7, 7, 7, 6, 6, 6, 6, 6, 6, 6, 7, 7, 6, 6, 5, 6, 6, 6, 6, 6, 6, 6, 6, 6, 6, 6, 6]

################################################################
Numero total de amostras 770

Tempo total de processamento: 0:11:06

############## TEMPOS DE PROCESSAMENTO DO EXERCICIO NO JAIL  ####################
Soma 4619 segundos
Media 5.998701298701299 segundos
Desvio padrão 0.4794459753142857 segundos
Minimo 5 segundos
Maximo 7 segundos

95% 5.0 segundos
99% 5.0 segundos

############## TEMPOS DE PROCESSAMENTO DO EXERCICIO NO JAIL COM DOWNLOAD  ################
Soma 5149 segundos
Media 6.687012987012987 segundos
Desvio padrão 0.6174624757199797 segundos
Minimo 6 segundos
Maximo 9 segundos

95% 6.0 segundos
99% 6.0 segundos

################### TEMPOS DE DOWNLOAD DO EXERCICIO NO JAIL #######################
Soma 530 segundos
Media 0.6883116883116883 segundos
Desvio padrão 0.5286527905726655 segundos
Minimo 0 segundos
Maximo 3 segundos

95% 0.0 segundos
99% 0.0 segundos

############################ TEMPOS DE ESPERA NA FILA ############################
Soma 1752
Media 2.275324675324675 segundos
Desvio padrão 2.4626116347116334 segundos
Minimo 0 segundos
Maximo 11 segundos

95% 0.0 segundos
99% 0.0 segundos

################### queue_wait_time_list: ######################

[8, 7, 8, 6, 5, 4, 3, 2, 1, 5, 6, 6, 5, 5, 3, 7, 5, 5, 7, 5, 6, 5, 8, 6, 4, 5, 4, 3, 5, 7, 5, 5, 5, 5, 7, 4, 6, 5, 6, 3, 2, 4, 4, 2, 3, 3, 4, 4, 4, 1, 2, 2, 1, 2, 1, 1, 3, 3, 1, 2, 0, 1, 4, 1, 2, 1, 2, 2, 3, 2, 2, 2, 1, 1, 1, 1, 0, 1, 2, 2, 1, 2, 2, 1, 1, 1, 2, 1, 0, 0, 1, 0, 2, 1, 3, 1, 3, 2, 1, 2, 1, 0, 2, 1, 1, 0, 1, 3, 3, 2, 1, 1, 0, 0, 2, 1, 2, 1, 2, 1, 1, 1, 2, 0, 2, 2, 1, 1, 1, 0, 1, 1, 1, 0, 1, 1, 1, 1, 1, 1, 1, 2, 0, 1, 2, 1, 2, 0, 0, 1, 0, 2, 0, 0, 2, 2, 2, 2, 2, 1, 1, 3, 1, 2, 0, 2, 0, 1, 1, 3, 2, 0, 1, 0, 2, 1, 1, 1, 2, 1, 0, 0, 1, 0, 1, 1, 1, 0, 1, 0, 2, 1, 0, 1, 1, 0, 1, 0, 1, 1, 1, 1, 1, 0, 1, 1, 1, 0, 0, 2, 1, 1, 2, 1, 0, 1, 1, 1, 0, 0, 1, 1, 0, 1, 1, 1, 0, 1, 1, 0, 1, 1, 1, 0, 2, 1, 2, 2, 1, 0, 0, 0, 0, 0, 1, 0, 1, 0, 1, 2, 0, 1, 1, 0, 1, 1, 1, 3, 1, 1, 0, 1, 0, 2, 0, 1, 0, 0, 0, 0, 1, 2, 0, 2, 1, 1, 2, 2, 0, 2, 1, 0, 1, 0, 1, 2, 0, 2, 3, 3, 2, 0, 1, 2, 0, 2, 1, 0, 0, 0, 0, 2, 1, 1, 2, 1, 1, 0, 0, 0, 1, 0, 0, 2, 0, 1, 2, 2, 2, 1, 0, 0, 1, 1, 0, 1, 0, 1, 1, 1, 0, 1, 1, 2, 1, 1, 0, 1, 1, 0, 0, 0, 1, 1, 3, 0, 1, 1, 1, 2, 1, 4, 1, 1, 2, 0, 3, 3, 2, 3, 2, 1, 4, 1, 0, 3, 0, 0, 3, 1, 2, 2, 0, 2, 0, 2, 0, 3, 2, 2, 3, 2, 0, 3, 0, 2, 1, 2, 1, 3, 1, 2, 1, 1, 1, 1, 1, 1, 1, 2, 2, 1, 0, 1, 0, 0, 1, 1, 1, 0, 1, 1, 2, 1, 0, 0, 1, 2, 1, 1, 1, 0, 1, 1, 0, 1, 1, 2, 2, 1, 2, 0, 1, 1, 1, 1, 2, 0, 0, 1, 1, 2, 2, 1, 1, 2, 1, 2, 1, 2, 0, 1, 1, 0, 0, 1, 0, 1, 1, 3, 0, 0, 2, 2, 2, 2, 3, 1, 3, 2, 3, 0, 1, 1, 3, 0, 1, 1, 1, 1, 1, 2, 0, 1, 0, 2, 3, 1, 3, 3, 1, 3, 2, 1, 1, 2, 1, 0, 4, 4, 0, 2, 0, 1, 0, 2, 1, 1, 2, 1, 1, 1, 1, 2, 1, 0, 1, 2, 3, 1, 1, 3, 1, 0, 4, 0, 3, 3, 2, 0, 0, 3, 1, 3, 3, 1, 1, 2, 0, 1, 1, 1, 1, 1, 2, 3, 0, 2, 1, 4, 1, 2, 1, 3, 0, 0, 3, 0, 1, 3, 2, 2, 1, 1, 2, 0, 0, 2, 1, 1, 1, 2, 3, 1, 2, 1, 2, 1, 2, 2, 1, 2, 0, 1, 1, 2, 2, 1, 0, 1, 1, 2, 0, 2, 0, 1, 0, 1, 0, 2, 1, 2, 2, 2, 2, 1, 3, 1, 2, 2, 0, 1, 2, 2, 1, 0, 0, 1, 1, 1, 1, 0, 1, 1, 0, 1, 1, 1, 3, 2, 1, 1, 2, 0, 8, 3, 1, 1, 2, 6, 4, 5, 4, 0, 0, 3, 5, 4, 4, 2, 5, 6, 4, 2, 3, 1, 3, 6, 6, 0, 2, 7, 4, 3, 1, 5, 6, 6, 6, 7, 6, 3, 4, 7, 7, 3, 4, 4, 6, 7, 7, 6, 7, 3, 4, 4, 6, 1, 4, 6, 5, 7, 6, 1, 7, 5, 3, 6, 2, 10, 11, 3, 6, 8, 2, 4, 4, 2, 2, 3, 11, 7, 8, 10, 7, 11, 7, 7, 7, 8, 9, 11, 11, 11, 11, 8, 7, 8, 7, 8, 10, 10, 10, 11, 11, 10, 8, 9, 10, 9, 10, 8, 9, 6, 8, 6, 9, 8, 6, 5, 4, 8, 8, 6, 7, 6, 8, 7, 10, 7, 9, 8, 8, 7, 6, 9, 7, 7, 7, 7]

################################################################
################### jail_ex_download_list: ######################

[0, 2, 0, 2, 0, 2, 2, 2, 2, 1, 1, 1, 2, 1, 0, 2, 1, 0, 1, 0, 1, 1, 1, 1, 0, 3, 3, 3, 0, 1, 1, 1, 0, 0, 0, 1, 1, 0, 1, 1, 1, 1, 1, 1, 1, 1, 1, 1, 0, 1, 1, 1, 0, 1, 1, 1, 1, 0, 0, 0, 1, 1, 1, 1, 1, 0, 1, 1, 1, 1, 0, 1, 1, 1, 1, 1, 1, 0, 0, 1, 1, 0, 0, 0, 0, 0, 0, 1, 1, 1, 0, 1, 1, 1, 1, 1, 1, 0, 0, 1, 1, 1, 1, 1, 0, 1, 0, 0, 1, 1, 1, 0, 1, 1, 1, 0, 1, 1, 1, 0, 0, 1, 0, 1, 1, 1, 0, 1, 1, 1, 0, 0, 1, 1, 0, 1, 1, 0, 0, 0, 1, 1, 1, 1, 0, 1, 1, 1, 0, 0, 1, 0, 1, 1, 0, 0, 1, 1, 0, 0, 1, 0, 1, 0, 1, 1, 1, 1, 0, 1, 1, 1, 0, 1, 1, 0, 1, 1, 0, 0, 1, 1, 0, 0, 0, 0, 0, 1, 1, 1, 0, 1, 0, 0, 0, 1, 1, 1, 0, 0, 0, 0, 1, 0, 0, 0, 0, 0, 1, 1, 1, 0, 1, 1, 1, 1, 1, 1, 1, 1, 0, 1, 1, 1, 1, 1, 0, 0, 1, 1, 0, 0, 1, 1, 0, 1, 0, 0, 0, 1, 1, 1, 0, 1, 1, 1, 1, 1, 0, 0, 1, 0, 0, 0, 0, 1, 1, 0, 1, 1, 1, 0, 1, 0, 1, 1, 1, 0, 1, 0, 0, 0, 1, 0, 0, 0, 0, 0, 1, 0, 1, 1, 0, 1, 0, 1, 1, 1, 0, 1, 1, 0, 1, 0, 1, 0, 1, 1, 1, 0, 1, 0, 0, 0, 0, 1, 1, 0, 1, 1, 1, 1, 1, 1, 1, 1, 1, 1, 1, 1, 1, 1, 0, 0, 1, 0, 0, 1, 0, 0, 1, 1, 0, 0, 1, 0, 1, 1, 1, 1, 1, 0, 1, 1, 0, 1, 1, 1, 1, 0, 1, 0, 1, 0, 1, 1, 0, 1, 1, 0, 0, 1, 1, 0, 0, 1, 1, 1, 1, 2, 1, 1, 2, 0, 1, 0, 1, 0, 0, 1, 1, 0, 1, 0, 1, 1, 1, 1, 0, 0, 1, 0, 1, 0, 0, 0, 1, 1, 1, 0, 1, 1, 1, 0, 1, 1, 1, 0, 0, 1, 0, 1, 1, 0, 1, 1, 1, 1, 1, 1, 1, 1, 1, 0, 1, 0, 1, 1, 1, 1, 0, 1, 0, 0, 1, 0, 0, 1, 0, 1, 1, 1, 0, 1, 0, 1, 0, 1, 0, 0, 1, 0, 1, 1, 1, 1, 1, 0, 0, 1, 1, 1, 0, 1, 1, 0, 0, 0, 1, 1, 1, 1, 1, 1, 0, 1, 0, 1, 1, 1, 0, 0, 1, 1, 1, 1, 1, 1, 1, 0, 1, 2, 1, 1, 0, 1, 1, 1, 0, 0, 1, 1, 1, 1, 1, 1, 1, 0, 0, 1, 0, 1, 0, 1, 1, 1, 1, 0, 1, 1, 1, 0, 1, 1, 0, 1, 0, 1, 1, 1, 0, 2, 1, 1, 1, 1, 1, 2, 2, 1, 1, 0, 1, 0, 1, 1, 1, 1, 1, 0, 1, 1, 1, 1, 1, 1, 0, 1, 1, 0, 1, 0, 1, 1, 1, 0, 1, 1, 1, 0, 0, 1, 0, 1, 0, 0, 0, 1, 1, 1, 1, 1, 1, 1, 1, 0, 1, 1, 1, 0, 1, 1, 1, 0, 1, 0, 1, 1, 1, 1, 1, 0, 1, 0, 1, 0, 0, 0, 0, 1, 1, 1, 0, 1, 1, 1, 1, 1, 1, 1, 0, 1, 0, 0, 1, 1, 1, 1, 0, 0, 0, 1, 1, 0, 0, 0, 0, 1, 1, 1, 1, 1, 1, 1, 0, 0, 1, 1, 1, 0, 1, 1, 1, 0, 1, 0, 1, 1, 0, 1, 1, 0, 0, 1, 0, 0, 0, 1, 0, 0, 1, 0, 0, 1, 1, 1, 1, 1, 1, 0, 1, 1, 1, 1, 1, 1, 0, 1, 1, 1, 1, 1, 0, 1, 1, 1, 1, 1, 1, 1, 0, 1, 0, 1, 0, 1, 2, 1, 1, 1, 1, 1, 1, 0, 0, 1, 1, 1, 2, 1, 1, 0, 0, 1, 0, 1, 1, 1, 1, 1, 1, 1, 1, 1, 0, 1, 1, 1, 1, 1, 0, 0, 1, 1, 1, 0, 1, 1, 1, 1, 1, 1, 1, 1, 1, 1, 0, 1, 1, 1, 1, 1, 1, 1, 1, 0, 1, 0, 1, 0]

################################################################
################################################################
################### process_jail_download_list: ######################

[6, 8, 6, 8, 7, 8, 8, 8, 8, 8, 7, 8, 8, 8, 6, 9, 7, 6, 7, 7, 7, 7, 8, 8, 6, 9, 9, 9, 6, 7, 6, 7, 6, 6, 7, 7, 7, 6, 7, 7, 7, 7, 6, 8, 7, 7, 7, 6, 6, 7, 7, 8, 6, 7, 8, 7, 7, 6, 7, 7, 8, 8, 7, 6, 7, 7, 7, 7, 6, 7, 6, 7, 7, 7, 7, 7, 7, 6, 6, 7, 7, 6, 7, 6, 6, 6, 7, 7, 7, 7, 6, 7, 7, 7, 7, 6, 7, 6, 6, 7, 7, 7, 6, 7, 6, 7, 6, 6, 7, 7, 7, 7, 7, 7, 7, 6, 7, 8, 8, 6, 6, 7, 6, 7, 7, 7, 6, 8, 7, 7, 6, 6, 6, 7, 6, 6, 7, 6, 6, 6, 6, 7, 7, 7, 6, 7, 7, 7, 6, 6, 6, 6, 7, 7, 7, 7, 7, 7, 6, 6, 6, 6, 7, 7, 7, 7, 7, 7, 6, 8, 8, 7, 6, 7, 7, 7, 7, 6, 6, 6, 6, 7, 6, 6, 6, 6, 6, 7, 7, 7, 6, 6, 6, 6, 6, 7, 6, 6, 6, 6, 6, 6, 7, 6, 6, 6, 6, 6, 7, 7, 7, 7, 7, 6, 7, 7, 7, 7, 6, 7, 6, 7, 7, 7, 7, 6, 7, 6, 7, 7, 6, 6, 7, 7, 6, 6, 6, 6, 6, 7, 7, 6, 7, 7, 7, 7, 7, 7, 7, 7, 7, 7, 6, 6, 6, 7, 7, 6, 7, 7, 7, 6, 7, 6, 7, 7, 7, 6, 7, 6, 7, 7, 6, 7, 6, 7, 6, 6, 7, 6, 7, 7, 6, 7, 6, 7, 6, 6, 7, 7, 7, 6, 7, 6, 7, 6, 7, 6, 7, 6, 7, 6, 6, 6, 6, 7, 6, 6, 7, 7, 7, 7, 7, 6, 7, 6, 7, 6, 7, 6, 7, 7, 6, 6, 7, 6, 6, 6, 6, 6, 7, 7, 6, 6, 6, 6, 7, 7, 7, 6, 7, 6, 7, 6, 7, 7, 6, 6, 7, 6, 7, 6, 8, 6, 7, 6, 7, 7, 8, 6, 6, 6, 7, 6, 7, 7, 8, 7, 8, 8, 7, 7, 8, 7, 7, 6, 7, 7, 6, 7, 7, 6, 7, 6, 7, 7, 7, 7, 6, 7, 7, 6, 6, 6, 6, 6, 7, 7, 7, 6, 6, 7, 7, 6, 7, 6, 7, 6, 7, 7, 6, 7, 6, 6, 7, 7, 7, 7, 6, 7, 7, 7, 7, 7, 7, 6, 7, 8, 6, 6, 6, 6, 6, 7, 7, 6, 6, 7, 6, 6, 7, 7, 6, 7, 6, 7, 6, 7, 6, 6, 7, 6, 7, 7, 7, 6, 7, 6, 6, 7, 6, 7, 6, 7, 7, 6, 6, 6, 6, 6, 7, 7, 7, 7, 6, 7, 6, 7, 7, 7, 6, 6, 6, 7, 7, 6, 7, 7, 7, 7, 7, 8, 7, 7, 6, 8, 7, 7, 7, 7, 7, 6, 7, 7, 6, 7, 6, 6, 7, 7, 7, 6, 7, 7, 7, 7, 7, 6, 7, 7, 7, 7, 7, 7, 6, 7, 7, 7, 7, 6, 6, 8, 7, 7, 7, 7, 7, 8, 8, 7, 6, 6, 7, 6, 7, 6, 7, 7, 7, 6, 7, 6, 7, 6, 7, 7, 6, 6, 7, 6, 6, 6, 7, 7, 7, 6, 7, 7, 7, 6, 6, 6, 6, 6, 6, 6, 6, 7, 7, 6, 7, 7, 8, 6, 7, 6, 7, 7, 7, 6, 6, 7, 7, 6, 7, 6, 6, 7, 7, 6, 6, 6, 7, 6, 7, 6, 7, 7, 7, 7, 7, 6, 6, 7, 7, 7, 7, 7, 6, 6, 6, 7, 6, 6, 7, 7, 7, 7, 6, 6, 7, 6, 7, 6, 6, 6, 6, 6, 6, 7, 7, 7, 6, 7, 6, 6, 7, 7, 7, 6, 7, 7, 7, 6, 7, 7, 8, 7, 6, 7, 7, 6, 6, 7, 6, 6, 6, 8, 7, 6, 7, 6, 6, 6, 6, 8, 8, 7, 7, 6, 6, 7, 7, 7, 7, 7, 7, 6, 8, 7, 7, 7, 6, 7, 7, 6, 7, 7, 7, 6, 6, 8, 6, 7, 6, 8, 8, 7, 7, 7, 7, 8, 7, 7, 6, 7, 8, 8, 8, 7, 7, 6, 6, 7, 7, 7, 8, 7, 7, 7, 7, 7, 7, 7, 6, 7, 7, 8, 8, 7, 6, 6, 7, 7, 7, 6, 7, 7, 7, 7, 7, 7, 6, 6, 8, 8, 6, 6, 7, 7, 7, 7, 7, 7, 7, 6, 7, 6, 7, 6]

################################################################
################################################################
################### process_jail_list: ######################

[6, 6, 6, 6, 7, 6, 6, 6, 6, 7, 6, 7, 6, 7, 6, 7, 6, 6, 6, 7, 6, 6, 7, 7, 6, 6, 6, 6, 6, 6, 5, 6, 6, 6, 7, 6, 6, 6, 6, 6, 6, 6, 5, 7, 6, 6, 6, 5, 6, 6, 6, 7, 6, 6, 7, 6, 6, 6, 7, 7, 7, 7, 6, 5, 6, 7, 6, 6, 5, 6, 6, 6, 6, 6, 6, 6, 6, 6, 6, 6, 6, 6, 7, 6, 6, 6, 7, 6, 6, 6, 6, 6, 6, 6, 6, 5, 6, 6, 6, 6, 6, 6, 5, 6, 6, 6, 6, 6, 6, 6, 6, 7, 6, 6, 6, 6, 6, 7, 7, 6, 6, 6, 6, 6, 6, 6, 6, 7, 6, 6, 6, 6, 5, 6, 6, 5, 6, 6, 6, 6, 5, 6, 6, 6, 6, 6, 6, 6, 6, 6, 5, 6, 6, 6, 7, 7, 6, 6, 6, 6, 5, 6, 6, 7, 6, 6, 6, 6, 6, 7, 7, 6, 6, 6, 6, 7, 6, 5, 6, 6, 5, 6, 6, 6, 6, 6, 6, 6, 6, 6, 6, 5, 6, 6, 6, 6, 5, 5, 6, 6, 6, 6, 6, 6, 6, 6, 6, 6, 6, 6, 6, 7, 6, 5, 6, 6, 6, 6, 5, 6, 6, 6, 6, 6, 6, 5, 7, 6, 6, 6, 6, 6, 6, 6, 6, 5, 6, 6, 6, 6, 6, 5, 7, 6, 6, 6, 6, 6, 7, 7, 6, 7, 6, 6, 6, 6, 6, 6, 6, 6, 6, 6, 6, 6, 6, 6, 6, 6, 6, 6, 7, 7, 5, 7, 6, 7, 6, 6, 6, 6, 6, 6, 6, 6, 6, 6, 5, 5, 7, 6, 6, 6, 6, 6, 6, 6, 6, 5, 6, 6, 6, 6, 6, 6, 6, 6, 5, 6, 6, 6, 6, 6, 6, 5, 6, 5, 6, 5, 6, 5, 6, 6, 6, 6, 6, 6, 6, 5, 6, 6, 6, 6, 6, 6, 5, 6, 6, 6, 6, 5, 6, 6, 6, 5, 7, 6, 5, 5, 6, 6, 6, 6, 7, 6, 6, 5, 7, 6, 7, 6, 6, 5, 6, 6, 7, 6, 7, 6, 7, 6, 6, 6, 6, 7, 6, 6, 6, 7, 6, 6, 6, 6, 6, 6, 6, 6, 6, 6, 6, 7, 6, 6, 5, 6, 6, 6, 6, 6, 6, 6, 5, 6, 6, 6, 6, 5, 6, 6, 7, 6, 6, 6, 5, 6, 6, 6, 6, 6, 5, 6, 6, 6, 6, 7, 6, 6, 6, 7, 5, 5, 6, 5, 6, 7, 6, 6, 6, 6, 6, 5, 6, 6, 6, 6, 6, 6, 6, 6, 6, 6, 6, 6, 6, 6, 6, 5, 6, 6, 6, 6, 5, 6, 6, 6, 6, 6, 6, 6, 5, 5, 6, 6, 6, 6, 6, 6, 6, 6, 6, 6, 6, 6, 5, 6, 6, 5, 6, 6, 6, 7, 6, 6, 6, 6, 6, 7, 6, 6, 7, 7, 6, 5, 6, 6, 5, 6, 5, 6, 7, 6, 7, 5, 7, 6, 6, 6, 6, 6, 6, 6, 6, 7, 6, 6, 6, 6, 7, 6, 6, 5, 6, 6, 6, 6, 6, 6, 6, 6, 6, 6, 5, 6, 6, 6, 6, 5, 6, 6, 6, 6, 6, 5, 6, 5, 6, 6, 6, 5, 6, 6, 5, 6, 6, 6, 6, 6, 6, 6, 6, 6, 6, 5, 6, 5, 6, 6, 6, 6, 6, 5, 6, 6, 7, 5, 6, 6, 6, 6, 6, 6, 5, 6, 6, 6, 6, 6, 5, 6, 6, 5, 5, 6, 6, 6, 6, 6, 7, 7, 7, 6, 6, 5, 6, 6, 6, 6, 6, 6, 5, 5, 6, 6, 6, 6, 6, 6, 6, 6, 6, 6, 7, 5, 6, 6, 6, 6, 6, 5, 5, 6, 6, 6, 5, 6, 6, 6, 6, 6, 6, 6, 6, 6, 6, 6, 6, 7, 7, 6, 6, 6, 6, 6, 6, 6, 6, 6, 6, 7, 7, 6, 6, 6, 6, 5, 5, 7, 7, 6, 6, 6, 5, 6, 6, 6, 6, 6, 7, 5, 7, 6, 6, 6, 6, 6, 6, 5, 6, 6, 6, 5, 6, 7, 6, 6, 6, 7, 6, 6, 6, 6, 6, 7, 6, 7, 6, 6, 7, 7, 6, 6, 6, 6, 6, 6, 7, 6, 7, 6, 6, 6, 6, 6, 6, 6, 6, 6, 6, 7, 7, 6, 6, 6, 6, 6, 6, 6, 6, 6, 6, 6, 6, 6, 5, 5, 7, 7, 6, 5, 6, 6, 6, 6, 6, 6, 6, 6, 6, 6, 6, 6]

################################################################
Numero total de amostras 770

Tempo total de processamento: 0:11:06

############## TEMPOS DE PROCESSAMENTO DO EXERCICIO NO JAIL  ####################
Soma 4573 segundos
Media 5.938961038961039 segundos
Desvio padrão 0.42046845988107684 segundos
Minimo 5 segundos
Maximo 7 segundos

95% 5.0 segundos
99% 5.0 segundos

############## TEMPOS DE PROCESSAMENTO DO EXERCICIO NO JAIL COM DOWNLOAD  ################
Soma 5058 segundos
Media 6.568831168831169 segundos
Desvio padrão 0.5952757170322373 segundos
Minimo 6 segundos
Maximo 10 segundos

95% 6.0 segundos
99% 6.0 segundos

################### TEMPOS DE DOWNLOAD DO EXERCICIO NO JAIL #######################
Soma 485 segundos
Media 0.6298701298701299 segundos
Desvio padrão 0.5339305210564083 segundos
Minimo 0 segundos
Maximo 3 segundos

95% 0.0 segundos
99% 0.0 segundos

############################ TEMPOS DE ESPERA NA FILA ############################
Soma 1091
Media 1.4168831168831169 segundos
Desvio padrão 1.350892210932877 segundos
Minimo 0 segundos
Maximo 8 segundos

95% 0.0 segundos
99% 0.0 segundos

################### queue_wait_time_list: ######################

[6, 7, 0, 6, 6, 5, 4, 8, 6, 3, 4, 5, 3, 7, 4, 6, 7, 8, 3, 7, 5, 7, 7, 6, 6, 7, 5, 7, 8, 6, 6, 5, 4, 4, 6, 7, 5, 4, 5, 4, 6, 5, 5, 5, 5, 3, 3, 3, 5, 1, 1, 1, 2, 2, 1, 2, 1, 0, 3, 1, 3, 3, 4, 1, 2, 3, 3, 2, 1, 2, 1, 1, 3, 1, 1, 2, 1, 1, 0, 2, 2, 3, 2, 2, 1, 1, 2, 1, 1, 2, 2, 2, 2, 1, 2, 0, 1, 2, 2, 1, 1, 0, 1, 1, 1, 1, 1, 2, 1, 2, 0, 1, 2, 1, 1, 1, 1, 1, 1, 1, 2, 1, 1, 1, 0, 1, 0, 1, 1, 1, 1, 0, 2, 0, 2, 0, 1, 0, 0, 2, 1, 1, 1, 0, 2, 0, 1, 0, 2, 0, 0, 1, 0, 1, 1, 2, 1, 0, 0, 0, 0, 2, 1, 1, 1, 1, 2, 1, 1, 1, 1, 0, 0, 1, 1, 0, 0, 1, 1, 0, 1, 0, 1, 0, 1, 0, 0, 1, 1, 0, 0, 0, 1, 1, 0, 1, 0, 1, 3, 2, 0, 2, 2, 0, 0, 2, 1, 1, 2, 1, 1, 2, 1, 1, 1, 1, 1, 1, 1, 2, 2, 2, 2, 2, 2, 3, 1, 0, 2, 4, 4, 2, 1, 1, 4, 1, 3, 3, 3, 2, 2, 3, 2, 3, 2, 2, 1, 0, 2, 1, 1, 0, 3, 2, 1, 2, 2, 1, 0, 2, 0, 1, 2, 1, 1, 3, 1, 2, 0, 2, 1, 0, 2, 1, 0, 1, 1, 2, 2, 2, 0, 1, 0, 2, 1, 1, 1, 1, 2, 1, 1, 1, 1, 2, 1, 1, 2, 1, 1, 2, 0, 1, 2, 2, 1, 0, 0, 2, 0, 1, 2, 1, 1, 0, 1, 2, 0, 1, 1, 2, 0, 2, 0, 1, 2, 1, 0, 3, 0, 1, 1, 1, 0, 1, 1, 1, 2, 2, 1, 1, 1, 2, 0, 0, 2, 1, 1, 1, 1, 0, 1, 0, 0, 1, 1, 0, 1, 1, 1, 0, 2, 1, 1, 1, 1, 1, 1, 1, 2, 1, 1, 0, 2, 0, 1, 0, 1, 1, 0, 2, 1, 0, 0, 0, 1, 3, 1, 0, 3, 0, 1, 2, 2, 1, 0, 1, 2, 1, 1, 1, 1, 2, 0, 0, 1, 1, 1, 3, 1, 1, 3, 0, 1, 0, 0, 1, 2, 0, 1, 1, 1, 1, 0, 1, 2, 2, 1, 2, 1, 1, 0, 2, 1, 0, 2, 2, 2, 1, 1, 3, 2, 1, 2, 2, 1, 1, 2, 1, 0, 1, 1, 1, 0, 1, 2, 2, 2, 0, 1, 1, 3, 1, 2, 0, 1, 0, 2, 0, 1, 1, 2, 0, 2, 1, 2, 1, 2, 0, 0, 1, 1, 1, 1, 0, 1, 1, 1, 1, 2, 1, 2, 1, 1, 1, 2, 0, 1, 1, 1, 0, 2, 1, 2, 1, 1, 0, 1, 1, 1, 1, 2, 1, 0, 0, 1, 1, 1, 0, 0, 1, 1, 0, 1, 1, 0, 1, 1, 2, 1, 2, 2, 2, 0, 1, 2, 1, 2, 1, 1, 1, 1, 0, 1, 2, 2, 3, 1, 1, 2, 1, 2, 1, 1, 0, 1, 2, 2, 1, 1, 1, 1, 0, 2, 1, 0, 1, 1, 1, 1, 3, 2, 3, 2, 2, 2, 0, 1, 1, 1, 1, 2, 0, 3, 1, 4, 2, 2, 0, 1, 1, 1, 2, 2, 1, 1, 1, 1, 1, 1, 1, 0, 1, 1, 1, 2, 0, 1, 1, 0, 0, 0, 0, 1, 1, 0, 0, 3, 0, 2, 1, 1, 2, 1, 1, 1, 2, 1, 3, 1, 2, 1, 1, 0, 0, 2, 1, 2, 1, 1, 3, 1, 0, 0, 1, 1, 0, 2, 0, 2, 1, 1, 0, 2, 1, 2, 0, 1, 0, 1, 1, 1, 1, 1, 2, 1, 1, 1, 1, 1, 1, 2, 0, 2, 2, 1, 1, 2, 1, 0, 0, 1, 1, 0, 1, 1, 2, 1, 1, 0, 0, 0, 0, 0, 0, 2, 0, 1, 0, 1, 1, 0, 0, 1, 2, 1, 1, 1, 1, 1, 1, 1, 3, 2, 1, 1, 2, 2, 1, 3, 3, 2, 1, 2, 1, 1, 2, 1, 2, 2, 1, 2, 2, 1, 1, 2, 1, 2, 1, 0, 1, 1, 1, 1, 1, 1, 1, 1, 1, 2, 1, 0, 0, 2, 2, 1, 2, 1, 0, 2, 2, 0, 2, 0, 3, 3, 2, 2, 1, 1, 2]

################################################################
################### jail_ex_download_list: ######################

[3, 1, 1, 1, 3, 3, 3, 1, 1, 3, 1, 0, 1, 1, 1, 1, 1, 1, 0, 1, 1, 1, 3, 0, 0, 1, 1, 1, 0, 1, 1, 0, 2, 2, 0, 1, 1, 0, 1, 0, 0, 0, 1, 0, 1, 1, 0, 1, 1, 1, 1, 1, 0, 1, 1, 0, 1, 0, 1, 1, 1, 0, 1, 1, 1, 0, 0, 0, 1, 1, 0, 1, 0, 1, 0, 1, 1, 1, 1, 0, 0, 1, 0, 1, 0, 1, 1, 0, 0, 0, 1, 1, 1, 0, 0, 1, 0, 0, 0, 1, 1, 1, 1, 1, 0, 1, 1, 1, 1, 0, 1, 1, 0, 1, 1, 0, 0, 1, 1, 1, 0, 0, 1, 0, 1, 0, 1, 0, 0, 1, 1, 1, 0, 1, 0, 0, 1, 1, 0, 1, 1, 0, 1, 1, 0, 1, 0, 1, 1, 1, 1, 0, 0, 0, 0, 0, 0, 1, 0, 0, 0, 0, 1, 1, 0, 1, 0, 1, 1, 0, 1, 1, 1, 0, 1, 1, 1, 1, 0, 1, 0, 0, 1, 0, 0, 1, 0, 0, 0, 1, 1, 1, 0, 0, 1, 0, 1, 0, 1, 0, 1, 1, 0, 1, 1, 1, 1, 1, 0, 0, 1, 1, 1, 0, 1, 1, 0, 0, 1, 0, 0, 0, 1, 1, 0, 0, 0, 1, 1, 0, 0, 1, 0, 0, 1, 1, 1, 1, 0, 0, 1, 1, 1, 1, 0, 1, 1, 1, 0, 1, 1, 0, 1, 1, 1, 1, 1, 1, 1, 0, 1, 0, 1, 0, 1, 1, 1, 1, 1, 0, 1, 0, 1, 0, 1, 1, 1, 0, 1, 1, 0, 0, 1, 1, 1, 1, 0, 1, 0, 1, 0, 0, 1, 1, 0, 1, 1, 0, 1, 0, 0, 0, 0, 0, 1, 0, 1, 0, 1, 1, 0, 1, 1, 1, 1, 0, 1, 1, 1, 1, 0, 0, 1, 1, 1, 0, 1, 0, 1, 0, 1, 1, 1, 1, 1, 0, 1, 0, 0, 0, 1, 0, 0, 1, 0, 1, 0, 1, 1, 1, 0, 1, 1, 0, 1, 1, 0, 1, 0, 1, 0, 1, 1, 0, 0, 1, 0, 1, 0, 1, 0, 1, 0, 0, 0, 1, 1, 1, 1, 0, 0, 0, 0, 1, 1, 1, 0, 0, 1, 0, 1, 1, 1, 0, 1, 1, 1, 1, 1, 1, 1, 1, 1, 0, 1, 0, 1, 0, 0, 0, 0, 1, 1, 1, 1, 1, 1, 1, 1, 1, 1, 1, 1, 0, 1, 1, 1, 1, 0, 0, 1, 1, 0, 1, 0, 0, 1, 1, 1, 0, 0, 1, 1, 0, 1, 1, 1, 1, 1, 0, 1, 0, 0, 0, 0, 1, 0, 1, 0, 1, 0, 0, 1, 1, 1, 1, 1, 0, 0, 0, 1, 1, 0, 1, 1, 1, 0, 1, 1, 1, 1, 0, 1, 1, 0, 0, 1, 0, 0, 0, 0, 1, 1, 0, 1, 0, 0, 1, 1, 0, 1, 0, 0, 1, 1, 1, 0, 1, 1, 1, 1, 0, 1, 0, 0, 0, 1, 1, 1, 0, 1, 1, 1, 0, 1, 0, 1, 0, 1, 1, 0, 0, 1, 0, 1, 1, 1, 1, 0, 1, 1, 1, 1, 0, 1, 0, 1, 0, 0, 1, 1, 1, 1, 1, 1, 1, 1, 0, 0, 1, 0, 1, 0, 1, 1, 1, 0, 1, 0, 0, 1, 0, 1, 1, 1, 1, 1, 1, 1, 1, 0, 1, 0, 1, 1, 1, 1, 1, 1, 0, 1, 0, 1, 0, 0, 0, 1, 1, 1, 0, 1, 1, 0, 0, 1, 0, 1, 0, 1, 1, 0, 1, 0, 1, 1, 1, 0, 1, 0, 0, 0, 1, 1, 1, 1, 1, 1, 0, 0, 0, 1, 0, 1, 1, 1, 1, 1, 0, 1, 1, 1, 1, 1, 1, 1, 1, 1, 1, 1, 1, 0, 1, 0, 1, 1, 1, 1, 1, 1, 0, 1, 1, 0, 1, 1, 1, 1, 0, 0, 1, 0, 1, 0, 0, 1, 1, 1, 1, 1, 1, 1, 0, 1, 0, 1, 0, 1, 1, 1, 1, 1, 0, 1, 0, 1, 1, 1, 1, 0, 1, 0, 1, 0, 0, 0, 1, 1, 0, 0, 0, 1, 0, 1, 1, 1, 0, 0, 0, 1, 0, 0, 1, 0, 0, 0, 1, 0, 1, 1, 1, 1, 0, 1, 1, 0, 1, 1, 0, 1, 1, 0, 0, 1, 0, 1, 0, 0, 0, 0, 0, 1, 1, 0, 1, 1, 0, 0, 0, 1, 1, 1, 0, 1, 1, 1, 1, 1, 0, 1, 0]

################################################################
################################################################
################### process_jail_download_list: ######################

[9, 7, 7, 7, 10, 10, 10, 6, 7, 10, 8, 6, 7, 7, 7, 6, 7, 7, 6, 8, 6, 7, 9, 6, 6, 7, 7, 7, 6, 7, 8, 6, 8, 8, 6, 7, 7, 7, 6, 6, 6, 6, 7, 7, 7, 7, 6, 7, 6, 7, 7, 7, 6, 6, 7, 6, 7, 7, 7, 7, 7, 6, 7, 7, 7, 6, 6, 6, 7, 7, 6, 7, 6, 8, 7, 7, 7, 7, 7, 6, 6, 7, 6, 7, 6, 6, 7, 7, 6, 6, 7, 7, 6, 6, 6, 7, 6, 6, 6, 7, 7, 7, 7, 6, 6, 7, 7, 7, 6, 6, 6, 7, 6, 7, 7, 6, 6, 6, 6, 7, 6, 6, 7, 6, 6, 6, 6, 6, 6, 7, 7, 7, 6, 7, 6, 6, 7, 7, 6, 7, 6, 6, 7, 7, 6, 7, 6, 7, 7, 7, 6, 6, 6, 6, 6, 6, 6, 6, 6, 6, 6, 6, 6, 6, 6, 6, 6, 7, 6, 6, 6, 7, 6, 6, 7, 7, 7, 6, 6, 7, 6, 6, 6, 6, 6, 7, 6, 6, 6, 7, 6, 7, 6, 6, 7, 6, 7, 6, 7, 6, 7, 7, 6, 6, 7, 7, 7, 6, 6, 6, 7, 7, 7, 6, 6, 7, 6, 6, 6, 6, 6, 7, 7, 7, 6, 6, 6, 6, 7, 6, 6, 7, 6, 6, 7, 6, 7, 7, 7, 7, 7, 7, 7, 7, 6, 7, 7, 7, 6, 7, 7, 6, 7, 7, 7, 7, 8, 8, 8, 6, 7, 6, 7, 6, 7, 7, 7, 7, 7, 6, 7, 6, 7, 6, 7, 7, 7, 6, 6, 6, 6, 6, 7, 7, 6, 7, 6, 7, 6, 7, 7, 7, 7, 7, 6, 6, 7, 6, 7, 6, 6, 6, 6, 6, 7, 6, 7, 6, 7, 7, 6, 6, 6, 7, 7, 6, 6, 7, 7, 7, 6, 6, 7, 7, 7, 6, 7, 6, 6, 6, 7, 6, 6, 7, 7, 6, 7, 6, 6, 6, 7, 6, 6, 7, 6, 7, 6, 6, 7, 7, 6, 7, 7, 6, 6, 7, 6, 7, 6, 7, 6, 7, 7, 6, 7, 6, 6, 7, 6, 6, 6, 7, 6, 6, 6, 7, 6, 7, 6, 7, 6, 6, 6, 7, 7, 7, 6, 7, 6, 6, 6, 7, 7, 7, 7, 7, 7, 7, 7, 7, 7, 7, 7, 6, 7, 6, 7, 7, 6, 6, 6, 8, 8, 6, 7, 6, 7, 7, 7, 7, 7, 6, 7, 6, 7, 6, 7, 7, 6, 6, 7, 6, 6, 7, 6, 6, 6, 7, 7, 6, 6, 6, 7, 6, 7, 7, 7, 7, 7, 6, 7, 6, 6, 6, 6, 7, 6, 7, 6, 7, 6, 6, 6, 7, 6, 7, 6, 6, 6, 6, 6, 6, 6, 6, 7, 7, 6, 7, 7, 7, 7, 6, 7, 7, 6, 6, 7, 6, 6, 6, 6, 6, 7, 6, 7, 6, 6, 7, 7, 6, 6, 6, 6, 6, 7, 7, 6, 7, 6, 7, 7, 6, 7, 6, 6, 6, 6, 6, 6, 6, 7, 7, 7, 6, 7, 6, 7, 6, 7, 7, 7, 7, 7, 6, 7, 7, 7, 7, 6, 7, 7, 7, 7, 7, 6, 6, 6, 6, 7, 6, 7, 6, 7, 7, 7, 6, 7, 6, 6, 7, 6, 7, 6, 7, 7, 7, 6, 7, 6, 6, 7, 6, 7, 7, 6, 7, 7, 7, 7, 7, 6, 7, 6, 7, 7, 7, 7, 7, 7, 6, 7, 6, 7, 6, 6, 6, 6, 6, 7, 6, 6, 7, 6, 6, 6, 7, 7, 6, 7, 7, 6, 7, 6, 6, 7, 7, 6, 7, 6, 6, 6, 7, 7, 7, 6, 7, 7, 7, 7, 6, 6, 6, 7, 7, 7, 7, 7, 6, 7, 7, 7, 7, 7, 7, 7, 7, 7, 7, 7, 6, 6, 7, 6, 7, 6, 7, 8, 7, 7, 6, 7, 7, 6, 7, 7, 7, 7, 7, 7, 7, 6, 7, 6, 6, 7, 7, 7, 7, 7, 7, 7, 7, 7, 6, 7, 6, 7, 7, 7, 7, 7, 7, 7, 6, 7, 7, 7, 7, 7, 6, 7, 7, 6, 6, 6, 7, 6, 6, 6, 6, 7, 6, 6, 7, 7, 6, 6, 6, 7, 6, 6, 7, 6, 6, 6, 7, 6, 7, 7, 6, 6, 7, 7, 7, 6, 7, 7, 7, 7, 7, 6, 6, 7, 7, 7, 6, 6, 6, 6, 6, 7, 7, 6, 7, 6, 6, 6, 6, 7, 7, 7, 6, 7, 7, 7, 7, 6, 7, 7, 6]

################################################################
################################################################
################### process_jail_list: ######################

[6, 6, 6, 6, 7, 7, 7, 5, 6, 7, 7, 6, 6, 6, 6, 5, 6, 6, 6, 7, 5, 6, 6, 6, 6, 6, 6, 6, 6, 6, 7, 6, 6, 6, 6, 6, 6, 7, 5, 6, 6, 6, 6, 7, 6, 6, 6, 6, 5, 6, 6, 6, 6, 5, 6, 6, 6, 7, 6, 6, 6, 6, 6, 6, 6, 6, 6, 6, 6, 6, 6, 6, 6, 7, 7, 6, 6, 6, 6, 6, 6, 6, 6, 6, 6, 5, 6, 7, 6, 6, 6, 6, 5, 6, 6, 6, 6, 6, 6, 6, 6, 6, 6, 5, 6, 6, 6, 6, 5, 6, 5, 6, 6, 6, 6, 6, 6, 5, 5, 6, 6, 6, 6, 6, 5, 6, 5, 6, 6, 6, 6, 6, 6, 6, 6, 6, 6, 6, 6, 6, 5, 6, 6, 6, 6, 6, 6, 6, 6, 6, 5, 6, 6, 6, 6, 6, 6, 5, 6, 6, 6, 6, 5, 5, 6, 5, 6, 6, 5, 6, 5, 6, 5, 6, 6, 6, 6, 5, 6, 6, 6, 6, 5, 6, 6, 6, 6, 6, 6, 6, 5, 6, 6, 6, 6, 6, 6, 6, 6, 6, 6, 6, 6, 5, 6, 6, 6, 5, 6, 6, 6, 6, 6, 6, 5, 6, 6, 6, 5, 6, 6, 7, 6, 6, 6, 6, 6, 5, 6, 6, 6, 6, 6, 6, 6, 5, 6, 6, 7, 7, 6, 6, 6, 6, 6, 6, 6, 6, 6, 6, 6, 6, 6, 6, 6, 6, 7, 7, 7, 6, 6, 6, 6, 6, 6, 6, 6, 6, 6, 6, 6, 6, 6, 6, 6, 6, 6, 6, 5, 5, 6, 6, 6, 6, 5, 6, 6, 6, 6, 6, 7, 7, 6, 6, 6, 5, 6, 6, 6, 6, 6, 6, 6, 6, 6, 6, 6, 6, 6, 6, 6, 5, 5, 6, 6, 6, 5, 6, 6, 6, 6, 6, 6, 6, 6, 6, 6, 6, 5, 6, 6, 5, 5, 6, 6, 6, 6, 6, 6, 6, 6, 6, 6, 6, 6, 6, 6, 5, 6, 6, 6, 6, 6, 6, 5, 6, 6, 6, 6, 6, 6, 6, 6, 6, 7, 5, 6, 6, 6, 5, 6, 6, 6, 6, 6, 6, 5, 6, 5, 7, 6, 6, 6, 6, 6, 6, 6, 7, 5, 6, 5, 6, 6, 7, 6, 6, 6, 6, 6, 6, 6, 6, 6, 6, 6, 6, 6, 7, 6, 6, 6, 7, 7, 5, 6, 5, 6, 6, 6, 6, 6, 5, 6, 6, 6, 5, 6, 6, 6, 6, 6, 5, 6, 6, 6, 6, 5, 6, 6, 6, 6, 5, 6, 6, 6, 6, 6, 6, 6, 6, 6, 6, 6, 6, 6, 6, 6, 6, 6, 6, 6, 6, 5, 6, 5, 6, 5, 6, 6, 6, 5, 5, 6, 5, 6, 6, 6, 6, 6, 6, 6, 6, 6, 6, 6, 6, 6, 6, 6, 6, 6, 5, 6, 6, 6, 6, 6, 6, 6, 6, 5, 6, 6, 5, 6, 6, 6, 6, 5, 6, 6, 6, 6, 6, 6, 6, 5, 5, 5, 6, 6, 6, 6, 6, 6, 6, 6, 6, 6, 6, 7, 7, 6, 6, 6, 6, 6, 6, 6, 6, 6, 6, 6, 7, 5, 6, 5, 6, 7, 5, 6, 5, 6, 6, 6, 5, 6, 6, 6, 6, 6, 6, 6, 6, 6, 6, 6, 6, 6, 6, 6, 6, 6, 6, 5, 6, 6, 6, 6, 6, 6, 6, 6, 6, 6, 6, 6, 6, 6, 6, 6, 6, 6, 6, 6, 6, 5, 5, 6, 6, 5, 6, 6, 6, 5, 7, 6, 6, 6, 6, 6, 6, 6, 5, 6, 6, 6, 6, 6, 6, 6, 6, 6, 6, 5, 6, 6, 7, 7, 6, 5, 6, 6, 6, 6, 6, 6, 6, 6, 6, 6, 6, 6, 6, 6, 6, 6, 6, 6, 5, 6, 6, 6, 6, 5, 6, 7, 6, 6, 6, 6, 6, 6, 6, 6, 6, 6, 7, 7, 6, 6, 6, 6, 6, 6, 6, 6, 6, 6, 6, 6, 7, 6, 6, 6, 6, 6, 6, 6, 6, 6, 7, 6, 6, 6, 6, 6, 6, 7, 5, 7, 6, 6, 6, 6, 6, 5, 6, 6, 6, 6, 6, 5, 6, 6, 6, 6, 6, 6, 6, 6, 6, 6, 6, 6, 6, 6, 6, 6, 5, 5, 7, 6, 6, 6, 6, 6, 7, 6, 6, 6, 6, 6, 7, 6, 6, 6, 6, 6, 6, 6, 6, 6, 6, 5, 6, 6, 6, 6, 6, 6, 6, 6, 6, 6, 6, 5, 7, 6, 6]

################################################################
