Numero total de amostras 770

Tempo total de processamento: 0:10:58

############## TEMPOS DE PROCESSAMENTO DO EXERCICIO NO JAIL  ####################
Soma 4601 segundos
Media 5.975324675324675 segundos
Desvio padr達o 0.4392011177793846 segundos
Minimo 5 segundos
Maximo 7 segundos

95% 5.0 segundos
99% 5.0 segundos

############## TEMPOS DE PROCESSAMENTO DO EXERCICIO NO JAIL COM DOWNLOAD  ################
Soma 5144 segundos
Media 6.6805194805194805 segundos
Desvio padr達o 0.6460748541407388 segundos
Minimo 6 segundos
Maximo 11 segundos

95% 6.0 segundos
99% 6.0 segundos

################### TEMPOS DE DOWNLOAD DO EXERCICIO NO JAIL #######################
Soma 543 segundos
Media 0.7051948051948052 segundos
Desvio padr達o 0.5560519698910951 segundos
Minimo 0 segundos
Maximo 4 segundos

95% 0.0 segundos
99% 0.0 segundos

############################ TEMPOS DE ESPERA NA FILA ############################
Soma 1731
Media 2.248051948051948 segundos
Desvio padr達o 1.7653306514615645 segundos
Minimo 0 segundos
Maximo 9 segundos

95% 0.0 segundos
99% 0.0 segundos

################### queue_wait_time_list: ######################

[8, 8, 9, 8, 8, 6, 5, 7, 4, 3, 6, 2, 1, 3, 0, 8, 6, 8, 7, 8, 6, 5, 5, 4, 4, 5, 7, 7, 6, 5, 7, 7, 7, 8, 8, 8, 7, 6, 7, 8, 7, 7, 6, 6, 6, 6, 7, 7, 7, 7, 6, 6, 6, 6, 5, 6, 5, 4, 6, 6, 4, 6, 6, 5, 6, 6, 5, 5, 4, 7, 6, 5, 6, 6, 6, 5, 6, 5, 4, 7, 4, 5, 5, 5, 6, 7, 4, 5, 4, 5, 5, 5, 5, 4, 4, 5, 3, 4, 4, 3, 5, 4, 4, 3, 3, 4, 4, 4, 4, 4, 4, 3, 2, 4, 4, 5, 4, 3, 5, 3, 4, 5, 4, 5, 4, 2, 5, 3, 3, 4, 3, 4, 4, 5, 3, 3, 2, 2, 3, 3, 4, 3, 3, 4, 3, 1, 4, 3, 2, 1, 3, 3, 3, 2, 4, 3, 2, 3, 3, 3, 4, 3, 4, 2, 3, 2, 1, 3, 4, 2, 2, 2, 5, 1, 2, 5, 2, 2, 2, 5, 5, 3, 2, 2, 2, 4, 4, 4, 4, 3, 2, 4, 3, 3, 2, 4, 2, 3, 2, 3, 2, 3, 3, 4, 3, 1, 2, 3, 3, 4, 2, 4, 3, 3, 3, 1, 1, 3, 2, 2, 1, 2, 3, 1, 2, 4, 3, 1, 3, 2, 1, 1, 2, 1, 2, 3, 2, 3, 2, 1, 2, 2, 1, 3, 2, 1, 2, 0, 1, 2, 3, 1, 1, 1, 2, 1, 0, 2, 2, 2, 2, 1, 0, 0, 2, 1, 0, 1, 2, 1, 2, 2, 1, 1, 1, 0, 1, 1, 2, 2, 2, 1, 2, 3, 1, 2, 1, 2, 2, 1, 2, 1, 2, 1, 0, 1, 2, 1, 1, 2, 0, 3, 1, 0, 2, 0, 2, 0, 0, 1, 2, 0, 1, 1, 2, 1, 1, 3, 3, 2, 1, 2, 2, 1, 0, 1, 3, 0, 1, 3, 2, 3, 3, 2, 3, 2, 2, 2, 0, 2, 2, 1, 2, 1, 1, 1, 2, 1, 0, 2, 2, 1, 0, 1, 2, 2, 1, 1, 2, 1, 2, 1, 2, 1, 2, 1, 2, 1, 1, 1, 2, 1, 1, 2, 1, 0, 1, 0, 2, 2, 2, 1, 1, 2, 2, 1, 1, 2, 1, 1, 1, 1, 2, 1, 2, 1, 1, 2, 3, 1, 0, 3, 2, 2, 1, 1, 0, 2, 1, 2, 1, 1, 1, 2, 2, 2, 1, 0, 1, 1, 2, 1, 2, 1, 1, 1, 2, 0, 1, 3, 2, 2, 2, 0, 1, 0, 3, 2, 2, 2, 3, 2, 0, 2, 2, 3, 2, 1, 1, 1, 2, 3, 2, 2, 1, 1, 2, 0, 1, 1, 3, 3, 1, 1, 0, 1, 1, 1, 3, 1, 1, 3, 2, 1, 0, 2, 2, 3, 2, 1, 1, 1, 2, 1, 0, 1, 3, 2, 2, 0, 0, 1, 3, 1, 2, 1, 2, 1, 2, 2, 1, 2, 1, 2, 1, 3, 0, 1, 2, 2, 2, 0, 4, 3, 1, 1, 1, 0, 0, 1, 2, 1, 1, 1, 1, 2, 1, 2, 3, 1, 1, 0, 2, 1, 1, 2, 3, 1, 1, 0, 1, 1, 0, 4, 2, 1, 2, 1, 0, 1, 1, 1, 1, 1, 3, 1, 2, 3, 1, 1, 1, 2, 0, 2, 2, 1, 1, 2, 3, 1, 1, 0, 2, 2, 1, 2, 1, 1, 2, 0, 1, 1, 2, 3, 0, 0, 1, 1, 2, 1, 1, 1, 2, 1, 1, 0, 2, 3, 1, 0, 1, 2, 1, 3, 2, 1, 2, 2, 1, 2, 1, 1, 2, 2, 1, 1, 1, 3, 2, 3, 1, 1, 2, 2, 0, 1, 1, 3, 0, 1, 1, 2, 3, 2, 2, 4, 1, 1, 2, 0, 1, 1, 2, 3, 2, 1, 1, 1, 3, 1, 2, 0, 1, 2, 2, 3, 1, 1, 2, 1, 1, 2, 2, 1, 1, 0, 2, 2, 2, 0, 2, 1, 2, 0, 1, 2, 3, 1, 1, 1, 2, 1, 1, 2, 0, 2, 2, 2, 1, 3, 2, 0, 1, 2, 0, 1, 0, 1, 1, 2, 2, 3, 1, 1, 1, 2, 2, 2, 0, 1, 4, 2, 1, 2, 1, 1, 0, 2, 2, 3, 1, 3, 1, 1, 1, 1, 1, 1, 2, 3, 2, 1, 2, 3, 0, 1, 2, 2, 1, 2, 1, 2, 1, 1, 2, 1, 1, 1, 1, 2, 1, 1, 1, 1, 1, 1, 1, 3, 0, 1, 1, 1, 1, 1, 0, 1, 1, 1, 2, 0]

################################################################
################### jail_ex_download_list: ######################

[0, 1, 0, 1, 1, 1, 3, 1, 3, 4, 1, 4, 4, 4, 4, 1, 1, 0, 1, 1, 1, 1, 1, 1, 1, 1, 1, 1, 0, 1, 1, 0, 1, 0, 1, 0, 1, 1, 1, 0, 0, 1, 0, 0, 1, 1, 0, 0, 1, 0, 0, 1, 0, 1, 1, 1, 1, 1, 1, 0, 1, 1, 1, 0, 1, 1, 0, 1, 1, 1, 1, 1, 0, 0, 0, 1, 1, 1, 1, 0, 1, 1, 1, 0, 0, 0, 1, 1, 0, 1, 1, 1, 0, 1, 1, 1, 0, 1, 1, 0, 0, 1, 1, 0, 0, 1, 0, 0, 0, 1, 1, 0, 1, 1, 0, 1, 1, 1, 1, 1, 1, 1, 0, 1, 0, 1, 0, 1, 0, 1, 0, 1, 1, 0, 1, 1, 1, 0, 0, 1, 0, 1, 1, 1, 1, 1, 1, 1, 1, 1, 0, 1, 0, 1, 0, 1, 1, 1, 1, 0, 1, 1, 1, 1, 1, 1, 1, 1, 1, 1, 1, 1, 0, 2, 0, 0, 1, 0, 1, 0, 1, 1, 1, 1, 1, 0, 0, 1, 1, 2, 1, 1, 0, 1, 1, 0, 0, 0, 1, 1, 1, 0, 0, 1, 1, 1, 0, 1, 1, 1, 1, 1, 1, 1, 1, 0, 0, 1, 1, 1, 1, 1, 1, 1, 1, 0, 1, 1, 1, 1, 1, 1, 1, 1, 1, 0, 0, 1, 1, 1, 1, 0, 1, 1, 0, 1, 1, 1, 1, 1, 0, 1, 1, 1, 1, 0, 1, 0, 1, 1, 1, 1, 1, 1, 1, 1, 1, 1, 1, 1, 1, 0, 1, 0, 1, 1, 1, 0, 0, 0, 1, 1, 1, 0, 1, 1, 1, 0, 0, 0, 1, 1, 1, 0, 1, 0, 1, 1, 0, 0, 1, 0, 0, 1, 0, 1, 1, 1, 1, 1, 1, 1, 1, 1, 1, 1, 1, 0, 1, 0, 1, 1, 0, 1, 1, 1, 0, 1, 1, 0, 0, 1, 0, 0, 0, 1, 1, 0, 1, 1, 0, 1, 1, 1, 1, 0, 0, 1, 1, 0, 0, 1, 1, 1, 1, 1, 0, 1, 1, 1, 1, 1, 0, 1, 1, 0, 0, 1, 0, 1, 1, 0, 1, 1, 1, 1, 0, 1, 0, 1, 0, 1, 1, 0, 0, 0, 0, 0, 1, 1, 1, 0, 0, 1, 1, 1, 0, 1, 1, 1, 1, 1, 0, 0, 1, 1, 1, 1, 1, 1, 0, 0, 1, 1, 1, 1, 1, 0, 0, 1, 1, 1, 0, 1, 1, 0, 1, 1, 1, 0, 1, 0, 0, 1, 0, 1, 0, 1, 1, 1, 1, 1, 1, 1, 1, 1, 0, 1, 1, 1, 0, 1, 1, 0, 1, 0, 0, 1, 1, 1, 0, 1, 1, 1, 1, 1, 0, 1, 1, 1, 1, 0, 0, 1, 0, 0, 1, 1, 0, 1, 1, 1, 0, 1, 1, 1, 1, 1, 0, 1, 1, 1, 1, 1, 0, 1, 1, 0, 1, 1, 1, 1, 1, 0, 1, 0, 1, 0, 0, 0, 1, 1, 0, 0, 0, 0, 1, 1, 1, 1, 1, 1, 0, 0, 1, 1, 0, 1, 1, 0, 1, 1, 0, 0, 0, 0, 1, 1, 1, 1, 1, 1, 1, 1, 1, 1, 1, 1, 1, 1, 0, 1, 0, 1, 0, 0, 0, 1, 1, 1, 0, 0, 1, 1, 0, 1, 0, 0, 0, 1, 0, 1, 0, 0, 0, 1, 1, 0, 1, 1, 0, 0, 1, 0, 1, 1, 0, 1, 1, 1, 1, 0, 0, 1, 1, 1, 1, 0, 1, 1, 0, 1, 0, 0, 1, 2, 0, 0, 1, 0, 1, 1, 1, 1, 1, 1, 1, 1, 1, 1, 1, 1, 0, 0, 1, 1, 1, 0, 1, 1, 1, 1, 0, 1, 1, 0, 0, 1, 1, 1, 1, 1, 1, 0, 1, 1, 1, 1, 0, 1, 0, 1, 1, 0, 1, 0, 1, 1, 0, 0, 1, 0, 1, 0, 1, 1, 0, 1, 0, 1, 0, 0, 0, 1, 1, 1, 0, 1, 1, 1, 1, 1, 1, 0, 1, 1, 0, 1, 1, 0, 0, 1, 1, 1, 1, 1, 1, 1, 1, 0, 0, 0, 1, 1, 1, 1, 0, 1, 0, 1, 0, 0, 0, 1, 1, 1, 1, 0, 1, 0, 1, 1, 0, 1, 1, 1, 0, 1, 1, 0, 1, 1, 1, 1, 1, 1, 1, 1, 0, 0, 0, 0, 0, 1, 1, 1, 1, 1, 1, 0, 1, 0, 0, 1, 1, 1, 0, 0, 1, 1, 1, 1, 0, 0, 1, 1, 0, 1, 1, 1]

################################################################
################################################################
################### process_jail_download_list: ######################

[6, 7, 6, 7, 6, 7, 10, 7, 10, 10, 7, 11, 11, 11, 11, 7, 7, 6, 7, 7, 7, 7, 7, 8, 7, 8, 7, 7, 7, 7, 8, 7, 6, 6, 7, 6, 7, 6, 7, 6, 6, 6, 7, 6, 6, 6, 6, 7, 7, 6, 7, 7, 6, 7, 7, 7, 7, 7, 7, 6, 7, 7, 7, 6, 7, 7, 6, 7, 7, 7, 7, 6, 6, 6, 6, 7, 6, 7, 7, 7, 7, 6, 6, 6, 6, 6, 7, 6, 6, 6, 7, 7, 6, 7, 6, 6, 7, 7, 7, 7, 6, 7, 6, 7, 7, 7, 7, 6, 6, 7, 7, 6, 7, 7, 6, 7, 7, 7, 7, 7, 7, 6, 6, 7, 6, 7, 6, 6, 6, 7, 6, 7, 7, 6, 7, 7, 8, 6, 6, 7, 6, 7, 8, 7, 7, 7, 7, 7, 7, 7, 6, 6, 6, 7, 6, 7, 7, 7, 8, 6, 8, 7, 7, 7, 6, 7, 7, 7, 7, 8, 7, 7, 7, 8, 6, 6, 7, 6, 6, 6, 7, 7, 7, 6, 7, 6, 6, 7, 7, 8, 7, 6, 6, 7, 7, 6, 6, 6, 7, 7, 7, 6, 6, 7, 8, 8, 6, 7, 7, 6, 7, 7, 7, 7, 6, 6, 6, 6, 7, 7, 7, 6, 7, 7, 7, 6, 7, 7, 7, 6, 7, 7, 6, 7, 7, 6, 6, 6, 7, 7, 7, 6, 7, 6, 6, 7, 7, 7, 7, 6, 6, 6, 6, 6, 7, 6, 7, 6, 7, 7, 7, 7, 6, 7, 7, 7, 7, 7, 6, 7, 6, 6, 7, 6, 7, 7, 7, 6, 6, 6, 7, 7, 7, 6, 7, 7, 7, 6, 6, 6, 7, 7, 7, 6, 7, 6, 7, 7, 6, 6, 6, 6, 6, 6, 6, 7, 7, 7, 7, 7, 7, 6, 6, 7, 7, 7, 7, 6, 7, 7, 7, 7, 6, 7, 7, 7, 7, 7, 7, 6, 6, 7, 6, 6, 7, 7, 7, 7, 7, 6, 7, 7, 6, 7, 7, 6, 6, 7, 7, 6, 6, 7, 7, 7, 7, 7, 6, 7, 7, 7, 7, 6, 6, 7, 7, 6, 6, 7, 7, 7, 6, 7, 7, 7, 7, 7, 6, 7, 6, 7, 6, 7, 7, 7, 6, 6, 6, 6, 7, 7, 7, 7, 6, 7, 6, 7, 6, 7, 6, 7, 7, 7, 6, 6, 7, 7, 7, 7, 6, 7, 6, 6, 7, 7, 6, 6, 7, 6, 6, 7, 7, 7, 6, 7, 6, 6, 7, 7, 6, 7, 6, 7, 6, 7, 6, 7, 6, 7, 7, 7, 7, 7, 7, 7, 7, 6, 6, 8, 7, 7, 6, 7, 7, 6, 7, 6, 6, 7, 6, 6, 7, 7, 7, 7, 7, 7, 6, 7, 7, 7, 7, 6, 7, 7, 6, 6, 7, 7, 6, 6, 6, 7, 6, 7, 7, 7, 7, 7, 6, 7, 7, 6, 7, 6, 7, 6, 7, 6, 7, 7, 7, 7, 7, 6, 7, 6, 7, 6, 6, 6, 7, 7, 6, 6, 6, 7, 6, 7, 7, 6, 7, 7, 6, 6, 7, 8, 7, 6, 7, 7, 7, 7, 7, 6, 6, 6, 6, 7, 7, 7, 7, 7, 6, 7, 7, 7, 6, 8, 7, 7, 7, 7, 6, 6, 6, 6, 6, 7, 7, 7, 6, 6, 7, 7, 6, 6, 7, 6, 6, 7, 6, 7, 6, 6, 6, 7, 7, 6, 7, 6, 6, 6, 7, 6, 7, 7, 6, 7, 7, 7, 6, 7, 6, 7, 7, 7, 7, 6, 7, 7, 6, 7, 6, 6, 7, 8, 6, 6, 7, 6, 7, 7, 6, 7, 7, 7, 7, 7, 6, 7, 7, 6, 6, 6, 7, 7, 7, 6, 7, 7, 7, 7, 6, 7, 7, 6, 6, 6, 7, 6, 7, 7, 7, 6, 7, 7, 8, 7, 6, 7, 6, 7, 7, 6, 7, 6, 7, 7, 6, 7, 7, 6, 7, 6, 7, 7, 6, 7, 6, 7, 7, 6, 6, 7, 7, 7, 6, 6, 6, 7, 7, 6, 7, 6, 7, 6, 6, 7, 7, 7, 6, 7, 7, 7, 7, 7, 7, 7, 7, 6, 6, 7, 7, 8, 7, 7, 6, 7, 6, 7, 6, 7, 6, 7, 7, 8, 7, 6, 7, 6, 7, 7, 7, 7, 7, 7, 7, 7, 6, 6, 7, 7, 7, 6, 7, 6, 7, 7, 6, 6, 6, 6, 6, 7, 7, 6, 7, 7, 7, 7, 7, 6, 6, 7, 7, 7, 6, 6, 7, 7, 7, 7, 7, 7, 7, 7, 6, 7, 7, 7]

################################################################
################################################################
################### process_jail_list: ######################

[6, 6, 6, 6, 5, 6, 7, 6, 7, 6, 6, 7, 7, 7, 7, 6, 6, 6, 6, 6, 6, 6, 6, 7, 6, 7, 6, 6, 7, 6, 7, 7, 5, 6, 6, 6, 6, 5, 6, 6, 6, 5, 7, 6, 5, 5, 6, 7, 6, 6, 7, 6, 6, 6, 6, 6, 6, 6, 6, 6, 6, 6, 6, 6, 6, 6, 6, 6, 6, 6, 6, 5, 6, 6, 6, 6, 5, 6, 6, 7, 6, 5, 5, 6, 6, 6, 6, 5, 6, 5, 6, 6, 6, 6, 5, 5, 7, 6, 6, 7, 6, 6, 5, 7, 7, 6, 7, 6, 6, 6, 6, 6, 6, 6, 6, 6, 6, 6, 6, 6, 6, 5, 6, 6, 6, 6, 6, 5, 6, 6, 6, 6, 6, 6, 6, 6, 7, 6, 6, 6, 6, 6, 7, 6, 6, 6, 6, 6, 6, 6, 6, 5, 6, 6, 6, 6, 6, 6, 7, 6, 7, 6, 6, 6, 5, 6, 6, 6, 6, 7, 6, 6, 7, 6, 6, 6, 6, 6, 5, 6, 6, 6, 6, 5, 6, 6, 6, 6, 6, 6, 6, 5, 6, 6, 6, 6, 6, 6, 6, 6, 6, 6, 6, 6, 7, 7, 6, 6, 6, 5, 6, 6, 6, 6, 5, 6, 6, 5, 6, 6, 6, 5, 6, 6, 6, 6, 6, 6, 6, 5, 6, 6, 5, 6, 6, 6, 6, 5, 6, 6, 6, 6, 6, 5, 6, 6, 6, 6, 6, 5, 6, 5, 5, 5, 6, 6, 6, 6, 6, 6, 6, 6, 5, 6, 6, 6, 6, 6, 5, 6, 5, 6, 6, 6, 6, 6, 6, 6, 6, 6, 6, 6, 6, 6, 6, 6, 6, 6, 6, 6, 6, 6, 6, 6, 6, 6, 6, 6, 6, 6, 5, 6, 6, 5, 6, 6, 6, 6, 6, 6, 6, 5, 5, 6, 6, 6, 6, 6, 6, 7, 6, 6, 6, 6, 6, 6, 7, 6, 6, 6, 6, 6, 6, 6, 7, 6, 6, 7, 6, 5, 7, 6, 5, 6, 6, 6, 6, 6, 6, 6, 6, 6, 6, 6, 6, 6, 6, 6, 6, 6, 6, 5, 6, 6, 6, 6, 6, 6, 7, 6, 5, 7, 6, 6, 6, 6, 6, 6, 6, 6, 6, 6, 6, 7, 6, 6, 6, 6, 6, 6, 6, 7, 6, 6, 5, 6, 6, 6, 5, 6, 6, 6, 6, 6, 6, 6, 6, 6, 5, 6, 6, 6, 6, 6, 5, 5, 6, 6, 6, 6, 6, 6, 6, 6, 5, 6, 6, 6, 5, 7, 5, 7, 6, 6, 6, 6, 6, 6, 6, 6, 6, 6, 6, 6, 6, 5, 6, 7, 6, 6, 6, 6, 6, 6, 6, 6, 6, 6, 5, 5, 7, 6, 6, 6, 6, 6, 6, 6, 6, 6, 6, 6, 7, 6, 6, 6, 6, 6, 6, 5, 5, 6, 6, 6, 6, 6, 6, 6, 6, 6, 6, 5, 6, 5, 7, 5, 6, 6, 6, 6, 6, 6, 6, 6, 6, 6, 6, 6, 6, 6, 6, 6, 6, 6, 6, 7, 5, 6, 6, 5, 6, 6, 6, 6, 6, 7, 7, 5, 6, 7, 6, 6, 7, 6, 6, 6, 5, 6, 6, 6, 6, 6, 5, 6, 6, 6, 5, 7, 6, 6, 7, 6, 6, 5, 6, 6, 6, 6, 6, 6, 6, 6, 6, 6, 6, 5, 7, 6, 6, 6, 6, 6, 6, 6, 6, 6, 6, 6, 6, 5, 6, 6, 6, 6, 6, 6, 6, 6, 6, 6, 5, 7, 6, 6, 6, 6, 6, 6, 6, 6, 6, 6, 6, 6, 6, 6, 6, 6, 6, 6, 6, 6, 5, 6, 6, 6, 6, 6, 5, 6, 6, 5, 6, 6, 6, 6, 6, 6, 6, 6, 6, 6, 6, 6, 6, 6, 6, 5, 6, 5, 6, 6, 6, 6, 6, 6, 7, 6, 6, 6, 6, 6, 6, 6, 6, 6, 6, 6, 6, 7, 6, 6, 6, 6, 6, 6, 6, 6, 6, 6, 7, 6, 6, 6, 6, 6, 6, 5, 5, 6, 6, 5, 6, 6, 6, 5, 6, 6, 6, 7, 6, 6, 6, 6, 6, 6, 6, 6, 6, 6, 6, 7, 6, 7, 6, 6, 6, 6, 6, 6, 6, 7, 6, 6, 6, 7, 6, 6, 6, 6, 6, 6, 7, 6, 6, 6, 7, 6, 5, 6, 6, 6, 6, 5, 6, 5, 6, 6, 6, 6, 6, 6, 6, 6, 6, 5, 6, 6, 6, 7, 6, 6, 6, 6, 6, 6, 6, 6, 6, 6, 6, 6, 7, 7, 6, 6, 6, 6, 6, 6]

################################################################
