Numero total de amostras 770

Tempo total de processamento: 0:10:58

############## TEMPOS DE PROCESSAMENTO DO EXERCICIO NO JAIL  ####################
Soma 4526 segundos
Media 5.8779220779220775 segundos
Desvio padr達o 0.3466437883563931 segundos
Minimo 5 segundos
Maximo 7 segundos

95% 5.0 segundos
99% 5.0 segundos

############## TEMPOS DE PROCESSAMENTO DO EXERCICIO NO JAIL COM DOWNLOAD  ################
Soma 5066 segundos
Media 6.579220779220779 segundos
Desvio padr達o 0.5762254389137474 segundos
Minimo 6 segundos
Maximo 10 segundos

95% 6.0 segundos
99% 6.0 segundos

################### TEMPOS DE DOWNLOAD DO EXERCICIO NO JAIL #######################
Soma 540 segundos
Media 0.7012987012987013 segundos
Desvio padr達o 0.5433167755276308 segundos
Minimo 0 segundos
Maximo 4 segundos

95% 0.0 segundos
99% 0.0 segundos

############################ TEMPOS DE ESPERA NA FILA ############################
Soma 1014
Media 1.316883116883117 segundos
Desvio padr達o 1.3782543634011977 segundos
Minimo 0 segundos
Maximo 8 segundos

95% 0.0 segundos
99% 0.0 segundos

################### queue_wait_time_list: ######################

[5, 2, 4, 3, 1, 7, 3, 4, 2, 3, 6, 2, 5, 7, 8, 2, 8, 3, 7, 5, 6, 6, 5, 6, 2, 6, 4, 2, 7, 3, 2, 3, 4, 6, 3, 2, 0, 1, 2, 4, 3, 2, 2, 3, 1, 0, 1, 0, 1, 2, 1, 1, 1, 0, 0, 0, 1, 2, 1, 1, 0, 2, 1, 1, 1, 1, 0, 1, 0, 0, 0, 1, 0, 1, 1, 1, 2, 1, 0, 1, 0, 1, 1, 0, 0, 1, 0, 1, 1, 1, 0, 0, 1, 0, 0, 1, 1, 0, 1, 0, 1, 1, 0, 1, 1, 1, 0, 1, 1, 1, 0, 1, 0, 1, 0, 1, 1, 1, 2, 0, 2, 1, 1, 0, 2, 1, 1, 0, 1, 1, 0, 0, 0, 2, 1, 1, 0, 1, 0, 0, 2, 2, 4, 2, 1, 0, 2, 3, 1, 2, 2, 1, 1, 2, 1, 0, 2, 0, 1, 2, 2, 1, 2, 2, 3, 1, 1, 3, 2, 2, 2, 2, 0, 1, 3, 1, 0, 1, 1, 3, 2, 1, 2, 2, 0, 1, 0, 0, 1, 2, 3, 1, 3, 3, 1, 3, 2, 0, 3, 2, 1, 3, 0, 3, 2, 3, 1, 2, 2, 1, 2, 0, 1, 1, 0, 2, 2, 0, 0, 1, 1, 0, 0, 2, 3, 1, 1, 1, 2, 3, 1, 2, 1, 3, 2, 1, 1, 0, 2, 0, 2, 1, 2, 1, 0, 1, 0, 1, 0, 1, 3, 2, 2, 0, 1, 0, 2, 1, 0, 1, 0, 2, 0, 1, 1, 1, 1, 1, 1, 1, 0, 0, 1, 1, 2, 2, 1, 1, 0, 1, 2, 0, 2, 2, 2, 1, 1, 0, 1, 1, 2, 3, 1, 0, 1, 0, 1, 2, 2, 2, 2, 1, 2, 2, 2, 1, 3, 1, 2, 0, 2, 0, 1, 1, 1, 0, 3, 2, 1, 1, 1, 1, 0, 2, 1, 0, 1, 0, 2, 1, 0, 6, 0, 7, 0, 5, 0, 1, 1, 0, 1, 1, 1, 5, 1, 0, 4, 1, 0, 0, 0, 1, 0, 1, 1, 0, 0, 1, 5, 1, 0, 5, 2, 1, 4, 4, 5, 6, 1, 5, 5, 4, 4, 1, 3, 5, 0, 2, 4, 4, 1, 2, 7, 1, 3, 6, 7, 6, 3, 6, 5, 1, 1, 2, 5, 5, 1, 4, 3, 3, 1, 2, 3, 2, 2, 2, 1, 1, 1, 0, 1, 1, 1, 0, 1, 1, 1, 1, 1, 0, 1, 0, 1, 1, 0, 1, 1, 0, 1, 1, 1, 1, 1, 1, 0, 1, 0, 0, 1, 0, 1, 0, 1, 1, 0, 1, 1, 0, 0, 2, 1, 0, 0, 1, 1, 1, 1, 1, 2, 1, 0, 0, 1, 2, 2, 1, 1, 0, 1, 0, 1, 1, 1, 2, 1, 1, 1, 0, 1, 1, 0, 1, 1, 1, 1, 1, 1, 1, 0, 1, 0, 1, 0, 2, 1, 0, 1, 0, 0, 0, 1, 1, 2, 1, 1, 1, 0, 0, 2, 4, 1, 3, 3, 2, 2, 1, 1, 1, 2, 2, 0, 1, 0, 0, 2, 0, 1, 1, 4, 2, 2, 3, 3, 3, 2, 1, 2, 3, 3, 2, 2, 1, 2, 1, 0, 1, 1, 1, 3, 0, 3, 2, 1, 2, 0, 1, 0, 1, 1, 1, 1, 1, 0, 0, 0, 0, 1, 1, 0, 1, 2, 3, 1, 2, 0, 1, 1, 0, 1, 1, 0, 2, 1, 1, 0, 0, 1, 2, 1, 0, 1, 1, 1, 0, 0, 1, 0, 1, 0, 1, 0, 0, 1, 1, 0, 2, 1, 1, 1, 1, 0, 2, 0, 0, 1, 2, 0, 1, 1, 1, 0, 2, 0, 1, 1, 0, 0, 1, 1, 1, 1, 0, 1, 1, 0, 1, 1, 1, 2, 2, 2, 1, 0, 1, 2, 2, 2, 1, 1, 0, 1, 2, 1, 3, 2, 0, 1, 1, 1, 1, 0, 2, 3, 0, 2, 2, 3, 1, 2, 1, 0, 0, 1, 1, 0, 1, 1, 1, 0, 0, 2, 0, 1, 1, 0, 0, 2, 1, 1, 1, 0, 0, 0, 1, 1, 1, 0, 1, 0, 2, 0, 0, 0, 1, 1, 0, 1, 0, 0, 1, 1, 2, 2, 1, 0, 1, 1, 1, 0, 0, 1, 0, 0, 1, 1, 1, 1, 0, 1, 0, 1, 1, 1, 0, 1, 1, 0, 1, 1, 1, 0, 0, 0, 1, 1, 0, 0, 0, 1, 0, 0, 1, 1, 0, 2, 2, 1, 0, 1, 0, 0, 1, 1, 1, 0, 0, 1, 0, 1, 1]

################################################################
################### jail_ex_download_list: ######################

[3, 1, 3, 4, 4, 0, 4, 1, 1, 1, 1, 1, 1, 1, 1, 1, 3, 1, 3, 1, 1, 3, 0, 1, 1, 1, 1, 0, 0, 1, 1, 1, 1, 1, 1, 1, 1, 0, 1, 0, 1, 0, 1, 0, 1, 1, 0, 1, 1, 1, 1, 1, 0, 1, 1, 1, 1, 1, 1, 1, 1, 0, 0, 1, 0, 1, 1, 0, 1, 1, 1, 1, 1, 0, 0, 0, 0, 0, 1, 0, 1, 1, 1, 1, 1, 1, 1, 0, 0, 0, 1, 1, 1, 1, 1, 1, 1, 1, 1, 1, 1, 1, 1, 1, 1, 1, 1, 0, 1, 1, 1, 0, 0, 1, 1, 1, 1, 1, 1, 1, 0, 1, 1, 0, 1, 0, 1, 1, 0, 0, 1, 1, 0, 0, 1, 1, 1, 0, 1, 1, 1, 0, 0, 1, 1, 1, 0, 0, 1, 0, 0, 1, 1, 0, 1, 1, 1, 1, 0, 1, 0, 1, 1, 0, 0, 1, 0, 1, 1, 1, 0, 1, 1, 1, 0, 1, 0, 0, 1, 1, 1, 1, 1, 1, 1, 1, 1, 1, 0, 1, 0, 1, 0, 1, 0, 0, 0, 1, 1, 1, 0, 0, 1, 0, 0, 1, 1, 1, 0, 1, 0, 1, 1, 0, 1, 1, 1, 1, 0, 0, 1, 1, 1, 1, 1, 1, 1, 1, 1, 1, 1, 1, 1, 0, 1, 1, 1, 0, 0, 1, 1, 1, 1, 0, 1, 1, 1, 1, 1, 1, 0, 0, 0, 1, 1, 1, 1, 0, 1, 1, 1, 1, 1, 0, 1, 0, 1, 0, 1, 0, 1, 1, 1, 0, 0, 0, 1, 1, 1, 1, 0, 1, 0, 1, 0, 1, 1, 1, 1, 1, 0, 0, 0, 1, 0, 1, 0, 1, 1, 0, 1, 1, 1, 1, 0, 1, 0, 0, 0, 1, 1, 1, 1, 1, 0, 1, 1, 1, 0, 0, 1, 1, 1, 0, 0, 1, 0, 1, 0, 0, 1, 0, 1, 0, 1, 1, 1, 0, 0, 1, 1, 1, 0, 0, 0, 1, 1, 0, 1, 1, 0, 0, 1, 1, 0, 1, 1, 0, 1, 1, 1, 1, 0, 1, 1, 1, 1, 1, 1, 1, 1, 1, 0, 1, 1, 1, 1, 1, 1, 1, 1, 1, 0, 1, 1, 1, 0, 1, 1, 0, 1, 1, 1, 1, 0, 1, 1, 1, 1, 1, 1, 0, 1, 0, 1, 1, 1, 0, 1, 1, 0, 1, 0, 1, 0, 1, 0, 1, 0, 1, 1, 1, 0, 0, 0, 0, 0, 0, 1, 1, 0, 1, 1, 0, 1, 1, 1, 1, 1, 0, 0, 1, 0, 1, 1, 1, 0, 1, 1, 0, 1, 1, 0, 0, 1, 0, 1, 1, 0, 1, 1, 1, 0, 1, 1, 1, 0, 1, 1, 1, 0, 0, 1, 1, 1, 1, 1, 1, 1, 0, 1, 1, 0, 0, 1, 1, 1, 0, 1, 0, 1, 1, 1, 0, 0, 1, 0, 1, 1, 1, 0, 0, 1, 0, 1, 1, 1, 1, 0, 1, 1, 1, 1, 1, 0, 1, 1, 1, 1, 0, 1, 1, 0, 1, 1, 1, 1, 1, 1, 0, 0, 0, 1, 0, 1, 1, 0, 0, 1, 0, 1, 1, 1, 0, 1, 0, 1, 0, 1, 1, 0, 0, 1, 1, 1, 1, 1, 0, 1, 1, 0, 0, 1, 1, 1, 1, 0, 1, 1, 1, 1, 0, 1, 1, 1, 1, 1, 1, 1, 0, 1, 0, 1, 1, 1, 1, 1, 0, 1, 1, 1, 0, 0, 1, 1, 0, 1, 1, 1, 1, 1, 1, 1, 0, 1, 0, 1, 0, 1, 0, 1, 0, 1, 1, 1, 0, 1, 1, 0, 1, 1, 0, 1, 0, 1, 0, 1, 0, 0, 1, 0, 1, 1, 1, 1, 0, 1, 0, 0, 1, 1, 0, 1, 1, 0, 0, 0, 1, 0, 1, 0, 1, 1, 1, 1, 1, 1, 0, 1, 0, 1, 1, 1, 1, 1, 0, 0, 1, 0, 1, 1, 0, 0, 1, 0, 0, 0, 1, 0, 1, 0, 1, 1, 0, 1, 1, 1, 1, 0, 1, 1, 0, 1, 1, 1, 0, 1, 1, 1, 0, 0, 1, 1, 1, 1, 1, 1, 1, 1, 1, 0, 0, 0, 0, 1, 1, 0, 0, 1, 1, 0, 1, 1, 1, 1, 0, 0, 1, 0, 1, 1, 1, 0, 1, 1, 0, 1, 1, 1, 1, 1, 1, 1, 0, 0, 1, 1, 0, 1, 1, 1, 0, 1, 1, 0, 0, 0, 0, 0, 0, 1, 1, 1, 0, 1, 1, 1, 1, 1, 1]

################################################################
################################################################
################### process_jail_download_list: ######################

[9, 7, 10, 10, 10, 6, 10, 7, 7, 7, 7, 7, 7, 7, 7, 7, 8, 7, 9, 7, 7, 9, 6, 6, 7, 6, 7, 6, 6, 7, 7, 7, 7, 7, 7, 7, 7, 6, 7, 6, 7, 6, 7, 6, 7, 7, 6, 7, 7, 6, 6, 6, 6, 7, 7, 7, 7, 7, 7, 7, 7, 6, 6, 7, 6, 7, 7, 6, 7, 7, 6, 6, 7, 6, 6, 6, 6, 6, 7, 6, 6, 6, 7, 7, 7, 7, 7, 6, 6, 6, 7, 7, 7, 7, 6, 7, 6, 6, 7, 7, 6, 6, 7, 6, 7, 7, 7, 6, 7, 7, 7, 6, 6, 6, 7, 6, 7, 6, 7, 7, 6, 7, 7, 6, 6, 6, 7, 6, 6, 6, 6, 6, 6, 6, 7, 7, 7, 6, 7, 7, 6, 6, 6, 7, 7, 7, 6, 6, 7, 6, 6, 7, 7, 6, 7, 7, 7, 7, 6, 7, 6, 7, 7, 6, 6, 7, 6, 7, 7, 7, 6, 7, 7, 7, 6, 7, 6, 6, 6, 7, 7, 7, 7, 7, 7, 7, 7, 7, 6, 7, 6, 7, 6, 7, 6, 6, 6, 6, 6, 6, 6, 6, 7, 6, 6, 7, 7, 7, 6, 6, 6, 7, 7, 6, 7, 6, 7, 7, 6, 6, 7, 7, 6, 7, 7, 7, 7, 7, 7, 7, 6, 7, 6, 6, 7, 7, 6, 6, 6, 7, 7, 7, 7, 6, 7, 7, 6, 6, 7, 7, 6, 6, 6, 7, 6, 7, 7, 6, 7, 7, 7, 7, 7, 6, 6, 6, 7, 6, 7, 6, 7, 7, 7, 6, 6, 6, 6, 7, 7, 6, 6, 7, 6, 7, 6, 6, 7, 7, 7, 7, 6, 6, 6, 6, 6, 7, 6, 7, 6, 6, 7, 7, 7, 7, 6, 7, 6, 6, 6, 7, 7, 7, 7, 7, 6, 7, 7, 7, 6, 6, 7, 7, 7, 6, 6, 7, 6, 7, 6, 6, 7, 6, 7, 6, 7, 7, 7, 6, 6, 7, 7, 7, 6, 6, 6, 7, 7, 6, 6, 7, 6, 6, 7, 7, 6, 7, 7, 6, 6, 6, 7, 7, 6, 6, 7, 7, 6, 7, 6, 7, 7, 7, 7, 6, 7, 7, 7, 7, 7, 7, 7, 7, 6, 7, 7, 7, 6, 7, 7, 6, 7, 7, 6, 7, 6, 7, 7, 7, 7, 7, 7, 6, 7, 6, 7, 6, 7, 6, 6, 7, 6, 7, 6, 7, 6, 7, 6, 7, 6, 7, 7, 7, 6, 6, 6, 6, 6, 6, 6, 7, 6, 7, 6, 6, 6, 7, 7, 7, 7, 6, 6, 7, 6, 7, 6, 7, 6, 7, 7, 6, 7, 7, 6, 6, 7, 6, 7, 6, 6, 6, 6, 6, 6, 7, 7, 7, 7, 7, 7, 7, 6, 7, 7, 7, 7, 7, 7, 7, 7, 6, 7, 7, 6, 6, 7, 6, 7, 6, 7, 6, 7, 7, 7, 6, 6, 7, 6, 7, 7, 7, 6, 6, 7, 6, 6, 7, 7, 7, 6, 7, 7, 7, 7, 7, 6, 6, 7, 7, 7, 6, 7, 7, 6, 7, 6, 7, 6, 7, 6, 6, 6, 6, 7, 6, 7, 7, 6, 6, 7, 6, 7, 7, 7, 6, 7, 6, 7, 6, 7, 7, 6, 6, 6, 7, 7, 7, 7, 6, 7, 7, 6, 6, 7, 7, 7, 6, 6, 7, 6, 7, 7, 6, 6, 7, 7, 7, 6, 7, 7, 6, 7, 7, 7, 6, 7, 7, 7, 6, 7, 7, 6, 6, 6, 7, 6, 6, 6, 7, 7, 7, 7, 6, 7, 6, 7, 6, 7, 6, 7, 6, 7, 6, 7, 7, 7, 6, 7, 7, 6, 6, 6, 6, 7, 6, 7, 6, 7, 6, 6, 7, 6, 7, 7, 7, 7, 6, 6, 6, 6, 7, 7, 6, 7, 7, 6, 6, 6, 6, 6, 6, 6, 7, 6, 6, 7, 7, 7, 6, 7, 6, 6, 7, 6, 7, 7, 6, 6, 7, 6, 7, 7, 6, 6, 7, 6, 6, 6, 6, 6, 7, 6, 7, 7, 6, 7, 7, 7, 7, 6, 6, 7, 6, 7, 7, 7, 6, 7, 6, 6, 6, 6, 7, 7, 7, 7, 7, 7, 6, 7, 7, 6, 6, 6, 6, 7, 6, 6, 6, 7, 7, 6, 7, 7, 7, 7, 6, 6, 7, 6, 6, 6, 7, 6, 7, 6, 6, 7, 7, 7, 6, 7, 7, 7, 6, 6, 7, 7, 6, 7, 7, 7, 6, 7, 7, 6, 6, 6, 6, 6, 6, 7, 7, 7, 6, 7, 7, 6, 7, 6, 6]

################################################################
################################################################
################### process_jail_list: ######################

[6, 6, 7, 6, 6, 6, 6, 6, 6, 6, 6, 6, 6, 6, 6, 6, 5, 6, 6, 6, 6, 6, 6, 5, 6, 5, 6, 6, 6, 6, 6, 6, 6, 6, 6, 6, 6, 6, 6, 6, 6, 6, 6, 6, 6, 6, 6, 6, 6, 5, 5, 5, 6, 6, 6, 6, 6, 6, 6, 6, 6, 6, 6, 6, 6, 6, 6, 6, 6, 6, 5, 5, 6, 6, 6, 6, 6, 6, 6, 6, 5, 5, 6, 6, 6, 6, 6, 6, 6, 6, 6, 6, 6, 6, 5, 6, 5, 5, 6, 6, 5, 5, 6, 5, 6, 6, 6, 6, 6, 6, 6, 6, 6, 5, 6, 5, 6, 5, 6, 6, 6, 6, 6, 6, 5, 6, 6, 5, 6, 6, 5, 5, 6, 6, 6, 6, 6, 6, 6, 6, 5, 6, 6, 6, 6, 6, 6, 6, 6, 6, 6, 6, 6, 6, 6, 6, 6, 6, 6, 6, 6, 6, 6, 6, 6, 6, 6, 6, 6, 6, 6, 6, 6, 6, 6, 6, 6, 6, 5, 6, 6, 6, 6, 6, 6, 6, 6, 6, 6, 6, 6, 6, 6, 6, 6, 6, 6, 5, 5, 5, 6, 6, 6, 6, 6, 6, 6, 6, 6, 5, 6, 6, 6, 6, 6, 5, 6, 6, 6, 6, 6, 6, 5, 6, 6, 6, 6, 6, 6, 6, 5, 6, 5, 6, 6, 6, 5, 6, 6, 6, 6, 6, 6, 6, 6, 6, 5, 5, 6, 6, 6, 6, 6, 6, 5, 6, 6, 6, 6, 6, 6, 6, 6, 6, 5, 6, 6, 6, 6, 6, 6, 6, 6, 6, 6, 6, 5, 6, 6, 5, 6, 6, 6, 6, 6, 5, 6, 6, 6, 6, 6, 6, 6, 5, 6, 6, 6, 6, 5, 6, 6, 6, 6, 6, 6, 6, 6, 6, 6, 6, 6, 6, 6, 6, 6, 6, 6, 6, 6, 6, 6, 6, 6, 6, 6, 6, 6, 6, 6, 6, 6, 6, 6, 6, 6, 6, 6, 6, 6, 6, 6, 6, 6, 6, 6, 6, 6, 6, 5, 6, 6, 6, 6, 6, 6, 6, 6, 6, 5, 5, 6, 6, 6, 5, 6, 6, 5, 6, 5, 6, 6, 6, 7, 5, 6, 6, 6, 6, 6, 6, 6, 6, 6, 6, 6, 6, 6, 6, 6, 6, 6, 6, 5, 6, 6, 6, 6, 6, 6, 6, 6, 6, 6, 6, 6, 5, 6, 6, 5, 6, 6, 6, 6, 6, 6, 6, 6, 6, 6, 6, 6, 6, 6, 6, 6, 6, 6, 6, 5, 6, 6, 6, 5, 6, 5, 6, 6, 6, 6, 6, 6, 6, 6, 6, 5, 6, 6, 6, 6, 6, 6, 6, 6, 6, 6, 6, 6, 5, 6, 5, 5, 5, 6, 6, 6, 6, 7, 6, 6, 6, 6, 7, 6, 6, 6, 6, 6, 6, 6, 6, 6, 6, 6, 6, 6, 5, 6, 6, 6, 6, 6, 6, 6, 6, 6, 6, 6, 6, 6, 6, 6, 6, 6, 6, 5, 6, 6, 6, 6, 6, 6, 6, 6, 6, 6, 5, 6, 6, 6, 6, 6, 6, 6, 6, 5, 6, 5, 6, 5, 6, 6, 6, 6, 6, 6, 6, 6, 6, 6, 6, 6, 6, 6, 6, 6, 6, 6, 6, 6, 6, 6, 6, 5, 6, 6, 6, 6, 6, 6, 6, 6, 6, 6, 6, 6, 5, 6, 6, 5, 6, 6, 6, 5, 6, 6, 6, 5, 6, 6, 6, 6, 7, 6, 5, 6, 6, 6, 6, 6, 6, 5, 6, 6, 6, 5, 6, 5, 6, 6, 6, 6, 5, 6, 6, 6, 6, 6, 6, 6, 6, 6, 6, 6, 6, 6, 6, 6, 6, 6, 5, 5, 6, 6, 6, 6, 6, 6, 6, 6, 6, 6, 6, 6, 6, 6, 6, 5, 6, 6, 6, 6, 6, 6, 6, 6, 6, 6, 5, 6, 5, 6, 6, 5, 5, 6, 6, 6, 6, 6, 6, 5, 6, 5, 6, 6, 6, 6, 6, 6, 6, 6, 6, 6, 6, 6, 6, 6, 5, 6, 6, 6, 6, 6, 6, 6, 6, 6, 6, 6, 5, 6, 6, 6, 6, 6, 6, 6, 5, 5, 6, 6, 6, 6, 6, 6, 6, 6, 5, 6, 6, 6, 6, 6, 6, 6, 5, 6, 6, 6, 6, 6, 6, 6, 6, 6, 6, 6, 6, 6, 5, 5, 6, 6, 6, 5, 6, 6, 6, 6, 5, 6, 6, 6, 6, 6, 6, 6, 6, 6, 6, 6, 6, 6, 6, 6, 6, 6, 6, 6, 6, 6, 6, 6, 6, 6, 6, 5, 6, 5, 5]

################################################################
