Numero total de amostras 770

Tempo total de processamento: 0:43:46

############## TEMPOS DE PROCESSAMENTO DO EXERCICIO NO JAIL  ####################
Soma 4599 segundos
Media 5.972727272727273 segundos
Desvio padr達o 0.2892607521989318 segundos
Minimo 5 segundos
Maximo 7 segundos

95% 5.0 segundos
99% 5.0 segundos

############## TEMPOS DE PROCESSAMENTO DO EXERCICIO NO JAIL COM DOWNLOAD  ################
Soma 5293 segundos
Media 6.874025974025974 segundos
Desvio padr達o 1.238338077477449 segundos
Minimo 6 segundos
Maximo 29 segundos

95% 6.0 segundos
99% 6.0 segundos

################### TEMPOS DE DOWNLOAD DO EXERCICIO NO JAIL #######################
Soma 694 segundos
Media 0.9012987012987013 segundos
Desvio padr達o 1.214896019974122 segundos
Minimo 0 segundos
Maximo 23 segundos

95% 0.0 segundos
99% 0.0 segundos

############################ TEMPOS DE ESPERA NA FILA ############################
Soma 787037
Media 1022.1259740259741 segundos
Desvio padr達o 562.6332255281474 segundos
Minimo 3 segundos
Maximo 1988 segundos

95% 37.0 segundos
99% 37.0 segundos

################### queue_wait_time_list: ######################

[30, 34, 1428, 31, 42, 3, 3, 37, 42, 37, 29, 50, 35, 58, 42, 66, 50, 72, 58, 80, 65, 88, 72, 94, 102, 88, 95, 109, 115, 115, 121, 127, 127, 133, 142, 137, 148, 143, 153, 158, 154, 164, 169, 164, 170, 175, 186, 180, 1437, 191, 196, 203, 197, 207, 213, 208, 218, 217, 224, 228, 228, 233, 238, 238, 243, 248, 253, 259, 255, 264, 269, 264, 275, 280, 275, 280, 285, 290, 296, 296, 301, 306, 306, 311, 322, 316, 327, 322, 333, 338, 333, 342, 348, 343, 349, 354, 1444, 80, 101, 108, 121, 363, 369, 364, 374, 379, 375, 380, 385, 392, 396, 396, 402, 406, 407, 412, 423, 417, 429, 424, 434, 439, 434, 445, 450, 445, 450, 456, 462, 468, 468, 473, 478, 478, 485, 490, 489, 493, 498, 504, 509, 506, 514, 516, 545, 1455, 1465, 549, 520, 521, 551, 525, 555, 526, 529, 556, 559, 530, 535, 536, 539, 541, 544, 132, 138, 148, 159, 564, 570, 565, 575, 579, 576, 581, 585, 591, 596, 594, 600, 606, 604, 611, 616, 614, 620, 624, 630, 634, 631, 640, 645, 641, 649, 656, 651, 661, 660, 666, 671, 670, 676, 681, 680, 685, 689, 695, 700, 696, 705, 706, 1477, 1483, 1493, 1503, 709, 710, 715, 716, 720, 721, 725, 175, 180, 186, 192, 203, 212, 729, 735, 740, 737, 745, 749, 746, 752, 756, 761, 767, 765, 771, 776, 775, 781, 790, 785, 795, 792, 801, 806, 803, 811, 815, 812, 817, 822, 827, 832, 830, 837, 842, 841, 847, 852, 851, 856, 861, 865, 868, 1516, 1521, 900, 1530, 871, 1541, 902, 872, 1591, 1602, 875, 906, 907, 877, 1612, 880, 882, 885, 887, 891, 892, 895, 897, 223, 1548, 233, 244, 249, 260, 915, 916, 922, 927, 926, 931, 935, 941, 946, 943, 951, 956, 952, 961, 966, 962, 967, 972, 977, 982, 981, 987, 993, 991, 997, 1005, 1001, 1011, 1007, 1016, 1021, 1017, 1026, 1031, 1027, 1032, 1036, 1042, 1047, 1046, 1051, 1055, 1559, 1087, 1056, 1563, 1090, 1061, 1091, 1062, 1568, 1066, 1574, 1583, 1067, 1625, 1071, 1629, 1640, 1072, 1075, 1077, 1081, 1082, 1085, 269, 1650, 285, 290, 301, 1100, 1105, 1102, 1111, 1114, 1111, 1117, 1122, 1127, 1132, 1130, 1137, 1142, 1140, 1147, 1155, 1150, 1160, 1157, 1165, 1170, 1167, 1174, 1179, 1177, 1182, 1187, 1192, 1197, 1195, 1203, 1208, 1205, 1213, 1217, 1215, 1220, 1225, 1230, 1236, 1233, 1241, 1243, 1663, 1667, 1678, 1245, 1687, 1737, 1247, 1748, 1757, 1251, 1253, 312, 1695, 317, 328, 338, 1258, 1263, 1260, 1268, 1273, 1271, 1276, 1280, 1285, 1290, 1288, 1295, 1300, 1297, 1305, 1310, 1307, 1312, 1317, 1322, 1327, 1325, 1332, 1337, 1335, 1343, 1350, 1345, 1354, 1352, 1360, 1364, 1362, 1369, 1375, 1372, 1378, 1382, 1387, 1393, 1391, 1397, 1400, 1704, 1715, 1403, 1719, 1730, 1405, 1770, 1408, 1774, 1410, 1413, 1415, 354, 1422, 1425, 359, 359, 370, 385, 1431, 1435, 1433, 1440, 1448, 1442, 1452, 1450, 1457, 1463, 1460, 1468, 1473, 1470, 1475, 1480, 1486, 1490, 1488, 1496, 1501, 1498, 1506, 1511, 1508, 1513, 1518, 1523, 1528, 1526, 1533, 1538, 1536, 1543, 1551, 1546, 1556, 1554, 1561, 1712, 1785, 391, 401, 412, 417, 429, 1566, 1572, 1576, 1581, 1578, 1585, 1593, 1589, 1598, 1596, 1603, 1609, 1606, 1614, 1619, 1616, 1622, 1627, 1632, 1638, 1634, 1643, 1647, 1645, 1652, 1658, 1656, 1660, 1665, 1669, 1674, 1672, 1680, 1684, 1682, 1689, 1697, 1693, 1702, 1700, 1707, 1709, 440, 455, 462, 1717, 1722, 1727, 1725, 1732, 1739, 1734, 1745, 1742, 1750, 1754, 1752, 1760, 1765, 1762, 1767, 1772, 1777, 1783, 1780, 1787, 1792, 1789, 1796, 1802, 1799, 1804, 1809, 1814, 1819, 1817, 1824, 1829, 1826, 1834, 1841, 1837, 1847, 1844, 1852, 1856, 1854, 1861, 1863, 1794, 1839, 1849, 1858, 1866, 1869, 1871, 1874, 1876, 1878, 1883, 1893, 473, 484, 494, 499, 510, 560, 571, 584, 589, 599, 610, 621, 626, 636, 646, 1880, 1886, 1891, 1888, 1896, 1901, 1898, 1903, 1908, 1913, 1918, 1917, 1923, 1928, 1926, 1933, 1938, 1936, 1941, 1945, 1950, 1956, 1953, 1960, 1965, 1962, 1970, 1977, 1973, 1982, 1980, 1988, 654, 665, 674, 1807, 1812, 1822, 1832, 1906, 1911, 686, 691, 701, 1050, 726, 732, 741, 755, 760, 770, 780, 787, 797, 807, 821, 826, 836, 846, 857, 862, 911, 912, 921, 932, 937, 947, 958, 971, 976, 986, 996, 1002, 1012, 1022, 1035, 1041, 1152, 1095, 1097, 1107, 1120, 1125, 1135, 1145, 1162, 1172, 1185, 1190, 1199, 1210, 1921, 1930, 1975, 1984, 1223, 1228, 1238, 1256, 1265, 1278, 1282, 1293, 1302, 1314, 1319, 1330, 1340, 1347, 1357, 1367, 1380, 1385, 1395, 1418, 1420, 1943, 1947, 1958, 1968]

################################################################
################### jail_ex_download_list: ######################

[2, 2, 1, 2, 2, 23, 23, 2, 2, 2, 2, 2, 2, 2, 2, 1, 2, 2, 2, 2, 1, 1, 2, 1, 2, 2, 1, 1, 1, 1, 1, 1, 1, 0, 1, 1, 1, 0, 1, 1, 1, 1, 1, 1, 1, 1, 1, 1, 1, 1, 2, 1, 1, 1, 1, 1, 1, 1, 1, 1, 1, 1, 1, 1, 1, 1, 1, 1, 1, 1, 1, 1, 1, 1, 1, 1, 1, 1, 1, 1, 1, 1, 1, 1, 1, 1, 1, 1, 1, 0, 1, 1, 1, 1, 1, 1, 1, 2, 1, 2, 1, 1, 1, 1, 1, 1, 1, 1, 1, 0, 1, 1, 1, 1, 1, 1, 1, 1, 1, 1, 0, 1, 1, 1, 1, 1, 2, 1, 2, 1, 1, 1, 2, 1, 1, 0, 1, 1, 1, 1, 1, 0, 1, 1, 1, 1, 1, 1, 0, 1, 1, 0, 1, 1, 1, 1, 1, 1, 1, 1, 1, 1, 1, 1, 1, 1, 1, 1, 1, 1, 0, 1, 1, 0, 1, 1, 0, 1, 1, 1, 1, 1, 1, 1, 1, 1, 0, 1, 1, 1, 0, 1, 1, 0, 1, 1, 1, 1, 1, 0, 1, 1, 1, 0, 1, 1, 1, 1, 0, 0, 1, 1, 1, 1, 1, 1, 1, 1, 0, 1, 0, 1, 1, 2, 1, 1, 1, 1, 1, 1, 0, 1, 1, 1, 0, 1, 1, 1, 1, 1, 1, 0, 1, 1, 1, 1, 1, 1, 1, 0, 0, 1, 1, 1, 1, 1, 0, 1, 1, 1, 1, 0, 1, 1, 1, 0, 1, 0, 1, 1, 1, 1, 1, 1, 1, 1, 1, 1, 1, 1, 1, 1, 0, 1, 0, 1, 1, 0, 1, 1, 0, 1, 1, 0, 1, 1, 0, 1, 1, 1, 1, 0, 0, 1, 1, 1, 0, 1, 0, 1, 1, 1, 1, 1, 1, 1, 1, 1, 1, 0, 0, 1, 1, 1, 1, 1, 1, 0, 1, 1, 0, 1, 0, 1, 1, 1, 0, 1, 1, 0, 1, 1, 1, 1, 1, 1, 1, 1, 1, 1, 1, 1, 0, 0, 1, 1, 1, 1, 0, 1, 1, 1, 1, 1, 1, 1, 1, 1, 1, 1, 0, 1, 1, 1, 1, 0, 1, 1, 1, 0, 0, 1, 1, 1, 0, 1, 1, 1, 1, 1, 1, 0, 1, 1, 1, 1, 0, 1, 1, 1, 1, 1, 1, 1, 1, 1, 1, 1, 0, 1, 0, 1, 0, 1, 1, 1, 1, 0, 0, 1, 1, 1, 1, 1, 1, 1, 1, 0, 1, 1, 1, 1, 0, 1, 1, 1, 1, 1, 0, 1, 1, 1, 1, 1, 1, 0, 1, 1, 1, 1, 0, 0, 0, 1, 1, 1, 1, 1, 1, 1, 1, 1, 0, 1, 1, 1, 0, 2, 1, 1, 0, 0, 1, 0, 1, 0, 1, 1, 1, 1, 1, 0, 1, 1, 0, 1, 1, 1, 0, 1, 0, 1, 0, 1, 1, 1, 1, 1, 0, 1, 0, 1, 1, 1, 0, 1, 1, 1, 1, 0, 1, 0, 1, 0, 1, 1, 0, 0, 1, 1, 1, 1, 1, 0, 1, 1, 1, 1, 0, 1, 1, 1, 1, 1, 1, 0, 1, 1, 1, 1, 1, 0, 1, 1, 1, 1, 0, 1, 1, 1, 1, 1, 1, 0, 1, 0, 1, 1, 1, 1, 0, 1, 0, 1, 1, 1, 0, 1, 1, 1, 1, 0, 1, 1, 1, 1, 1, 2, 1, 1, 0, 1, 1, 1, 1, 1, 1, 1, 0, 1, 1, 1, 0, 1, 1, 1, 1, 0, 1, 1, 0, 1, 1, 1, 1, 1, 1, 0, 1, 1, 1, 0, 1, 1, 1, 0, 1, 0, 0, 1, 1, 0, 1, 0, 1, 1, 1, 1, 0, 1, 0, 1, 1, 1, 1, 1, 1, 1, 1, 1, 1, 1, 1, 1, 1, 1, 0, 1, 0, 1, 1, 1, 1, 1, 0, 1, 0, 1, 1, 1, 0, 0, 1, 1, 0, 1, 1, 1, 0, 1, 1, 0, 1, 1, 1, 1, 1, 1, 0, 1, 0, 0, 1, 1, 1, 0, 1, 0, 1, 1, 1, 1, 0, 1, 1, 1, 0, 1, 1, 0, 1, 1, 1, 1, 1, 1, 0, 1, 0, 1, 1, 0, 1, 1, 1, 1, 1, 0, 0, 1, 1, 1, 1, 1, 0, 1, 1, 1, 0, 1, 0, 1, 0, 1, 1, 0, 1, 1, 1, 1, 1, 1, 1, 1, 1, 1, 0, 1, 0, 1, 0, 1, 0, 0, 1, 1, 1, 1, 1, 0, 1, 1, 1, 1, 0, 1, 1, 1, 0, 1]

################################################################
################################################################
################### process_jail_download_list: ######################

[8, 9, 7, 8, 8, 29, 29, 9, 8, 8, 8, 8, 8, 8, 8, 7, 8, 8, 8, 8, 7, 7, 8, 7, 8, 8, 7, 7, 7, 7, 7, 8, 7, 7, 7, 7, 7, 6, 7, 8, 7, 7, 7, 7, 7, 7, 7, 7, 7, 7, 8, 6, 7, 7, 7, 7, 7, 7, 6, 7, 7, 7, 7, 7, 7, 7, 7, 7, 7, 7, 7, 7, 7, 7, 7, 7, 7, 7, 7, 7, 7, 7, 7, 7, 7, 7, 7, 7, 7, 6, 7, 7, 8, 7, 7, 7, 7, 8, 7, 8, 7, 7, 7, 7, 7, 8, 7, 7, 8, 6, 7, 7, 7, 7, 7, 7, 8, 7, 7, 7, 7, 7, 7, 7, 7, 7, 8, 7, 8, 7, 7, 7, 8, 7, 7, 6, 6, 7, 7, 7, 7, 6, 7, 7, 7, 7, 7, 7, 7, 7, 7, 6, 6, 6, 7, 6, 7, 7, 6, 7, 7, 6, 7, 7, 7, 8, 7, 7, 7, 7, 6, 7, 7, 6, 7, 7, 6, 7, 7, 7, 7, 7, 7, 7, 7, 7, 6, 7, 7, 7, 6, 7, 7, 6, 7, 7, 7, 7, 6, 6, 7, 7, 7, 6, 7, 7, 7, 7, 6, 6, 7, 7, 7, 7, 7, 7, 7, 7, 7, 7, 6, 7, 7, 8, 7, 7, 7, 7, 7, 6, 6, 7, 7, 7, 6, 7, 7, 6, 7, 7, 7, 6, 7, 7, 7, 7, 7, 7, 7, 6, 6, 7, 6, 7, 7, 7, 6, 7, 7, 7, 7, 6, 7, 7, 7, 6, 7, 6, 7, 7, 7, 7, 6, 7, 7, 7, 7, 7, 7, 7, 7, 7, 6, 7, 6, 7, 7, 6, 7, 7, 6, 7, 7, 6, 7, 7, 6, 7, 7, 7, 7, 7, 6, 7, 7, 7, 6, 7, 6, 7, 7, 7, 7, 7, 6, 7, 7, 7, 7, 6, 6, 7, 7, 6, 7, 7, 6, 6, 7, 7, 6, 7, 6, 7, 7, 6, 6, 7, 7, 6, 6, 7, 7, 7, 7, 7, 7, 7, 7, 6, 7, 7, 6, 6, 7, 7, 7, 7, 6, 6, 7, 7, 7, 7, 7, 7, 7, 7, 7, 7, 6, 7, 7, 7, 7, 6, 7, 7, 7, 6, 6, 7, 7, 7, 6, 7, 7, 6, 7, 7, 7, 6, 7, 7, 7, 7, 6, 7, 7, 7, 6, 7, 6, 7, 7, 7, 7, 7, 6, 6, 6, 7, 6, 7, 7, 7, 7, 6, 6, 7, 7, 7, 7, 7, 7, 7, 7, 6, 7, 7, 7, 7, 6, 7, 6, 7, 7, 7, 6, 7, 7, 6, 7, 7, 7, 6, 7, 7, 7, 7, 6, 6, 6, 7, 7, 7, 6, 7, 7, 7, 7, 7, 6, 7, 7, 6, 6, 8, 7, 7, 6, 6, 7, 6, 6, 6, 7, 7, 7, 7, 7, 6, 7, 7, 6, 7, 7, 7, 6, 7, 6, 6, 6, 7, 7, 7, 7, 7, 6, 7, 6, 7, 7, 7, 6, 7, 7, 7, 7, 6, 7, 6, 7, 6, 7, 7, 6, 6, 7, 7, 7, 7, 7, 6, 7, 7, 7, 7, 6, 7, 7, 7, 8, 7, 7, 6, 7, 6, 7, 7, 7, 6, 7, 7, 7, 7, 7, 7, 7, 7, 7, 7, 7, 7, 7, 6, 7, 7, 7, 7, 6, 7, 6, 7, 7, 7, 6, 7, 7, 7, 7, 6, 6, 6, 7, 7, 7, 8, 8, 7, 6, 7, 7, 7, 7, 7, 7, 7, 6, 7, 7, 7, 7, 7, 7, 7, 7, 6, 7, 7, 6, 7, 7, 7, 7, 7, 7, 6, 7, 7, 7, 6, 7, 7, 7, 6, 7, 6, 6, 7, 6, 6, 7, 6, 7, 7, 7, 7, 7, 7, 6, 6, 7, 6, 7, 7, 7, 7, 8, 7, 7, 7, 6, 7, 7, 6, 6, 7, 6, 7, 7, 7, 7, 7, 6, 7, 6, 7, 7, 7, 6, 6, 7, 6, 6, 7, 7, 7, 6, 7, 7, 6, 7, 7, 6, 7, 7, 7, 6, 7, 6, 6, 7, 7, 7, 6, 7, 6, 7, 7, 7, 7, 6, 7, 7, 7, 7, 7, 7, 6, 7, 7, 7, 7, 7, 7, 6, 7, 6, 7, 7, 6, 6, 7, 7, 7, 7, 6, 6, 7, 7, 7, 6, 7, 6, 7, 7, 7, 6, 7, 6, 7, 6, 7, 7, 6, 7, 7, 7, 7, 7, 7, 7, 7, 7, 7, 6, 7, 6, 7, 6, 7, 6, 6, 7, 7, 7, 7, 7, 6, 7, 7, 7, 7, 6, 7, 6, 7, 6, 7]

################################################################
################################################################
################### process_jail_list: ######################

[6, 7, 6, 6, 6, 6, 6, 7, 6, 6, 6, 6, 6, 6, 6, 6, 6, 6, 6, 6, 6, 6, 6, 6, 6, 6, 6, 6, 6, 6, 6, 7, 6, 7, 6, 6, 6, 6, 6, 7, 6, 6, 6, 6, 6, 6, 6, 6, 6, 6, 6, 5, 6, 6, 6, 6, 6, 6, 5, 6, 6, 6, 6, 6, 6, 6, 6, 6, 6, 6, 6, 6, 6, 6, 6, 6, 6, 6, 6, 6, 6, 6, 6, 6, 6, 6, 6, 6, 6, 6, 6, 6, 7, 6, 6, 6, 6, 6, 6, 6, 6, 6, 6, 6, 6, 7, 6, 6, 7, 6, 6, 6, 6, 6, 6, 6, 7, 6, 6, 6, 7, 6, 6, 6, 6, 6, 6, 6, 6, 6, 6, 6, 6, 6, 6, 6, 5, 6, 6, 6, 6, 6, 6, 6, 6, 6, 6, 6, 7, 6, 6, 6, 5, 5, 6, 5, 6, 6, 5, 6, 6, 5, 6, 6, 6, 7, 6, 6, 6, 6, 6, 6, 6, 6, 6, 6, 6, 6, 6, 6, 6, 6, 6, 6, 6, 6, 6, 6, 6, 6, 6, 6, 6, 6, 6, 6, 6, 6, 5, 6, 6, 6, 6, 6, 6, 6, 6, 6, 6, 6, 6, 6, 6, 6, 6, 6, 6, 6, 7, 6, 6, 6, 6, 6, 6, 6, 6, 6, 6, 5, 6, 6, 6, 6, 6, 6, 6, 5, 6, 6, 6, 6, 6, 6, 6, 6, 6, 6, 6, 6, 6, 6, 5, 6, 6, 6, 6, 6, 6, 6, 6, 6, 6, 6, 6, 6, 6, 6, 6, 6, 6, 6, 5, 6, 6, 6, 6, 6, 6, 6, 6, 6, 6, 6, 6, 6, 6, 6, 6, 6, 6, 6, 6, 6, 6, 6, 6, 6, 6, 6, 6, 7, 6, 6, 6, 6, 6, 6, 6, 6, 6, 6, 6, 6, 5, 6, 6, 6, 6, 6, 6, 6, 6, 5, 6, 6, 5, 6, 6, 6, 6, 6, 6, 6, 6, 5, 6, 6, 6, 6, 5, 6, 6, 6, 6, 6, 6, 6, 6, 5, 6, 6, 6, 6, 6, 6, 6, 6, 6, 5, 6, 6, 6, 6, 6, 6, 6, 6, 6, 6, 6, 6, 6, 6, 6, 6, 6, 6, 6, 6, 6, 6, 6, 6, 6, 6, 6, 5, 6, 6, 6, 6, 6, 6, 6, 6, 6, 6, 6, 6, 5, 6, 5, 6, 6, 6, 6, 6, 6, 5, 6, 6, 6, 6, 6, 6, 6, 6, 6, 6, 6, 6, 6, 6, 6, 6, 6, 6, 6, 6, 6, 6, 6, 6, 5, 6, 6, 6, 6, 6, 6, 5, 6, 6, 6, 6, 6, 6, 6, 6, 6, 6, 6, 6, 6, 6, 5, 6, 6, 6, 6, 6, 6, 6, 6, 5, 6, 6, 6, 6, 6, 6, 6, 6, 5, 6, 6, 6, 6, 6, 6, 6, 6, 6, 6, 6, 6, 6, 6, 6, 6, 5, 6, 6, 6, 6, 6, 6, 6, 6, 6, 6, 6, 6, 6, 6, 6, 6, 6, 6, 6, 6, 6, 6, 6, 6, 6, 6, 6, 6, 6, 6, 6, 6, 6, 6, 6, 6, 6, 6, 6, 6, 7, 6, 6, 6, 6, 5, 6, 6, 6, 6, 6, 6, 6, 6, 7, 6, 6, 6, 6, 6, 6, 7, 6, 6, 6, 6, 6, 6, 6, 6, 6, 6, 6, 6, 6, 6, 6, 6, 6, 6, 5, 5, 6, 6, 6, 6, 7, 6, 6, 6, 6, 6, 6, 6, 6, 6, 6, 6, 6, 6, 7, 6, 6, 6, 6, 6, 6, 6, 6, 6, 6, 6, 6, 6, 6, 6, 6, 6, 6, 6, 6, 6, 6, 6, 6, 6, 6, 6, 5, 6, 6, 6, 6, 6, 6, 6, 7, 6, 6, 5, 6, 5, 6, 6, 6, 6, 7, 6, 6, 6, 5, 6, 6, 5, 6, 6, 6, 6, 6, 6, 6, 6, 6, 6, 6, 6, 6, 6, 6, 6, 6, 5, 6, 6, 6, 6, 6, 6, 6, 6, 6, 6, 5, 6, 6, 6, 6, 6, 6, 6, 6, 6, 6, 6, 6, 6, 6, 6, 6, 6, 6, 6, 6, 6, 7, 6, 6, 6, 6, 6, 6, 6, 6, 6, 6, 6, 6, 6, 6, 6, 5, 6, 6, 6, 6, 6, 6, 6, 6, 6, 5, 6, 6, 6, 6, 6, 6, 6, 6, 6, 6, 6, 6, 6, 6, 6, 6, 6, 6, 6, 6, 6, 6, 6, 6, 6, 6, 6, 6, 6, 6, 6, 6, 6, 6, 6, 6, 6, 6, 6, 6, 6, 6, 6, 5, 6, 6, 6]

################################################################
