Numero total de amostras 770

Tempo total de processamento: 1:25:39

############## TEMPOS DE PROCESSAMENTO DO EXERCICIO NO JAIL  ####################
Soma 4563 segundos
Media 5.925974025974026 segundos
Desvio padr達o 0.2715528206266417 segundos
Minimo 5 segundos
Maximo 7 segundos

95% 5.0 segundos
99% 5.0 segundos

############## TEMPOS DE PROCESSAMENTO DO EXERCICIO NO JAIL COM DOWNLOAD  ################
Soma 5139 segundos
Media 6.674025974025974 segundos
Desvio padr達o 0.47424652403482753 segundos
Minimo 6 segundos
Maximo 8 segundos

95% 6.0 segundos
99% 6.0 segundos

################### TEMPOS DE DOWNLOAD DO EXERCICIO NO JAIL #######################
Soma 576 segundos
Media 0.7480519480519481 segundos
Desvio padr達o 0.44301516775370287 segundos
Minimo 0 segundos
Maximo 2 segundos

95% 0.0 segundos
99% 0.0 segundos

############################ TEMPOS DE ESPERA NA FILA ############################
Soma 1740978
Media 2261.0103896103897 segundos
Desvio padr達o 1288.7086932258787 segundos
Minimo 7 segundos
Maximo 4482 segundos

95% 51.833 segundos
99% 53.678599999999996 segundos

################### queue_wait_time_list: ######################

[32, 62, 7, 50, 38, 14, 75, 87, 20, 44, 68, 26, 56, 123, 81, 98, 93, 117, 112, 129, 105, 135, 141, 154, 165, 147, 171, 159, 177, 183, 190, 196, 201, 207, 213, 219, 225, 231, 238, 244, 250, 256, 262, 268, 282, 288, 294, 4144, 311, 324, 330, 336, 348, 354, 360, 373, 379, 386, 398, 404, 417, 422, 428, 440, 447, 453, 464, 470, 476, 488, 494, 507, 513, 518, 531, 538, 544, 556, 562, 574, 581, 586, 598, 603, 609, 621, 627, 633, 645, 650, 662, 668, 674, 686, 691, 4161, 703, 716, 721, 727, 738, 745, 751, 762, 768, 774, 786, 791, 803, 809, 814, 826, 832, 838, 849, 855, 861, 873, 878, 889, 895, 901, 913, 919, 925, 936, 941, 954, 960, 965, 976, 982, 988, 1000, 1005, 1011, 1023, 1029, 1040, 1045, 1051, 1063, 1069, 4184, 1080, 1091, 1097, 1103, 1114, 1120, 1123, 1135, 1141, 1148, 1160, 1166, 1177, 1183, 1189, 1200, 1206, 1212, 1224, 1229, 1235, 1246, 1252, 1263, 1270, 1276, 1287, 1292, 1298, 1309, 1316, 1327, 1332, 1338, 1349, 1356, 1362, 1373, 1379, 1386, 1397, 1403, 1415, 1421, 1427, 1440, 1445, 4206, 1457, 1468, 1475, 1481, 1492, 1498, 1503, 1516, 1521, 1527, 1539, 1544, 1557, 1563, 1568, 1580, 1586, 1592, 1604, 1610, 1616, 1626, 1633, 1645, 1650, 1657, 1668, 1674, 1679, 1692, 1697, 1708, 1714, 1721, 1731, 1737, 1743, 1755, 1761, 1766, 1777, 1783, 1794, 1801, 1806, 1818, 1823, 274, 1834, 1847, 1852, 1862, 1869, 1874, 1887, 1892, 1898, 1908, 1914, 1926, 1932, 1938, 1949, 1956, 1962, 1973, 1978, 1984, 1996, 2002, 2013, 2017, 2022, 2034, 2041, 2046, 2059, 2064, 2070, 2081, 2088, 2099, 2104, 2110, 2121, 2128, 2134, 2144, 2150, 2162, 2168, 2173, 2184, 2191, 2249, 4230, 2196, 2302, 2255, 2202, 2208, 2261, 2308, 2215, 2267, 2220, 2313, 2226, 2273, 2232, 2278, 2238, 2319, 2244, 2285, 2325, 2291, 2331, 2296, 2337, 2342, 4246, 300, 305, 317, 2353, 2366, 2372, 2377, 2389, 2394, 2401, 2412, 2418, 2423, 2435, 2440, 2453, 2459, 2464, 2476, 2481, 2488, 2500, 2505, 2517, 2523, 2528, 2540, 2546, 2550, 2563, 2569, 2574, 2586, 2591, 2604, 2609, 2615, 2626, 2632, 2637, 2649, 2655, 2660, 2672, 2678, 2690, 2696, 4270, 4292, 2701, 4310, 4333, 2707, 4356, 2712, 4380, 4396, 4418, 4442, 4464, 4476, 4482, 342, 367, 2724, 2730, 2742, 2747, 2753, 2764, 2771, 2777, 2788, 2794, 2799, 2811, 2817, 2829, 2834, 2840, 2852, 2857, 2864, 2875, 2880, 2893, 2898, 2904, 2915, 2920, 2927, 2938, 2944, 2950, 2961, 2968, 2979, 2984, 2990, 3001, 3007, 3013, 3024, 3030, 3035, 3048, 3053, 3064, 3070, 3075, 3081, 3088, 3093, 392, 411, 434, 3104, 3110, 3121, 3127, 3139, 3144, 3150, 3162, 3168, 3174, 3185, 3191, 3202, 3209, 3215, 3226, 3231, 3237, 3249, 3255, 3261, 3272, 3278, 3289, 3296, 3301, 3312, 3318, 3324, 3336, 3341, 3347, 3358, 3364, 3375, 3382, 3387, 3398, 3404, 3410, 3422, 3427, 3439, 3445, 3551, 3504, 3451, 3597, 3457, 3509, 3556, 3463, 3515, 3469, 3562, 3474, 3520, 3602, 3480, 3527, 3486, 3567, 3492, 3533, 3498, 3574, 3539, 3580, 3545, 3585, 3590, 458, 482, 501, 3614, 3626, 3632, 3638, 3649, 3656, 3660, 3672, 3678, 3684, 3696, 3702, 3713, 3719, 3725, 3736, 3743, 3748, 3760, 3765, 3771, 3783, 3789, 3800, 3806, 3812, 3824, 3829, 3835, 3846, 3851, 3863, 3869, 3875, 3886, 3891, 3897, 3909, 3915, 3920, 3931, 3937, 3949, 3955, 4006, 4052, 3960, 4092, 4012, 3966, 4059, 3971, 4019, 3978, 4098, 4024, 3984, 4064, 3990, 4030, 3995, 4070, 4035, 4001, 4104, 4074, 4041, 4109, 4047, 4080, 4115, 4086, 4121, 525, 4131, 550, 568, 4137, 4150, 4155, 4166, 4172, 4177, 4189, 4195, 4201, 4212, 4218, 4224, 4235, 4240, 4252, 4258, 4264, 4275, 4281, 4287, 4298, 4305, 4316, 4322, 4327, 4338, 4345, 4350, 4362, 4367, 4373, 4385, 4391, 4402, 4407, 4413, 4425, 4431, 4436, 4447, 4453, 4460, 4471, 592, 615, 639, 656, 680, 1321, 697, 710, 733, 757, 779, 797, 820, 842, 866, 884, 906, 929, 948, 971, 994, 1017, 1034, 1057, 1344, 1074, 1086, 1109, 1129, 1154, 1171, 1194, 1217, 1241, 1257, 1281, 1304, 1367, 1391, 1409, 1434, 1486, 1451, 1462, 1510, 1533, 1550, 1574, 1598, 1621, 1639, 1662, 1686, 1703, 1725, 1748, 1772, 1789, 1812, 2511, 1829, 1841, 1857, 1881, 1902, 1920, 1943, 1967, 1989, 2007, 2028, 2053, 2074, 2093, 2116, 2137, 2156, 2178, 2534, 2348, 2360, 2383, 2406, 2429, 2447, 2470, 2494, 2557, 2580, 2597, 2620, 2644, 2665, 2684, 2718, 2736, 2759, 2782, 2805, 2823, 2847, 2869, 2887, 2909, 2933, 2955, 2973, 2996, 3019, 3041, 3059, 3708, 3098, 3116, 3133, 3156, 3180, 3197, 3220, 3243, 3266, 3283, 3307, 3329, 3353, 3371, 3393, 3416, 3433, 3730, 3608, 3620, 3643, 3667, 3690, 3754, 3778, 3795, 3818, 3840, 3858, 3880, 3904, 3926, 3943, 4126]

################################################################
################### jail_ex_download_list: ######################

[1, 1, 1, 1, 1, 0, 1, 1, 0, 1, 1, 1, 1, 1, 1, 1, 1, 1, 0, 1, 1, 1, 1, 0, 1, 1, 1, 1, 1, 1, 1, 0, 1, 1, 1, 1, 1, 1, 1, 1, 1, 1, 1, 1, 1, 1, 1, 1, 1, 1, 1, 1, 1, 1, 1, 1, 1, 1, 1, 1, 0, 1, 1, 1, 1, 1, 2, 1, 2, 1, 1, 1, 1, 1, 1, 1, 1, 1, 1, 1, 0, 1, 0, 1, 1, 0, 1, 1, 0, 1, 0, 1, 1, 0, 1, 0, 1, 0, 1, 1, 1, 1, 1, 1, 1, 0, 1, 1, 1, 1, 1, 0, 1, 1, 1, 1, 0, 0, 1, 1, 1, 1, 1, 1, 0, 1, 1, 1, 0, 1, 1, 1, 0, 1, 1, 1, 1, 1, 1, 1, 1, 1, 0, 1, 1, 1, 0, 1, 1, 1, 1, 1, 1, 1, 1, 0, 0, 1, 1, 1, 1, 0, 0, 1, 1, 1, 0, 1, 1, 0, 0, 1, 1, 1, 1, 1, 1, 1, 1, 1, 0, 1, 1, 1, 1, 1, 1, 1, 1, 0, 1, 1, 0, 1, 1, 0, 1, 1, 1, 0, 1, 1, 0, 1, 1, 0, 1, 1, 1, 1, 1, 1, 1, 1, 1, 1, 1, 1, 1, 0, 1, 0, 1, 1, 1, 0, 0, 1, 1, 1, 0, 1, 1, 1, 1, 0, 1, 0, 1, 2, 1, 0, 1, 1, 0, 1, 0, 1, 0, 0, 1, 1, 1, 0, 1, 1, 0, 0, 1, 0, 1, 0, 1, 1, 1, 1, 0, 1, 0, 1, 1, 1, 0, 1, 1, 1, 1, 1, 0, 1, 1, 0, 1, 1, 1, 0, 0, 0, 1, 1, 1, 1, 1, 1, 0, 0, 1, 1, 1, 1, 0, 0, 1, 1, 0, 1, 1, 1, 1, 1, 1, 0, 1, 1, 0, 1, 1, 1, 1, 0, 1, 0, 1, 0, 1, 0, 1, 0, 1, 1, 0, 1, 0, 1, 1, 0, 1, 0, 1, 1, 1, 0, 1, 1, 0, 1, 0, 1, 0, 1, 0, 1, 0, 1, 1, 1, 1, 1, 0, 1, 0, 0, 1, 1, 1, 0, 0, 1, 1, 0, 1, 1, 0, 1, 1, 0, 1, 1, 0, 1, 1, 1, 1, 1, 1, 0, 1, 0, 1, 0, 1, 0, 1, 1, 1, 1, 0, 0, 1, 0, 1, 1, 1, 1, 1, 1, 1, 0, 1, 0, 0, 1, 1, 1, 1, 1, 1, 1, 1, 0, 1, 1, 1, 1, 1, 0, 1, 1, 1, 1, 1, 1, 1, 0, 0, 1, 1, 1, 0, 1, 1, 1, 1, 1, 0, 1, 1, 1, 1, 1, 0, 1, 0, 1, 0, 1, 1, 1, 0, 1, 0, 1, 1, 1, 1, 0, 1, 1, 1, 1, 0, 1, 1, 0, 0, 0, 1, 0, 1, 1, 1, 1, 1, 0, 0, 1, 1, 1, 1, 1, 0, 1, 1, 0, 1, 1, 1, 0, 1, 1, 1, 0, 1, 1, 0, 1, 1, 0, 1, 0, 1, 1, 1, 1, 1, 1, 1, 1, 0, 1, 1, 1, 0, 1, 1, 1, 1, 1, 1, 0, 0, 1, 0, 1, 1, 1, 1, 0, 0, 1, 1, 1, 1, 1, 1, 1, 1, 0, 1, 1, 1, 0, 1, 0, 0, 1, 0, 1, 1, 1, 1, 1, 0, 0, 1, 0, 1, 0, 1, 1, 1, 1, 0, 0, 1, 1, 0, 1, 1, 1, 1, 1, 0, 1, 1, 1, 1, 0, 1, 1, 1, 0, 1, 1, 0, 1, 1, 1, 1, 1, 1, 1, 0, 1, 0, 1, 1, 1, 1, 0, 1, 1, 1, 0, 0, 1, 0, 1, 0, 1, 1, 1, 0, 0, 1, 1, 1, 1, 1, 1, 1, 1, 0, 0, 1, 1, 1, 1, 1, 1, 1, 1, 1, 0, 1, 0, 1, 0, 0, 1, 0, 0, 1, 1, 1, 1, 1, 0, 1, 1, 0, 1, 1, 1, 1, 1, 1, 1, 1, 1, 1, 1, 1, 0, 0, 1, 1, 1, 1, 1, 1, 0, 1, 1, 0, 1, 0, 1, 1, 1, 1, 1, 1, 1, 0, 1, 1, 1, 1, 1, 1, 1, 1, 1, 1, 1, 1, 1, 1, 1, 1, 0, 1, 1, 1, 0, 1, 1, 1, 1, 0, 1, 1, 1, 0, 1, 1, 1, 0, 1, 1, 0, 1, 1, 1, 0, 0, 0, 1, 1, 0, 0, 1, 0, 1, 1, 1, 1, 1, 0, 0, 1, 1, 1, 1, 1, 1, 0, 0, 1, 0, 0, 1, 1, 1, 1, 0, 1, 0, 1]

################################################################
################################################################
################### process_jail_download_list: ######################

[7, 7, 7, 7, 7, 7, 7, 7, 6, 7, 7, 7, 7, 7, 7, 7, 7, 7, 6, 7, 7, 7, 7, 6, 7, 7, 7, 7, 7, 7, 7, 6, 7, 7, 7, 7, 7, 7, 7, 7, 7, 7, 7, 7, 7, 7, 7, 7, 7, 7, 7, 7, 7, 7, 7, 7, 8, 7, 7, 7, 6, 7, 7, 7, 7, 7, 7, 7, 7, 7, 7, 7, 7, 7, 7, 7, 7, 7, 7, 7, 6, 7, 6, 7, 7, 6, 7, 7, 6, 7, 6, 7, 7, 6, 7, 6, 7, 6, 7, 7, 7, 7, 7, 7, 7, 6, 6, 7, 7, 6, 7, 6, 7, 6, 7, 7, 6, 6, 7, 7, 7, 6, 7, 7, 6, 6, 7, 7, 6, 7, 7, 7, 6, 6, 7, 7, 7, 6, 6, 7, 7, 7, 6, 7, 7, 7, 6, 7, 7, 6, 7, 7, 7, 6, 7, 6, 6, 7, 6, 7, 7, 6, 6, 7, 7, 7, 6, 7, 7, 6, 6, 7, 7, 7, 6, 6, 7, 7, 7, 7, 6, 7, 7, 6, 7, 7, 7, 7, 7, 6, 7, 7, 6, 7, 7, 6, 7, 6, 7, 6, 7, 7, 6, 7, 7, 6, 7, 7, 7, 7, 7, 7, 7, 7, 7, 7, 7, 6, 7, 6, 7, 6, 7, 7, 7, 6, 6, 7, 6, 7, 6, 7, 7, 7, 7, 6, 7, 6, 7, 8, 7, 6, 7, 7, 6, 7, 6, 7, 6, 6, 7, 7, 7, 6, 7, 7, 6, 6, 7, 6, 7, 6, 6, 7, 7, 7, 6, 7, 6, 7, 6, 7, 6, 6, 7, 7, 7, 7, 6, 6, 7, 6, 7, 6, 7, 6, 6, 6, 7, 7, 7, 7, 7, 7, 6, 6, 7, 7, 7, 7, 6, 6, 7, 7, 6, 7, 7, 7, 6, 7, 7, 6, 7, 7, 6, 7, 7, 7, 7, 6, 7, 6, 7, 6, 7, 6, 7, 6, 7, 7, 6, 7, 6, 7, 7, 6, 7, 6, 7, 6, 7, 6, 7, 7, 6, 7, 6, 7, 6, 7, 6, 7, 6, 7, 7, 7, 6, 7, 6, 7, 6, 6, 7, 7, 7, 6, 6, 7, 7, 6, 7, 7, 6, 7, 7, 6, 7, 7, 6, 7, 6, 7, 7, 7, 7, 6, 7, 6, 7, 6, 7, 6, 7, 7, 7, 7, 6, 6, 7, 6, 7, 6, 6, 7, 7, 7, 7, 6, 7, 6, 6, 7, 7, 7, 6, 7, 7, 6, 7, 6, 7, 7, 6, 7, 7, 6, 7, 7, 7, 7, 7, 7, 7, 6, 6, 7, 7, 7, 6, 7, 7, 7, 7, 7, 6, 6, 7, 7, 7, 7, 6, 7, 6, 7, 6, 7, 7, 7, 6, 7, 6, 7, 7, 7, 7, 6, 7, 7, 6, 7, 6, 7, 7, 6, 6, 6, 7, 6, 7, 7, 7, 7, 7, 6, 6, 7, 7, 7, 7, 7, 6, 7, 7, 6, 7, 7, 7, 6, 7, 7, 7, 6, 7, 7, 6, 7, 7, 6, 7, 6, 7, 7, 7, 7, 7, 7, 7, 7, 6, 7, 6, 7, 6, 7, 7, 7, 7, 7, 7, 6, 6, 7, 6, 6, 7, 7, 7, 6, 6, 7, 7, 7, 6, 7, 7, 7, 7, 6, 7, 7, 7, 6, 7, 6, 6, 7, 6, 7, 7, 7, 7, 7, 6, 6, 7, 6, 7, 6, 6, 7, 7, 7, 6, 6, 7, 7, 6, 7, 6, 7, 7, 7, 6, 7, 7, 6, 7, 6, 7, 6, 7, 6, 7, 7, 6, 6, 7, 7, 7, 7, 6, 7, 6, 7, 6, 7, 7, 6, 7, 6, 7, 7, 7, 6, 6, 7, 6, 7, 6, 7, 7, 7, 6, 6, 7, 7, 7, 7, 7, 7, 7, 7, 6, 6, 7, 7, 7, 7, 7, 6, 7, 7, 7, 6, 7, 6, 7, 6, 6, 7, 6, 6, 6, 7, 7, 7, 7, 6, 7, 7, 6, 7, 7, 7, 7, 7, 7, 7, 7, 7, 7, 7, 6, 6, 6, 7, 7, 6, 7, 7, 6, 6, 7, 7, 6, 7, 6, 7, 7, 6, 7, 7, 7, 7, 6, 7, 7, 7, 6, 7, 7, 7, 7, 6, 7, 7, 7, 7, 7, 7, 7, 6, 7, 7, 7, 6, 7, 7, 7, 7, 6, 7, 7, 7, 6, 7, 7, 7, 6, 7, 7, 6, 6, 7, 6, 6, 6, 6, 7, 7, 6, 6, 7, 6, 7, 7, 6, 7, 6, 6, 6, 7, 7, 7, 7, 7, 7, 6, 6, 7, 6, 6, 7, 7, 6, 7, 6, 6, 6, 7]

################################################################
################################################################
################### process_jail_list: ######################

[6, 6, 6, 6, 6, 7, 6, 6, 6, 6, 6, 6, 6, 6, 6, 6, 6, 6, 6, 6, 6, 6, 6, 6, 6, 6, 6, 6, 6, 6, 6, 6, 6, 6, 6, 6, 6, 6, 6, 6, 6, 6, 6, 6, 6, 6, 6, 6, 6, 6, 6, 6, 6, 6, 6, 6, 7, 6, 6, 6, 6, 6, 6, 6, 6, 6, 5, 6, 5, 6, 6, 6, 6, 6, 6, 6, 6, 6, 6, 6, 6, 6, 6, 6, 6, 6, 6, 6, 6, 6, 6, 6, 6, 6, 6, 6, 6, 6, 6, 6, 6, 6, 6, 6, 6, 6, 5, 6, 6, 5, 6, 6, 6, 5, 6, 6, 6, 6, 6, 6, 6, 5, 6, 6, 6, 5, 6, 6, 6, 6, 6, 6, 6, 5, 6, 6, 6, 5, 5, 6, 6, 6, 6, 6, 6, 6, 6, 6, 6, 5, 6, 6, 6, 5, 6, 6, 6, 6, 5, 6, 6, 6, 6, 6, 6, 6, 6, 6, 6, 6, 6, 6, 6, 6, 5, 5, 6, 6, 6, 6, 6, 6, 6, 5, 6, 6, 6, 6, 6, 6, 6, 6, 6, 6, 6, 6, 6, 5, 6, 6, 6, 6, 6, 6, 6, 6, 6, 6, 6, 6, 6, 6, 6, 6, 6, 6, 6, 5, 6, 6, 6, 6, 6, 6, 6, 6, 6, 6, 5, 6, 6, 6, 6, 6, 6, 6, 6, 6, 6, 6, 6, 6, 6, 6, 6, 6, 6, 6, 6, 6, 6, 6, 6, 6, 6, 6, 6, 6, 6, 6, 6, 6, 5, 6, 6, 6, 6, 6, 6, 6, 5, 6, 6, 5, 6, 6, 6, 6, 6, 5, 6, 6, 6, 5, 6, 6, 6, 6, 6, 6, 6, 6, 6, 6, 6, 6, 6, 6, 6, 6, 6, 6, 6, 6, 6, 6, 6, 6, 5, 6, 6, 6, 6, 6, 6, 6, 6, 6, 6, 6, 6, 6, 6, 6, 6, 6, 6, 6, 6, 6, 6, 6, 6, 6, 6, 6, 6, 6, 6, 5, 6, 6, 6, 6, 6, 6, 6, 6, 6, 6, 6, 6, 6, 6, 6, 6, 5, 6, 6, 6, 6, 6, 6, 6, 6, 6, 6, 6, 6, 6, 6, 6, 6, 6, 6, 6, 6, 6, 6, 6, 5, 6, 6, 6, 6, 6, 6, 6, 6, 6, 6, 6, 6, 6, 6, 6, 6, 6, 6, 6, 6, 5, 5, 6, 6, 6, 6, 6, 6, 6, 6, 6, 6, 6, 5, 6, 6, 5, 6, 6, 6, 6, 5, 6, 6, 6, 6, 6, 6, 6, 6, 6, 6, 6, 6, 6, 6, 6, 6, 6, 6, 6, 6, 6, 6, 5, 6, 6, 6, 6, 6, 6, 6, 6, 6, 6, 6, 6, 6, 6, 6, 6, 6, 6, 6, 6, 6, 6, 5, 6, 6, 6, 6, 6, 6, 6, 6, 6, 6, 6, 6, 6, 6, 6, 6, 6, 6, 6, 6, 6, 6, 6, 6, 6, 6, 6, 6, 6, 6, 6, 6, 6, 6, 6, 6, 6, 6, 6, 6, 6, 6, 6, 6, 6, 6, 6, 6, 6, 6, 6, 5, 6, 6, 6, 6, 6, 6, 6, 6, 6, 6, 6, 6, 5, 6, 6, 6, 6, 6, 6, 6, 6, 5, 6, 6, 6, 6, 6, 6, 6, 6, 6, 6, 6, 6, 6, 6, 6, 6, 6, 6, 6, 6, 6, 6, 6, 6, 6, 5, 6, 6, 6, 6, 6, 6, 6, 6, 6, 5, 6, 6, 6, 6, 6, 6, 5, 6, 6, 6, 5, 6, 6, 6, 6, 6, 5, 6, 6, 6, 6, 5, 6, 6, 6, 6, 6, 6, 5, 6, 6, 6, 6, 6, 6, 6, 6, 6, 6, 6, 6, 6, 6, 6, 6, 6, 6, 6, 6, 6, 6, 6, 6, 6, 6, 6, 6, 6, 6, 6, 5, 6, 6, 6, 6, 6, 6, 6, 6, 6, 6, 6, 6, 5, 6, 6, 6, 6, 6, 6, 6, 6, 6, 6, 6, 6, 6, 6, 6, 6, 6, 6, 6, 5, 6, 6, 6, 6, 5, 6, 6, 5, 6, 6, 6, 6, 6, 6, 6, 6, 5, 6, 6, 6, 6, 6, 6, 6, 6, 5, 6, 6, 6, 6, 5, 6, 6, 6, 6, 6, 6, 6, 6, 6, 6, 6, 6, 6, 6, 6, 6, 6, 6, 6, 6, 6, 6, 6, 6, 6, 6, 6, 6, 5, 6, 5, 6, 6, 6, 6, 6, 6, 6, 6, 6, 6, 6, 5, 6, 5, 6, 6, 6, 6, 6, 6, 6, 6, 6, 6, 6, 6, 6, 6, 6, 5, 6, 6, 5, 6, 6]

################################################################
