Numero total de amostras 770

Tempo total de processamento: 0:12:32

############## TEMPOS DE PROCESSAMENTO DO EXERCICIO NO JAIL  ####################
Soma 4710 segundos
Media 6.116883116883117 segundos
Desvio padrão 0.4551017004658502 segundos
Minimo 5 segundos
Maximo 7 segundos

95% 5.0 segundos
99% 5.0 segundos

############## TEMPOS DE PROCESSAMENTO DO EXERCICIO NO JAIL COM DOWNLOAD  ################
Soma 5237 segundos
Media 6.801298701298701 segundos
Desvio padrão 0.5928126894757806 segundos
Minimo 6 segundos
Maximo 10 segundos

95% 6.0 segundos
99% 6.0 segundos

################### TEMPOS DE DOWNLOAD DO EXERCICIO NO JAIL #######################
Soma 527 segundos
Media 0.6844155844155844 segundos
Desvio padrão 0.512585738172557 segundos
Minimo 0 segundos
Maximo 3 segundos

95% 0.0 segundos
99% 0.0 segundos

############################ TEMPOS DE ESPERA NA FILA ############################
Soma 35917
Media 46.64545454545455 segundos
Desvio padrão 25.014754323884485 segundos
Minimo 0 segundos
Maximo 93 segundos

95% 5.0 segundos
99% 5.0 segundos

################### queue_wait_time_list: ######################

[7, 5, 10, 6, 10, 8, 6, 7, 9, 2, 2, 11, 47, 1, 3, 0, 5, 4, 6, 8, 7, 7, 6, 5, 7, 8, 7, 8, 11, 9, 8, 9, 8, 13, 6, 11, 13, 10, 8, 10, 12, 8, 11, 12, 10, 11, 12, 11, 9, 12, 11, 13, 15, 13, 13, 12, 16, 13, 12, 12, 14, 12, 12, 11, 15, 15, 12, 14, 15, 12, 12, 14, 13, 14, 13, 13, 14, 12, 15, 14, 16, 15, 13, 16, 16, 14, 15, 14, 17, 14, 15, 15, 16, 17, 16, 14, 15, 51, 53, 58, 54, 16, 16, 15, 17, 18, 91, 56, 56, 60, 57, 69, 60, 77, 62, 70, 62, 85, 65, 80, 65, 71, 76, 73, 80, 73, 80, 78, 87, 84, 81, 89, 87, 87, 93, 91, 14, 14, 17, 18, 17, 18, 19, 52, 52, 17, 17, 55, 17, 16, 58, 16, 61, 73, 17, 57, 18, 18, 17, 61, 68, 62, 76, 66, 71, 64, 72, 71, 81, 80, 77, 79, 79, 79, 82, 85, 84, 84, 85, 87, 86, 90, 91, 16, 17, 18, 19, 17, 18, 20, 19, 20, 18, 18, 19, 19, 18, 18, 20, 19, 19, 19, 21, 19, 18, 20, 19, 21, 22, 19, 18, 22, 20, 21, 21, 20, 21, 21, 21, 22, 22, 21, 22, 21, 21, 22, 22, 22, 24, 22, 20, 19, 20, 20, 22, 21, 23, 26, 23, 23, 23, 23, 23, 24, 23, 23, 23, 22, 23, 23, 22, 24, 24, 23, 25, 23, 27, 22, 24, 23, 26, 23, 26, 27, 25, 28, 26, 28, 25, 26, 27, 24, 26, 28, 27, 40, 26, 25, 25, 24, 23, 26, 25, 31, 30, 29, 49, 28, 29, 29, 29, 31, 30, 28, 29, 64, 50, 28, 27, 28, 60, 28, 57, 58, 57, 71, 58, 60, 65, 61, 73, 64, 70, 68, 70, 69, 73, 75, 80, 81, 83, 83, 87, 86, 25, 26, 48, 29, 28, 30, 30, 29, 31, 31, 29, 29, 29, 32, 30, 31, 30, 33, 32, 32, 32, 32, 28, 31, 32, 32, 31, 30, 31, 33, 33, 32, 33, 32, 33, 33, 32, 34, 33, 33, 34, 32, 33, 34, 34, 33, 33, 31, 31, 33, 32, 31, 31, 31, 32, 34, 33, 34, 36, 34, 36, 35, 34, 33, 34, 35, 34, 36, 35, 39, 35, 36, 36, 37, 36, 38, 37, 41, 36, 39, 35, 36, 38, 37, 39, 40, 38, 41, 39, 38, 40, 40, 40, 39, 35, 48, 35, 34, 35, 35, 37, 37, 38, 37, 38, 39, 42, 41, 40, 41, 41, 42, 40, 41, 43, 40, 41, 42, 43, 41, 41, 40, 43, 44, 44, 42, 44, 44, 43, 43, 43, 41, 43, 44, 46, 45, 44, 42, 45, 45, 44, 44, 41, 41, 59, 57, 67, 57, 59, 57, 60, 69, 62, 79, 63, 70, 64, 86, 90, 73, 78, 73, 86, 79, 75, 92, 75, 83, 85, 78, 82, 89, 84, 89, 90, 40, 42, 59, 66, 57, 46, 47, 46, 46, 45, 46, 57, 60, 75, 58, 77, 60, 68, 62, 91, 64, 71, 64, 76, 72, 73, 79, 72, 78, 85, 89, 78, 83, 86, 91, 83, 89, 89, 40, 44, 47, 48, 47, 59, 56, 68, 58, 60, 75, 58, 88, 61, 67, 83, 63, 70, 63, 79, 64, 71, 72, 78, 74, 82, 74, 90, 75, 80, 86, 82, 91, 85, 92, 48, 52, 51, 46, 41, 51, 47, 42, 41, 43, 42, 45, 44, 44, 46, 45, 50, 47, 49, 52, 47, 50, 47, 48, 48, 49, 46, 51, 46, 50, 47, 48, 49, 51, 47, 52, 49, 49, 50, 52, 53, 50, 49, 49, 51, 51, 51, 46, 45, 46, 58, 67, 58, 59, 77, 60, 66, 54, 61, 53, 52, 52, 74, 51, 54, 55, 55, 55, 63, 56, 62, 69, 81, 67, 77, 72, 86, 73, 79, 76, 78, 83, 82, 90, 88, 84, 85, 90, 92, 46, 59, 66, 58, 75, 59, 69, 61, 54, 53, 52, 55, 55, 56, 81, 57, 63, 58, 90, 70, 63, 68, 66, 78, 81, 72, 71, 77, 74, 86, 89, 82, 79, 87, 92, 85, 89, 88, 47, 51, 59, 52, 65, 59, 60, 67, 62, 81, 57, 56, 55, 55, 56, 56, 56, 56, 62, 58, 72, 70, 63, 77, 67, 85, 91, 74, 77, 73, 82, 74, 88, 80, 87, 85, 91, 87, 91, 49, 58, 65, 58, 57, 56, 57, 61, 58, 80, 84, 61, 71, 62, 66, 74, 66, 80, 88, 74, 81, 92, 76, 81, 77, 88, 76, 85, 87, 84, 91, 92]

################################################################
################### jail_ex_download_list: ######################

[1, 1, 0, 1, 1, 1, 1, 1, 0, 3, 3, 1, 0, 3, 3, 3, 1, 2, 0, 1, 1, 1, 1, 1, 1, 1, 1, 0, 1, 0, 0, 1, 1, 0, 1, 0, 0, 1, 1, 1, 1, 2, 1, 0, 1, 0, 0, 1, 1, 1, 1, 1, 1, 1, 1, 1, 0, 0, 1, 1, 0, 0, 1, 1, 1, 0, 0, 0, 0, 1, 0, 0, 0, 0, 0, 1, 1, 1, 0, 0, 1, 0, 1, 1, 1, 0, 1, 1, 0, 1, 1, 1, 1, 1, 0, 1, 1, 1, 1, 0, 1, 1, 0, 1, 0, 0, 0, 1, 1, 0, 1, 0, 1, 1, 1, 0, 1, 1, 0, 1, 1, 1, 1, 1, 1, 1, 1, 1, 0, 0, 0, 1, 1, 1, 1, 0, 0, 1, 0, 0, 0, 0, 0, 1, 0, 1, 1, 1, 1, 1, 0, 1, 1, 0, 1, 1, 1, 0, 1, 1, 0, 1, 1, 1, 0, 1, 1, 1, 0, 1, 0, 1, 1, 0, 0, 0, 1, 0, 1, 1, 1, 1, 1, 1, 1, 0, 1, 1, 1, 1, 1, 1, 1, 1, 1, 0, 1, 1, 0, 0, 1, 1, 1, 0, 0, 0, 1, 0, 0, 1, 1, 1, 1, 1, 0, 1, 1, 1, 0, 0, 0, 1, 0, 0, 1, 1, 1, 1, 0, 1, 0, 1, 1, 1, 0, 0, 0, 1, 1, 1, 0, 0, 0, 1, 0, 1, 0, 1, 1, 1, 1, 1, 1, 1, 1, 0, 1, 1, 0, 1, 1, 0, 0, 1, 1, 0, 1, 0, 1, 1, 1, 1, 1, 1, 1, 0, 1, 1, 1, 1, 1, 1, 1, 0, 1, 1, 0, 1, 1, 1, 1, 1, 1, 1, 1, 1, 1, 1, 1, 1, 0, 1, 0, 0, 0, 0, 0, 1, 1, 1, 1, 1, 0, 1, 0, 1, 1, 1, 0, 1, 1, 1, 0, 1, 1, 0, 1, 1, 0, 1, 0, 0, 0, 0, 1, 0, 0, 0, 0, 1, 1, 0, 0, 1, 0, 1, 1, 1, 1, 1, 1, 1, 0, 0, 0, 0, 1, 1, 0, 1, 1, 0, 0, 1, 1, 1, 0, 0, 1, 1, 1, 0, 0, 0, 0, 1, 1, 1, 1, 0, 0, 1, 1, 1, 0, 0, 1, 1, 1, 0, 1, 0, 1, 1, 1, 0, 1, 1, 1, 0, 0, 0, 1, 1, 1, 1, 1, 1, 0, 0, 0, 0, 1, 0, 1, 0, 1, 1, 0, 1, 0, 1, 1, 1, 0, 0, 0, 1, 1, 1, 1, 0, 0, 1, 1, 0, 0, 1, 1, 1, 0, 0, 1, 1, 1, 1, 0, 1, 1, 1, 0, 0, 1, 1, 1, 1, 0, 0, 0, 1, 1, 1, 0, 1, 1, 1, 1, 1, 0, 1, 1, 1, 1, 1, 1, 0, 0, 1, 1, 0, 1, 1, 0, 1, 1, 0, 0, 1, 1, 1, 1, 1, 1, 0, 1, 0, 1, 1, 0, 1, 1, 1, 1, 1, 0, 0, 1, 0, 1, 1, 0, 1, 1, 1, 1, 1, 1, 0, 0, 1, 1, 1, 1, 1, 0, 1, 0, 1, 1, 1, 1, 1, 0, 1, 1, 1, 1, 1, 1, 0, 1, 0, 1, 1, 1, 0, 1, 1, 1, 1, 0, 1, 1, 1, 0, 1, 0, 1, 0, 1, 0, 1, 1, 1, 1, 1, 0, 0, 1, 1, 1, 0, 0, 1, 1, 1, 0, 0, 1, 1, 1, 1, 1, 0, 0, 1, 0, 1, 1, 1, 1, 1, 0, 1, 1, 1, 1, 1, 1, 0, 1, 1, 1, 1, 0, 1, 1, 1, 1, 0, 1, 1, 1, 1, 1, 1, 1, 1, 1, 1, 1, 0, 1, 1, 1, 1, 0, 1, 1, 1, 1, 1, 0, 1, 1, 0, 0, 0, 1, 2, 1, 1, 1, 1, 1, 0, 1, 0, 0, 1, 1, 0, 1, 1, 1, 1, 1, 1, 0, 1, 0, 0, 0, 1, 1, 0, 1, 0, 0, 1, 1, 1, 1, 0, 0, 1, 1, 1, 0, 1, 1, 1, 1, 0, 0, 1, 1, 0, 1, 0, 0, 1, 1, 0, 1, 1, 0, 1, 1, 1, 1, 0, 1, 1, 1, 1, 1, 1, 1, 0, 0, 1, 1, 0, 0, 1, 0, 1, 0, 1, 1, 1, 1, 0, 1, 1, 0, 1, 1, 1, 0, 1, 0, 1, 1, 1, 1, 1, 1, 1, 1, 1, 1, 1, 1, 0, 1, 0, 1, 1, 1, 1, 0, 0, 1, 1, 0, 0, 0, 0, 1, 1, 1, 1, 1, 0, 1, 1, 0, 0]

################################################################
################################################################
################### process_jail_download_list: ######################

[7, 6, 7, 6, 7, 8, 7, 7, 7, 9, 9, 7, 6, 10, 10, 10, 7, 7, 6, 7, 7, 7, 7, 7, 7, 7, 7, 6, 7, 7, 7, 8, 7, 6, 7, 6, 6, 7, 8, 7, 7, 8, 7, 6, 8, 6, 6, 7, 8, 6, 7, 7, 7, 7, 7, 7, 6, 6, 7, 7, 7, 6, 7, 7, 7, 6, 6, 7, 6, 7, 6, 6, 7, 6, 6, 7, 7, 7, 6, 6, 7, 6, 7, 6, 7, 6, 7, 7, 6, 7, 7, 7, 7, 7, 6, 7, 7, 7, 7, 6, 7, 7, 6, 7, 6, 6, 7, 7, 7, 6, 7, 7, 7, 8, 7, 7, 7, 7, 7, 8, 7, 7, 7, 7, 7, 8, 7, 7, 6, 7, 6, 7, 7, 7, 6, 6, 6, 7, 7, 7, 6, 6, 6, 7, 6, 7, 6, 7, 7, 7, 6, 7, 7, 6, 7, 6, 7, 6, 7, 7, 7, 7, 8, 7, 6, 7, 8, 7, 6, 7, 6, 7, 7, 6, 6, 6, 7, 6, 7, 7, 7, 7, 7, 7, 6, 6, 7, 7, 7, 7, 7, 7, 7, 7, 7, 6, 7, 6, 7, 6, 7, 6, 6, 6, 6, 6, 7, 6, 7, 7, 7, 7, 7, 7, 6, 7, 7, 7, 6, 6, 7, 7, 6, 6, 7, 6, 6, 7, 6, 7, 7, 7, 7, 7, 6, 7, 7, 7, 7, 6, 6, 6, 6, 7, 6, 7, 6, 7, 6, 8, 7, 7, 7, 6, 7, 6, 7, 7, 7, 7, 7, 6, 6, 7, 7, 6, 8, 7, 7, 7, 7, 7, 7, 7, 7, 6, 8, 7, 7, 7, 7, 7, 7, 6, 7, 7, 7, 7, 7, 7, 7, 7, 7, 7, 7, 8, 7, 7, 7, 7, 7, 7, 6, 6, 6, 7, 6, 7, 7, 7, 7, 7, 7, 7, 7, 8, 7, 7, 7, 7, 7, 7, 7, 7, 7, 6, 7, 7, 6, 7, 6, 6, 6, 7, 7, 7, 6, 6, 6, 7, 7, 6, 6, 7, 6, 7, 7, 7, 7, 7, 7, 7, 6, 6, 6, 6, 7, 7, 6, 7, 6, 6, 6, 7, 7, 7, 6, 6, 7, 7, 7, 6, 6, 6, 6, 7, 7, 7, 7, 6, 6, 7, 6, 6, 7, 7, 7, 7, 7, 7, 7, 7, 7, 7, 7, 7, 7, 8, 7, 7, 7, 6, 7, 7, 7, 8, 8, 7, 7, 6, 6, 6, 7, 7, 6, 6, 7, 7, 6, 7, 7, 7, 6, 7, 7, 7, 7, 8, 8, 8, 7, 6, 6, 6, 7, 6, 6, 7, 7, 7, 6, 7, 7, 6, 7, 7, 6, 7, 7, 7, 6, 6, 7, 7, 7, 7, 7, 7, 6, 7, 7, 7, 7, 7, 7, 6, 7, 7, 7, 7, 8, 7, 7, 7, 7, 7, 6, 7, 8, 7, 7, 7, 7, 7, 7, 6, 7, 8, 7, 7, 7, 7, 7, 6, 7, 6, 7, 7, 7, 7, 7, 7, 8, 7, 7, 7, 7, 6, 7, 7, 6, 7, 7, 7, 7, 7, 7, 6, 6, 8, 7, 6, 7, 7, 6, 7, 6, 8, 7, 7, 7, 7, 7, 7, 7, 7, 7, 7, 7, 7, 7, 6, 6, 6, 8, 6, 7, 7, 7, 7, 6, 7, 7, 7, 7, 8, 6, 6, 6, 7, 6, 8, 7, 7, 7, 8, 7, 7, 7, 7, 7, 6, 6, 6, 7, 7, 6, 6, 6, 7, 7, 7, 7, 6, 7, 7, 7, 7, 7, 7, 7, 7, 6, 7, 7, 7, 7, 7, 7, 6, 7, 7, 7, 7, 6, 7, 8, 7, 7, 6, 7, 7, 7, 7, 8, 7, 7, 7, 6, 6, 7, 6, 6, 8, 7, 7, 6, 7, 7, 7, 7, 8, 7, 8, 7, 7, 6, 7, 7, 8, 7, 7, 8, 7, 7, 6, 7, 7, 6, 7, 7, 6, 7, 7, 8, 7, 7, 7, 7, 7, 6, 6, 6, 8, 7, 7, 7, 7, 7, 8, 8, 8, 7, 7, 6, 7, 7, 7, 6, 7, 7, 7, 7, 6, 6, 8, 7, 7, 7, 7, 6, 8, 7, 6, 7, 7, 6, 7, 7, 7, 6, 6, 7, 8, 7, 7, 7, 7, 7, 6, 6, 7, 7, 6, 6, 7, 6, 7, 6, 7, 8, 7, 7, 7, 6, 7, 6, 7, 7, 6, 7, 8, 6, 7, 7, 6, 7, 7, 7, 7, 7, 7, 7, 7, 7, 6, 7, 6, 6, 7, 7, 6, 7, 6, 7, 7, 6, 6, 6, 6, 7, 8, 7, 7, 7, 7, 7, 7, 6, 6]

################################################################
################################################################
################### process_jail_list: ######################

[6, 5, 7, 5, 6, 7, 6, 6, 7, 6, 6, 6, 6, 7, 7, 7, 6, 5, 6, 6, 6, 6, 6, 6, 6, 6, 6, 6, 6, 7, 7, 7, 6, 6, 6, 6, 6, 6, 7, 6, 6, 6, 6, 6, 7, 6, 6, 6, 7, 5, 6, 6, 6, 6, 6, 6, 6, 6, 6, 6, 7, 6, 6, 6, 6, 6, 6, 7, 6, 6, 6, 6, 7, 6, 6, 6, 6, 6, 6, 6, 6, 6, 6, 5, 6, 6, 6, 6, 6, 6, 6, 6, 6, 6, 6, 6, 6, 6, 6, 6, 6, 6, 6, 6, 6, 6, 7, 6, 6, 6, 6, 7, 6, 7, 6, 7, 6, 6, 7, 7, 6, 6, 6, 6, 6, 7, 6, 6, 6, 7, 6, 6, 6, 6, 5, 6, 6, 6, 7, 7, 6, 6, 6, 6, 6, 6, 5, 6, 6, 6, 6, 6, 6, 6, 6, 5, 6, 6, 6, 6, 7, 6, 7, 6, 6, 6, 7, 6, 6, 6, 6, 6, 6, 6, 6, 6, 6, 6, 6, 6, 6, 6, 6, 6, 5, 6, 6, 6, 6, 6, 6, 6, 6, 6, 6, 6, 6, 5, 7, 6, 6, 5, 5, 6, 6, 6, 6, 6, 7, 6, 6, 6, 6, 6, 6, 6, 6, 6, 6, 6, 7, 6, 6, 6, 6, 5, 5, 6, 6, 6, 7, 6, 6, 6, 6, 7, 7, 6, 6, 5, 6, 6, 6, 6, 6, 6, 6, 6, 5, 7, 6, 6, 6, 5, 6, 6, 6, 6, 7, 6, 6, 6, 6, 6, 6, 6, 7, 7, 6, 6, 6, 6, 6, 6, 6, 6, 7, 6, 6, 6, 6, 6, 6, 6, 6, 6, 7, 6, 6, 6, 6, 6, 6, 6, 6, 7, 6, 6, 6, 6, 7, 6, 6, 6, 6, 7, 6, 6, 6, 6, 6, 6, 7, 6, 7, 7, 6, 6, 7, 6, 6, 6, 7, 6, 6, 6, 6, 6, 6, 6, 6, 6, 6, 7, 6, 7, 6, 6, 6, 6, 6, 6, 6, 6, 6, 6, 6, 6, 6, 6, 6, 6, 6, 6, 6, 6, 6, 6, 6, 6, 5, 6, 6, 6, 6, 6, 6, 6, 6, 6, 6, 6, 6, 6, 6, 6, 6, 6, 6, 6, 6, 6, 5, 5, 7, 7, 6, 6, 6, 7, 6, 7, 6, 6, 6, 7, 6, 7, 6, 7, 7, 6, 6, 6, 6, 7, 7, 6, 7, 6, 6, 6, 6, 7, 5, 6, 6, 6, 6, 6, 7, 6, 5, 6, 7, 7, 7, 7, 7, 7, 6, 6, 6, 5, 6, 6, 6, 6, 6, 6, 6, 7, 6, 5, 6, 6, 6, 6, 6, 6, 6, 6, 6, 6, 6, 6, 7, 7, 6, 6, 6, 6, 7, 6, 6, 5, 6, 6, 7, 6, 7, 6, 6, 6, 6, 7, 6, 6, 7, 7, 6, 6, 7, 6, 6, 6, 7, 7, 6, 6, 6, 6, 6, 6, 6, 6, 6, 6, 7, 6, 6, 6, 7, 6, 7, 7, 6, 6, 6, 6, 6, 6, 6, 6, 6, 6, 6, 6, 6, 7, 6, 5, 6, 6, 6, 6, 6, 7, 6, 6, 6, 6, 7, 6, 6, 6, 6, 6, 6, 7, 6, 6, 5, 5, 7, 6, 6, 6, 6, 6, 6, 6, 6, 6, 7, 7, 6, 5, 6, 6, 6, 7, 6, 6, 6, 7, 7, 7, 6, 6, 6, 6, 6, 5, 6, 6, 6, 6, 5, 6, 6, 6, 6, 6, 7, 6, 7, 6, 6, 6, 6, 6, 6, 6, 6, 6, 6, 6, 6, 6, 6, 6, 6, 6, 6, 6, 7, 6, 6, 6, 6, 6, 6, 6, 7, 6, 6, 6, 5, 5, 6, 6, 5, 7, 6, 6, 6, 6, 6, 6, 6, 7, 7, 7, 6, 7, 6, 7, 6, 6, 6, 6, 7, 6, 6, 6, 6, 7, 6, 6, 6, 6, 6, 6, 7, 6, 6, 6, 7, 6, 6, 6, 6, 7, 6, 7, 6, 7, 7, 7, 7, 7, 6, 7, 6, 6, 6, 6, 6, 6, 6, 6, 6, 6, 6, 7, 6, 7, 6, 7, 6, 7, 6, 6, 6, 6, 6, 6, 6, 6, 5, 6, 6, 7, 6, 6, 6, 6, 6, 6, 6, 6, 6, 6, 6, 6, 6, 6, 6, 6, 7, 6, 6, 7, 5, 6, 6, 6, 6, 5, 7, 7, 6, 6, 6, 5, 6, 6, 6, 6, 6, 6, 6, 6, 6, 6, 6, 6, 5, 6, 6, 5, 7, 6, 6, 6, 6, 6, 6, 6, 6, 7, 6, 6, 6, 7, 6, 6, 6, 6]

################################################################
Numero total de amostras 770

Tempo total de processamento: 0:12:07

############## TEMPOS DE PROCESSAMENTO DO EXERCICIO NO JAIL  ####################
Soma 4556 segundos
Media 5.916883116883117 segundos
Desvio padrão 0.47356141619621583 segundos
Minimo 5 segundos
Maximo 7 segundos

95% 5.0 segundos
99% 5.0 segundos

############## TEMPOS DE PROCESSAMENTO DO EXERCICIO NO JAIL COM DOWNLOAD  ################
Soma 5081 segundos
Media 6.5987012987012985 segundos
Desvio padrão 0.6595932446893856 segundos
Minimo 6 segundos
Maximo 11 segundos

95% 6.0 segundos
99% 6.0 segundos

################### TEMPOS DE DOWNLOAD DO EXERCICIO NO JAIL #######################
Soma 525 segundos
Media 0.6818181818181818 segundos
Desvio padrão 0.5641283985574843 segundos
Minimo 0 segundos
Maximo 4 segundos

95% 0.0 segundos
99% 0.0 segundos

############################ TEMPOS DE ESPERA NA FILA ############################
Soma 29947
Media 38.89220779220779 segundos
Desvio padrão 17.39062492797179 segundos
Minimo 2 segundos
Maximo 72 segundos

95% 7.0 segundos
99% 7.0 segundos

################### queue_wait_time_list: ######################

[11, 11, 11, 11, 10, 10, 9, 8, 5, 7, 8, 6, 4, 8, 6, 2, 2, 2, 10, 12, 9, 11, 9, 10, 10, 11, 11, 7, 7, 8, 7, 11, 12, 11, 11, 12, 13, 10, 7, 11, 11, 12, 12, 11, 10, 12, 12, 10, 9, 10, 9, 13, 15, 14, 13, 15, 13, 14, 12, 13, 14, 13, 15, 12, 12, 13, 13, 14, 16, 13, 14, 14, 15, 14, 15, 13, 14, 15, 14, 14, 14, 15, 16, 17, 13, 12, 14, 18, 15, 13, 16, 15, 17, 15, 14, 15, 16, 16, 17, 16, 19, 17, 18, 16, 17, 17, 16, 18, 16, 16, 18, 15, 19, 17, 20, 17, 16, 20, 17, 19, 18, 18, 17, 17, 20, 19, 19, 18, 21, 20, 20, 19, 17, 21, 20, 18, 18, 19, 21, 20, 20, 18, 18, 19, 18, 18, 18, 19, 19, 19, 21, 18, 22, 20, 21, 22, 19, 20, 23, 19, 21, 23, 24, 21, 21, 23, 22, 23, 23, 22, 23, 22, 24, 21, 23, 22, 21, 22, 22, 22, 24, 20, 22, 24, 24, 24, 23, 21, 22, 22, 35, 36, 46, 41, 36, 23, 23, 24, 23, 24, 25, 25, 38, 38, 38, 49, 48, 38, 38, 43, 39, 45, 40, 45, 41, 41, 46, 46, 46, 49, 46, 50, 50, 51, 51, 51, 51, 53, 53, 54, 56, 57, 58, 58, 59, 24, 35, 37, 45, 39, 39, 26, 25, 25, 24, 24, 25, 24, 27, 38, 41, 49, 38, 45, 45, 39, 40, 41, 46, 40, 41, 46, 46, 45, 50, 50, 48, 50, 50, 51, 51, 51, 53, 53, 54, 53, 52, 54, 54, 55, 57, 57, 24, 22, 23, 25, 20, 22, 39, 25, 29, 26, 33, 33, 25, 28, 26, 28, 26, 26, 25, 33, 25, 25, 28, 27, 25, 26, 25, 27, 27, 33, 26, 33, 31, 28, 27, 26, 27, 31, 32, 28, 27, 30, 33, 32, 28, 29, 30, 27, 28, 30, 45, 48, 38, 44, 38, 32, 33, 38, 33, 32, 33, 32, 32, 34, 34, 45, 39, 45, 40, 45, 40, 41, 45, 40, 44, 45, 49, 49, 48, 49, 48, 49, 51, 51, 52, 53, 53, 54, 53, 55, 56, 59, 57, 60, 28, 34, 30, 36, 29, 34, 28, 35, 30, 34, 37, 32, 29, 31, 33, 35, 31, 31, 32, 34, 33, 35, 33, 34, 34, 34, 34, 34, 35, 35, 34, 34, 34, 35, 34, 35, 34, 33, 35, 35, 34, 36, 35, 36, 36, 35, 36, 33, 44, 49, 48, 45, 35, 36, 35, 38, 45, 38, 52, 39, 43, 39, 48, 44, 39, 39, 49, 40, 44, 44, 48, 45, 48, 47, 51, 50, 53, 53, 52, 53, 54, 52, 54, 53, 54, 53, 54, 55, 55, 55, 54, 55, 57, 58, 35, 35, 35, 44, 39, 43, 44, 43, 37, 36, 36, 37, 37, 36, 50, 48, 35, 38, 43, 36, 47, 39, 44, 41, 44, 48, 52, 44, 47, 48, 50, 47, 48, 52, 52, 52, 52, 52, 53, 54, 54, 56, 58, 56, 59, 59, 59, 34, 35, 47, 52, 36, 44, 38, 54, 37, 44, 39, 47, 40, 43, 51, 40, 42, 45, 42, 45, 42, 47, 42, 43, 46, 50, 47, 51, 52, 50, 51, 52, 54, 52, 54, 54, 54, 55, 57, 57, 57, 59, 62, 58, 60, 62, 59, 34, 43, 38, 40, 44, 46, 40, 37, 37, 41, 37, 44, 51, 38, 37, 36, 36, 37, 37, 37, 34, 41, 37, 41, 46, 46, 42, 48, 47, 47, 46, 46, 50, 52, 51, 52, 51, 52, 52, 54, 53, 56, 56, 55, 58, 59, 60, 35, 36, 43, 39, 46, 39, 47, 41, 38, 37, 41, 37, 36, 37, 37, 37, 38, 46, 51, 38, 42, 38, 39, 42, 46, 46, 44, 46, 51, 45, 49, 49, 51, 51, 51, 51, 52, 52, 54, 54, 54, 55, 55, 56, 57, 58, 60, 61, 60, 63, 55, 55, 55, 61, 55, 56, 60, 55, 56, 59, 55, 58, 57, 57, 58, 58, 58, 57, 58, 65, 66, 61, 62, 58, 61, 63, 63, 61, 64, 63, 65, 70, 62, 64, 66, 63, 64, 64, 67, 64, 63, 65, 67, 64, 65, 63, 66, 68, 67, 66, 66, 66, 67, 67, 67, 67, 67, 60, 61, 59, 69, 69, 68, 68, 61, 59, 61, 58, 67, 71, 71, 70, 70, 69, 68, 69, 60, 59, 58, 61, 62, 63, 65, 64, 63, 65, 66, 64, 67, 67, 67, 69, 72, 72, 70, 71, 71, 71, 69, 72, 71, 71, 71, 69, 72, 70, 69, 72, 72]

################################################################
################### jail_ex_download_list: ######################

[0, 1, 1, 0, 1, 1, 0, 1, 3, 3, 0, 4, 3, 2, 1, 4, 3, 4, 1, 0, 1, 0, 0, 0, 1, 1, 1, 1, 1, 1, 1, 0, 0, 1, 0, 1, 0, 1, 1, 1, 0, 1, 1, 1, 1, 1, 1, 1, 1, 1, 1, 1, 0, 0, 1, 0, 1, 0, 1, 0, 0, 1, 1, 1, 0, 1, 0, 0, 1, 0, 1, 1, 1, 0, 0, 1, 0, 1, 1, 0, 1, 1, 0, 1, 1, 1, 1, 0, 1, 1, 1, 1, 0, 1, 1, 1, 1, 0, 0, 1, 1, 0, 1, 0, 1, 0, 1, 1, 0, 1, 0, 1, 0, 0, 0, 1, 1, 1, 0, 0, 1, 0, 1, 1, 0, 1, 0, 1, 0, 0, 1, 1, 1, 1, 0, 1, 1, 0, 1, 1, 0, 1, 1, 1, 0, 1, 1, 1, 1, 1, 1, 1, 1, 1, 1, 1, 1, 0, 0, 1, 0, 1, 0, 1, 1, 1, 2, 0, 0, 1, 0, 1, 1, 1, 1, 1, 1, 1, 1, 1, 1, 1, 0, 1, 0, 0, 1, 1, 1, 1, 1, 0, 0, 0, 0, 0, 0, 0, 0, 0, 1, 1, 0, 1, 1, 1, 1, 1, 1, 1, 1, 1, 0, 1, 0, 1, 0, 0, 0, 1, 1, 1, 1, 1, 0, 1, 1, 0, 1, 1, 0, 1, 0, 0, 1, 0, 1, 1, 1, 0, 0, 1, 1, 1, 1, 1, 0, 1, 1, 1, 1, 0, 1, 1, 1, 1, 0, 0, 0, 1, 1, 0, 1, 1, 0, 1, 1, 1, 1, 0, 0, 1, 0, 0, 1, 1, 1, 1, 0, 2, 1, 0, 1, 1, 1, 1, 1, 1, 1, 0, 1, 1, 0, 0, 1, 2, 0, 0, 0, 1, 1, 1, 1, 1, 0, 0, 1, 1, 1, 0, 1, 1, 1, 0, 2, 0, 1, 1, 1, 2, 0, 1, 1, 2, 0, 1, 1, 1, 1, 0, 0, 1, 0, 1, 1, 1, 1, 1, 1, 0, 1, 0, 1, 1, 1, 0, 0, 0, 0, 0, 0, 1, 0, 1, 1, 0, 1, 0, 1, 1, 0, 1, 0, 1, 0, 0, 1, 0, 0, 0, 1, 1, 1, 1, 1, 1, 1, 1, 2, 0, 2, 1, 0, 1, 1, 1, 0, 1, 1, 1, 0, 0, 1, 1, 1, 1, 1, 0, 1, 1, 0, 0, 0, 1, 0, 0, 1, 1, 0, 0, 1, 1, 1, 1, 1, 0, 1, 1, 1, 0, 0, 0, 0, 1, 1, 1, 0, 1, 1, 0, 1, 0, 0, 0, 1, 0, 1, 1, 1, 1, 1, 1, 1, 1, 1, 1, 1, 1, 1, 1, 0, 0, 0, 0, 1, 1, 0, 1, 1, 0, 1, 1, 1, 1, 0, 1, 1, 1, 1, 1, 0, 0, 1, 1, 1, 1, 0, 1, 0, 1, 0, 1, 0, 1, 1, 0, 1, 0, 1, 1, 1, 1, 1, 0, 0, 0, 1, 1, 1, 0, 1, 1, 0, 0, 0, 0, 1, 1, 0, 1, 1, 1, 0, 1, 0, 0, 1, 1, 1, 0, 0, 1, 0, 0, 1, 1, 0, 0, 1, 0, 1, 1, 1, 1, 1, 1, 1, 1, 1, 1, 1, 1, 0, 0, 1, 1, 1, 1, 1, 1, 1, 1, 1, 0, 0, 0, 0, 1, 1, 1, 1, 0, 0, 1, 1, 1, 1, 1, 1, 1, 0, 1, 0, 1, 1, 1, 1, 0, 0, 0, 1, 1, 1, 0, 1, 1, 0, 1, 1, 1, 1, 1, 0, 0, 1, 1, 0, 1, 1, 0, 1, 0, 0, 0, 1, 0, 0, 1, 1, 1, 1, 0, 1, 1, 0, 0, 0, 1, 1, 0, 1, 0, 1, 1, 1, 1, 0, 1, 1, 0, 1, 0, 0, 1, 1, 1, 0, 1, 0, 0, 1, 0, 1, 0, 1, 1, 1, 0, 1, 0, 1, 0, 1, 0, 0, 1, 1, 0, 1, 1, 1, 0, 1, 1, 1, 0, 1, 1, 1, 0, 1, 0, 0, 0, 0, 1, 1, 1, 1, 1, 1, 0, 0, 0, 0, 1, 1, 1, 1, 0, 1, 0, 1, 1, 0, 1, 1, 1, 1, 1, 1, 1, 1, 0, 0, 1, 1, 1, 1, 0, 1, 1, 1, 0, 0, 1, 0, 0, 1, 1, 0, 1, 1, 1, 1, 1, 1, 1, 0, 1, 1, 1, 1, 1, 1, 1, 1, 1, 1, 0, 1, 1, 0, 0, 1, 1, 1, 0, 1, 1, 1, 1, 0, 1, 1, 0, 0, 1, 1, 1, 0, 0, 0, 0, 0, 0, 0, 1, 1, 1]

################################################################
################################################################
################### process_jail_download_list: ######################

[6, 7, 7, 6, 7, 7, 6, 7, 10, 10, 6, 10, 10, 8, 7, 11, 10, 11, 6, 6, 7, 6, 6, 6, 7, 6, 7, 7, 7, 7, 7, 6, 6, 7, 6, 7, 6, 7, 7, 7, 6, 7, 6, 7, 7, 6, 6, 7, 7, 7, 7, 6, 6, 6, 7, 6, 7, 6, 7, 6, 6, 6, 6, 7, 6, 8, 7, 6, 7, 6, 7, 7, 7, 6, 6, 7, 6, 6, 7, 6, 7, 7, 7, 6, 7, 7, 7, 6, 6, 7, 6, 7, 7, 7, 7, 7, 7, 6, 7, 7, 7, 6, 7, 7, 7, 6, 7, 7, 6, 6, 6, 7, 6, 6, 6, 7, 7, 7, 6, 6, 7, 6, 7, 6, 6, 7, 6, 6, 6, 6, 7, 7, 7, 7, 6, 7, 6, 6, 7, 7, 6, 6, 7, 7, 6, 7, 7, 7, 7, 7, 7, 6, 6, 8, 7, 7, 8, 6, 6, 6, 7, 7, 6, 6, 7, 6, 8, 6, 6, 6, 6, 7, 6, 7, 6, 7, 6, 6, 7, 7, 7, 7, 6, 7, 6, 6, 7, 7, 6, 7, 7, 6, 6, 7, 6, 6, 6, 6, 6, 6, 7, 6, 6, 6, 7, 7, 7, 7, 7, 6, 7, 7, 6, 7, 6, 7, 6, 6, 6, 6, 7, 7, 7, 6, 6, 6, 7, 6, 7, 7, 6, 7, 7, 6, 7, 6, 7, 6, 6, 6, 6, 7, 7, 7, 7, 7, 6, 6, 7, 7, 7, 6, 7, 6, 7, 7, 7, 6, 6, 7, 7, 6, 6, 7, 6, 6, 6, 6, 7, 6, 6, 6, 6, 6, 7, 6, 7, 6, 6, 8, 7, 6, 6, 7, 7, 7, 7, 7, 7, 6, 7, 7, 6, 6, 7, 8, 7, 7, 7, 7, 7, 6, 7, 6, 6, 7, 7, 7, 7, 6, 7, 6, 6, 6, 8, 6, 7, 7, 7, 7, 7, 8, 8, 8, 6, 7, 7, 7, 7, 7, 7, 7, 6, 7, 7, 7, 6, 7, 7, 6, 6, 6, 7, 8, 8, 6, 6, 6, 6, 6, 6, 7, 6, 6, 7, 6, 7, 6, 7, 7, 6, 7, 6, 7, 6, 6, 7, 6, 6, 6, 7, 7, 7, 7, 7, 8, 7, 7, 8, 6, 8, 6, 7, 7, 7, 7, 6, 7, 7, 7, 6, 6, 7, 7, 7, 6, 6, 6, 7, 7, 6, 6, 6, 7, 6, 6, 7, 6, 6, 6, 7, 7, 6, 6, 7, 6, 6, 7, 6, 6, 6, 6, 6, 7, 7, 7, 6, 6, 7, 6, 7, 6, 6, 6, 7, 6, 7, 7, 7, 7, 7, 6, 7, 7, 7, 6, 7, 6, 7, 7, 6, 6, 6, 6, 6, 6, 6, 7, 6, 6, 7, 7, 7, 7, 6, 6, 6, 7, 7, 7, 6, 6, 7, 6, 7, 7, 6, 7, 6, 7, 6, 7, 6, 7, 6, 6, 7, 6, 7, 7, 6, 7, 7, 6, 6, 6, 7, 6, 8, 6, 7, 7, 6, 6, 6, 6, 7, 7, 6, 7, 7, 7, 6, 7, 6, 6, 7, 7, 6, 6, 6, 6, 6, 6, 6, 7, 6, 6, 6, 6, 7, 7, 7, 7, 7, 7, 8, 7, 7, 7, 7, 7, 6, 6, 7, 6, 6, 7, 7, 6, 7, 7, 6, 6, 6, 6, 6, 6, 7, 7, 7, 7, 6, 7, 7, 7, 6, 7, 7, 7, 6, 6, 6, 7, 7, 6, 6, 6, 6, 6, 6, 6, 6, 6, 7, 7, 6, 7, 6, 7, 7, 7, 6, 6, 7, 6, 6, 6, 6, 6, 7, 6, 6, 6, 7, 7, 6, 7, 7, 7, 8, 6, 7, 7, 7, 6, 7, 7, 6, 6, 6, 6, 6, 7, 7, 7, 6, 6, 7, 6, 6, 6, 6, 7, 7, 6, 6, 6, 6, 6, 6, 6, 7, 6, 6, 6, 7, 6, 7, 6, 6, 6, 7, 7, 6, 7, 7, 6, 8, 8, 7, 6, 7, 6, 7, 6, 6, 7, 7, 6, 7, 6, 6, 6, 6, 7, 6, 7, 7, 7, 7, 7, 6, 6, 6, 7, 7, 7, 7, 6, 7, 7, 7, 7, 6, 6, 6, 7, 7, 7, 7, 6, 7, 7, 7, 7, 8, 7, 7, 7, 8, 7, 7, 7, 6, 7, 7, 7, 7, 6, 6, 7, 7, 7, 7, 7, 7, 6, 6, 7, 7, 7, 7, 7, 7, 6, 7, 6, 8, 6, 7, 7, 6, 6, 7, 7, 7, 7, 8, 7, 6, 7, 7, 6, 6, 7, 7, 7, 7, 7, 6, 6, 6, 6, 6, 6, 6, 7, 6, 6]

################################################################
################################################################
################### process_jail_list: ######################

[6, 6, 6, 6, 6, 6, 6, 6, 7, 7, 6, 6, 7, 6, 6, 7, 7, 7, 5, 6, 6, 6, 6, 6, 6, 5, 6, 6, 6, 6, 6, 6, 6, 6, 6, 6, 6, 6, 6, 6, 6, 6, 5, 6, 6, 5, 5, 6, 6, 6, 6, 5, 6, 6, 6, 6, 6, 6, 6, 6, 6, 5, 5, 6, 6, 7, 7, 6, 6, 6, 6, 6, 6, 6, 6, 6, 6, 5, 6, 6, 6, 6, 7, 5, 6, 6, 6, 6, 5, 6, 5, 6, 7, 6, 6, 6, 6, 6, 7, 6, 6, 6, 6, 7, 6, 6, 6, 6, 6, 5, 6, 6, 6, 6, 6, 6, 6, 6, 6, 6, 6, 6, 6, 5, 6, 6, 6, 5, 6, 6, 6, 6, 6, 6, 6, 6, 5, 6, 6, 6, 6, 5, 6, 6, 6, 6, 6, 6, 6, 6, 6, 5, 5, 7, 6, 6, 7, 6, 6, 5, 7, 6, 6, 5, 6, 5, 6, 6, 6, 5, 6, 6, 5, 6, 5, 6, 5, 5, 6, 6, 6, 6, 6, 6, 6, 6, 6, 6, 5, 6, 6, 6, 6, 7, 6, 6, 6, 6, 6, 6, 6, 5, 6, 5, 6, 6, 6, 6, 6, 5, 6, 6, 6, 6, 6, 6, 6, 6, 6, 5, 6, 6, 6, 5, 6, 5, 6, 6, 6, 6, 6, 6, 7, 6, 6, 6, 6, 5, 5, 6, 6, 6, 6, 6, 6, 6, 6, 5, 6, 6, 6, 6, 6, 5, 6, 6, 7, 6, 6, 6, 6, 6, 5, 6, 6, 5, 5, 5, 6, 6, 6, 5, 6, 6, 6, 5, 6, 5, 6, 6, 6, 6, 5, 6, 6, 6, 6, 6, 6, 6, 6, 6, 6, 6, 6, 6, 7, 7, 7, 6, 6, 5, 6, 5, 6, 7, 6, 6, 6, 6, 6, 5, 5, 6, 6, 6, 6, 6, 6, 5, 7, 7, 7, 6, 6, 6, 6, 6, 6, 7, 7, 6, 6, 6, 6, 6, 5, 6, 6, 6, 5, 6, 6, 7, 7, 6, 6, 6, 6, 6, 6, 6, 6, 5, 6, 6, 6, 6, 6, 6, 6, 6, 6, 6, 6, 6, 6, 6, 6, 6, 6, 6, 6, 6, 6, 7, 6, 6, 6, 6, 6, 5, 7, 6, 6, 6, 6, 6, 6, 6, 6, 6, 6, 6, 6, 5, 5, 6, 6, 6, 6, 6, 6, 6, 6, 6, 6, 5, 6, 6, 6, 6, 5, 5, 6, 6, 5, 6, 5, 6, 6, 6, 6, 6, 6, 6, 6, 5, 6, 6, 6, 6, 6, 6, 6, 6, 6, 6, 6, 6, 6, 5, 6, 6, 6, 5, 6, 5, 6, 6, 6, 6, 6, 6, 5, 5, 6, 6, 5, 6, 6, 6, 6, 6, 6, 5, 5, 6, 6, 6, 6, 6, 6, 5, 6, 6, 6, 6, 6, 6, 6, 6, 6, 6, 5, 6, 6, 6, 6, 6, 5, 6, 6, 6, 6, 6, 6, 5, 7, 6, 6, 6, 6, 6, 6, 6, 6, 6, 6, 6, 6, 6, 6, 6, 6, 6, 6, 6, 5, 6, 6, 5, 6, 6, 5, 6, 6, 6, 5, 6, 6, 6, 6, 6, 6, 6, 7, 6, 6, 6, 6, 6, 6, 6, 6, 5, 5, 6, 6, 5, 6, 6, 5, 6, 6, 6, 6, 5, 6, 6, 6, 7, 6, 6, 6, 6, 5, 6, 6, 6, 6, 5, 6, 6, 6, 5, 5, 6, 6, 6, 5, 5, 5, 6, 6, 6, 6, 6, 5, 6, 6, 6, 6, 6, 6, 5, 6, 5, 5, 6, 6, 6, 6, 6, 6, 7, 6, 6, 6, 6, 7, 6, 6, 6, 7, 6, 7, 6, 5, 6, 5, 6, 5, 6, 6, 6, 6, 5, 6, 6, 5, 6, 6, 6, 6, 5, 6, 5, 6, 6, 5, 6, 6, 6, 5, 5, 6, 6, 6, 6, 5, 6, 6, 7, 6, 6, 6, 6, 7, 7, 6, 6, 6, 5, 6, 6, 5, 6, 6, 6, 6, 6, 6, 6, 6, 6, 5, 6, 6, 6, 6, 7, 6, 6, 6, 6, 6, 6, 6, 6, 6, 7, 6, 6, 6, 5, 5, 6, 6, 6, 6, 5, 6, 7, 7, 6, 7, 6, 6, 7, 7, 6, 6, 7, 6, 6, 7, 7, 6, 5, 6, 6, 6, 6, 6, 6, 6, 5, 6, 6, 6, 6, 6, 6, 6, 5, 6, 5, 7, 6, 6, 6, 6, 6, 6, 6, 6, 7, 7, 6, 5, 6, 7, 5, 5, 7, 7, 6, 6, 6, 6, 6, 6, 6, 6, 6, 6, 6, 5, 5]

################################################################
