Numero total de amostras 770

Tempo total de processamento: 0:16:21

############## TEMPOS DE PROCESSAMENTO DO EXERCICIO NO JAIL  ####################
Soma 4455 segundos
Media 5.785714285714286 segundos
Desvio padr達o 0.4553332690456678 segundos
Minimo 5 segundos
Maximo 7 segundos

95% 5.0 segundos
99% 5.0 segundos

############## TEMPOS DE PROCESSAMENTO DO EXERCICIO NO JAIL COM DOWNLOAD  ################
Soma 4897 segundos
Media 6.35974025974026 segundos
Desvio padr達o 0.523911299189199 segundos
Minimo 6 segundos
Maximo 9 segundos

95% 6.0 segundos
99% 6.0 segundos

################### TEMPOS DE DOWNLOAD DO EXERCICIO NO JAIL #######################
Soma 442 segundos
Media 0.574025974025974 segundos
Desvio padr達o 0.5048858936028181 segundos
Minimo 0 segundos
Maximo 2 segundos

95% 0.0 segundos
99% 0.0 segundos

############################ TEMPOS DE ESPERA NA FILA ############################
Soma 124956
Media 162.28051948051947 segundos
Desvio padr達o 90.70335127324499 segundos
Minimo 3 segundos
Maximo 324 segundos

95% 8.305499999999999 segundos
99% 8.6131 segundos

################### queue_wait_time_list: ######################

[12, 11, 8, 7, 9, 14, 18, 320, 4, 3, 5, 6, 16, 4, 10, 287, 7, 13, 22, 12, 13, 11, 14, 15, 17, 15, 14, 16, 20, 18, 18, 16, 18, 20, 20, 20, 24, 24, 24, 19, 26, 24, 22, 26, 26, 26, 27, 25, 19, 22, 22, 21, 24, 30, 31, 28, 28, 30, 31, 34, 28, 29, 35, 27, 31, 30, 37, 34, 36, 32, 39, 33, 36, 33, 39, 39, 37, 35, 44, 40, 39, 42, 43, 45, 42, 45, 44, 42, 45, 47, 47, 47, 47, 49, 48, 32, 32, 35, 37, 38, 41, 41, 43, 54, 53, 48, 51, 299, 62, 63, 51, 50, 57, 49, 56, 53, 52, 53, 51, 55, 53, 58, 55, 54, 60, 57, 60, 55, 56, 58, 56, 61, 59, 59, 57, 62, 305, 62, 221, 280, 289, 313, 40, 179, 45, 48, 49, 64, 67, 67, 65, 67, 64, 69, 68, 67, 70, 71, 70, 71, 81, 73, 73, 76, 72, 75, 75, 75, 77, 78, 78, 74, 74, 83, 79, 78, 81, 81, 82, 84, 83, 84, 86, 81, 86, 87, 82, 88, 87, 85, 90, 65, 63, 97, 93, 91, 97, 96, 92, 180, 94, 91, 182, 88, 91, 88, 94, 189, 89, 95, 89, 88, 92, 195, 196, 95, 92, 94, 95, 93, 221, 229, 231, 96, 96, 240, 236, 282, 295, 302, 288, 308, 312, 319, 66, 65, 69, 68, 70, 72, 73, 76, 76, 99, 101, 101, 100, 102, 100, 99, 102, 102, 105, 102, 104, 104, 105, 106, 107, 107, 104, 108, 107, 108, 110, 110, 109, 110, 111, 113, 112, 112, 114, 113, 114, 115, 115, 117, 116, 115, 118, 79, 86, 118, 210, 227, 274, 301, 281, 307, 289, 294, 315, 79, 83, 121, 121, 121, 118, 123, 119, 238, 118, 123, 120, 273, 301, 120, 123, 120, 282, 121, 307, 288, 121, 123, 123, 124, 125, 125, 296, 314, 320, 85, 86, 97, 98, 99, 126, 129, 127, 127, 129, 130, 131, 129, 131, 128, 135, 131, 135, 130, 133, 135, 137, 137, 133, 136, 134, 140, 136, 140, 136, 139, 141, 141, 142, 139, 142, 139, 146, 142, 147, 141, 145, 146, 148, 144, 147, 145, 101, 103, 240, 255, 147, 148, 273, 150, 149, 302, 274, 150, 275, 150, 309, 281, 150, 151, 152, 152, 152, 288, 314, 293, 295, 319, 104, 105, 106, 108, 110, 111, 111, 113, 115, 117, 154, 154, 155, 155, 155, 152, 158, 159, 159, 155, 157, 162, 157, 161, 161, 160, 158, 163, 162, 165, 163, 163, 165, 170, 165, 167, 165, 167, 167, 170, 167, 168, 172, 169, 169, 174, 172, 180, 179, 185, 179, 189, 125, 125, 126, 128, 129, 186, 132, 133, 184, 173, 183, 178, 173, 175, 176, 175, 175, 182, 176, 177, 185, 192, 190, 194, 183, 188, 187, 188, 190, 186, 193, 191, 190, 189, 276, 196, 191, 197, 193, 196, 192, 195, 197, 210, 211, 218, 240, 246, 250, 251, 259, 302, 271, 275, 308, 279, 282, 321, 290, 295, 131, 138, 181, 188, 194, 243, 244, 254, 272, 274, 305, 197, 198, 283, 311, 199, 290, 198, 298, 199, 316, 198, 199, 202, 201, 202, 322, 134, 141, 183, 191, 206, 247, 255, 258, 280, 201, 202, 282, 303, 292, 203, 202, 310, 297, 203, 315, 204, 203, 206, 205, 205, 321, 138, 304, 309, 206, 207, 208, 207, 273, 317, 276, 323, 285, 291, 298, 139, 144, 144, 143, 146, 148, 207, 152, 214, 211, 215, 210, 212, 213, 217, 217, 211, 221, 212, 214, 215, 213, 225, 221, 219, 218, 216, 223, 218, 222, 229, 219, 222, 224, 224, 228, 223, 226, 225, 228, 226, 231, 228, 229, 230, 277, 232, 304, 276, 311, 284, 290, 317, 297, 322, 153, 160, 195, 231, 303, 277, 310, 284, 296, 316, 323, 154, 300, 306, 314, 318, 232, 232, 232, 324, 234, 233, 234, 234, 235, 276, 286, 293, 155, 157, 300, 306, 313, 235, 235, 236, 237, 318, 278, 285, 323, 292, 158, 161, 164, 163, 165, 168, 237, 169, 171, 171, 238, 177, 244, 239, 239, 240, 241, 244, 242, 241, 242, 249, 246, 245, 243, 245, 248, 247, 254, 246, 248, 249, 250, 249, 250, 252, 252, 252, 254, 253, 259, 256, 257, 256, 255, 258, 173, 172, 178, 210, 216, 216, 260, 266, 300, 279, 263, 263, 258, 306, 287, 259, 294, 312, 262, 261, 264, 262, 261, 263, 264, 266, 265, 266, 174, 270, 208, 218, 220, 224, 226, 300, 269, 270, 270, 269, 272, 265, 306, 278, 268, 286, 267, 320, 268, 268, 268, 293]

################################################################
################### jail_ex_download_list: ######################

[1, 1, 1, 1, 1, 1, 1, 0, 2, 2, 2, 2, 1, 1, 1, 0, 1, 0, 1, 1, 0, 0, 0, 0, 0, 1, 1, 1, 1, 0, 1, 1, 0, 1, 1, 0, 0, 0, 0, 1, 1, 0, 0, 1, 0, 0, 1, 1, 0, 1, 1, 1, 1, 0, 1, 1, 0, 0, 0, 0, 1, 1, 1, 1, 1, 0, 1, 0, 1, 1, 1, 1, 0, 1, 1, 0, 1, 1, 0, 1, 0, 0, 0, 1, 1, 0, 1, 0, 1, 0, 0, 1, 0, 1, 1, 0, 1, 0, 0, 0, 0, 1, 0, 1, 1, 1, 0, 1, 0, 0, 0, 1, 1, 1, 0, 1, 0, 0, 0, 1, 0, 1, 0, 1, 1, 1, 1, 1, 1, 1, 1, 1, 1, 1, 0, 1, 1, 1, 0, 0, 0, 1, 1, 1, 1, 0, 0, 1, 0, 0, 0, 0, 1, 1, 0, 1, 1, 1, 1, 1, 0, 0, 0, 0, 1, 0, 1, 1, 1, 1, 1, 1, 0, 0, 0, 1, 1, 0, 0, 0, 1, 0, 1, 1, 0, 1, 1, 1, 1, 0, 0, 0, 1, 1, 1, 0, 0, 1, 0, 1, 0, 1, 1, 1, 0, 1, 1, 0, 1, 0, 1, 1, 0, 1, 1, 0, 1, 0, 1, 1, 1, 0, 1, 1, 1, 0, 1, 1, 1, 1, 0, 1, 1, 0, 1, 1, 1, 1, 1, 0, 0, 1, 1, 1, 0, 0, 0, 0, 0, 1, 0, 0, 1, 1, 0, 0, 0, 1, 1, 1, 1, 1, 1, 0, 0, 0, 1, 1, 0, 1, 1, 0, 1, 0, 1, 1, 1, 1, 0, 1, 0, 1, 1, 0, 0, 0, 0, 1, 1, 1, 1, 1, 0, 1, 1, 1, 0, 1, 0, 1, 0, 0, 1, 0, 1, 1, 1, 0, 1, 0, 1, 0, 0, 1, 0, 1, 1, 1, 0, 1, 0, 1, 1, 1, 1, 1, 1, 0, 1, 0, 0, 1, 0, 1, 1, 0, 1, 1, 0, 0, 0, 1, 1, 1, 0, 0, 0, 1, 0, 1, 1, 1, 0, 1, 0, 1, 1, 0, 0, 1, 0, 0, 0, 1, 0, 1, 1, 1, 1, 0, 1, 0, 1, 1, 1, 1, 0, 1, 1, 0, 0, 1, 1, 0, 1, 1, 0, 1, 0, 1, 0, 1, 1, 0, 1, 1, 1, 1, 1, 1, 0, 0, 1, 1, 1, 1, 0, 0, 1, 1, 0, 0, 0, 0, 1, 1, 1, 0, 1, 0, 0, 0, 1, 1, 0, 1, 1, 0, 1, 1, 1, 0, 1, 1, 1, 1, 0, 1, 0, 1, 0, 0, 0, 1, 0, 1, 1, 1, 1, 1, 1, 0, 0, 0, 1, 1, 1, 1, 1, 1, 1, 0, 1, 1, 0, 1, 0, 0, 1, 0, 1, 0, 1, 0, 1, 0, 1, 1, 1, 0, 0, 0, 1, 0, 0, 1, 1, 0, 1, 0, 1, 0, 1, 1, 0, 0, 0, 1, 1, 0, 0, 1, 1, 0, 1, 0, 1, 1, 1, 1, 1, 1, 0, 0, 0, 1, 0, 1, 0, 0, 0, 1, 1, 1, 1, 1, 1, 1, 0, 1, 1, 0, 0, 0, 1, 1, 0, 1, 0, 0, 1, 0, 1, 0, 1, 0, 1, 0, 0, 1, 1, 1, 1, 0, 0, 1, 1, 0, 0, 0, 1, 0, 0, 1, 0, 1, 1, 1, 0, 1, 0, 0, 0, 0, 0, 0, 1, 0, 1, 1, 0, 1, 0, 1, 0, 0, 0, 1, 1, 0, 1, 1, 0, 1, 0, 1, 1, 0, 0, 1, 0, 0, 0, 0, 1, 0, 0, 1, 1, 0, 0, 1, 1, 1, 1, 0, 0, 0, 1, 1, 0, 0, 1, 0, 0, 0, 1, 1, 1, 0, 1, 0, 0, 0, 1, 1, 0, 1, 1, 1, 0, 1, 0, 1, 0, 0, 0, 1, 1, 0, 1, 1, 1, 0, 0, 1, 1, 1, 1, 1, 0, 1, 0, 1, 1, 1, 1, 0, 1, 1, 0, 1, 1, 0, 1, 1, 1, 0, 0, 0, 1, 0, 0, 0, 1, 0, 1, 0, 0, 0, 0, 1, 1, 0, 0, 0, 1, 1, 1, 1, 1, 1, 0, 0, 0, 1, 1, 1, 0, 0, 0, 0, 1, 1, 0, 1, 1, 0, 1, 1, 0, 0, 1, 0, 1, 1, 1, 1, 1, 1, 1, 0, 0, 0, 1, 0, 0, 0, 1, 0, 1, 0, 0, 0, 0, 0, 1, 1, 1, 1, 0, 0, 1, 1, 1, 1, 1, 1, 0, 1, 1, 1, 1, 0, 1, 0, 1, 0, 0, 1]

################################################################
################################################################
################### process_jail_download_list: ######################

[7, 7, 8, 8, 8, 6, 6, 6, 9, 9, 9, 9, 7, 7, 7, 6, 7, 6, 7, 6, 6, 6, 6, 6, 6, 7, 7, 6, 6, 6, 6, 7, 6, 6, 6, 6, 6, 6, 6, 6, 6, 6, 6, 6, 6, 6, 7, 6, 6, 7, 7, 7, 6, 6, 7, 7, 6, 6, 6, 6, 7, 6, 6, 7, 6, 6, 6, 6, 6, 6, 7, 7, 6, 6, 6, 6, 7, 7, 6, 7, 6, 6, 6, 7, 7, 6, 7, 6, 6, 6, 6, 6, 6, 7, 7, 6, 7, 6, 6, 6, 6, 7, 6, 6, 7, 6, 6, 7, 6, 6, 6, 7, 7, 7, 6, 6, 6, 6, 6, 7, 6, 7, 6, 6, 6, 7, 6, 6, 7, 7, 7, 6, 7, 6, 6, 7, 7, 7, 6, 6, 6, 7, 6, 8, 7, 6, 6, 7, 6, 6, 6, 6, 7, 6, 6, 7, 6, 7, 7, 7, 6, 6, 6, 6, 7, 6, 6, 7, 6, 7, 6, 7, 6, 6, 6, 7, 6, 6, 6, 6, 6, 6, 6, 6, 6, 6, 7, 6, 6, 6, 6, 6, 7, 6, 6, 6, 6, 7, 6, 8, 6, 6, 6, 7, 6, 7, 6, 6, 7, 6, 6, 7, 6, 6, 6, 6, 6, 6, 6, 7, 7, 6, 6, 6, 6, 6, 6, 6, 7, 7, 6, 7, 7, 6, 6, 6, 6, 7, 7, 6, 6, 6, 6, 7, 6, 6, 6, 6, 6, 6, 6, 6, 6, 6, 6, 6, 6, 6, 7, 6, 6, 7, 6, 6, 6, 6, 7, 6, 6, 6, 6, 6, 6, 6, 6, 7, 6, 6, 6, 7, 6, 7, 6, 6, 6, 6, 6, 7, 6, 7, 7, 7, 6, 7, 7, 6, 6, 6, 6, 6, 6, 6, 7, 6, 6, 6, 7, 6, 6, 6, 7, 6, 6, 7, 6, 6, 6, 6, 6, 7, 6, 7, 7, 6, 6, 7, 7, 6, 7, 6, 6, 7, 6, 6, 6, 6, 6, 6, 6, 6, 6, 6, 7, 6, 6, 6, 6, 7, 6, 6, 7, 6, 6, 6, 6, 6, 7, 6, 6, 6, 6, 6, 6, 7, 6, 6, 6, 6, 6, 6, 6, 6, 7, 7, 7, 7, 6, 6, 7, 6, 6, 6, 7, 6, 7, 7, 6, 7, 6, 6, 6, 6, 7, 6, 6, 7, 6, 6, 7, 6, 6, 6, 6, 7, 6, 7, 6, 6, 7, 6, 6, 6, 6, 6, 7, 6, 7, 6, 6, 6, 6, 6, 7, 6, 6, 6, 6, 6, 7, 6, 6, 6, 7, 7, 6, 7, 6, 6, 6, 7, 6, 6, 6, 7, 6, 7, 7, 7, 6, 7, 6, 6, 6, 6, 7, 6, 7, 6, 7, 7, 7, 6, 6, 6, 6, 7, 7, 6, 7, 6, 6, 6, 7, 6, 7, 6, 7, 7, 7, 6, 6, 6, 6, 6, 6, 6, 6, 6, 7, 6, 6, 6, 7, 7, 6, 6, 6, 7, 7, 6, 6, 6, 7, 6, 6, 6, 7, 6, 7, 6, 7, 6, 6, 6, 6, 7, 6, 7, 6, 6, 6, 7, 7, 7, 7, 7, 7, 7, 7, 7, 7, 6, 6, 6, 7, 6, 6, 7, 6, 6, 7, 6, 7, 6, 6, 6, 7, 6, 6, 7, 7, 7, 7, 6, 7, 7, 7, 6, 6, 6, 7, 6, 6, 7, 6, 7, 7, 7, 6, 6, 6, 6, 7, 6, 6, 6, 7, 6, 6, 6, 6, 7, 6, 6, 6, 6, 6, 7, 7, 6, 6, 6, 6, 7, 6, 6, 7, 6, 6, 7, 6, 6, 6, 6, 7, 6, 6, 7, 6, 6, 6, 7, 7, 7, 7, 6, 6, 6, 7, 6, 6, 6, 6, 6, 6, 7, 7, 7, 7, 6, 6, 6, 6, 6, 6, 7, 6, 7, 7, 7, 6, 6, 6, 6, 6, 6, 6, 7, 7, 6, 6, 6, 6, 6, 6, 7, 7, 6, 6, 7, 6, 6, 6, 7, 7, 7, 6, 6, 7, 7, 6, 6, 6, 6, 6, 6, 7, 6, 6, 6, 6, 6, 6, 6, 7, 6, 7, 6, 6, 6, 6, 6, 7, 6, 6, 6, 7, 7, 6, 7, 6, 7, 6, 6, 7, 7, 7, 7, 6, 6, 6, 6, 7, 7, 6, 7, 7, 6, 6, 7, 6, 6, 7, 6, 7, 7, 6, 7, 7, 7, 7, 6, 6, 6, 7, 6, 6, 6, 7, 6, 7, 6, 6, 6, 6, 6, 7, 7, 7, 7, 6, 6, 7, 7, 7, 7, 7, 7, 6, 7, 7, 7, 6, 6, 6, 6, 6, 6, 6, 7]

################################################################
################################################################
################### process_jail_list: ######################

[6, 6, 7, 7, 7, 5, 5, 6, 7, 7, 7, 7, 6, 6, 6, 6, 6, 6, 6, 5, 6, 6, 6, 6, 6, 6, 6, 5, 5, 6, 5, 6, 6, 5, 5, 6, 6, 6, 6, 5, 5, 6, 6, 5, 6, 6, 6, 5, 6, 6, 6, 6, 5, 6, 6, 6, 6, 6, 6, 6, 6, 5, 5, 6, 5, 6, 5, 6, 5, 5, 6, 6, 6, 5, 5, 6, 6, 6, 6, 6, 6, 6, 6, 6, 6, 6, 6, 6, 5, 6, 6, 5, 6, 6, 6, 6, 6, 6, 6, 6, 6, 6, 6, 5, 6, 5, 6, 6, 6, 6, 6, 6, 6, 6, 6, 5, 6, 6, 6, 6, 6, 6, 6, 5, 5, 6, 5, 5, 6, 6, 6, 5, 6, 5, 6, 6, 6, 6, 6, 6, 6, 6, 5, 7, 6, 6, 6, 6, 6, 6, 6, 6, 6, 5, 6, 6, 5, 6, 6, 6, 6, 6, 6, 6, 6, 6, 5, 6, 5, 6, 5, 6, 6, 6, 6, 6, 5, 6, 6, 6, 5, 6, 5, 5, 6, 5, 6, 5, 5, 6, 6, 6, 6, 5, 5, 6, 6, 6, 6, 7, 6, 5, 5, 6, 6, 6, 5, 6, 6, 6, 5, 6, 6, 5, 5, 6, 5, 6, 5, 6, 6, 6, 5, 5, 5, 6, 5, 5, 6, 6, 6, 6, 6, 6, 5, 5, 5, 6, 6, 6, 6, 5, 5, 6, 6, 6, 6, 6, 6, 5, 6, 6, 5, 5, 6, 6, 6, 5, 6, 5, 5, 6, 5, 6, 6, 6, 6, 5, 6, 5, 5, 6, 5, 6, 5, 6, 5, 5, 6, 6, 6, 6, 5, 6, 6, 6, 6, 6, 5, 6, 6, 6, 6, 6, 6, 5, 6, 5, 6, 5, 6, 6, 6, 6, 5, 5, 6, 6, 5, 6, 6, 6, 6, 6, 6, 5, 5, 5, 6, 6, 6, 6, 6, 5, 5, 6, 6, 6, 6, 6, 6, 6, 6, 5, 5, 6, 5, 5, 6, 6, 6, 5, 6, 5, 6, 6, 6, 6, 6, 5, 6, 5, 6, 5, 6, 5, 6, 6, 6, 5, 6, 6, 6, 6, 6, 5, 5, 5, 5, 6, 5, 6, 6, 6, 6, 6, 6, 5, 6, 6, 6, 5, 6, 6, 6, 6, 6, 6, 6, 5, 6, 5, 6, 6, 5, 6, 5, 5, 6, 5, 6, 6, 5, 6, 5, 6, 6, 6, 6, 5, 6, 6, 6, 6, 6, 5, 6, 6, 5, 6, 6, 6, 6, 5, 6, 5, 5, 6, 6, 5, 5, 6, 6, 6, 5, 6, 6, 5, 6, 6, 6, 6, 6, 6, 6, 6, 6, 6, 5, 6, 5, 6, 6, 6, 6, 5, 6, 5, 6, 6, 6, 6, 5, 5, 6, 6, 7, 6, 6, 6, 5, 6, 6, 6, 6, 6, 6, 6, 6, 6, 6, 6, 5, 6, 6, 5, 5, 6, 6, 6, 5, 6, 6, 6, 6, 6, 6, 6, 6, 6, 6, 5, 6, 6, 5, 6, 6, 5, 6, 5, 6, 5, 6, 6, 6, 6, 6, 6, 6, 6, 6, 6, 6, 6, 6, 6, 6, 6, 7, 6, 6, 6, 6, 6, 6, 5, 6, 6, 6, 6, 6, 6, 6, 6, 5, 6, 6, 6, 6, 6, 6, 6, 6, 6, 7, 6, 6, 6, 6, 6, 6, 6, 6, 6, 6, 6, 6, 6, 6, 5, 6, 6, 7, 6, 6, 6, 6, 6, 5, 5, 6, 6, 6, 5, 6, 6, 6, 6, 6, 6, 5, 5, 6, 6, 6, 5, 6, 6, 6, 6, 6, 6, 6, 6, 6, 6, 6, 6, 5, 6, 6, 6, 6, 6, 6, 6, 6, 6, 6, 5, 6, 6, 5, 6, 6, 7, 6, 6, 6, 6, 5, 6, 6, 6, 5, 6, 6, 6, 6, 6, 6, 5, 6, 5, 6, 6, 6, 6, 6, 6, 5, 5, 5, 6, 6, 6, 6, 5, 5, 6, 6, 5, 6, 6, 6, 6, 5, 6, 6, 6, 6, 5, 5, 6, 5, 5, 6, 6, 6, 6, 5, 6, 6, 6, 6, 6, 6, 6, 6, 6, 6, 5, 6, 6, 6, 6, 6, 6, 5, 6, 5, 6, 6, 6, 7, 6, 6, 6, 6, 6, 6, 6, 6, 6, 6, 6, 6, 6, 5, 6, 6, 6, 6, 6, 6, 6, 5, 6, 6, 6, 6, 6, 6, 6, 6, 6, 6, 6, 6, 6, 6, 6, 6, 6, 6, 6, 6, 6, 6, 6, 6, 6, 6, 6, 6, 6, 6, 6, 6, 6, 6, 6, 5, 6, 5, 6, 5, 6, 6, 6]

################################################################
