Numero total de amostras 770

Tempo total de processamento: 0:29:12

############## TEMPOS DE PROCESSAMENTO DO EXERCICIO NO JAIL  ####################
Soma 4924 segundos
Media 6.394805194805195 segundos
Desvio padr達o 1.4378822905688267 segundos
Minimo 5 segundos
Maximo 35 segundos

95% 5.0 segundos
99% 5.0 segundos

############## TEMPOS DE PROCESSAMENTO DO EXERCICIO NO JAIL COM DOWNLOAD  ################
Soma 7049 segundos
Media 9.154545454545454 segundos
Desvio padr達o 6.015845860455955 segundos
Minimo 6 segundos
Maximo 67 segundos

95% 6.0 segundos
99% 6.0 segundos

################### TEMPOS DE DOWNLOAD DO EXERCICIO NO JAIL #######################
Soma 2125 segundos
Media 2.75974025974026 segundos
Desvio padr達o 5.544454576954493 segundos
Minimo 0 segundos
Maximo 60 segundos

95% 0.0 segundos
99% 0.0 segundos

############################ TEMPOS DE ESPERA NA FILA ############################
Soma 554863
Media 720.6012987012987 segundos
Desvio padr達o 279.0292695131939 segundos
Minimo 6 segundos
Maximo 1108 segundos

95% 29.527499999999996 segundos
99% 31.065499999999997 segundos

################### queue_wait_time_list: ######################

[883, 33, 27, 28, 28, 9, 44, 8, 7, 6, 39, 28, 45, 47, 55, 39, 66, 62, 52, 56, 76, 115, 75, 65, 71, 134, 141, 107, 149, 144, 153, 157, 153, 156, 163, 165, 172, 174, 183, 193, 167, 177, 185, 188, 189, 198, 201, 202, 888, 892, 38, 47, 50, 60, 70, 216, 210, 215, 226, 220, 229, 225, 240, 234, 303, 253, 312, 236, 325, 357, 278, 387, 337, 317, 324, 327, 368, 338, 341, 377, 349, 349, 361, 360, 370, 386, 367, 370, 394, 381, 390, 390, 407, 409, 400, 402, 81, 420, 424, 391, 441, 391, 434, 443, 419, 448, 461, 434, 469, 465, 456, 461, 476, 481, 492, 516, 470, 485, 499, 480, 498, 505, 526, 512, 532, 516, 514, 540, 522, 517, 536, 528, 523, 545, 536, 532, 548, 556, 544, 542, 563, 556, 549, 897, 126, 148, 159, 570, 587, 580, 573, 565, 597, 572, 597, 592, 579, 580, 605, 586, 586, 592, 601, 591, 597, 606, 601, 614, 608, 600, 612, 610, 605, 612, 615, 609, 619, 635, 615, 619, 622, 622, 629, 625, 622, 625, 626, 630, 630, 634, 160, 169, 179, 194, 197, 673, 639, 643, 643, 643, 645, 645, 647, 649, 648, 652, 651, 653, 656, 656, 665, 660, 669, 664, 660, 660, 660, 674, 669, 669, 677, 683, 676, 674, 676, 680, 680, 686, 681, 683, 685, 690, 690, 686, 759, 694, 689, 900, 905, 999, 1005, 1009, 1011, 694, 694, 698, 697, 697, 697, 206, 207, 710, 905, 711, 911, 711, 702, 710, 702, 914, 702, 1019, 702, 714, 1022, 715, 707, 1027, 706, 707, 716, 706, 715, 718, 718, 212, 912, 222, 231, 718, 722, 721, 724, 735, 724, 726, 727, 718, 746, 727, 731, 723, 730, 730, 744, 735, 735, 739, 739, 739, 729, 751, 743, 719, 748, 746, 726, 718, 727, 733, 750, 734, 739, 757, 735, 741, 749, 742, 748, 748, 751, 758, 751, 772, 780, 918, 774, 781, 792, 775, 763, 931, 783, 764, 775, 766, 774, 766, 790, 785, 791, 769, 792, 793, 771, 777, 786, 772, 935, 938, 779, 787, 969, 780, 1036, 1041, 1046, 789, 1076, 1082, 791, 1085, 1092, 242, 919, 303, 796, 806, 800, 802, 802, 812, 808, 814, 809, 814, 829, 812, 817, 819, 817, 821, 823, 842, 834, 824, 824, 829, 828, 835, 839, 839, 835, 847, 843, 850, 843, 847, 853, 847, 850, 857, 851, 854, 858, 855, 862, 858, 860, 861, 864, 330, 922, 935, 943, 864, 946, 950, 864, 864, 1039, 866, 1066, 868, 1073, 868, 1076, 868, 870, 871, 872, 1079, 884, 888, 892, 337, 887, 891, 348, 351, 357, 874, 874, 878, 882, 879, 879, 879, 883, 882, 884, 888, 892, 895, 895, 894, 895, 897, 898, 898, 901, 902, 902, 905, 909, 905, 908, 908, 909, 911, 911, 915, 918, 916, 915, 922, 918, 922, 922, 376, 380, 394, 399, 403, 925, 925, 929, 925, 928, 929, 928, 932, 933, 932, 935, 936, 938, 942, 939, 939, 942, 942, 945, 946, 948, 952, 950, 949, 955, 952, 953, 956, 956, 960, 959, 959, 963, 961, 962, 962, 965, 966, 966, 966, 967, 968, 405, 924, 965, 965, 966, 981, 981, 968, 982, 985, 969, 956, 1040, 957, 970, 959, 1060, 973, 961, 1064, 962, 1067, 963, 975, 1094, 965, 976, 976, 979, 385, 411, 415, 427, 985, 987, 991, 994, 990, 993, 994, 995, 998, 998, 1002, 1005, 1002, 1002, 1007, 1005, 1007, 1011, 1009, 1013, 1010, 1010, 1017, 1014, 1014, 1015, 1019, 1019, 1021, 1022, 1022, 1025, 1030, 1026, 1028, 1030, 1033, 1032, 1029, 1033, 1036, 1036, 1038, 448, 454, 464, 474, 946, 1039, 1046, 1042, 1043, 1043, 1049, 1046, 1049, 1053, 1049, 1056, 1053, 1053, 1059, 1056, 1057, 1058, 1059, 1061, 1062, 1063, 1064, 1066, 1067, 1078, 1069, 1070, 1071, 1072, 1074, 1071, 1074, 1081, 1078, 1079, 1085, 1082, 1083, 1086, 1085, 1088, 1089, 953, 956, 960, 1047, 1050, 1053, 1089, 1089, 1091, 1091, 487, 493, 506, 516, 522, 527, 540, 544, 621, 555, 555, 626, 563, 565, 571, 581, 586, 591, 596, 600, 604, 608, 613, 618, 618, 631, 635, 639, 635, 640, 640, 644, 647, 652, 655, 1091, 1095, 1098, 1096, 1098, 1102, 1098, 1100, 1100, 1102, 1104, 1105, 1106, 656, 985, 991, 1025, 1033, 1036, 1094, 1098, 664, 664, 668, 673, 677, 682, 687, 690, 695, 719, 826, 724, 723, 727, 730, 735, 741, 744, 749, 748, 719, 727, 734, 741, 750, 753, 758, 793, 795, 797, 803, 810, 812, 817, 830, 853, 835, 839, 839, 843, 848, 851, 857, 861, 875, 871, 875, 883, 885, 989, 997, 1002, 1004, 1104, 1108]

################################################################
################### jail_ex_download_list: ######################

[1, 8, 3, 8, 8, 14, 5, 16, 17, 18, 7, 6, 4, 6, 6, 7, 6, 5, 6, 6, 46, 24, 37, 6, 10, 10, 7, 30, 6, 6, 5, 6, 6, 6, 6, 5, 6, 7, 6, 5, 5, 6, 5, 6, 6, 5, 5, 6, 1, 1, 6, 6, 6, 6, 7, 6, 6, 6, 6, 5, 8, 6, 60, 10, 17, 56, 11, 11, 8, 7, 35, 6, 7, 9, 9, 8, 6, 7, 7, 6, 5, 7, 6, 7, 6, 6, 6, 7, 5, 6, 7, 5, 6, 23, 5, 5, 48, 9, 9, 22, 6, 23, 7, 6, 9, 7, 6, 7, 6, 6, 6, 6, 6, 6, 7, 3, 6, 6, 8, 6, 8, 7, 2, 4, 2, 2, 2, 2, 3, 2, 2, 2, 2, 2, 2, 3, 3, 3, 2, 2, 3, 3, 2, 1, 16, 6, 6, 3, 2, 2, 3, 3, 2, 3, 1, 2, 2, 2, 1, 2, 2, 2, 2, 2, 1, 1, 1, 1, 1, 2, 1, 1, 1, 1, 1, 1, 0, 1, 1, 0, 1, 1, 2, 2, 0, 2, 2, 2, 2, 2, 6, 5, 6, 5, 6, 0, 1, 1, 0, 1, 1, 1, 1, 1, 1, 1, 1, 1, 1, 1, 1, 1, 1, 2, 1, 2, 1, 1, 1, 2, 2, 1, 1, 0, 1, 0, 1, 1, 1, 1, 2, 1, 2, 1, 2, 1, 2, 1, 1, 0, 1, 1, 0, 1, 1, 2, 2, 2, 2, 6, 6, 1, 1, 1, 0, 1, 2, 2, 2, 1, 2, 1, 2, 1, 1, 1, 1, 0, 2, 2, 1, 1, 1, 0, 1, 5, 1, 6, 8, 2, 0, 1, 1, 2, 1, 2, 1, 1, 2, 1, 2, 1, 2, 2, 2, 2, 2, 2, 3, 3, 1, 1, 3, 2, 2, 1, 2, 2, 2, 0, 1, 1, 1, 1, 1, 2, 1, 2, 1, 2, 2, 1, 2, 2, 1, 1, 1, 1, 0, 1, 1, 1, 1, 1, 1, 1, 1, 1, 1, 0, 1, 1, 1, 1, 1, 0, 0, 1, 1, 1, 0, 1, 1, 1, 0, 1, 1, 1, 0, 1, 0, 1, 0, 58, 1, 18, 1, 0, 0, 1, 1, 0, 1, 1, 1, 1, 1, 2, 0, 1, 2, 1, 2, 1, 1, 1, 1, 1, 2, 1, 1, 1, 1, 1, 1, 0, 1, 1, 1, 1, 1, 1, 1, 1, 1, 1, 0, 0, 1, 1, 0, 8, 1, 0, 1, 1, 1, 1, 1, 1, 1, 1, 0, 0, 0, 1, 1, 1, 1, 1, 0, 0, 1, 1, 1, 9, 1, 0, 4, 6, 6, 0, 1, 0, 1, 1, 1, 1, 0, 0, 1, 1, 0, 1, 0, 1, 1, 1, 0, 0, 1, 0, 1, 1, 1, 1, 1, 1, 1, 0, 1, 0, 1, 0, 1, 1, 1, 1, 1, 6, 6, 5, 5, 4, 0, 1, 0, 1, 1, 0, 1, 1, 0, 1, 1, 0, 1, 1, 1, 1, 0, 1, 1, 0, 1, 1, 0, 0, 1, 1, 0, 1, 1, 1, 0, 1, 1, 1, 0, 1, 1, 1, 1, 1, 0, 1, 7, 0, 1, 1, 1, 0, 0, 1, 1, 1, 1, 1, 0, 1, 1, 1, 1, 1, 1, 1, 1, 1, 1, 0, 1, 0, 1, 1, 1, 25, 8, 7, 9, 1, 0, 1, 0, 1, 1, 0, 0, 1, 1, 1, 1, 1, 1, 1, 1, 1, 1, 0, 0, 1, 1, 1, 1, 1, 1, 0, 1, 1, 0, 1, 1, 0, 0, 1, 0, 1, 1, 1, 1, 1, 1, 1, 7, 6, 6, 6, 1, 0, 1, 1, 0, 0, 1, 1, 1, 0, 1, 0, 0, 2, 1, 0, 0, 1, 1, 0, 1, 1, 1, 0, 1, 1, 1, 0, 1, 1, 1, 1, 1, 1, 1, 0, 1, 1, 0, 0, 1, 0, 0, 0, 1, 1, 0, 1, 2, 0, 1, 1, 1, 6, 7, 7, 2, 2, 2, 3, 3, 1, 3, 2, 1, 3, 3, 3, 2, 2, 2, 2, 1, 1, 1, 1, 2, 1, 1, 2, 1, 2, 1, 1, 1, 1, 1, 2, 0, 0, 1, 0, 0, 0, 1, 1, 1, 0, 1, 1, 0, 2, 1, 1, 1, 1, 0, 1, 0, 2, 2, 2, 1, 2, 1, 1, 1, 1, 2, 1, 1, 1, 2, 2, 2, 2, 3, 2, 2, 2, 2, 1, 2, 0, 1, 2, 0, 1, 1, 1, 1, 1, 1, 1, 1, 1, 1, 1, 1, 0, 1, 1, 1, 1, 1, 1, 0, 0, 1, 1, 0, 1, 1, 0]

################################################################
################################################################
################### process_jail_download_list: ######################

[7, 15, 10, 15, 15, 21, 12, 23, 24, 25, 14, 14, 11, 12, 13, 14, 13, 13, 13, 13, 53, 31, 43, 13, 39, 17, 14, 36, 13, 13, 12, 13, 12, 12, 13, 12, 13, 14, 13, 12, 12, 13, 12, 13, 13, 12, 12, 13, 7, 7, 13, 13, 13, 13, 15, 13, 13, 12, 14, 12, 15, 13, 67, 21, 24, 63, 18, 46, 15, 14, 42, 13, 15, 16, 16, 15, 13, 14, 14, 13, 12, 14, 13, 13, 13, 13, 13, 14, 13, 14, 14, 12, 15, 29, 12, 12, 55, 16, 17, 30, 13, 30, 14, 13, 16, 13, 13, 14, 13, 13, 13, 13, 13, 13, 14, 10, 13, 13, 15, 13, 15, 14, 9, 10, 9, 8, 9, 9, 9, 9, 9, 9, 9, 10, 9, 9, 10, 10, 9, 9, 10, 10, 9, 7, 23, 13, 13, 11, 8, 9, 10, 10, 8, 10, 7, 8, 9, 8, 7, 8, 8, 8, 8, 9, 7, 8, 7, 7, 7, 8, 7, 7, 8, 7, 7, 7, 7, 8, 7, 7, 7, 6, 8, 9, 7, 8, 8, 8, 8, 8, 13, 12, 13, 12, 12, 6, 8, 6, 6, 7, 7, 7, 8, 7, 7, 7, 7, 7, 7, 7, 7, 8, 8, 8, 8, 8, 7, 7, 8, 8, 8, 7, 8, 6, 7, 6, 7, 7, 8, 7, 8, 7, 8, 7, 8, 7, 8, 7, 7, 6, 7, 7, 6, 7, 7, 8, 8, 8, 8, 13, 12, 7, 7, 7, 6, 8, 8, 8, 8, 7, 8, 7, 8, 7, 7, 7, 7, 7, 8, 8, 7, 7, 7, 7, 6, 12, 6, 13, 15, 8, 6, 7, 7, 9, 7, 8, 7, 7, 8, 7, 8, 6, 8, 8, 9, 8, 8, 9, 9, 8, 7, 7, 9, 8, 8, 7, 8, 9, 8, 6, 7, 7, 7, 7, 7, 8, 7, 8, 7, 8, 8, 7, 8, 8, 7, 7, 7, 7, 6, 7, 7, 7, 7, 7, 7, 7, 7, 6, 7, 7, 7, 7, 7, 7, 7, 6, 7, 7, 7, 7, 6, 7, 7, 7, 6, 7, 7, 7, 7, 7, 6, 7, 7, 65, 7, 25, 7, 7, 7, 7, 8, 6, 7, 7, 7, 7, 7, 7, 6, 7, 8, 7, 8, 7, 7, 7, 7, 8, 8, 7, 7, 7, 7, 7, 7, 6, 7, 7, 7, 7, 6, 7, 7, 7, 7, 7, 6, 6, 7, 7, 6, 15, 7, 6, 7, 7, 7, 7, 7, 7, 7, 7, 7, 6, 6, 7, 7, 6, 7, 7, 6, 7, 7, 7, 7, 16, 7, 7, 11, 13, 13, 7, 7, 6, 7, 7, 7, 7, 6, 6, 7, 7, 6, 7, 6, 7, 7, 7, 7, 6, 7, 6, 7, 7, 7, 7, 7, 7, 7, 7, 7, 6, 7, 6, 7, 7, 7, 7, 7, 13, 13, 13, 12, 12, 6, 7, 7, 6, 7, 6, 7, 7, 7, 8, 7, 6, 7, 7, 7, 7, 6, 7, 7, 7, 7, 7, 6, 7, 7, 7, 6, 7, 7, 7, 6, 7, 7, 7, 6, 7, 7, 7, 7, 7, 6, 7, 15, 7, 7, 7, 7, 6, 6, 7, 7, 6, 7, 7, 7, 7, 7, 7, 7, 7, 6, 7, 7, 7, 7, 7, 7, 6, 7, 7, 7, 33, 15, 14, 16, 7, 6, 7, 6, 7, 7, 6, 7, 7, 7, 7, 6, 7, 7, 7, 7, 7, 7, 6, 6, 7, 7, 7, 7, 7, 7, 7, 7, 7, 6, 7, 7, 6, 7, 7, 6, 7, 7, 7, 7, 7, 7, 7, 14, 13, 13, 13, 7, 7, 7, 7, 6, 7, 7, 7, 7, 7, 7, 6, 7, 8, 7, 6, 6, 7, 7, 6, 7, 7, 7, 6, 7, 7, 7, 7, 7, 7, 7, 7, 7, 7, 7, 6, 7, 7, 7, 6, 7, 6, 6, 6, 7, 7, 6, 7, 8, 7, 7, 7, 7, 13, 14, 14, 9, 8, 9, 10, 11, 8, 10, 10, 8, 10, 10, 11, 8, 8, 8, 8, 7, 7, 7, 8, 8, 7, 7, 8, 7, 8, 7, 8, 7, 8, 7, 8, 7, 6, 7, 6, 6, 6, 7, 7, 7, 7, 7, 7, 6, 8, 7, 7, 7, 7, 6, 7, 6, 8, 8, 8, 7, 8, 7, 7, 7, 7, 8, 7, 7, 7, 8, 8, 9, 9, 9, 8, 8, 9, 8, 7, 8, 6, 7, 8, 7, 7, 7, 7, 7, 7, 7, 7, 7, 7, 7, 7, 7, 6, 7, 7, 7, 7, 7, 7, 7, 6, 7, 7, 6, 7, 7, 6]

################################################################
################################################################
################### process_jail_list: ######################

[6, 7, 7, 7, 7, 7, 7, 7, 7, 7, 7, 8, 7, 6, 7, 7, 7, 8, 7, 7, 7, 7, 6, 7, 29, 7, 7, 6, 7, 7, 7, 7, 6, 6, 7, 7, 7, 7, 7, 7, 7, 7, 7, 7, 7, 7, 7, 7, 6, 6, 7, 7, 7, 7, 8, 7, 7, 6, 8, 7, 7, 7, 7, 11, 7, 7, 7, 35, 7, 7, 7, 7, 8, 7, 7, 7, 7, 7, 7, 7, 7, 7, 7, 6, 7, 7, 7, 7, 8, 8, 7, 7, 9, 6, 7, 7, 7, 7, 8, 8, 7, 7, 7, 7, 7, 6, 7, 7, 7, 7, 7, 7, 7, 7, 7, 7, 7, 7, 7, 7, 7, 7, 7, 6, 7, 6, 7, 7, 6, 7, 7, 7, 7, 8, 7, 6, 7, 7, 7, 7, 7, 7, 7, 6, 7, 7, 7, 8, 6, 7, 7, 7, 6, 7, 6, 6, 7, 6, 6, 6, 6, 6, 6, 7, 6, 7, 6, 6, 6, 6, 6, 6, 7, 6, 6, 6, 7, 7, 6, 7, 6, 5, 6, 7, 7, 6, 6, 6, 6, 6, 7, 7, 7, 7, 6, 6, 7, 5, 6, 6, 6, 6, 7, 6, 6, 6, 6, 6, 6, 6, 6, 7, 7, 6, 7, 6, 6, 6, 7, 6, 6, 6, 7, 6, 6, 6, 6, 6, 7, 6, 6, 6, 6, 6, 6, 6, 6, 6, 6, 6, 6, 6, 6, 6, 6, 6, 6, 6, 6, 7, 6, 6, 6, 6, 6, 7, 6, 6, 6, 6, 6, 6, 6, 6, 6, 6, 6, 7, 6, 6, 6, 6, 6, 7, 5, 7, 5, 7, 7, 6, 6, 6, 6, 7, 6, 6, 6, 6, 6, 6, 6, 5, 6, 6, 7, 6, 6, 7, 6, 5, 6, 6, 6, 6, 6, 6, 6, 7, 6, 6, 6, 6, 6, 6, 6, 6, 6, 6, 6, 6, 6, 6, 6, 6, 6, 6, 6, 6, 6, 6, 6, 6, 6, 6, 6, 6, 6, 5, 6, 7, 6, 6, 6, 6, 6, 6, 7, 6, 6, 6, 6, 6, 6, 6, 6, 6, 6, 6, 7, 6, 6, 6, 7, 7, 6, 7, 6, 7, 7, 6, 7, 6, 6, 6, 6, 6, 6, 5, 6, 6, 6, 6, 6, 6, 6, 6, 6, 7, 6, 6, 6, 6, 6, 6, 6, 6, 6, 6, 6, 6, 5, 6, 6, 6, 6, 6, 6, 6, 6, 6, 6, 7, 6, 6, 6, 6, 6, 6, 6, 6, 6, 6, 7, 6, 6, 6, 6, 5, 6, 6, 6, 7, 6, 6, 6, 7, 6, 7, 7, 7, 7, 7, 6, 6, 6, 6, 6, 6, 6, 6, 6, 6, 6, 6, 6, 6, 6, 6, 7, 6, 6, 6, 6, 6, 6, 6, 6, 6, 6, 7, 6, 6, 6, 6, 6, 6, 6, 6, 6, 7, 7, 8, 7, 8, 6, 6, 7, 5, 6, 6, 6, 6, 7, 7, 6, 6, 6, 6, 6, 6, 6, 6, 6, 7, 6, 6, 6, 7, 6, 6, 6, 6, 6, 6, 6, 6, 6, 6, 6, 6, 6, 6, 6, 6, 6, 6, 8, 7, 6, 6, 6, 6, 6, 6, 6, 5, 6, 6, 7, 6, 6, 6, 6, 6, 5, 6, 6, 6, 6, 7, 6, 6, 6, 6, 6, 8, 7, 7, 7, 6, 6, 6, 6, 6, 6, 6, 7, 6, 6, 6, 5, 6, 6, 6, 6, 6, 6, 6, 6, 6, 6, 6, 6, 6, 6, 7, 6, 6, 6, 6, 6, 6, 7, 6, 6, 6, 6, 6, 6, 6, 6, 6, 7, 7, 7, 7, 6, 7, 6, 6, 6, 7, 6, 6, 6, 7, 6, 6, 7, 6, 6, 6, 6, 6, 6, 6, 6, 6, 6, 6, 6, 6, 6, 7, 6, 6, 6, 6, 6, 6, 6, 6, 6, 6, 7, 6, 6, 6, 6, 6, 6, 6, 6, 6, 6, 7, 6, 6, 6, 7, 7, 7, 7, 6, 7, 7, 8, 7, 7, 8, 7, 7, 7, 8, 6, 6, 6, 6, 6, 6, 6, 7, 6, 6, 6, 6, 6, 6, 6, 7, 6, 7, 6, 6, 7, 6, 6, 6, 6, 6, 6, 6, 6, 7, 6, 6, 6, 6, 6, 6, 6, 6, 6, 6, 6, 6, 6, 6, 6, 6, 6, 6, 6, 6, 6, 6, 6, 6, 6, 6, 7, 7, 6, 6, 6, 7, 6, 6, 6, 6, 6, 6, 7, 6, 6, 6, 6, 6, 6, 6, 6, 6, 6, 6, 6, 6, 6, 6, 6, 6, 6, 6, 7, 6, 6, 6, 6, 6, 6, 6]

################################################################
