Numero total de amostras 770

Tempo total de processamento: 0:11:03

############## TEMPOS DE PROCESSAMENTO DO EXERCICIO NO JAIL  ####################
Soma 4606 segundos
Media 5.9818181818181815 segundos
Desvio padr達o 0.22719479183215285 segundos
Minimo 5 segundos
Maximo 7 segundos

95% 5.0 segundos
99% 5.0 segundos

############## TEMPOS DE PROCESSAMENTO DO EXERCICIO NO JAIL COM DOWNLOAD  ################
Soma 5117 segundos
Media 6.6454545454545455 segundos
Desvio padr達o 0.5444037497474453 segundos
Minimo 6 segundos
Maximo 9 segundos

95% 6.0 segundos
99% 6.0 segundos

################### TEMPOS DE DOWNLOAD DO EXERCICIO NO JAIL #######################
Soma 511 segundos
Media 0.6636363636363637 segundos
Desvio padr達o 0.5170870184521286 segundos
Minimo 0 segundos
Maximo 3 segundos

95% 0.0 segundos
99% 0.0 segundos

############################ TEMPOS DE ESPERA NA FILA ############################
Soma 545
Media 0.7077922077922078 segundos
Desvio padr達o 0.720076877888154 segundos
Minimo 0 segundos
Maximo 4 segundos

95% 0.0 segundos
99% 0.0 segundos

################### queue_wait_time_list: ######################

[1, 0, 2, 1, 2, 1, 1, 1, 1, 1, 2, 2, 2, 0, 1, 4, 3, 4, 1, 0, 2, 0, 0, 1, 3, 3, 0, 2, 2, 3, 0, 3, 2, 2, 1, 1, 0, 2, 0, 1, 1, 1, 1, 0, 0, 3, 1, 0, 1, 0, 2, 2, 2, 0, 1, 1, 1, 1, 1, 1, 2, 0, 1, 1, 0, 0, 1, 1, 0, 1, 1, 1, 0, 1, 0, 0, 0, 0, 1, 0, 1, 1, 0, 1, 0, 0, 0, 1, 0, 0, 0, 1, 1, 1, 0, 0, 0, 1, 1, 2, 0, 0, 1, 0, 1, 1, 0, 0, 1, 1, 0, 0, 1, 1, 1, 0, 0, 1, 1, 0, 1, 0, 1, 1, 1, 1, 0, 0, 2, 0, 1, 0, 0, 1, 0, 1, 1, 0, 0, 0, 0, 1, 1, 0, 0, 0, 1, 1, 1, 1, 1, 1, 0, 1, 1, 0, 1, 0, 1, 2, 1, 1, 0, 0, 1, 0, 1, 1, 0, 0, 1, 1, 0, 0, 2, 1, 0, 1, 0, 1, 0, 1, 1, 0, 1, 1, 0, 0, 0, 2, 1, 1, 1, 0, 0, 1, 0, 2, 0, 1, 1, 1, 0, 0, 2, 0, 0, 1, 1, 0, 1, 0, 1, 0, 0, 0, 0, 0, 1, 0, 1, 1, 0, 2, 0, 1, 0, 0, 0, 0, 0, 1, 0, 1, 0, 1, 0, 1, 1, 2, 0, 1, 1, 0, 1, 0, 1, 1, 0, 0, 1, 1, 1, 1, 2, 0, 1, 0, 0, 1, 0, 0, 1, 2, 1, 0, 1, 0, 0, 1, 0, 0, 1, 1, 2, 1, 2, 0, 1, 0, 0, 0, 0, 0, 2, 1, 1, 0, 0, 1, 1, 0, 1, 1, 1, 2, 2, 0, 1, 0, 1, 1, 1, 1, 0, 1, 1, 1, 1, 1, 0, 1, 2, 1, 0, 1, 0, 1, 1, 0, 1, 0, 0, 0, 0, 0, 0, 1, 1, 1, 0, 1, 1, 1, 0, 0, 1, 0, 1, 1, 1, 0, 0, 1, 0, 0, 0, 0, 0, 0, 1, 2, 0, 1, 1, 0, 0, 1, 1, 1, 0, 1, 1, 1, 1, 0, 0, 0, 1, 0, 0, 1, 1, 1, 0, 0, 0, 1, 1, 1, 0, 0, 0, 1, 0, 1, 0, 0, 0, 1, 0, 1, 1, 0, 0, 0, 0, 0, 0, 1, 0, 1, 1, 0, 1, 1, 1, 1, 0, 2, 1, 1, 0, 0, 1, 0, 1, 0, 1, 0, 1, 1, 0, 1, 1, 2, 2, 1, 2, 1, 0, 1, 3, 2, 1, 0, 0, 2, 1, 2, 2, 1, 0, 1, 1, 2, 0, 1, 2, 1, 1, 0, 2, 2, 2, 3, 0, 0, 2, 2, 2, 0, 2, 3, 0, 1, 0, 3, 3, 1, 1, 1, 1, 0, 2, 1, 0, 1, 1, 0, 1, 2, 1, 1, 1, 1, 0, 1, 1, 0, 1, 1, 1, 1, 1, 0, 0, 2, 0, 2, 2, 2, 0, 2, 1, 0, 1, 1, 1, 0, 1, 0, 1, 0, 0, 0, 0, 1, 2, 1, 1, 0, 1, 0, 1, 0, 1, 2, 2, 1, 1, 0, 0, 0, 0, 1, 0, 1, 1, 0, 1, 1, 1, 0, 1, 1, 1, 1, 0, 0, 1, 1, 2, 0, 0, 1, 0, 0, 2, 1, 1, 1, 0, 1, 2, 0, 1, 1, 1, 1, 0, 1, 1, 0, 1, 1, 0, 0, 1, 1, 0, 0, 1, 0, 0, 0, 0, 0, 1, 1, 0, 1, 1, 1, 0, 0, 1, 2, 1, 1, 1, 0, 0, 0, 0, 1, 0, 0, 0, 1, 0, 0, 0, 0, 1, 1, 0, 1, 1, 1, 0, 1, 0, 1, 0, 1, 0, 1, 0, 1, 1, 1, 0, 0, 1, 0, 0, 1, 0, 1, 0, 1, 0, 1, 1, 0, 1, 1, 0, 1, 0, 1, 0, 0, 2, 1, 0, 0, 1, 0, 0, 1, 1, 1, 1, 0, 0, 1, 0, 0, 1, 0, 1, 0, 1, 0, 0, 0, 1, 1, 0, 0, 1, 1, 1, 1, 0, 0, 0, 1, 0, 0, 1, 2, 0, 1, 1, 0, 0, 0, 0, 1, 0, 1, 1, 0, 2, 1, 1, 3, 0, 0, 1, 1, 1, 0, 1, 0, 0, 2, 0, 1, 1, 0, 0, 1, 1, 1, 0, 1, 1, 0, 1, 0, 0, 0, 0, 1, 0, 1, 0, 1, 0, 1, 2, 0, 1, 1, 1, 1, 0, 0, 1, 1, 0, 2, 0, 1, 1, 0, 1, 0, 2, 0, 1, 0, 1, 0, 1, 2]

################################################################
################### jail_ex_download_list: ######################

[1, 1, 2, 0, 0, 3, 1, 1, 0, 1, 1, 1, 0, 1, 1, 2, 2, 0, 2, 3, 2, 1, 1, 1, 1, 1, 3, 1, 1, 1, 1, 0, 1, 0, 1, 0, 1, 0, 1, 3, 0, 0, 0, 1, 1, 0, 1, 1, 0, 1, 0, 0, 0, 0, 1, 1, 0, 0, 1, 0, 0, 1, 1, 1, 1, 1, 0, 1, 1, 0, 1, 1, 0, 1, 1, 1, 1, 1, 1, 1, 0, 0, 0, 1, 0, 1, 0, 0, 1, 1, 1, 1, 1, 1, 1, 1, 1, 1, 0, 0, 0, 0, 0, 1, 0, 0, 1, 1, 1, 1, 1, 0, 0, 0, 1, 0, 1, 0, 1, 1, 1, 0, 0, 0, 0, 0, 1, 1, 0, 1, 1, 0, 1, 1, 1, 0, 0, 1, 1, 1, 1, 1, 1, 0, 1, 0, 1, 1, 1, 1, 0, 1, 1, 0, 1, 1, 0, 1, 1, 0, 1, 1, 0, 1, 0, 0, 1, 0, 1, 1, 1, 0, 1, 1, 0, 1, 1, 0, 1, 0, 0, 1, 1, 1, 1, 1, 1, 1, 0, 1, 1, 0, 0, 1, 1, 1, 1, 0, 1, 0, 0, 1, 1, 0, 0, 1, 1, 1, 1, 1, 0, 1, 0, 1, 1, 1, 1, 1, 0, 1, 0, 0, 1, 1, 1, 0, 1, 1, 0, 0, 1, 0, 1, 0, 1, 1, 0, 0, 1, 1, 1, 1, 1, 1, 0, 0, 1, 0, 1, 1, 1, 1, 0, 0, 0, 1, 0, 0, 1, 1, 1, 0, 1, 1, 1, 1, 1, 1, 1, 1, 1, 1, 0, 0, 0, 0, 0, 1, 1, 1, 1, 1, 1, 1, 0, 1, 1, 1, 1, 0, 0, 1, 0, 0, 0, 1, 0, 0, 1, 1, 1, 0, 0, 0, 1, 0, 0, 0, 1, 1, 1, 0, 0, 1, 1, 1, 0, 0, 1, 1, 0, 1, 1, 1, 1, 1, 1, 1, 0, 1, 1, 0, 0, 1, 0, 1, 1, 1, 1, 1, 0, 1, 1, 0, 0, 1, 1, 1, 1, 1, 1, 0, 0, 1, 0, 1, 1, 0, 1, 0, 1, 1, 1, 1, 0, 1, 1, 1, 1, 1, 0, 1, 1, 0, 1, 1, 1, 1, 0, 1, 1, 1, 1, 0, 1, 1, 0, 1, 1, 0, 1, 0, 0, 1, 0, 0, 1, 1, 1, 0, 1, 0, 1, 1, 0, 0, 0, 0, 1, 0, 0, 1, 1, 1, 1, 1, 1, 1, 1, 1, 0, 1, 1, 1, 0, 1, 1, 0, 1, 1, 1, 1, 1, 0, 1, 0, 0, 1, 1, 1, 0, 1, 1, 1, 1, 1, 1, 0, 1, 0, 0, 1, 1, 0, 1, 1, 0, 1, 0, 1, 1, 1, 1, 0, 1, 1, 1, 0, 0, 0, 1, 0, 1, 1, 0, 0, 1, 1, 1, 1, 1, 1, 1, 0, 0, 1, 1, 0, 1, 0, 0, 1, 1, 1, 1, 1, 1, 1, 1, 0, 0, 0, 1, 1, 0, 1, 0, 1, 1, 1, 1, 1, 0, 1, 1, 0, 0, 1, 0, 0, 1, 1, 0, 1, 0, 1, 0, 0, 0, 1, 0, 1, 1, 1, 1, 0, 1, 1, 1, 1, 1, 1, 0, 1, 1, 1, 1, 0, 1, 1, 1, 0, 0, 1, 0, 1, 0, 1, 0, 1, 0, 0, 1, 1, 1, 0, 1, 0, 0, 1, 1, 1, 0, 1, 1, 0, 1, 1, 1, 0, 0, 1, 0, 1, 1, 1, 1, 0, 0, 1, 1, 1, 1, 1, 1, 1, 0, 0, 0, 1, 0, 1, 0, 1, 1, 0, 1, 1, 1, 0, 1, 1, 1, 1, 0, 1, 1, 1, 0, 0, 0, 1, 1, 0, 0, 1, 1, 0, 1, 1, 0, 1, 1, 1, 1, 0, 1, 0, 1, 1, 1, 0, 1, 1, 0, 0, 0, 1, 1, 0, 1, 0, 1, 1, 1, 1, 1, 1, 1, 0, 1, 0, 1, 0, 0, 1, 1, 0, 1, 0, 0, 1, 1, 1, 1, 0, 1, 1, 0, 1, 1, 1, 0, 0, 0, 1, 1, 1, 1, 1, 1, 0, 0, 1, 1, 1, 1, 1, 1, 1, 0, 0, 1, 0, 0, 0, 0, 1, 0, 1, 1, 1, 1, 0, 1, 1, 0, 1, 1, 1, 1, 1, 0, 1, 1, 1, 1, 0, 1, 0, 1, 1, 0, 1, 1, 1, 1, 1, 1, 0, 1, 0, 1, 1, 1, 1, 0, 1, 1, 0, 1, 1, 1, 1, 1, 0, 1, 1, 0, 0, 0, 1, 0, 1, 1, 0, 1, 1, 1, 1]

################################################################
################################################################
################### process_jail_download_list: ######################

[7, 7, 9, 6, 6, 9, 7, 7, 6, 8, 7, 7, 7, 7, 7, 8, 8, 6, 9, 9, 9, 7, 7, 7, 7, 7, 9, 7, 7, 7, 7, 6, 7, 6, 7, 6, 7, 6, 8, 9, 6, 6, 6, 7, 7, 6, 7, 7, 6, 7, 6, 6, 6, 6, 7, 7, 6, 6, 7, 6, 6, 7, 7, 7, 7, 7, 6, 7, 6, 6, 7, 7, 6, 7, 7, 7, 7, 7, 7, 7, 6, 6, 6, 7, 7, 7, 6, 6, 7, 7, 7, 7, 7, 7, 7, 7, 7, 7, 6, 6, 6, 6, 6, 7, 6, 6, 7, 7, 7, 7, 7, 6, 6, 6, 7, 6, 7, 6, 7, 7, 7, 6, 6, 6, 6, 6, 7, 7, 6, 7, 7, 6, 7, 7, 7, 6, 6, 7, 7, 6, 7, 7, 7, 6, 7, 6, 7, 7, 7, 7, 7, 6, 7, 6, 7, 7, 6, 7, 6, 6, 7, 7, 6, 7, 6, 6, 7, 6, 7, 7, 7, 6, 7, 7, 6, 7, 7, 6, 7, 6, 6, 7, 7, 7, 7, 7, 6, 7, 6, 7, 7, 6, 6, 7, 7, 7, 7, 6, 7, 6, 6, 7, 7, 6, 6, 7, 7, 7, 7, 7, 6, 7, 6, 7, 7, 7, 7, 7, 6, 7, 6, 6, 7, 7, 6, 6, 7, 7, 6, 6, 7, 6, 7, 6, 7, 6, 6, 6, 7, 6, 7, 6, 7, 7, 6, 6, 7, 6, 7, 7, 7, 7, 6, 6, 6, 7, 6, 6, 7, 7, 7, 6, 7, 7, 7, 7, 7, 7, 7, 7, 7, 7, 6, 6, 6, 6, 6, 7, 7, 7, 6, 7, 7, 7, 6, 7, 7, 7, 7, 6, 6, 7, 6, 6, 6, 7, 6, 6, 7, 7, 7, 6, 6, 6, 7, 6, 6, 6, 7, 7, 7, 6, 6, 7, 7, 7, 6, 6, 7, 7, 6, 7, 7, 7, 7, 7, 7, 7, 6, 6, 7, 6, 6, 7, 6, 7, 7, 7, 6, 6, 6, 7, 7, 6, 6, 7, 7, 7, 7, 7, 7, 6, 6, 7, 6, 7, 7, 6, 7, 6, 7, 7, 7, 7, 6, 6, 7, 7, 7, 7, 6, 7, 7, 6, 7, 7, 7, 7, 6, 7, 7, 7, 7, 6, 7, 7, 6, 7, 7, 6, 7, 6, 6, 7, 6, 6, 7, 7, 7, 6, 7, 6, 7, 7, 6, 6, 6, 6, 7, 6, 6, 7, 7, 7, 6, 7, 6, 7, 7, 7, 6, 7, 7, 7, 6, 7, 7, 6, 7, 6, 7, 7, 7, 6, 7, 6, 6, 6, 7, 7, 6, 7, 7, 7, 7, 7, 7, 6, 7, 6, 6, 7, 7, 6, 7, 8, 6, 7, 7, 7, 7, 7, 7, 6, 7, 7, 7, 6, 6, 6, 7, 6, 7, 6, 6, 6, 7, 7, 7, 7, 7, 7, 7, 6, 6, 7, 7, 6, 7, 6, 6, 7, 7, 7, 7, 7, 7, 7, 7, 6, 6, 6, 7, 6, 6, 7, 6, 7, 7, 6, 7, 7, 6, 7, 7, 6, 6, 6, 6, 6, 7, 7, 6, 7, 7, 7, 6, 6, 6, 7, 6, 7, 7, 7, 7, 6, 7, 7, 7, 7, 7, 7, 6, 7, 7, 7, 7, 6, 7, 7, 7, 6, 6, 7, 6, 7, 6, 7, 6, 7, 6, 6, 7, 7, 7, 6, 7, 6, 6, 7, 7, 7, 6, 7, 7, 6, 7, 7, 7, 6, 6, 7, 6, 7, 7, 7, 7, 6, 6, 7, 7, 7, 7, 7, 7, 7, 6, 6, 6, 7, 6, 7, 6, 7, 7, 6, 7, 7, 7, 6, 7, 7, 7, 7, 6, 7, 7, 7, 6, 6, 7, 6, 7, 6, 6, 7, 7, 6, 7, 6, 6, 7, 7, 7, 7, 6, 7, 6, 7, 7, 7, 6, 7, 7, 6, 6, 6, 7, 7, 6, 7, 6, 7, 7, 7, 7, 7, 7, 7, 6, 7, 6, 6, 6, 6, 7, 7, 6, 7, 6, 7, 7, 7, 7, 7, 6, 7, 7, 6, 7, 7, 7, 6, 6, 6, 7, 7, 7, 7, 7, 7, 6, 6, 7, 7, 7, 7, 7, 7, 7, 6, 6, 7, 6, 6, 6, 6, 7, 6, 7, 7, 7, 7, 6, 7, 7, 6, 7, 7, 7, 7, 7, 6, 7, 7, 7, 7, 6, 7, 6, 7, 7, 6, 7, 7, 7, 7, 7, 7, 6, 7, 6, 7, 7, 7, 7, 6, 6, 7, 6, 7, 7, 7, 7, 7, 6, 6, 7, 6, 6, 6, 7, 6, 7, 7, 6, 7, 7, 7, 7]

################################################################
################################################################
################### process_jail_list: ######################

[6, 6, 7, 6, 6, 6, 6, 6, 6, 7, 6, 6, 7, 6, 6, 6, 6, 6, 7, 6, 7, 6, 6, 6, 6, 6, 6, 6, 6, 6, 6, 6, 6, 6, 6, 6, 6, 6, 7, 6, 6, 6, 6, 6, 6, 6, 6, 6, 6, 6, 6, 6, 6, 6, 6, 6, 6, 6, 6, 6, 6, 6, 6, 6, 6, 6, 6, 6, 5, 6, 6, 6, 6, 6, 6, 6, 6, 6, 6, 6, 6, 6, 6, 6, 7, 6, 6, 6, 6, 6, 6, 6, 6, 6, 6, 6, 6, 6, 6, 6, 6, 6, 6, 6, 6, 6, 6, 6, 6, 6, 6, 6, 6, 6, 6, 6, 6, 6, 6, 6, 6, 6, 6, 6, 6, 6, 6, 6, 6, 6, 6, 6, 6, 6, 6, 6, 6, 6, 6, 5, 6, 6, 6, 6, 6, 6, 6, 6, 6, 6, 7, 5, 6, 6, 6, 6, 6, 6, 5, 6, 6, 6, 6, 6, 6, 6, 6, 6, 6, 6, 6, 6, 6, 6, 6, 6, 6, 6, 6, 6, 6, 6, 6, 6, 6, 6, 5, 6, 6, 6, 6, 6, 6, 6, 6, 6, 6, 6, 6, 6, 6, 6, 6, 6, 6, 6, 6, 6, 6, 6, 6, 6, 6, 6, 6, 6, 6, 6, 6, 6, 6, 6, 6, 6, 5, 6, 6, 6, 6, 6, 6, 6, 6, 6, 6, 5, 6, 6, 6, 5, 6, 5, 6, 6, 6, 6, 6, 6, 6, 6, 6, 6, 6, 6, 6, 6, 6, 6, 6, 6, 6, 6, 6, 6, 6, 6, 6, 6, 6, 6, 6, 6, 6, 6, 6, 6, 6, 6, 6, 6, 5, 6, 6, 6, 6, 6, 6, 6, 6, 6, 6, 6, 6, 6, 6, 6, 6, 6, 6, 6, 6, 6, 6, 6, 6, 6, 6, 6, 6, 6, 6, 6, 6, 6, 6, 6, 6, 6, 6, 6, 6, 6, 6, 6, 6, 6, 6, 6, 6, 5, 6, 6, 6, 6, 6, 6, 6, 6, 5, 5, 6, 6, 6, 6, 6, 6, 6, 6, 6, 6, 6, 6, 6, 6, 6, 6, 6, 6, 6, 6, 6, 6, 6, 6, 6, 5, 6, 6, 6, 6, 6, 6, 6, 6, 6, 6, 6, 6, 6, 6, 6, 6, 6, 6, 6, 6, 6, 6, 6, 6, 6, 6, 6, 6, 6, 6, 6, 6, 6, 6, 6, 6, 6, 6, 6, 6, 6, 6, 6, 6, 6, 6, 6, 6, 5, 6, 5, 6, 6, 6, 6, 6, 6, 6, 6, 6, 6, 6, 6, 5, 6, 6, 6, 6, 6, 6, 6, 5, 6, 6, 6, 6, 6, 6, 6, 6, 6, 6, 6, 6, 6, 6, 6, 6, 6, 7, 6, 6, 7, 6, 6, 6, 6, 6, 6, 6, 6, 6, 6, 6, 6, 6, 6, 5, 6, 6, 6, 6, 6, 6, 6, 6, 6, 6, 6, 6, 6, 6, 6, 6, 6, 6, 6, 6, 6, 6, 6, 6, 6, 6, 6, 6, 6, 5, 6, 6, 6, 6, 6, 5, 6, 6, 6, 6, 6, 6, 6, 5, 6, 6, 6, 6, 6, 6, 7, 6, 6, 6, 6, 6, 6, 6, 6, 6, 6, 6, 6, 6, 6, 6, 6, 6, 6, 6, 6, 6, 6, 6, 6, 6, 6, 6, 6, 6, 6, 6, 6, 6, 6, 6, 6, 6, 6, 6, 6, 6, 6, 6, 6, 6, 6, 6, 6, 6, 6, 6, 6, 6, 6, 6, 6, 6, 6, 6, 6, 6, 6, 6, 6, 6, 6, 6, 6, 6, 6, 6, 6, 6, 6, 6, 6, 6, 6, 6, 6, 6, 6, 6, 6, 6, 6, 6, 6, 6, 6, 6, 6, 6, 6, 6, 7, 5, 6, 6, 6, 6, 6, 6, 6, 5, 6, 6, 6, 6, 6, 6, 6, 6, 6, 6, 6, 6, 6, 6, 6, 6, 6, 6, 6, 6, 6, 6, 6, 6, 6, 6, 6, 6, 6, 6, 6, 6, 5, 6, 6, 6, 6, 6, 6, 6, 7, 6, 6, 6, 6, 6, 6, 6, 6, 6, 6, 6, 6, 6, 6, 6, 6, 6, 6, 6, 6, 6, 6, 6, 6, 6, 6, 6, 6, 6, 6, 6, 6, 6, 6, 6, 6, 6, 6, 6, 6, 6, 6, 6, 6, 6, 6, 6, 6, 6, 6, 6, 6, 6, 6, 6, 6, 6, 6, 6, 6, 6, 6, 6, 6, 6, 6, 6, 6, 6, 6, 6, 6, 6, 6, 6, 6, 5, 6, 6, 6, 6, 6, 6, 6, 6, 5, 6, 6, 6, 6, 6, 6, 6, 6, 6, 6, 6, 6, 6]

################################################################
