Numero total de amostras 770

Tempo total de processamento: 0:11:02

############## TEMPOS DE PROCESSAMENTO DO EXERCICIO NO JAIL  ####################
Soma 4615 segundos
Media 5.9935064935064934 segundos
Desvio padrão 0.520947603701169 segundos
Minimo 5 segundos
Maximo 8 segundos

95% 5.0 segundos
99% 5.0 segundos

############## TEMPOS DE PROCESSAMENTO DO EXERCICIO NO JAIL COM DOWNLOAD  ################
Soma 5159 segundos
Media 6.7 segundos
Desvio padrão 0.6947857747012908 segundos
Minimo 6 segundos
Maximo 10 segundos

95% 6.0 segundos
99% 6.0 segundos

################### TEMPOS DE DOWNLOAD DO EXERCICIO NO JAIL #######################
Soma 544 segundos
Media 0.7064935064935065 segundos
Desvio padrão 0.5694238743318839 segundos
Minimo 0 segundos
Maximo 3 segundos

95% 0.0 segundos
99% 0.0 segundos

############################ TEMPOS DE ESPERA NA FILA ############################
Soma 2045
Media 2.655844155844156 segundos
Desvio padrão 2.4925339688963537 segundos
Minimo 0 segundos
Maximo 15 segundos

95% 0.0 segundos
99% 0.0 segundos

################### queue_wait_time_list: ######################

[3, 1, 2, 5, 6, 6, 6, 6, 7, 3, 4, 6, 5, 3, 5, 4, 2, 6, 2, 3, 1, 2, 8, 5, 5, 5, 6, 3, 4, 3, 6, 5, 7, 5, 4, 2, 2, 2, 4, 5, 4, 3, 4, 1, 3, 3, 2, 2, 2, 1, 2, 1, 1, 3, 2, 0, 1, 1, 2, 1, 0, 1, 0, 1, 1, 2, 0, 0, 1, 0, 1, 0, 1, 0, 2, 2, 1, 2, 1, 0, 1, 1, 2, 2, 1, 1, 2, 3, 2, 1, 1, 2, 1, 1, 3, 2, 1, 2, 0, 1, 0, 0, 1, 1, 0, 1, 1, 2, 0, 2, 1, 1, 1, 1, 2, 1, 0, 1, 1, 1, 0, 2, 0, 0, 1, 1, 2, 1, 0, 0, 0, 1, 0, 0, 1, 0, 1, 1, 1, 2, 1, 0, 0, 1, 2, 1, 0, 1, 1, 1, 2, 1, 2, 1, 1, 1, 1, 0, 1, 1, 1, 0, 1, 1, 0, 1, 1, 1, 1, 0, 2, 1, 1, 0, 0, 1, 0, 0, 0, 1, 0, 0, 0, 1, 1, 1, 1, 0, 0, 1, 1, 1, 0, 1, 1, 0, 0, 1, 1, 1, 1, 1, 0, 1, 0, 1, 2, 2, 0, 0, 2, 1, 2, 1, 1, 1, 0, 2, 0, 1, 1, 0, 1, 2, 0, 1, 0, 1, 1, 2, 1, 1, 0, 1, 2, 2, 2, 1, 1, 0, 1, 1, 1, 1, 1, 2, 1, 1, 0, 1, 0, 1, 1, 1, 2, 0, 0, 1, 0, 1, 1, 2, 2, 1, 0, 1, 1, 1, 1, 1, 1, 2, 1, 1, 0, 1, 0, 2, 1, 2, 1, 0, 0, 2, 1, 2, 1, 2, 0, 1, 0, 2, 2, 1, 2, 1, 3, 0, 0, 0, 3, 0, 2, 3, 1, 3, 2, 1, 0, 0, 1, 2, 1, 1, 0, 0, 3, 1, 1, 4, 0, 2, 2, 1, 1, 4, 0, 1, 2, 2, 3, 2, 0, 1, 4, 2, 3, 1, 2, 1, 2, 5, 3, 1, 4, 1, 6, 7, 0, 4, 4, 2, 3, 2, 3, 1, 3, 1, 0, 3, 8, 3, 1, 3, 2, 6, 6, 8, 8, 7, 4, 5, 4, 4, 4, 6, 7, 3, 3, 6, 5, 7, 7, 7, 8, 8, 8, 5, 7, 6, 1, 5, 5, 5, 5, 5, 6, 6, 5, 4, 6, 4, 4, 6, 6, 4, 4, 4, 3, 5, 1, 1, 5, 3, 1, 4, 2, 5, 0, 5, 4, 5, 3, 4, 5, 3, 2, 2, 5, 5, 5, 5, 4, 2, 3, 3, 5, 4, 3, 2, 1, 0, 3, 2, 5, 2, 5, 1, 2, 0, 0, 2, 3, 6, 2, 1, 2, 2, 0, 3, 0, 0, 2, 2, 6, 0, 5, 0, 1, 5, 10, 0, 7, 8, 14, 9, 3, 4, 15, 11, 11, 11, 10, 6, 9, 10, 10, 11, 12, 13, 10, 9, 6, 7, 10, 10, 9, 9, 12, 5, 1, 5, 3, 6, 6, 7, 3, 5, 9, 5, 6, 5, 3, 10, 3, 10, 4, 3, 5, 4, 7, 5, 6, 4, 9, 7, 8, 6, 7, 3, 6, 6, 3, 3, 2, 6, 6, 7, 8, 2, 6, 7, 3, 8, 5, 4, 4, 0, 4, 7, 1, 0, 3, 6, 2, 0, 5, 0, 0, 6, 0, 5, 6, 5, 5, 6, 4, 4, 1, 4, 4, 0, 4, 4, 4, 2, 4, 0, 6, 0, 4, 3, 5, 5, 5, 5, 4, 3, 5, 1, 4, 3, 0, 1, 1, 0, 0, 1, 0, 1, 0, 2, 2, 1, 2, 3, 1, 3, 1, 3, 2, 2, 2, 1, 2, 1, 2, 3, 1, 1, 2, 0, 2, 1, 1, 0, 0, 2, 1, 1, 0, 2, 1, 1, 1, 1, 1, 1, 1, 0, 1, 3, 1, 0, 1, 3, 2, 3, 2, 3, 2, 3, 1, 3, 3, 3, 0, 2, 1, 2, 1, 1, 5, 1, 2, 0, 2, 1, 3, 2, 3, 3, 1, 1, 4, 3, 5, 2, 0, 2, 2, 0, 3, 3, 3, 3, 3, 1, 5, 1, 5, 2, 1, 1, 1, 1, 1, 1, 0, 0, 1, 4, 2, 1, 1, 2, 4, 3, 1, 1, 1, 0, 0, 1, 1, 6, 4, 0, 1, 6, 4, 1, 4, 5, 5, 4, 5, 2, 5, 4, 6, 4, 4, 6, 2, 3, 3, 1, 6, 5, 4, 4, 5, 3, 6, 3, 2, 1, 1, 2, 0, 2, 1, 2, 4, 5, 5, 3, 6, 5, 3, 5, 5, 3, 3, 3, 4, 6, 6, 7]

################################################################
################### jail_ex_download_list: ######################

[1, 1, 1, 0, 1, 1, 3, 2, 0, 2, 3, 1, 3, 3, 2, 2, 3, 2, 2, 1, 3, 3, 1, 0, 1, 1, 1, 0, 1, 1, 0, 0, 1, 2, 1, 1, 2, 0, 0, 0, 0, 1, 2, 2, 0, 2, 0, 0, 0, 0, 0, 1, 0, 0, 1, 1, 1, 1, 1, 1, 1, 1, 1, 1, 1, 1, 0, 0, 1, 1, 0, 1, 1, 1, 1, 1, 0, 1, 1, 1, 1, 1, 0, 0, 0, 0, 1, 1, 1, 1, 1, 0, 1, 0, 0, 0, 1, 1, 1, 0, 1, 1, 1, 1, 1, 1, 1, 0, 1, 0, 0, 0, 0, 0, 1, 1, 0, 0, 1, 1, 1, 0, 0, 0, 0, 1, 1, 1, 1, 1, 1, 1, 1, 1, 0, 1, 0, 1, 1, 0, 0, 1, 1, 0, 1, 1, 1, 0, 1, 0, 0, 0, 0, 1, 0, 1, 1, 1, 0, 1, 0, 1, 0, 1, 1, 1, 0, 1, 0, 1, 0, 1, 0, 1, 1, 1, 1, 1, 1, 0, 1, 1, 0, 0, 0, 0, 0, 0, 1, 0, 1, 0, 0, 0, 0, 0, 1, 0, 1, 0, 0, 0, 1, 1, 1, 0, 0, 0, 1, 1, 0, 1, 0, 1, 1, 0, 1, 1, 1, 1, 1, 1, 1, 0, 1, 1, 1, 0, 0, 1, 1, 0, 1, 1, 0, 0, 1, 1, 0, 1, 1, 1, 0, 0, 1, 0, 1, 0, 1, 0, 1, 0, 0, 0, 0, 1, 0, 1, 1, 1, 0, 0, 1, 1, 1, 0, 1, 1, 0, 1, 1, 1, 0, 1, 1, 0, 1, 1, 1, 1, 0, 1, 1, 1, 0, 0, 0, 1, 1, 1, 0, 0, 1, 1, 1, 0, 0, 1, 1, 0, 0, 1, 1, 0, 1, 0, 0, 1, 1, 1, 1, 1, 0, 1, 1, 1, 1, 0, 1, 0, 1, 1, 1, 0, 1, 1, 1, 1, 1, 1, 0, 0, 1, 1, 1, 1, 1, 1, 1, 1, 1, 1, 1, 1, 0, 0, 1, 1, 1, 1, 1, 0, 0, 1, 0, 1, 0, 1, 1, 0, 0, 0, 1, 1, 1, 1, 1, 1, 1, 1, 1, 1, 1, 1, 1, 1, 1, 1, 1, 1, 1, 1, 0, 1, 0, 0, 1, 0, 0, 0, 1, 1, 1, 1, 1, 1, 0, 1, 1, 1, 1, 1, 0, 1, 1, 1, 1, 0, 1, 1, 0, 1, 0, 1, 1, 0, 0, 0, 1, 1, 1, 0, 1, 1, 1, 1, 1, 1, 1, 0, 1, 0, 0, 1, 1, 0, 0, 1, 1, 1, 1, 1, 1, 1, 1, 1, 0, 1, 1, 1, 0, 1, 0, 0, 1, 1, 1, 1, 1, 1, 1, 1, 0, 0, 1, 1, 0, 1, 1, 0, 1, 1, 0, 1, 0, 1, 1, 0, 0, 1, 0, 0, 1, 0, 1, 1, 1, 1, 0, 1, 1, 0, 0, 1, 0, 0, 1, 1, 1, 1, 1, 1, 1, 1, 1, 0, 1, 2, 1, 2, 0, 0, 1, 0, 1, 0, 1, 1, 1, 0, 1, 1, 1, 1, 2, 1, 2, 1, 1, 1, 1, 2, 1, 1, 1, 1, 1, 0, 1, 1, 2, 0, 1, 0, 1, 1, 1, 1, 1, 1, 0, 1, 1, 1, 1, 1, 1, 1, 1, 1, 1, 1, 0, 0, 0, 0, 1, 1, 0, 0, 1, 1, 1, 1, 0, 1, 1, 1, 0, 1, 1, 1, 1, 1, 0, 1, 1, 1, 1, 1, 0, 1, 1, 1, 1, 1, 2, 0, 1, 1, 1, 0, 1, 0, 1, 0, 1, 0, 1, 0, 0, 0, 1, 1, 1, 0, 1, 0, 1, 0, 1, 1, 2, 1, 0, 0, 1, 1, 1, 0, 1, 1, 1, 1, 0, 1, 1, 1, 0, 0, 0, 0, 1, 1, 1, 1, 1, 0, 1, 0, 1, 0, 1, 1, 0, 0, 1, 0, 1, 1, 1, 0, 0, 0, 0, 1, 1, 1, 0, 0, 1, 2, 1, 1, 1, 2, 1, 1, 1, 1, 2, 1, 1, 0, 0, 1, 0, 1, 0, 0, 0, 0, 0, 1, 0, 1, 1, 0, 1, 1, 0, 1, 0, 0, 1, 0, 1, 1, 0, 0, 1, 1, 1, 1, 0, 1, 1, 1, 1, 0, 0, 1, 0, 1, 1, 1, 0, 1, 0, 1, 0, 1, 1, 0, 1, 1, 1, 0, 1, 1, 0, 1, 0, 1, 1, 1, 1, 1, 1, 2, 2, 1, 1, 0, 1, 0, 0, 1, 0, 1, 0, 0, 0, 0, 0, 1, 1, 1, 0, 0]

################################################################
################################################################
################### process_jail_download_list: ######################

[7, 8, 7, 7, 8, 8, 10, 9, 7, 9, 9, 7, 9, 9, 8, 8, 9, 9, 9, 7, 10, 10, 7, 7, 8, 8, 8, 6, 8, 7, 6, 7, 7, 9, 7, 8, 8, 7, 6, 6, 6, 7, 8, 8, 6, 8, 7, 6, 7, 7, 6, 7, 6, 6, 7, 7, 7, 7, 7, 7, 7, 6, 7, 7, 6, 6, 6, 6, 6, 7, 6, 7, 6, 7, 6, 7, 6, 7, 7, 7, 7, 7, 6, 6, 6, 6, 7, 7, 7, 6, 7, 6, 7, 7, 6, 6, 7, 6, 6, 6, 7, 7, 7, 6, 7, 6, 7, 6, 6, 6, 6, 6, 6, 6, 7, 6, 6, 6, 6, 6, 7, 6, 6, 6, 6, 7, 6, 6, 6, 7, 6, 6, 7, 7, 6, 6, 6, 6, 7, 6, 6, 7, 7, 6, 7, 7, 7, 6, 7, 6, 6, 6, 6, 6, 6, 6, 7, 7, 6, 7, 6, 6, 6, 6, 7, 6, 6, 7, 6, 7, 6, 6, 6, 7, 7, 7, 6, 6, 7, 6, 7, 7, 7, 6, 7, 6, 7, 6, 7, 7, 7, 6, 7, 7, 6, 6, 6, 6, 7, 6, 6, 6, 7, 7, 7, 6, 6, 6, 6, 7, 6, 7, 6, 7, 7, 6, 7, 6, 7, 7, 6, 6, 7, 7, 7, 6, 7, 6, 6, 6, 7, 6, 7, 6, 6, 6, 6, 7, 6, 6, 7, 6, 6, 6, 7, 6, 7, 6, 7, 6, 6, 6, 6, 6, 6, 7, 6, 7, 7, 7, 6, 6, 7, 6, 7, 6, 7, 7, 6, 7, 7, 7, 6, 7, 7, 6, 7, 7, 7, 7, 6, 7, 6, 7, 6, 6, 6, 7, 7, 7, 6, 6, 7, 7, 6, 6, 6, 7, 7, 6, 6, 7, 6, 6, 7, 6, 6, 7, 7, 7, 7, 7, 6, 6, 6, 7, 7, 6, 7, 6, 6, 7, 6, 6, 6, 7, 6, 7, 6, 8, 6, 7, 7, 7, 8, 6, 8, 8, 7, 6, 7, 7, 7, 7, 6, 6, 7, 8, 6, 7, 7, 6, 6, 6, 7, 7, 7, 7, 6, 6, 6, 6, 7, 7, 6, 7, 7, 7, 7, 7, 7, 6, 7, 7, 7, 7, 7, 8, 8, 8, 7, 6, 7, 7, 6, 6, 7, 7, 6, 6, 6, 7, 7, 7, 7, 7, 6, 7, 7, 7, 6, 7, 6, 7, 7, 7, 7, 6, 7, 7, 7, 8, 6, 6, 6, 6, 6, 7, 6, 7, 7, 6, 7, 7, 7, 7, 7, 7, 7, 6, 7, 6, 6, 7, 7, 6, 6, 7, 8, 8, 6, 6, 7, 7, 7, 7, 6, 7, 6, 6, 6, 6, 6, 6, 7, 7, 6, 7, 7, 7, 7, 7, 6, 6, 7, 7, 6, 6, 6, 6, 7, 7, 6, 7, 6, 8, 7, 6, 7, 7, 7, 7, 6, 7, 8, 7, 7, 7, 6, 7, 7, 6, 6, 7, 6, 7, 7, 8, 7, 7, 8, 7, 7, 8, 6, 6, 7, 8, 7, 8, 7, 6, 7, 7, 7, 7, 7, 7, 8, 6, 7, 6, 7, 7, 7, 7, 8, 8, 7, 7, 7, 9, 7, 7, 7, 7, 7, 7, 7, 8, 8, 7, 8, 6, 7, 8, 7, 7, 7, 9, 6, 6, 7, 7, 7, 7, 7, 6, 6, 7, 6, 7, 6, 6, 7, 7, 7, 7, 6, 6, 7, 6, 6, 7, 6, 7, 7, 6, 6, 7, 7, 7, 7, 7, 7, 7, 7, 7, 7, 7, 6, 7, 6, 7, 7, 8, 8, 6, 8, 7, 7, 6, 7, 6, 7, 7, 7, 7, 6, 6, 6, 7, 7, 7, 7, 7, 7, 6, 7, 6, 7, 7, 8, 7, 6, 6, 7, 7, 7, 6, 7, 7, 7, 7, 6, 7, 7, 7, 6, 6, 7, 6, 7, 7, 7, 7, 7, 6, 6, 6, 7, 6, 7, 6, 6, 6, 7, 6, 7, 7, 7, 6, 6, 6, 6, 7, 7, 7, 6, 6, 7, 8, 8, 7, 7, 8, 7, 6, 6, 7, 9, 7, 6, 6, 7, 7, 7, 6, 7, 6, 7, 6, 6, 7, 6, 6, 6, 6, 7, 6, 6, 8, 6, 6, 7, 6, 6, 7, 6, 6, 6, 7, 7, 6, 6, 7, 7, 6, 6, 7, 6, 7, 6, 7, 7, 7, 7, 7, 6, 7, 7, 7, 7, 6, 8, 8, 7, 6, 6, 6, 6, 7, 6, 7, 6, 7, 7, 7, 7, 8, 8, 7, 7, 6, 7, 7, 7, 7, 6, 6, 7, 7, 7, 6, 7, 7, 6, 7, 6, 6]

################################################################
################################################################
################### process_jail_list: ######################

[6, 7, 6, 7, 7, 7, 7, 7, 7, 7, 6, 6, 6, 6, 6, 6, 6, 7, 7, 6, 7, 7, 6, 7, 7, 7, 7, 6, 7, 6, 6, 7, 6, 7, 6, 7, 6, 7, 6, 6, 6, 6, 6, 6, 6, 6, 7, 6, 7, 7, 6, 6, 6, 6, 6, 6, 6, 6, 6, 6, 6, 5, 6, 6, 5, 5, 6, 6, 5, 6, 6, 6, 5, 6, 5, 6, 6, 6, 6, 6, 6, 6, 6, 6, 6, 6, 6, 6, 6, 5, 6, 6, 6, 7, 6, 6, 6, 5, 5, 6, 6, 6, 6, 5, 6, 5, 6, 6, 5, 6, 6, 6, 6, 6, 6, 5, 6, 6, 5, 5, 6, 6, 6, 6, 6, 6, 5, 5, 5, 6, 5, 5, 6, 6, 6, 5, 6, 5, 6, 6, 6, 6, 6, 6, 6, 6, 6, 6, 6, 6, 6, 6, 6, 5, 6, 5, 6, 6, 6, 6, 6, 5, 6, 5, 6, 5, 6, 6, 6, 6, 6, 5, 6, 6, 6, 6, 5, 5, 6, 6, 6, 6, 7, 6, 7, 6, 7, 6, 6, 7, 6, 6, 7, 7, 6, 6, 5, 6, 6, 6, 6, 6, 6, 6, 6, 6, 6, 6, 5, 6, 6, 6, 6, 6, 6, 6, 6, 5, 6, 6, 5, 5, 6, 7, 6, 5, 6, 6, 6, 5, 6, 6, 6, 5, 6, 6, 5, 6, 6, 5, 6, 5, 6, 6, 6, 6, 6, 6, 6, 6, 5, 6, 6, 6, 6, 6, 6, 6, 6, 6, 6, 6, 6, 5, 6, 6, 6, 6, 6, 6, 6, 6, 6, 6, 6, 6, 6, 6, 6, 6, 6, 6, 5, 6, 6, 6, 6, 6, 6, 6, 6, 6, 6, 6, 5, 6, 6, 6, 6, 6, 6, 6, 5, 6, 6, 6, 6, 6, 6, 6, 6, 6, 6, 5, 5, 6, 6, 6, 6, 6, 5, 6, 5, 6, 5, 6, 5, 6, 5, 7, 6, 7, 6, 6, 7, 5, 7, 7, 6, 5, 6, 6, 6, 6, 6, 6, 6, 7, 5, 6, 6, 6, 6, 5, 7, 6, 7, 6, 5, 6, 6, 6, 6, 6, 5, 6, 6, 6, 6, 6, 6, 5, 6, 6, 6, 6, 6, 7, 7, 7, 6, 5, 7, 6, 6, 6, 6, 7, 6, 6, 5, 6, 6, 6, 6, 6, 6, 6, 6, 6, 5, 6, 6, 6, 6, 6, 6, 6, 6, 6, 7, 7, 6, 5, 5, 6, 6, 7, 5, 6, 6, 6, 6, 6, 6, 6, 6, 6, 6, 6, 6, 6, 6, 6, 6, 6, 6, 6, 7, 7, 5, 5, 6, 6, 6, 6, 6, 6, 5, 5, 6, 5, 6, 6, 6, 6, 5, 6, 6, 6, 6, 6, 6, 6, 6, 6, 6, 5, 5, 6, 6, 6, 6, 6, 6, 7, 6, 6, 7, 6, 7, 7, 5, 7, 7, 6, 6, 6, 6, 6, 6, 6, 6, 6, 6, 7, 6, 7, 6, 6, 7, 6, 6, 7, 5, 6, 6, 6, 6, 6, 7, 6, 6, 7, 6, 7, 6, 6, 7, 6, 6, 5, 6, 6, 5, 6, 6, 7, 6, 6, 6, 7, 6, 6, 6, 6, 6, 7, 6, 7, 6, 7, 7, 6, 6, 7, 6, 6, 6, 8, 6, 5, 6, 6, 6, 6, 6, 5, 5, 6, 5, 6, 6, 6, 7, 7, 6, 6, 6, 6, 6, 5, 5, 6, 6, 6, 6, 5, 6, 6, 6, 6, 6, 6, 7, 6, 6, 6, 6, 6, 6, 6, 5, 6, 6, 7, 6, 6, 7, 6, 6, 6, 6, 6, 6, 7, 6, 7, 5, 6, 6, 7, 6, 6, 6, 7, 6, 6, 6, 6, 6, 6, 6, 6, 6, 6, 6, 6, 6, 6, 6, 6, 6, 6, 6, 6, 6, 6, 6, 6, 7, 6, 6, 6, 6, 6, 6, 6, 5, 6, 6, 6, 6, 5, 6, 6, 6, 6, 6, 6, 6, 6, 6, 6, 6, 6, 6, 6, 6, 6, 6, 6, 7, 6, 6, 6, 6, 5, 5, 6, 7, 6, 5, 6, 7, 6, 7, 5, 7, 6, 7, 6, 6, 6, 6, 5, 5, 6, 6, 5, 6, 7, 6, 6, 6, 6, 5, 6, 6, 6, 5, 6, 6, 5, 6, 6, 6, 5, 5, 7, 6, 6, 6, 6, 6, 6, 7, 6, 6, 6, 7, 6, 6, 6, 7, 7, 6, 6, 5, 5, 6, 6, 6, 6, 5, 6, 6, 6, 6, 6, 6, 6, 6, 6, 6, 7, 7, 6, 6, 5, 7, 7, 7, 6, 7, 6, 5, 6, 6, 6]

################################################################
Numero total de amostras 770

Tempo total de processamento: 0:11:03

############## TEMPOS DE PROCESSAMENTO DO EXERCICIO NO JAIL  ####################
Soma 4619 segundos
Media 5.998701298701299 segundos
Desvio padrão 0.5058087278992847 segundos
Minimo 5 segundos
Maximo 8 segundos

95% 5.0 segundos
99% 5.0 segundos

############## TEMPOS DE PROCESSAMENTO DO EXERCICIO NO JAIL COM DOWNLOAD  ################
Soma 5166 segundos
Media 6.709090909090909 segundos
Desvio padrão 0.7427890260296545 segundos
Minimo 6 segundos
Maximo 12 segundos

95% 6.0 segundos
99% 6.0 segundos

################### TEMPOS DE DOWNLOAD DO EXERCICIO NO JAIL #######################
Soma 547 segundos
Media 0.7103896103896103 segundos
Desvio padrão 0.5837817630802139 segundos
Minimo 0 segundos
Maximo 4 segundos

95% 0.0 segundos
99% 0.0 segundos

############################ TEMPOS DE ESPERA NA FILA ############################
Soma 1342
Media 1.7428571428571429 segundos
Desvio padrão 1.8365289515772536 segundos
Minimo 0 segundos
Maximo 12 segundos

95% 0.0 segundos
99% 0.0 segundos

################### queue_wait_time_list: ######################

[8, 8, 3, 6, 8, 5, 8, 4, 7, 5, 6, 5, 7, 12, 9, 10, 12, 9, 9, 4, 7, 4, 5, 8, 6, 5, 8, 11, 9, 6, 8, 8, 7, 10, 10, 9, 6, 8, 6, 6, 7, 5, 7, 6, 5, 5, 9, 7, 4, 0, 5, 3, 7, 4, 3, 3, 2, 6, 1, 3, 4, 1, 3, 3, 5, 3, 4, 3, 3, 4, 1, 4, 5, 6, 2, 2, 1, 3, 2, 2, 4, 2, 2, 2, 3, 2, 4, 4, 2, 2, 1, 3, 2, 3, 0, 0, 3, 1, 2, 2, 1, 0, 3, 2, 2, 1, 1, 0, 1, 1, 1, 1, 1, 1, 1, 2, 1, 3, 2, 1, 1, 2, 2, 3, 1, 1, 2, 1, 1, 2, 0, 3, 2, 0, 2, 0, 2, 2, 2, 1, 2, 0, 0, 0, 1, 1, 2, 2, 2, 0, 1, 1, 2, 2, 1, 1, 1, 1, 1, 1, 1, 0, 0, 1, 2, 0, 0, 0, 1, 0, 1, 2, 0, 0, 1, 1, 1, 1, 0, 0, 1, 0, 1, 0, 1, 0, 1, 1, 1, 1, 1, 0, 0, 1, 1, 3, 0, 1, 1, 2, 0, 1, 2, 2, 0, 2, 1, 1, 1, 0, 1, 1, 0, 0, 1, 3, 0, 2, 0, 1, 0, 1, 1, 3, 1, 1, 0, 1, 0, 2, 1, 2, 2, 1, 1, 2, 1, 2, 0, 0, 1, 1, 0, 3, 3, 1, 0, 2, 2, 1, 1, 1, 1, 1, 2, 1, 2, 2, 1, 1, 0, 1, 2, 1, 1, 1, 0, 0, 1, 2, 1, 2, 1, 2, 1, 1, 2, 2, 1, 2, 1, 1, 2, 2, 1, 2, 1, 1, 1, 1, 1, 1, 1, 1, 0, 1, 2, 2, 0, 1, 1, 2, 2, 1, 0, 1, 2, 1, 2, 0, 2, 1, 1, 2, 2, 1, 2, 1, 2, 3, 2, 3, 3, 0, 1, 0, 2, 1, 2, 0, 2, 2, 1, 2, 2, 1, 1, 1, 1, 1, 0, 2, 1, 1, 1, 1, 1, 1, 0, 1, 0, 3, 0, 1, 2, 1, 1, 0, 1, 1, 2, 0, 1, 0, 1, 1, 1, 0, 2, 1, 1, 1, 2, 1, 2, 1, 0, 2, 3, 1, 2, 2, 1, 1, 2, 2, 2, 0, 1, 1, 1, 1, 1, 1, 1, 0, 2, 1, 1, 1, 1, 1, 1, 1, 1, 0, 0, 0, 1, 0, 1, 2, 1, 0, 2, 0, 2, 2, 1, 2, 1, 1, 1, 1, 1, 0, 1, 0, 2, 1, 0, 1, 3, 1, 2, 1, 1, 0, 1, 2, 2, 1, 0, 1, 0, 1, 1, 0, 0, 1, 2, 1, 1, 0, 0, 2, 0, 1, 2, 1, 0, 0, 1, 1, 0, 1, 1, 2, 0, 1, 1, 1, 1, 2, 3, 1, 0, 0, 1, 1, 2, 1, 1, 0, 2, 2, 0, 0, 1, 0, 2, 1, 2, 2, 2, 1, 1, 1, 1, 1, 1, 2, 1, 1, 0, 0, 0, 0, 2, 2, 3, 1, 3, 0, 2, 2, 1, 2, 0, 1, 2, 1, 0, 1, 1, 1, 1, 0, 1, 3, 2, 2, 1, 1, 0, 0, 1, 0, 0, 3, 2, 1, 0, 1, 1, 1, 0, 2, 3, 2, 0, 2, 1, 2, 2, 2, 2, 1, 2, 2, 1, 1, 1, 2, 0, 1, 1, 1, 0, 0, 1, 0, 1, 2, 1, 0, 2, 3, 1, 1, 2, 3, 2, 3, 2, 1, 1, 2, 3, 0, 0, 2, 1, 0, 1, 2, 1, 0, 1, 1, 0, 2, 0, 3, 0, 1, 3, 3, 2, 2, 2, 2, 1, 0, 3, 2, 3, 3, 1, 0, 0, 1, 2, 1, 1, 0, 1, 1, 1, 0, 0, 0, 2, 1, 1, 0, 0, 0, 1, 3, 0, 0, 1, 0, 0, 0, 1, 1, 0, 1, 1, 1, 0, 1, 2, 1, 2, 0, 0, 0, 1, 2, 0, 1, 2, 0, 2, 4, 3, 2, 1, 1, 0, 3, 2, 3, 3, 2, 2, 2, 1, 2, 2, 1, 4, 0, 0, 3, 1, 1, 2, 1, 0, 2, 0, 0, 0, 3, 2, 2, 1, 4, 0, 2, 1, 2, 1, 1, 4, 4, 3, 4, 2, 3, 1, 1, 0, 2, 4, 3, 3, 4, 4, 3, 3, 2, 4, 3, 3, 4, 2, 1, 2, 0, 2, 4, 1, 1, 4, 0, 1, 2, 4, 1, 2, 4, 2, 3, 3, 5, 5, 4, 4, 3, 3, 3, 1, 2, 1, 1, 3, 2, 2, 2, 0, 0, 1, 2, 3, 2]

################################################################
################### jail_ex_download_list: ######################

[3, 3, 1, 1, 4, 1, 4, 2, 4, 4, 1, 2, 1, 0, 0, 1, 1, 3, 1, 1, 1, 4, 4, 1, 1, 1, 1, 0, 1, 1, 1, 1, 1, 1, 1, 0, 1, 1, 2, 1, 1, 1, 1, 1, 1, 0, 1, 1, 1, 1, 1, 1, 0, 1, 1, 1, 1, 1, 1, 2, 0, 0, 1, 1, 1, 1, 1, 1, 0, 1, 1, 0, 0, 0, 1, 0, 1, 0, 1, 1, 0, 1, 1, 0, 1, 1, 1, 1, 0, 0, 1, 1, 1, 1, 1, 1, 1, 0, 1, 1, 1, 1, 0, 0, 1, 1, 1, 1, 1, 1, 0, 1, 1, 1, 1, 0, 0, 0, 1, 1, 0, 0, 1, 1, 1, 1, 1, 1, 0, 0, 1, 1, 0, 1, 1, 1, 1, 1, 1, 1, 0, 1, 1, 1, 1, 0, 0, 0, 1, 1, 0, 1, 1, 1, 0, 1, 1, 0, 1, 1, 1, 1, 1, 1, 0, 1, 0, 1, 0, 1, 0, 0, 1, 1, 1, 1, 0, 1, 1, 1, 0, 1, 1, 1, 1, 1, 0, 0, 1, 0, 1, 1, 1, 1, 1, 0, 0, 0, 1, 1, 1, 0, 1, 0, 1, 0, 1, 0, 1, 1, 1, 1, 1, 1, 0, 0, 1, 1, 1, 1, 1, 1, 1, 1, 1, 0, 1, 1, 1, 1, 1, 0, 1, 0, 1, 1, 1, 0, 1, 1, 1, 0, 1, 0, 0, 1, 1, 1, 1, 1, 0, 1, 1, 1, 0, 0, 0, 0, 0, 1, 1, 0, 1, 1, 1, 1, 1, 1, 1, 0, 0, 1, 1, 1, 0, 0, 0, 0, 1, 0, 1, 0, 0, 0, 1, 1, 1, 1, 1, 0, 0, 1, 0, 1, 1, 0, 1, 0, 1, 1, 0, 0, 1, 0, 1, 1, 0, 0, 0, 1, 1, 1, 1, 1, 0, 1, 0, 0, 1, 0, 1, 1, 1, 1, 1, 1, 0, 1, 0, 1, 1, 0, 0, 0, 1, 1, 0, 0, 0, 0, 0, 0, 0, 0, 0, 1, 0, 0, 1, 1, 1, 0, 1, 1, 0, 0, 0, 1, 1, 1, 0, 1, 1, 1, 1, 1, 1, 1, 0, 0, 1, 1, 0, 1, 0, 0, 1, 0, 0, 1, 1, 0, 0, 0, 0, 0, 0, 1, 0, 0, 1, 1, 0, 1, 1, 1, 0, 0, 1, 0, 1, 1, 1, 0, 0, 1, 0, 1, 1, 1, 1, 1, 0, 1, 1, 1, 0, 0, 1, 1, 0, 1, 1, 1, 1, 1, 0, 1, 1, 1, 0, 0, 1, 1, 1, 1, 1, 1, 0, 1, 0, 1, 1, 0, 1, 1, 1, 0, 1, 1, 0, 0, 0, 1, 1, 0, 1, 1, 0, 0, 1, 1, 0, 0, 1, 1, 0, 0, 1, 0, 1, 1, 1, 1, 0, 0, 1, 1, 1, 1, 1, 0, 1, 1, 1, 1, 0, 1, 0, 1, 0, 0, 0, 0, 0, 1, 1, 1, 1, 1, 1, 1, 1, 1, 1, 1, 1, 1, 1, 0, 0, 1, 0, 1, 0, 0, 0, 0, 1, 1, 1, 0, 1, 0, 1, 0, 1, 1, 1, 0, 1, 1, 0, 1, 1, 1, 1, 1, 0, 0, 1, 1, 1, 1, 1, 1, 0, 0, 0, 0, 1, 1, 1, 1, 0, 1, 0, 1, 0, 1, 0, 0, 0, 0, 1, 0, 0, 0, 1, 1, 1, 1, 1, 0, 0, 1, 1, 1, 1, 1, 1, 0, 1, 0, 0, 0, 0, 0, 1, 1, 1, 1, 1, 1, 1, 1, 0, 1, 1, 0, 0, 1, 1, 0, 0, 0, 0, 1, 1, 1, 1, 0, 0, 1, 1, 0, 1, 1, 1, 1, 1, 1, 1, 1, 1, 1, 1, 0, 1, 1, 1, 1, 0, 0, 0, 1, 1, 1, 0, 1, 1, 1, 1, 1, 1, 0, 0, 0, 1, 1, 1, 1, 1, 1, 1, 0, 1, 1, 1, 0, 0, 1, 1, 1, 0, 1, 0, 1, 1, 1, 1, 2, 1, 1, 0, 1, 1, 0, 2, 0, 1, 0, 1, 1, 0, 1, 1, 0, 1, 1, 0, 1, 1, 1, 0, 1, 0, 0, 1, 0, 1, 1, 1, 1, 1, 1, 1, 1, 1, 1, 1, 1, 1, 1, 1, 1, 1, 1, 0, 1, 1, 0, 1, 1, 1, 1, 0, 1, 0, 1, 1, 0, 0, 1, 1, 0, 0, 1, 1, 1, 0, 1, 1, 1, 0, 2, 1, 1, 1, 0, 1, 1, 1, 1, 1, 1, 1, 1, 1, 1, 0, 1, 0, 1, 1, 1, 1, 0, 1, 1]

################################################################
################################################################
################### process_jail_download_list: ######################

[10, 10, 6, 7, 11, 7, 11, 8, 11, 11, 6, 9, 7, 6, 6, 7, 7, 9, 8, 7, 7, 12, 12, 7, 8, 8, 6, 7, 7, 8, 7, 7, 7, 8, 7, 7, 7, 8, 8, 8, 8, 7, 7, 7, 7, 7, 7, 8, 7, 8, 7, 7, 7, 8, 8, 7, 8, 7, 7, 8, 7, 6, 7, 8, 7, 8, 8, 7, 7, 7, 8, 7, 6, 6, 8, 6, 7, 7, 7, 7, 6, 6, 7, 6, 8, 7, 8, 7, 7, 7, 7, 7, 8, 7, 8, 7, 7, 6, 7, 7, 7, 6, 6, 7, 7, 7, 7, 7, 7, 7, 7, 7, 7, 7, 7, 6, 7, 7, 7, 7, 6, 6, 7, 7, 7, 6, 7, 7, 6, 6, 7, 7, 6, 7, 6, 7, 6, 6, 7, 7, 6, 7, 6, 6, 7, 6, 6, 6, 7, 7, 6, 7, 7, 7, 6, 7, 7, 6, 7, 7, 6, 6, 7, 6, 6, 7, 6, 7, 6, 7, 6, 6, 6, 7, 6, 7, 6, 7, 7, 7, 6, 7, 7, 7, 6, 7, 6, 6, 7, 6, 7, 7, 7, 6, 7, 6, 6, 6, 6, 6, 7, 6, 7, 6, 7, 6, 7, 6, 7, 7, 7, 7, 7, 7, 6, 6, 6, 7, 7, 7, 7, 7, 7, 6, 7, 6, 7, 7, 6, 7, 7, 6, 7, 7, 7, 7, 7, 6, 6, 7, 7, 6, 7, 7, 7, 7, 7, 7, 7, 6, 6, 6, 7, 7, 6, 6, 6, 6, 6, 8, 8, 6, 7, 7, 7, 7, 7, 7, 6, 6, 6, 6, 6, 7, 6, 6, 6, 6, 6, 6, 7, 6, 6, 6, 7, 7, 7, 7, 6, 6, 6, 7, 6, 7, 6, 6, 7, 6, 7, 7, 6, 6, 6, 6, 6, 7, 6, 6, 6, 6, 7, 7, 7, 7, 6, 7, 6, 6, 7, 7, 7, 7, 7, 7, 7, 7, 6, 7, 6, 7, 7, 6, 6, 7, 7, 7, 6, 6, 6, 6, 6, 6, 6, 6, 6, 7, 6, 6, 7, 7, 7, 6, 7, 6, 6, 6, 6, 7, 7, 7, 6, 7, 7, 7, 7, 7, 6, 7, 6, 6, 7, 7, 6, 7, 6, 6, 6, 6, 6, 7, 6, 6, 6, 6, 6, 6, 6, 7, 7, 6, 7, 7, 6, 7, 7, 7, 7, 7, 7, 6, 7, 6, 7, 6, 6, 7, 6, 6, 6, 7, 7, 7, 6, 7, 6, 7, 6, 6, 7, 8, 7, 7, 7, 8, 7, 7, 6, 7, 6, 6, 6, 7, 7, 7, 7, 6, 7, 7, 6, 6, 6, 6, 7, 6, 7, 7, 6, 7, 7, 7, 6, 6, 6, 7, 7, 6, 7, 7, 6, 6, 7, 7, 6, 6, 7, 6, 6, 6, 6, 6, 7, 7, 6, 7, 6, 6, 7, 7, 7, 7, 7, 6, 7, 7, 7, 7, 7, 7, 7, 6, 7, 6, 6, 6, 6, 7, 7, 7, 6, 6, 7, 7, 7, 7, 7, 7, 7, 7, 7, 6, 6, 7, 6, 7, 7, 6, 6, 6, 7, 6, 7, 6, 7, 6, 6, 6, 7, 7, 7, 6, 7, 6, 6, 7, 6, 6, 7, 7, 6, 6, 7, 7, 7, 7, 7, 6, 6, 6, 6, 6, 6, 7, 7, 7, 6, 7, 6, 7, 6, 7, 6, 6, 7, 6, 7, 6, 6, 6, 7, 7, 6, 6, 7, 6, 6, 7, 6, 7, 7, 7, 7, 7, 7, 7, 7, 6, 6, 7, 8, 7, 7, 6, 7, 7, 7, 7, 6, 7, 7, 6, 6, 7, 7, 6, 6, 7, 6, 7, 7, 7, 6, 7, 7, 7, 7, 7, 7, 6, 7, 7, 7, 7, 6, 7, 6, 7, 7, 6, 7, 7, 7, 7, 6, 6, 6, 7, 7, 7, 6, 7, 7, 7, 6, 6, 6, 6, 6, 6, 7, 6, 6, 6, 7, 7, 7, 6, 7, 6, 7, 6, 6, 7, 6, 6, 6, 6, 6, 7, 6, 6, 7, 8, 7, 6, 6, 7, 7, 6, 7, 6, 7, 7, 7, 7, 6, 7, 7, 7, 7, 7, 6, 6, 7, 7, 6, 7, 6, 6, 7, 6, 7, 7, 6, 7, 7, 8, 6, 7, 6, 7, 7, 7, 8, 7, 8, 6, 7, 7, 6, 6, 6, 6, 7, 7, 7, 7, 7, 7, 7, 8, 6, 6, 6, 6, 6, 7, 7, 6, 8, 7, 6, 7, 6, 7, 6, 9, 7, 7, 7, 7, 7, 8, 7, 7, 7, 8, 8, 8, 8, 7, 6, 7, 7, 7, 8, 6, 7, 6, 7, 7]

################################################################
################################################################
################### process_jail_list: ######################

[7, 7, 5, 6, 7, 6, 7, 6, 7, 7, 5, 7, 6, 6, 6, 6, 6, 6, 7, 6, 6, 8, 8, 6, 7, 7, 5, 7, 6, 7, 6, 6, 6, 7, 6, 7, 6, 7, 6, 7, 7, 6, 6, 6, 6, 7, 6, 7, 6, 7, 6, 6, 7, 7, 7, 6, 7, 6, 6, 6, 7, 6, 6, 7, 6, 7, 7, 6, 7, 6, 7, 7, 6, 6, 7, 6, 6, 7, 6, 6, 6, 5, 6, 6, 7, 6, 7, 6, 7, 7, 6, 6, 7, 6, 7, 6, 6, 6, 6, 6, 6, 5, 6, 7, 6, 6, 6, 6, 6, 6, 7, 6, 6, 6, 6, 6, 7, 7, 6, 6, 6, 6, 6, 6, 6, 5, 6, 6, 6, 6, 6, 6, 6, 6, 5, 6, 5, 5, 6, 6, 6, 6, 5, 5, 6, 6, 6, 6, 6, 6, 6, 6, 6, 6, 6, 6, 6, 6, 6, 6, 5, 5, 6, 5, 6, 6, 6, 6, 6, 6, 6, 6, 5, 6, 5, 6, 6, 6, 6, 6, 6, 6, 6, 6, 5, 6, 6, 6, 6, 6, 6, 6, 6, 5, 6, 6, 6, 6, 5, 5, 6, 6, 6, 6, 6, 6, 6, 6, 6, 6, 6, 6, 6, 6, 6, 6, 5, 6, 6, 6, 6, 6, 6, 5, 6, 6, 6, 6, 5, 6, 6, 6, 6, 7, 6, 6, 6, 6, 5, 6, 6, 6, 6, 7, 7, 6, 6, 6, 6, 5, 6, 5, 6, 6, 6, 6, 6, 6, 6, 7, 7, 6, 6, 6, 6, 6, 6, 6, 5, 6, 6, 5, 5, 6, 6, 6, 6, 6, 5, 6, 6, 6, 6, 6, 6, 6, 6, 6, 5, 6, 6, 6, 6, 6, 5, 6, 6, 6, 6, 6, 6, 6, 5, 6, 5, 6, 6, 6, 6, 5, 6, 6, 6, 6, 6, 6, 6, 6, 6, 7, 6, 6, 6, 6, 6, 6, 6, 6, 6, 6, 6, 6, 6, 7, 6, 6, 6, 6, 6, 6, 6, 6, 6, 6, 6, 6, 6, 6, 6, 6, 6, 6, 6, 5, 6, 6, 6, 6, 6, 6, 6, 6, 6, 6, 6, 6, 5, 6, 6, 6, 6, 6, 6, 6, 6, 6, 5, 6, 6, 6, 5, 6, 6, 6, 6, 6, 6, 6, 7, 6, 6, 6, 6, 6, 6, 6, 7, 7, 6, 6, 6, 5, 6, 6, 6, 6, 6, 5, 5, 6, 6, 6, 6, 6, 5, 6, 6, 6, 6, 7, 7, 6, 6, 7, 6, 6, 6, 6, 5, 5, 6, 7, 6, 6, 6, 5, 6, 6, 6, 5, 6, 5, 6, 6, 6, 6, 5, 7, 6, 6, 6, 6, 6, 6, 6, 6, 6, 6, 6, 6, 6, 6, 6, 6, 6, 5, 6, 6, 5, 6, 6, 6, 5, 6, 6, 6, 6, 6, 6, 6, 6, 6, 6, 6, 6, 6, 7, 6, 7, 5, 7, 6, 6, 6, 6, 6, 6, 6, 5, 5, 6, 6, 6, 6, 6, 6, 6, 6, 6, 6, 6, 6, 6, 6, 7, 6, 6, 6, 6, 5, 6, 6, 6, 6, 5, 6, 6, 6, 6, 6, 6, 5, 6, 6, 5, 5, 6, 6, 6, 6, 6, 6, 6, 6, 6, 5, 6, 6, 6, 6, 5, 6, 6, 6, 6, 6, 6, 6, 6, 6, 6, 6, 7, 6, 6, 6, 6, 6, 6, 6, 5, 5, 6, 6, 6, 6, 5, 6, 6, 6, 6, 7, 6, 7, 7, 6, 6, 7, 7, 6, 6, 5, 6, 6, 6, 6, 6, 6, 6, 6, 6, 6, 6, 6, 6, 7, 6, 6, 6, 6, 5, 7, 7, 6, 6, 7, 6, 5, 6, 6, 6, 6, 5, 6, 5, 6, 6, 6, 6, 6, 6, 6, 6, 6, 6, 6, 6, 6, 6, 6, 6, 6, 5, 5, 5, 6, 6, 6, 6, 5, 5, 5, 6, 6, 6, 6, 6, 5, 6, 6, 6, 6, 5, 5, 6, 5, 6, 6, 5, 5, 6, 6, 6, 5, 6, 6, 6, 6, 5, 6, 6, 7, 6, 6, 6, 6, 6, 7, 6, 6, 6, 5, 6, 6, 6, 6, 6, 6, 6, 6, 6, 6, 5, 6, 6, 7, 5, 6, 5, 6, 6, 6, 7, 6, 7, 5, 6, 6, 6, 5, 5, 6, 6, 6, 6, 6, 7, 6, 7, 7, 5, 6, 6, 5, 5, 7, 7, 5, 7, 6, 6, 6, 5, 6, 6, 7, 6, 6, 6, 7, 6, 7, 6, 6, 6, 7, 7, 7, 7, 6, 6, 6, 7, 6, 7, 5, 6, 6, 6, 6]

################################################################
