Numero total de amostras 770

Tempo total de processamento: 0:27:19

############## TEMPOS DE PROCESSAMENTO DO EXERCICIO NO JAIL  ####################
Soma 4476 segundos
Media 5.812987012987013 segundos
Desvio padr達o 0.3997891162771633 segundos
Minimo 5 segundos
Maximo 7 segundos

95% 5.0 segundos
99% 5.0 segundos

############## TEMPOS DE PROCESSAMENTO DO EXERCICIO NO JAIL COM DOWNLOAD  ################
Soma 4898 segundos
Media 6.361038961038961 segundos
Desvio padr達o 0.4803018110010294 segundos
Minimo 6 segundos
Maximo 7 segundos

95% 6.0 segundos
99% 6.0 segundos

################### TEMPOS DE DOWNLOAD DO EXERCICIO NO JAIL #######################
Soma 422 segundos
Media 0.548051948051948 segundos
Desvio padr達o 0.49768565409142834 segundos
Minimo 0 segundos
Maximo 1 segundos

95% 0.0 segundos
99% 0.0 segundos

############################ TEMPOS DE ESPERA NA FILA ############################
Soma 379454
Media 492.7974025974026 segundos
Desvio padr達o 281.54648619607633 segundos
Minimo 1 segundos
Maximo 976 segundos

95% 14.610999999999999 segundos
99% 15.226199999999999 segundos

################### queue_wait_time_list: ######################

[14, 20, 1, 28, 600, 6, 17, 16, 8, 21, 9, 11, 25, 13, 12, 17, 22, 24, 25, 29, 32, 32, 33, 37, 40, 41, 47, 43, 40, 43, 51, 48, 52, 79, 55, 63, 60, 55, 59, 71, 58, 63, 67, 71, 75, 74, 79, 75, 604, 28, 35, 37, 44, 48, 51, 55, 82, 83, 87, 90, 89, 95, 94, 98, 97, 109, 94, 100, 102, 104, 106, 120, 111, 112, 115, 115, 118, 114, 126, 121, 125, 130, 122, 138, 130, 134, 133, 137, 132, 145, 141, 145, 147, 142, 147, 145, 608, 615, 630, 152, 667, 152, 153, 157, 156, 156, 619, 62, 68, 66, 70, 86, 78, 82, 86, 160, 163, 167, 162, 166, 175, 172, 171, 178, 175, 174, 178, 182, 185, 182, 185, 193, 189, 189, 196, 193, 200, 197, 196, 203, 200, 204, 215, 208, 208, 211, 212, 219, 223, 211, 222, 215, 226, 219, 621, 629, 640, 648, 651, 226, 226, 671, 230, 230, 229, 90, 637, 99, 103, 107, 110, 119, 252, 234, 238, 238, 241, 242, 244, 245, 249, 250, 259, 253, 256, 258, 253, 275, 266, 257, 269, 261, 267, 271, 273, 278, 278, 273, 286, 281, 286, 290, 281, 293, 284, 297, 293, 294, 296, 301, 296, 304, 305, 123, 125, 643, 321, 304, 319, 320, 309, 309, 308, 324, 313, 324, 313, 323, 312, 317, 316, 315, 329, 327, 328, 130, 676, 137, 141, 149, 159, 346, 331, 335, 338, 339, 342, 342, 350, 346, 343, 353, 350, 361, 354, 358, 359, 383, 362, 358, 365, 366, 368, 369, 371, 374, 376, 379, 373, 386, 381, 386, 381, 392, 394, 385, 396, 388, 401, 401, 398, 494, 400, 675, 687, 405, 692, 706, 710, 718, 730, 160, 164, 678, 694, 698, 420, 403, 421, 715, 419, 725, 404, 424, 734, 409, 408, 737, 406, 411, 412, 410, 416, 416, 416, 167, 760, 758, 171, 179, 182, 185, 188, 192, 435, 429, 432, 435, 427, 431, 439, 439, 443, 447, 443, 451, 446, 442, 451, 455, 454, 459, 458, 462, 463, 467, 466, 469, 463, 473, 471, 475, 477, 480, 476, 482, 485, 484, 491, 482, 493, 487, 490, 757, 764, 773, 785, 497, 497, 788, 793, 809, 812, 499, 501, 502, 502, 506, 506, 200, 769, 204, 207, 215, 218, 222, 509, 514, 509, 533, 513, 517, 517, 522, 529, 525, 520, 537, 524, 524, 541, 528, 544, 532, 539, 536, 547, 540, 544, 550, 554, 551, 559, 554, 562, 558, 555, 563, 567, 558, 571, 574, 567, 570, 574, 578, 578, 777, 233, 797, 805, 577, 582, 581, 581, 585, 584, 585, 233, 603, 600, 600, 237, 240, 246, 249, 261, 586, 592, 597, 587, 596, 611, 605, 596, 607, 611, 614, 606, 622, 611, 618, 615, 618, 623, 625, 626, 629, 634, 625, 633, 640, 636, 633, 636, 641, 645, 648, 643, 651, 656, 645, 656, 651, 655, 264, 661, 660, 659, 664, 664, 664, 669, 815, 823, 827, 831, 855, 858, 876, 265, 268, 277, 282, 289, 288, 666, 672, 673, 676, 679, 679, 682, 686, 683, 694, 686, 683, 690, 690, 695, 699, 708, 697, 700, 703, 704, 705, 702, 711, 714, 723, 712, 715, 718, 719, 722, 727, 726, 721, 730, 729, 733, 733, 737, 737, 742, 741, 741, 746, 745, 850, 862, 881, 302, 745, 750, 749, 748, 752, 753, 754, 869, 877, 301, 332, 332, 756, 765, 762, 764, 773, 760, 768, 769, 773, 776, 777, 785, 780, 781, 784, 789, 780, 788, 793, 794, 796, 807, 796, 798, 800, 802, 804, 800, 808, 812, 814, 810, 816, 820, 817, 821, 824, 828, 821, 832, 825, 829, 832, 835, 836, 836, 839, 840, 888, 896, 906, 909, 946, 335, 335, 840, 843, 844, 843, 848, 847, 847, 851, 850, 896, 914, 951, 954, 339, 346, 351, 353, 363, 366, 855, 855, 858, 858, 866, 862, 861, 869, 866, 866, 873, 870, 873, 873, 877, 884, 881, 881, 888, 884, 884, 892, 889, 892, 892, 896, 903, 900, 899, 907, 902, 903, 910, 906, 914, 910, 913, 921, 918, 918, 922, 900, 918, 922, 925, 925, 943, 370, 377, 939, 939, 925, 940, 943, 928, 943, 958, 929, 930, 933, 932, 933, 936, 936, 937, 378, 389, 389, 393, 397, 494, 423, 424, 427, 430, 435, 438, 447, 450, 455, 458, 466, 470, 474, 478, 486, 491, 510, 506, 513, 517, 521, 529, 946, 951, 946, 951, 954, 954, 962, 957, 958, 965, 962, 962, 969, 966, 969, 969, 972, 976, 976, 976, 532, 536, 543, 548, 562, 573, 593, 965, 972, 548, 567, 972, 586, 552, 571, 592]

################################################################
################### jail_ex_download_list: ######################

[0, 1, 1, 1, 1, 1, 0, 0, 1, 1, 1, 0, 0, 1, 1, 0, 0, 0, 0, 1, 1, 0, 0, 1, 1, 1, 1, 1, 1, 1, 0, 0, 0, 0, 1, 1, 0, 1, 0, 1, 1, 1, 1, 0, 1, 1, 0, 1, 1, 1, 1, 0, 1, 1, 0, 1, 0, 1, 0, 1, 1, 1, 0, 0, 1, 0, 1, 1, 0, 1, 0, 0, 1, 1, 0, 1, 1, 0, 1, 1, 1, 0, 1, 0, 1, 1, 0, 1, 1, 1, 0, 1, 0, 0, 0, 1, 0, 0, 0, 0, 1, 1, 1, 0, 1, 1, 0, 1, 1, 1, 0, 1, 0, 1, 0, 1, 0, 0, 0, 1, 0, 0, 1, 1, 0, 1, 0, 1, 0, 0, 1, 0, 0, 1, 1, 0, 1, 0, 1, 1, 0, 0, 1, 0, 0, 1, 1, 1, 0, 1, 0, 0, 0, 0, 0, 0, 1, 1, 0, 0, 1, 0, 1, 1, 1, 1, 0, 0, 0, 0, 1, 1, 0, 0, 0, 1, 0, 0, 1, 1, 0, 0, 1, 1, 1, 1, 1, 0, 1, 1, 1, 0, 1, 0, 1, 1, 0, 1, 0, 1, 0, 1, 1, 0, 0, 1, 1, 0, 1, 0, 1, 1, 1, 0, 1, 0, 1, 1, 1, 1, 1, 1, 1, 1, 1, 0, 0, 0, 0, 0, 0, 1, 0, 1, 1, 0, 0, 1, 1, 1, 1, 0, 0, 1, 1, 1, 1, 0, 0, 1, 0, 1, 0, 0, 1, 0, 0, 1, 1, 1, 0, 0, 0, 1, 1, 0, 0, 0, 0, 1, 1, 0, 1, 1, 0, 0, 0, 1, 1, 0, 0, 1, 1, 1, 1, 0, 0, 1, 1, 1, 1, 0, 1, 1, 1, 0, 0, 0, 0, 0, 1, 0, 1, 1, 0, 1, 1, 1, 1, 0, 0, 1, 1, 1, 0, 1, 0, 1, 1, 0, 1, 1, 1, 1, 1, 0, 0, 0, 0, 1, 1, 1, 0, 1, 0, 0, 1, 0, 1, 0, 1, 1, 1, 0, 0, 1, 0, 1, 0, 1, 0, 1, 1, 0, 1, 1, 1, 0, 0, 1, 1, 0, 0, 1, 1, 0, 1, 0, 0, 1, 0, 0, 1, 0, 1, 1, 0, 0, 0, 1, 1, 1, 1, 1, 1, 1, 1, 0, 1, 0, 0, 1, 1, 0, 1, 1, 1, 1, 1, 1, 0, 0, 1, 0, 0, 1, 0, 0, 1, 1, 0, 1, 0, 0, 1, 1, 0, 1, 1, 1, 0, 1, 0, 0, 0, 1, 1, 1, 1, 1, 1, 1, 0, 1, 0, 0, 1, 1, 0, 1, 0, 0, 1, 0, 1, 0, 1, 1, 0, 1, 0, 1, 1, 1, 1, 1, 0, 1, 1, 1, 0, 0, 0, 0, 0, 1, 0, 1, 0, 1, 0, 1, 1, 0, 0, 1, 0, 1, 0, 0, 0, 1, 1, 1, 1, 0, 1, 1, 1, 1, 0, 0, 0, 1, 1, 0, 1, 0, 0, 1, 0, 1, 0, 1, 1, 1, 1, 0, 0, 0, 0, 1, 1, 1, 0, 0, 1, 0, 0, 0, 1, 0, 0, 0, 1, 1, 1, 1, 1, 1, 0, 0, 0, 1, 1, 1, 1, 0, 0, 1, 0, 1, 1, 0, 1, 1, 0, 0, 0, 1, 1, 1, 1, 0, 0, 0, 0, 0, 1, 1, 1, 1, 1, 0, 0, 0, 0, 1, 1, 0, 1, 0, 0, 1, 1, 0, 1, 1, 0, 1, 0, 1, 1, 0, 1, 0, 0, 1, 1, 0, 1, 0, 1, 1, 0, 0, 1, 0, 0, 1, 0, 1, 1, 1, 0, 0, 1, 0, 0, 1, 0, 0, 1, 1, 1, 0, 1, 0, 1, 1, 0, 1, 0, 0, 0, 0, 0, 1, 1, 1, 1, 1, 1, 0, 0, 1, 1, 0, 1, 1, 0, 0, 1, 1, 1, 0, 0, 1, 1, 0, 0, 1, 1, 1, 1, 0, 1, 0, 0, 0, 1, 1, 0, 0, 0, 1, 1, 0, 0, 1, 0, 1, 0, 1, 0, 1, 1, 1, 0, 0, 0, 0, 0, 0, 0, 1, 1, 1, 1, 0, 0, 0, 1, 0, 1, 1, 0, 1, 1, 0, 0, 1, 0, 0, 0, 0, 0, 1, 1, 1, 0, 1, 1, 1, 1, 1, 0, 1, 1, 1, 0, 1, 1, 0, 1, 1, 1, 1, 1, 1, 0, 1, 0, 0, 1, 0, 1, 0, 0, 0, 0, 1, 1, 0, 0, 0, 1, 0, 1, 1, 1, 1, 0, 1, 1, 0, 1, 0, 1, 1, 0, 0, 1, 1, 0, 1, 1, 1, 0, 0]

################################################################
################################################################
################### process_jail_download_list: ######################

[6, 7, 6, 7, 7, 7, 6, 6, 6, 7, 6, 6, 6, 7, 7, 7, 6, 6, 6, 6, 7, 6, 6, 7, 6, 6, 7, 6, 6, 7, 6, 6, 6, 6, 7, 7, 6, 6, 6, 6, 6, 7, 7, 6, 7, 7, 6, 7, 6, 7, 7, 6, 6, 7, 6, 7, 6, 7, 6, 7, 7, 7, 6, 6, 6, 6, 7, 6, 7, 7, 6, 6, 7, 6, 6, 7, 6, 6, 6, 7, 7, 6, 7, 6, 7, 6, 6, 7, 6, 6, 6, 7, 6, 6, 6, 7, 6, 6, 6, 6, 7, 6, 6, 6, 6, 6, 6, 7, 6, 7, 6, 6, 6, 7, 6, 7, 6, 6, 6, 7, 6, 6, 7, 6, 6, 7, 6, 6, 6, 6, 7, 6, 6, 7, 6, 6, 6, 6, 7, 6, 6, 6, 6, 6, 6, 6, 6, 6, 6, 7, 6, 6, 6, 6, 6, 6, 7, 7, 6, 6, 6, 6, 6, 7, 7, 7, 6, 6, 7, 6, 7, 6, 6, 6, 6, 7, 6, 6, 7, 7, 6, 6, 7, 7, 6, 6, 7, 6, 6, 7, 7, 6, 7, 6, 7, 6, 6, 7, 6, 7, 6, 6, 7, 6, 6, 7, 6, 6, 7, 6, 7, 7, 7, 6, 7, 6, 6, 6, 7, 7, 6, 7, 7, 7, 7, 6, 6, 6, 6, 6, 6, 6, 6, 7, 7, 6, 6, 7, 6, 7, 7, 6, 6, 6, 7, 6, 7, 6, 6, 7, 6, 7, 6, 6, 7, 6, 6, 6, 7, 6, 6, 6, 6, 7, 7, 6, 6, 6, 6, 6, 7, 6, 7, 7, 6, 6, 6, 6, 7, 6, 6, 7, 7, 6, 7, 6, 6, 7, 7, 6, 7, 6, 6, 7, 7, 6, 6, 6, 6, 6, 6, 6, 6, 7, 6, 7, 7, 7, 6, 6, 6, 7, 7, 7, 6, 6, 6, 7, 6, 6, 6, 6, 6, 6, 6, 6, 6, 6, 6, 7, 7, 7, 6, 7, 6, 6, 7, 6, 7, 6, 6, 7, 7, 6, 6, 7, 6, 6, 6, 6, 6, 6, 7, 6, 7, 6, 7, 6, 6, 6, 7, 6, 6, 7, 7, 6, 7, 6, 6, 7, 6, 6, 6, 6, 7, 7, 6, 6, 6, 7, 7, 7, 6, 6, 7, 7, 7, 6, 7, 6, 6, 7, 6, 6, 7, 6, 6, 7, 7, 7, 6, 6, 6, 6, 6, 7, 6, 6, 7, 7, 6, 7, 6, 6, 7, 6, 6, 6, 7, 6, 6, 6, 6, 6, 6, 7, 6, 7, 7, 7, 7, 7, 6, 6, 6, 6, 7, 6, 6, 7, 6, 6, 7, 6, 7, 6, 7, 7, 6, 6, 6, 7, 6, 6, 7, 6, 6, 7, 7, 6, 6, 6, 6, 6, 6, 7, 6, 7, 6, 7, 6, 7, 6, 6, 6, 7, 6, 7, 6, 6, 6, 6, 7, 7, 7, 6, 6, 7, 7, 7, 6, 6, 6, 7, 7, 6, 7, 6, 6, 7, 6, 7, 6, 7, 7, 7, 7, 6, 6, 6, 6, 7, 6, 7, 6, 6, 7, 6, 6, 6, 7, 6, 6, 6, 6, 6, 7, 7, 6, 7, 6, 6, 6, 6, 6, 7, 7, 6, 6, 7, 6, 7, 6, 6, 7, 7, 6, 6, 6, 7, 7, 7, 7, 6, 6, 6, 6, 6, 6, 7, 7, 7, 6, 6, 6, 6, 6, 7, 6, 6, 7, 6, 6, 7, 7, 6, 7, 6, 6, 7, 6, 7, 7, 6, 7, 6, 6, 7, 7, 6, 6, 6, 6, 7, 6, 6, 6, 6, 6, 7, 6, 6, 7, 7, 6, 6, 6, 6, 6, 7, 6, 6, 7, 7, 7, 6, 7, 6, 6, 7, 6, 6, 6, 6, 6, 6, 6, 6, 6, 6, 7, 6, 7, 6, 6, 7, 7, 6, 7, 7, 6, 6, 6, 6, 7, 6, 6, 7, 6, 6, 6, 6, 6, 7, 7, 6, 7, 6, 6, 6, 7, 7, 6, 6, 6, 6, 7, 6, 6, 6, 6, 7, 6, 6, 6, 7, 6, 7, 6, 6, 6, 6, 6, 6, 6, 6, 6, 6, 7, 6, 6, 6, 7, 6, 6, 7, 6, 7, 6, 6, 6, 7, 6, 6, 6, 6, 6, 6, 7, 7, 6, 7, 7, 7, 6, 7, 6, 7, 7, 7, 6, 7, 7, 6, 6, 7, 7, 6, 7, 6, 6, 7, 6, 6, 7, 6, 7, 6, 6, 6, 6, 7, 7, 6, 6, 6, 6, 6, 6, 6, 6, 6, 6, 6, 7, 6, 7, 6, 7, 6, 6, 6, 7, 6, 6, 6, 7, 7, 6, 6]

################################################################
################################################################
################### process_jail_list: ######################

[6, 6, 5, 6, 6, 6, 6, 6, 5, 6, 5, 6, 6, 6, 6, 7, 6, 6, 6, 5, 6, 6, 6, 6, 5, 5, 6, 5, 5, 6, 6, 6, 6, 6, 6, 6, 6, 5, 6, 5, 5, 6, 6, 6, 6, 6, 6, 6, 5, 6, 6, 6, 5, 6, 6, 6, 6, 6, 6, 6, 6, 6, 6, 6, 5, 6, 6, 5, 7, 6, 6, 6, 6, 5, 6, 6, 5, 6, 5, 6, 6, 6, 6, 6, 6, 5, 6, 6, 5, 5, 6, 6, 6, 6, 6, 6, 6, 6, 6, 6, 6, 5, 5, 6, 5, 5, 6, 6, 5, 6, 6, 5, 6, 6, 6, 6, 6, 6, 6, 6, 6, 6, 6, 5, 6, 6, 6, 5, 6, 6, 6, 6, 6, 6, 5, 6, 5, 6, 6, 5, 6, 6, 5, 6, 6, 5, 5, 5, 6, 6, 6, 6, 6, 6, 6, 6, 6, 6, 6, 6, 5, 6, 5, 6, 6, 6, 6, 6, 7, 6, 6, 5, 6, 6, 6, 6, 6, 6, 6, 6, 6, 6, 6, 6, 5, 5, 6, 6, 5, 6, 6, 6, 6, 6, 6, 5, 6, 6, 6, 6, 6, 5, 6, 6, 6, 6, 5, 6, 6, 6, 6, 6, 6, 6, 6, 6, 5, 5, 6, 6, 5, 6, 6, 6, 6, 6, 6, 6, 6, 6, 6, 5, 6, 6, 6, 6, 6, 6, 5, 6, 6, 6, 6, 5, 6, 5, 6, 6, 6, 6, 6, 6, 6, 6, 6, 6, 6, 5, 6, 5, 6, 6, 6, 6, 6, 6, 6, 6, 6, 5, 6, 6, 6, 6, 6, 6, 6, 5, 6, 6, 6, 6, 6, 5, 6, 6, 6, 6, 6, 5, 6, 6, 5, 6, 6, 6, 6, 6, 6, 6, 5, 6, 5, 6, 6, 6, 6, 6, 5, 6, 6, 6, 6, 6, 6, 5, 6, 6, 5, 6, 5, 5, 5, 5, 5, 6, 6, 6, 6, 6, 6, 6, 6, 6, 6, 6, 6, 6, 6, 6, 5, 6, 6, 6, 6, 6, 6, 5, 6, 5, 6, 5, 6, 6, 6, 5, 6, 6, 6, 5, 6, 6, 6, 6, 6, 6, 6, 6, 6, 6, 6, 6, 5, 6, 6, 6, 6, 6, 6, 6, 6, 6, 5, 5, 6, 6, 6, 6, 6, 6, 6, 6, 5, 6, 6, 5, 5, 6, 6, 6, 6, 6, 5, 6, 6, 6, 6, 6, 6, 6, 6, 6, 6, 6, 6, 5, 6, 5, 6, 5, 6, 5, 6, 6, 6, 6, 5, 6, 6, 6, 6, 6, 6, 5, 6, 6, 6, 5, 6, 6, 6, 6, 6, 6, 6, 6, 6, 6, 6, 5, 6, 6, 5, 5, 6, 5, 6, 6, 6, 5, 6, 6, 6, 6, 6, 6, 6, 6, 6, 6, 6, 6, 5, 6, 6, 6, 6, 6, 6, 6, 6, 5, 6, 6, 6, 6, 5, 6, 6, 6, 6, 6, 6, 6, 6, 6, 6, 6, 6, 6, 6, 6, 6, 6, 6, 6, 6, 6, 6, 6, 6, 6, 5, 6, 6, 6, 6, 6, 6, 6, 6, 6, 6, 6, 5, 5, 6, 6, 5, 6, 6, 6, 6, 5, 5, 6, 6, 6, 6, 6, 6, 6, 5, 6, 6, 6, 6, 6, 6, 6, 6, 6, 6, 6, 6, 6, 6, 6, 5, 6, 6, 6, 5, 6, 6, 6, 6, 6, 5, 6, 6, 6, 6, 6, 6, 6, 6, 5, 6, 6, 6, 6, 6, 6, 6, 6, 6, 6, 6, 6, 5, 6, 5, 6, 6, 6, 5, 6, 6, 6, 6, 5, 6, 6, 6, 6, 5, 6, 6, 6, 6, 6, 6, 6, 6, 6, 6, 6, 5, 6, 6, 5, 6, 6, 6, 6, 6, 5, 5, 5, 6, 5, 6, 6, 6, 6, 6, 6, 6, 6, 6, 6, 5, 5, 6, 6, 6, 6, 5, 6, 6, 5, 5, 6, 6, 6, 6, 6, 6, 6, 6, 6, 6, 6, 6, 5, 6, 6, 6, 5, 6, 6, 6, 5, 6, 6, 5, 6, 6, 6, 6, 6, 6, 6, 6, 5, 5, 5, 6, 6, 6, 6, 6, 6, 5, 6, 6, 6, 5, 6, 6, 6, 6, 6, 6, 6, 6, 5, 6, 6, 6, 6, 6, 6, 5, 6, 6, 6, 6, 6, 6, 6, 6, 6, 5, 6, 6, 5, 6, 5, 6, 6, 6, 6, 6, 6, 6, 6, 6, 6, 6, 6, 6, 6, 6, 6, 5, 6, 5, 5, 5, 5, 6, 5, 6, 6, 6, 6, 6, 5, 6, 6, 6, 5, 6, 5, 6, 6, 6, 6]

################################################################
