Array para T1:
Array para T2:
Array para T3:
Array para T4:
Array para T5:
Media do array: 

[array([0.8, 1. , 1.2, 0.8, 0.6, 0.6, 0.6, 0.8, 0.4, 1. , 1. , 0.6, 0.6,
       0.8, 0.6, 0.8, 0.6, 0.4, 0.4, 0.8, 0.6, 0.4, 0.2, 0.4, 0.8, 0.4,
       0.6, 0.8, 0.8, 0.8, 0.6, 0.6, 0.8, 1.2, 0.4, 0.8, 0.6, 0.6, 0.8,
       0.6, 0.4, 0.8, 0.4, 0.6, 0.4, 0.6, 0.6, 0.8, 0.4, 0.8, 0.6, 0.6,
       0.4, 0.6, 0.6, 0.6, 0.8, 0.6, 0.8, 0.2, 0.4, 0.6, 0.2, 0.6, 0.8,
       0.8, 0.8, 1. , 0.6, 1. ])]

Valor minimo: 
0.2

Valor maximo: 
1.2

Valor medio: 
0.6514285714285712

Valor da soma: 
45.59999999999999

95 percentil: 
0.2

99 percentil: 
0.2

