Array para T1:
Array para T2:
Array para T3:
Array para T4:
Array para T5:
Media do array: 

[array([5.8, 6.2, 6. , 5.8, 6. , 6. , 6.2, 6.2, 6. , 5.8, 6.4, 6. , 6.2,
       5.8, 6.4, 6.2, 6. , 6.4, 6.4, 5.8, 6.4, 6.2, 6.6, 6.2, 6. , 6. ,
       5.8, 5.8, 5.8, 5.8, 6. , 5.8, 6.2, 6.4, 6.4, 5.8, 6. , 6. , 6. ,
       6.4, 6.2, 5.8, 6.4, 6.2, 6. , 6.2, 6.2, 6.2, 6. , 6.2, 5.8, 6.2,
       6.4, 6. , 6. , 5.8, 6. , 6. , 5.6, 6.4, 6.2, 6.2, 7.2, 6. , 5.8,
       5.8, 5.8, 5.8, 5.8, 6. ])]

Valor minimo: 
5.6

Valor maximo: 
7.2

Valor medio: 
6.077142857142858

Valor da soma: 
425.4000000000001

95 percentil: 
5.7311

99 percentil: 
5.73662

