Array para T1:
Array para T2:
Array para T3:
Array para T4:
Array para T5:
Media do array: 

[array([6.6, 7.2, 7.2, 6.6, 6.6, 6.6, 6.8, 7. , 6.4, 6.8, 7.4, 6.6, 6.8,
       6.6, 7. , 7. , 6.6, 6.8, 6.8, 6.6, 7. , 6.6, 6.8, 6.6, 6.8, 6.4,
       6.4, 6.6, 6.6, 6.6, 6.6, 6.4, 7. , 7.6, 6.8, 6.6, 6.6, 6.6, 6.8,
       7. , 6.6, 6.6, 6.8, 6.8, 6.4, 6.8, 6.8, 7. , 6.4, 7. , 6.4, 6.8,
       6.8, 6.6, 6.6, 6.4, 6.8, 6.6, 6.4, 6.6, 6.6, 6.8, 7.4, 6.6, 6.6,
       6.6, 6.6, 6.8, 6.4, 7. ])]

Valor minimo: 
6.4

Valor maximo: 
7.6

Valor medio: 
6.7285714285714295

Valor da soma: 
471.00000000000006

95 percentil: 
6.4

99 percentil: 
6.4

