Array para T1:
Array para T2:
Array para T3:
Array para T4:
Array para T5:
Media do array: 

[array([ 31.2,  38. ,   6. ,  35. ,  22.4,  18.8,  42. ,  47.8,  50.2,
        59.2,  73.2,  69.4,  80. , 104.6,  99.6, 112.4, 115.8, 125.8,
       134.4, 142.6, 141.6, 157.2, 162.8, 170.4, 182. , 182.6, 196.4,
       198.4, 206.6, 217. , 222.6, 228.4, 238.2, 244.6, 256. , 261.8,
       267.4, 277.6, 283.6, 289.8, 300.2, 305.8, 311.6, 322.2, 330. ,
       339.8, 345.6,  95.6, 119.4, 163.4, 153. , 184.6, 191. , 222.4,
       224. , 265.6, 261.2, 286.6, 294.2, 324.2, 332. , 347.2, 370.6,
       367.4, 381.8, 378. , 383.6, 396.6, 402.6, 408. ])]

Valor minimo: 
6.0

Valor maximo: 
408.0

Valor medio: 
208.59428571428572

Valor da soma: 
14601.6

95 percentil: 
14.3904

99 percentil: 
14.74368

