Array para T1:
Array para T2:
Array para T3:
Array para T4:
Array para T5:
Media do array: 

[array([6.8, 6.8, 6.6, 7. , 6.6, 6.6, 6.4, 6.6, 6.4, 6.6, 6.6, 6.4, 6.2,
       6. , 6.2, 6. , 6.2, 6.4, 6.2, 6. , 6.2, 6.2, 6.2, 6.2, 6. , 6. ,
       6. , 6. , 6.2, 5.8, 6. , 6. , 6.2, 6.2, 6.2, 6. , 6.2, 6.2, 6.2,
       6. , 6.2, 6. , 6. , 5.8, 6.2, 6. , 6.2, 6.2, 5.8, 5.8, 6. , 5.8,
       5.8, 5.8, 6.2, 6.2, 6. , 5.8, 6. , 5.8, 6. , 6. , 5.6, 6. , 5.8,
       6.2, 6.2, 6.2, 6.2, 6. , 6. , 6. , 6.4, 5.6, 6.2, 6.2, 5.8, 6. ,
       6. , 6.2, 6. , 6. , 5.8, 6.2, 6.2, 5.6, 6.2, 5.8, 5.8, 5.6, 5.6,
       5.8, 5.4, 6. , 6. , 6.2, 5.8, 6. , 6. , 6.2, 6. , 6. , 6. , 6.4,
       6.4, 6. , 5.8, 6. , 6. , 6. , 5.6, 5.8, 5.8, 6. , 6. , 6.2, 6.2,
       5.8, 6. , 6. , 6. , 6. , 6.2, 6.4, 6.2, 5.8, 6.4, 6.2, 6.4, 6. ,
       5.4, 5.8, 6. , 5.6, 5.8, 6.4, 6.4, 6. , 6. , 5.8, 5.8, 5.4, 6. ,
       5.8, 6. , 6. , 6. , 5.8, 5.8, 6. , 5.2, 6. , 5.6, 5.8, 5.8, 5.4,
       6. , 6.2, 6. , 5.6, 5.8, 6. , 6. , 5.6, 6. , 5.8, 6. , 6.2, 5.8,
       6. , 5.8, 5.8, 6. , 5.4, 5.6, 5.8, 6. , 6.2, 5.8, 5.8, 6. , 5.6,
       6. , 5.6, 5.6, 5.8, 5.8, 6. , 5.6, 5.6, 6. , 6. , 5.8, 6. , 5.8,
       6. , 6. , 5.8, 5.8, 6. , 6. , 5.8, 5.6, 5.8, 6. , 6. , 5.6, 6. ,
       6.2, 6. , 6.2, 5.8, 6. , 6. , 5.6, 5.8, 6. , 5.6, 5.8, 5.6, 5.8,
       5.8, 5.8, 5.8, 5.6, 6. , 6. , 5.8, 5.8, 5.8, 5.8, 5.8, 6. , 6. ,
       6. , 6.2, 5.8, 5.8, 5.8, 5.6, 6.2, 6. , 6. , 5.8, 5.8, 6. , 6. ,
       6. , 5.8, 6. , 6. , 6. , 6. , 6. , 5.8, 6.2, 6.2, 6.2, 6.2, 6. ,
       5.8, 5.8, 6. , 6. , 6. , 6. , 6. , 5.6, 6.4, 5.8, 6. , 5.6, 5.4,
       5.8, 6. , 6. , 6.2, 6.2, 6.2, 5.2, 6.2, 6. , 6.2, 5.8, 6.2, 6. ,
       6. , 6. , 5.6, 5.6, 6. , 5.8, 5.8, 6. , 6.2, 6.2, 6. , 6. , 6. ,
       6.2, 6. , 6. , 5.8, 5.8, 6.2, 5.6, 6.2, 6. , 5.8, 5.8, 5.8, 5.8,
       6. , 5.8, 5.8, 6. , 6. , 6. , 5.6, 6. , 5.6, 6. , 6. , 5.6, 5.8,
       5.6, 6. , 6. , 6. , 6. , 5.8, 6. , 5.8, 5.8, 6.2, 6. , 6. , 5.6,
       6. , 6.4, 6.2, 6. , 6. , 5.8, 5.8, 6. , 5.8, 6. , 5.6, 5.6, 5.8,
       6.2, 6.2, 6. , 6. , 5.8, 5.8, 5.8, 6. , 5.6, 5.6, 6. , 6. , 6. ,
       6. , 6.2, 6. , 5.8, 5.8, 5.8, 6. , 6. , 6. , 5.4, 6. , 6. , 6. ,
       5.8, 6.2, 6.2, 5.6, 6. , 5.8, 6. , 6. , 5.8, 6.2, 6. , 6. , 5.8,
       5.8, 6. , 6.2, 6.4, 5.8, 6. , 5.6, 5.8, 5.8, 5.8, 6. , 5.8, 6. ,
       6. , 6. , 6. , 6. , 5.8, 5.8, 5.8, 6. , 5.4, 5.8, 5.6, 6. , 6. ,
       5.8, 5.8, 5.8, 5.8, 5.6, 5.4, 5.8, 5.8, 6.2, 6.2, 6. , 5.8, 5.8,
       6. , 5.8, 5.8, 6. , 5.6, 6. , 5.8, 5.8, 5.4, 5.8, 5.8, 5.8, 5.6,
       5.6, 6. , 5.8, 6. , 5.4, 6. , 6.2, 6. , 5.8, 5.8, 6. , 5.8, 6.4,
       6. , 5.8, 6. , 6. , 5.4, 5.8, 6. , 6. , 6. , 6. , 5.8, 5.6, 6. ,
       5.2, 6. , 5.6, 5.6, 6.2, 6. , 6. , 6. , 6. , 6. , 5.8, 6. , 6. ,
       5.4, 5.6, 5.8, 6. , 6.2, 6. , 5.6, 5.6, 6.2, 5.8, 5.8, 6. , 5.8,
       5.6, 5.6, 5.8, 6. , 6. , 6. , 5.8, 6. , 6. , 6. , 5.8, 5.6, 5.8,
       6. , 6. , 5.8, 6. , 6.2, 5.8, 5.6, 5.8, 6.2, 6.2, 5.8, 6. , 6. ,
       5.8, 5.8, 5.6, 6. , 6. , 6. , 5.6, 5.6, 5.8, 6.2, 6. , 6. , 5.8,
       5.8, 6. , 6. , 6. , 6. , 6.2, 6. , 5.4, 6. , 5.6, 5.8, 5.6, 6. ,
       6. , 6.2, 5.8, 5.8, 6. , 5.6, 6. , 6.2, 6. , 6. , 6. , 5.8, 5.6,
       6. , 5.6, 6. , 6. , 6. , 6. , 6. , 5.6, 6. , 5.8, 6. , 5.8, 6. ,
       6. , 6. , 6.2, 6.2, 6.2, 6. , 6. , 6. , 5.8, 5.8, 6. , 6. , 5.8,
       5.8, 5.8, 5.8, 6. , 6. , 6. , 6.2, 6.2, 5.8, 6. , 6.2, 6. , 5.8,
       5.8, 6. , 5.8, 5.8, 6. , 6.2, 6. , 6. , 6. , 6. , 6. , 6. , 6.2,
       6. , 5.6, 5.6, 5.8, 5.2, 6. , 6. , 5.8, 6. , 6. , 5.6, 5.8, 6. ,
       6. , 5.8, 6. , 5.8, 5.6, 5.8, 5.6, 6.2, 6. , 6. , 5.8, 6. , 5.8,
       5.8, 5.8, 5.6, 6. , 6. , 6. , 5.8, 6. , 6. , 6. , 6.2, 6.2, 6.2,
       6.2, 5.8, 6. , 5.8, 6. , 5.8, 6. , 5.8, 6. , 6. , 5.8, 5.4, 6. ,
       6.2, 6. , 5.6, 6. , 6. , 5.8, 5.8, 5.6, 5.8, 6. , 6.2, 6.2, 6. ,
       5.6, 5.8, 5.8, 6. , 5.6, 6. , 6. , 6. , 6. , 6. , 5.8, 5.8, 5.8,
       5.8, 6. , 5.8, 5.8, 5.8, 5.8, 6. , 6. , 6. , 6. , 6. , 6. , 5.6,
       6. , 5.8, 6. , 5.8, 6. , 5.6, 5.8, 6. , 6. , 5.6, 5.8, 5.8, 6. ,
       5.4, 5.4, 6. , 5.8, 6. , 6. , 6.2, 6. , 6. , 6. , 5.8, 5.4, 5.8,
       6. , 5.8, 5.8, 6. , 5.8, 6. , 5.6, 6. , 5.6, 6.2, 5.8, 5.8, 6. ,
       5.8, 6. , 5.8, 6. , 6. , 6. , 6. , 6. , 6. , 5.8, 6. , 6. , 5.8,
       6. , 6. , 6. , 6. , 5.8, 5.8, 6. , 6. , 5.8, 5.8, 5.8, 5.6, 5.8,
       5.4, 5.6, 5.8])]

Valor minimo: 
5.2

Valor maximo: 
7.0

Valor medio: 
5.9251948051948045

Desvio Padrao: 
0.22101072659876791

Valor da soma: 
4562.4

95 percentil: 
5.4

99 percentil: 
5.4

