Array para T1:
Array para T2:
Array para T3:
Array para T4:
Array para T5:
Media do array: 

[array([4.6, 4.8, 4.8, 4. , 3.4, 5.8, 5.4, 4.6, 5.6, 7. , 7. , 7. , 6.8,
       6. , 7.4, 6.8, 6.2, 6.2, 7. , 7.4, 7. , 7. , 6.6, 7.2, 6.6, 6.2,
       6. , 7. , 6.8, 6.8, 5.8, 5.4, 6.4, 5.8, 5.4, 5.4, 6. , 6.2, 5.6,
       5.4, 5. , 5.4, 5.4, 5. , 4.6, 5.4, 5. , 4.6, 4.8, 4.6, 5. , 4.6,
       3.8, 4. , 4.2, 4.2, 4. , 3.6, 3.6, 3.6, 3.4, 2.8, 2.6, 3.6, 3.4,
       3.2, 2.6, 2.6, 2.6, 2.2, 2.6, 2.2, 3. , 2.8, 2.6, 2. , 2.2, 2.4,
       2.2, 2.2, 1.6, 2.2, 1.6, 2. , 2. , 2.6, 2. , 1.6, 1. , 1.2, 2.2,
       2. , 2.8, 2.2, 1.8, 1.6, 1.6, 1.8, 2.4, 3. , 2.8, 2.4, 2.4, 1.6,
       1.8, 2. , 2. , 2.4, 2.4, 1.6, 1.6, 1.6, 2.4, 2.2, 1.8, 1.4, 1.8,
       1.8, 1.6, 2. , 1.8, 1.8, 1.2, 1. , 0.6, 1.6, 1.6, 2. , 1.8, 1.4,
       1.2, 1. , 1.2, 1.2, 1.6, 2.2, 1.8, 1. , 1. , 1.6, 1.2, 0.8, 0.4,
       1.6, 1.6, 1.4, 1.6, 1.4, 0.8, 0.6, 0.8, 1. , 1. , 1.6, 2. , 1.6,
       1.4, 1. , 1.2, 1. , 1. , 1.6, 1.6, 1.2, 1.4, 1.2, 1. , 0.6, 0.8,
       0.6, 1.4, 0.8, 1.4, 1.4, 1. , 1. , 1.4, 1.2, 0.2, 0.8, 0.8, 0.8,
       0.8, 0.4, 1.4, 0.8, 0.6, 1. , 1.4, 0.8, 0.8, 1.2, 1.6, 1.4, 1.2,
       1.8, 1.8, 1.4, 1.4, 0.8, 1. , 1.2, 1. , 1.2, 1.8, 0.8, 1. , 1. ,
       1. , 1.6, 1.2, 1.4, 1.2, 0.6, 0.8, 0.8, 1.4, 1. , 1. , 1. , 1. ,
       0.4, 0.8, 1.6, 1.2, 1.4, 1. , 1.4, 1. , 1. , 1.4, 1. , 1. , 0.8,
       1.4, 1.2, 0.6, 1.4, 1.2, 1.2, 1. , 1.4, 1.2, 1.2, 0.8, 0.6, 1. ,
       0.8, 1.4, 1.4, 1. , 1. , 1.2, 1.8, 0.8, 1.6, 1.2, 1.4, 1.2, 1.2,
       1. , 1.2, 0.4, 1. , 1. , 2. , 1.2, 1. , 1.2, 1. , 0.4, 0. , 1.8,
       1.6, 1.4, 0.8, 1. , 0.6, 0.2, 1.2, 1.6, 1.4, 1.2, 1.4, 1.2, 1. ,
       1. , 1.2, 1.6, 1.2, 1.2, 1. , 1. , 1. , 1.4, 1. , 1.4, 1.4, 1.2,
       0.6, 0.8, 0.4, 0.6, 1.2, 1. , 0.4, 0.8, 0.8, 0.6, 1.2, 1.4, 1.2,
       0.8, 1. , 1. , 0.8, 1.4, 0.8, 1.2, 0.4, 0.2, 0.8, 1.2, 0.8, 1. ,
       1.2, 1. , 0.4, 1.2, 1.4, 1.4, 1. , 1. , 0.8, 0.8, 0.8, 1. , 1. ,
       1. , 1.2, 1. , 1. , 1. , 1. , 0.8, 0.6, 1.2, 0.8, 1.2, 1. , 1.4,
       0.8, 1. , 0.8, 0.8, 0.8, 0.8, 0.6, 1. , 0.8, 0.6, 0.6, 0.6, 0.8,
       1.2, 1. , 0.6, 0.4, 0.4, 0.8, 1.4, 1. , 0.8, 0.6, 0.8, 0.4, 0.6,
       1.6, 1.4, 1.6, 0.6, 0.8, 0.4, 1.2, 1.4, 1.2, 1.8, 1. , 0.8, 0.8,
       0.8, 1.2, 1.2, 0.8, 0.8, 0.6, 0.6, 0.8, 1. , 1.8, 1.8, 0.8, 0.8,
       0.4, 0.4, 0.8, 1.4, 1.2, 0.6, 0.8, 0.2, 0.8, 1.2, 1.6, 1.8, 1. ,
       1. , 0.8, 0.6, 1.6, 1.4, 1.2, 1.2, 0.6, 0.6, 0.6, 1.4, 1.4, 1. ,
       1.4, 1. , 1.2, 0.8, 1.2, 1.4, 1.2, 1.2, 1. , 1.2, 1. , 1.2, 1.2,
       1. , 1. , 0.6, 0.6, 1. , 0.8, 1.4, 1.2, 1. , 0.6, 0.8, 0.6, 1.6,
       1.4, 1.6, 1.6, 0.8, 0.8, 0.4, 0.8, 1.8, 1.2, 1.6, 1. , 1. , 0.6,
       0.8, 1.4, 1.2, 1.4, 1.6, 1. , 1.2, 0.4, 1.2, 1.2, 0.6, 1. , 1. ,
       1.2, 0.6, 0.8, 1.8, 1. , 0.8, 1. , 0.8, 0.8, 0.4, 1.4, 1.4, 1. ,
       0.6, 0.2, 1.2, 1. , 0.8, 1.2, 1. , 0.4, 0.4, 0.6, 1. , 0.8, 1.4,
       1.6, 0.8, 1. , 1. , 0.8, 0.8, 0.6, 1.4, 1.6, 0.8, 0.6, 0.8, 0.8,
       0.4, 1. , 1. , 1.2, 1.4, 0.6, 1.2, 0.8, 1.2, 1. , 1.2, 1.2, 1. ,
       1.2, 0.6, 0.8, 1. , 1.4, 1.6, 1. , 0.8, 1. , 0.8, 1. , 1. , 1.4,
       1. , 0.8, 0.4, 0.8, 0.8, 0.8, 0.8, 2. , 1.6, 1. , 1. , 1. , 0.8,
       1. , 2. , 1.8, 1.6, 1.2, 1.6, 1.4, 1.4, 1.6, 1.6, 1.4, 1. , 0.6,
       1.2, 1.6, 1.4, 1.2, 1. , 0.6, 0.4, 0.6, 1. , 1.6, 1.4, 1.4, 1. ,
       0.4, 0.4, 2. , 2. , 1.8, 1.6, 1. , 1. , 0.4, 2. , 1.8, 1.8, 2. ,
       1.4, 1. , 0.6, 0.4, 1.2, 1.4, 1.6, 1.2, 0.8, 0.8, 1. , 1. , 1.2,
       1.2, 1. , 0.8, 0.8, 1.2, 0.8, 0.6, 1. , 1. , 0.8, 0.8, 0.6, 1.2,
       0.8, 1. , 1.2, 1. , 0.6, 0.8, 1. , 1.4, 0.8, 0.4, 0.4, 0.4, 0.4,
       0.8, 1. , 1.2, 0.6, 0.8, 1. , 1.2, 1.2, 1.4, 1.4, 1. , 0.8, 0.8,
       1. , 1.2, 0.8, 1.2, 1. , 0.6, 0.8, 1. , 1.4, 1.4, 1.4, 1. , 0.4,
       0.6, 1.2, 0.8, 0.8, 1. , 0.8, 0.4, 0.6, 1.2, 1.6, 1.4, 1.2, 1.2,
       0.8, 1.2, 0.4, 1. , 1.2, 1.2, 0.6, 0.8, 1. , 0.8, 1.4, 1.4, 1. ,
       1. , 0.8, 1. , 1. , 1. , 1. , 1. , 0.8, 0.6, 0.6, 1.2, 0.8, 0.8,
       0.8, 1. , 0.6, 0.6, 1.2, 1.2, 0.6, 0.6, 1.2, 1.2, 0.8, 1.4, 1.4,
       1.2, 1. , 1.6, 1.2, 1.2, 1. , 0.8, 1. , 0.4, 0.4, 1. , 1.2, 1.4,
       1. , 1. , 0.6, 0.8, 0.8, 1.4, 1.6, 1.4, 1. , 1. , 0.4, 0.4, 1.4,
       1.8, 1.6, 1.2, 1. , 1. , 0.6, 1.8, 1.6, 1.8, 1.4, 1.2, 1.2, 0.4,
       1. , 1.4, 1.8, 1.4, 1.2, 1. , 0.8, 0.6, 1.6, 1.2, 1.2, 1.4, 1.2,
       0.8, 0.4, 1.2])]

Valor minimo: 
0.0

Valor maximo: 
7.4

Valor medio: 
1.491948051948052

Desvio Padrao: 
1.311908532368549

Valor da soma: 
1148.8

95 percentil: 
0.4

99 percentil: 
0.4

