Array para T1:
Array para T2:
Array para T3:
Array para T4:
Array para T5:
Media do array: 

[array([5.6, 5.6, 5.8, 5.6, 6. , 6. , 6. , 6. , 5.8, 5.8, 6. , 5.8, 6. ,
       5.8, 5.8, 6. , 6. , 6. , 5.8, 5.6, 5.4, 5.6, 5.6, 5.8, 6.2, 6. ,
       5.8, 5.8, 5.8, 5.8, 5.8, 5.6, 5.8, 5.4, 6. , 6. , 5.8, 5.8, 5.6,
       6. , 5.4, 5.8, 5.8, 5.8, 6. , 5.8, 6. , 5.8, 5.6, 6. , 5.4, 5.8,
       5.4, 5.4, 5.8, 5.8, 6. , 6. , 5.8, 6. , 5.4, 5.8, 5.4, 5.6, 5.8,
       6. , 5.6, 5.6, 5.8, 5.8, 6. , 5.4, 5.6, 6. , 5.8, 6.2, 6.2, 5.8,
       6. , 6.2, 5.8, 5.8, 5.6, 5.6, 5.8, 5.8, 6. , 5.8, 5.4, 6. , 6. ,
       5.8, 5.8, 6. , 6. , 5.4, 5.4, 5.8, 6. , 5.8, 5.6, 5.8, 5.8, 5.8,
       6. , 5.8, 5.6, 5.4, 5.6, 5.8, 5.8, 5.6, 6. , 5.6, 6. , 5.6, 5.6,
       5.8, 5.6, 5.8, 5.6, 5.8, 5.8, 5.8, 6. , 5.6, 6. , 5.2, 6. , 6. ,
       5.8, 5.8, 5.8, 5.8, 5.8, 5.4, 5.6, 5.6, 5.6, 5.8, 5.8, 5.4, 5.4,
       5.6, 5.6, 5.8, 5.6, 5.8, 6. , 5.6, 5.8, 5.8, 5.6, 5.6, 5.4, 5.6,
       5.6, 5.6, 5.8, 6. , 5.8, 5.6, 5.6, 5.6, 5.6, 5.6, 5.8, 5.6, 5.8,
       5.8, 5.8, 5.6, 6. , 5.8, 5.6, 5.8, 5.4, 5.6, 5.4, 6. , 5.8, 5.8,
       5.6, 5.8, 6. , 5.8, 6. , 6. , 5.8, 5.6, 5.6, 5.8, 5.8, 5.6, 6. ,
       6. , 6. , 5.8, 5.8, 5.8, 6. , 5.8, 6. , 5.4, 6. , 5.6, 5.6, 5.8,
       5.8, 5.6, 5.8, 6. , 6. , 5.8, 5.8, 6. , 5.6, 5.4, 5.4, 5.8, 5.8,
       5.2, 5.8, 6. , 5.6, 5.8, 6. , 5.8, 5.8, 5.6, 6. , 5.2, 5.4, 5.6,
       5.6, 6. , 5.6, 5.8, 5.8, 5.4, 5.8, 5.8, 5.8, 5.8, 5.4, 5.8, 5.4,
       5.6, 6. , 5.6, 6. , 5.8, 6. , 5.8, 5.6, 5.6, 5.8, 5.6, 5.6, 5.6,
       5.2, 5.4, 5.6, 6. , 6. , 6. , 6. , 5.6, 5.6, 5.6, 5.4, 6. , 6. ,
       6. , 5.8, 5.8, 5.8, 5.6, 5.6, 5.6, 6. , 6. , 6. , 5.6, 5.8, 5.8,
       6. , 6. , 6. , 5.6, 6. , 5.6, 5.6, 6. , 5.2, 5.6, 5.8, 5.6, 5.6,
       5.8, 5.8, 5.8, 5.6, 5.8, 6. , 6. , 5.8, 6. , 6. , 5.6, 5.6, 6. ,
       5.6, 5.8, 5.4, 5.8, 5.8, 5.8, 5.8, 5.4, 5.8, 6. , 5.6, 5.8, 6. ,
       5.8, 6. , 5.8, 5.6, 5.8, 5.4, 5.8, 6. , 5.8, 5.8, 6. , 6. , 5.8,
       5.6, 5.8, 6. , 5.8, 6. , 5.6, 5.6, 5.8, 5.4, 5.6, 5.4, 5.8, 6. ,
       5.6, 5.8, 5.8, 5.6, 6. , 6. , 5.8, 6. , 5.8, 6. , 5.8, 6. , 6. ,
       5.8, 5.6, 5.8, 5.6, 5.6, 5.6, 5.8, 5.6, 5.6, 5.8, 5.6, 5.4, 5.4,
       6. , 5.8, 5.4, 6. , 5.8, 5.8, 5.6, 5.8, 5.8, 5.8, 6. , 5.4, 5.6,
       5.6, 5.8, 6. , 5.8, 6. , 5.8, 6. , 6. , 5.6, 5.8, 6. , 5.8, 5.8,
       5.4, 5.8, 5.8, 5.6, 5.2, 5.4, 5.8, 5.8, 5.8, 6. , 6. , 5.8, 5.6,
       5.6, 5.8, 6. , 5.8, 5.8, 5.8, 5.8, 5.6, 6. , 6. , 5.6, 5.8, 5.6,
       5.8, 5.6, 5.6, 5.6, 5.6, 5.8, 5.8, 5.8, 5.8, 5.6, 5.6, 6. , 5.8,
       6. , 5.8, 6. , 6. , 5.4, 5.6, 5.6, 5.4, 6. , 5.6, 5.8, 5.6, 5.8,
       5.6, 5.6, 5.8, 5.4, 6. , 5.8, 5.6, 5.8, 5.8, 6. , 5.6, 5.8, 5.8,
       5.8, 5.8, 5.8, 5.8, 5.8, 6. , 5.8, 5.8, 5.8, 5.4, 6. , 5.8, 6. ,
       5.6, 5.6, 5.8, 5.4, 5.8, 5.8, 6. , 5.8, 5.8, 5.8, 5.8, 5.8, 5.4,
       5.8, 5.8, 5.6, 5.6, 6. , 6. , 5.2, 5.8, 6. , 5.8, 6. , 5.8, 5.8,
       5.8, 5.8, 5.8, 5.6, 5.8, 5.8, 5.6, 5.8, 5.8, 5.4, 5.6, 5.6, 5.8,
       5.8, 5.8, 6. , 6. , 5.8, 6. , 5.6, 5.6, 5.6, 5.8, 5.4, 6. , 6. ,
       5.8, 5.6, 5.8, 5.4, 5.6, 5.6, 5.6, 5.8, 5.6, 5.6, 5.6, 5.6, 5.8,
       5.8, 5.8, 6. , 5.6, 5.4, 5.4, 6. , 5.8, 5.8, 6. , 5.8, 5.8, 5.8,
       6. , 5.8, 5.8, 5.8, 5.4, 5.8, 5.8, 5.4, 5.8, 5.8, 5.6, 5.6, 6. ,
       6. , 6. , 5.8, 5.8, 5.6, 5.8, 6. , 5.8, 6. , 6. , 5.8, 6. , 5.8,
       5.8, 6. , 5.8, 5.6, 5.4, 5.4, 5.8, 5.6, 6. , 5.8, 5.8, 6. , 5.8,
       5.8, 6. , 5.6, 5.8, 5.8, 6. , 6. , 6. , 5.8, 5.4, 5.6, 5.8, 5.8,
       5.8, 5.6, 6. , 5.6, 5.4, 5.8, 6. , 6. , 5.6, 5.8, 6. , 5.8, 6. ,
       6. , 5.2, 5.8, 5.8, 5.4, 5.6, 5.6, 6. , 6. , 5.8, 5.8, 5.6, 5.8,
       5.6, 5.8, 6. , 5.6, 6. , 5.8, 5.8, 6. , 5.6, 5.8, 5.8, 5.6, 5.8,
       6. , 5.8, 5.6, 5.8, 6. , 5.8, 5.8, 5.8, 5.8, 6. , 6. , 5.8, 5.6,
       5.6, 5.8, 5.8, 6. , 5.8, 5.6, 5.8, 5.8, 6. , 5.6, 5.4, 6. , 6. ,
       5.8, 5.6, 5.6, 6. , 5.8, 5.8, 5.8, 6. , 5.6, 5.8, 6. , 5.8, 5.8,
       6. , 5.8, 5.8, 5.8, 5.8, 6.2, 6. , 5.8, 5.8, 6. , 5.8, 5.8, 5.8,
       5.4, 5.8, 5.8, 5.8, 6. , 6. , 5.6, 5.8, 5.6, 5.6, 6. , 5.8, 5.6,
       5.8, 6. , 6.2, 5.8, 5.8, 5.8, 5.6, 6. , 5.6, 5.8, 5.6, 5.6, 5.8,
       5.8, 5.6, 5.8, 5.8, 5.8, 5.8, 5.8, 5.8, 5.8, 6. , 5.6, 5.6, 5.8,
       5.8, 5.4, 5.8, 5.8, 5.8, 5.8, 6. , 5.8, 6. , 5.4, 5.8, 6. , 5.8,
       5.8, 5.8, 5.8, 5.2, 5.6, 5.6, 5.6, 5.8, 5.8, 5.8, 5.8, 5.6, 5.6,
       6. , 5.8, 5.8])]

Valor minimo: 
5.2

Valor maximo: 
6.2

Valor medio: 
5.763376623376622

Desvio Padrao: 
0.1889383214799564

Valor da soma: 
4437.799999999999

95 percentil: 
5.2

99 percentil: 
5.2

