Array para T1:
Array para T2:
Array para T3:
Array para T4:
Array para T5:
Media do array: 

[array([  3.2,   3.8,   3.6,   7.8,   8. ,   8.2,  12. ,  12.4,  12.2,
        15.6,  15.6,  15.6,  19.4,  20.2,  20. ,  23.6,  23.8,  23.6,
        26.8,  27.6,  28. ,  31. ,  31.2,  31.6,  34. ,  35.2,  35.6,
        38.8,  39.2,  39.4,  41.8,  42.6,  43. ,  45.4,  47. ,  47. ,
        49. ,  50.6,  50.6,  52.8,  54.2,  55. ,  56.6,  58. ,  58.2,
        60.2,  61.6,  62.2,  64.2,  65.8,  66. ,  67.6,  69.2,  69.6,
        71.4,  73. ,  73.6,  75.4,  77. ,  77. ,  78.8,  80.4,  80.8,
        82.8,  84.6,  84.4,  86. ,  88.4,  88.6,  90.4,  92.2,  92.2,
        93.8,  95.8,  95.8,  97.4, 100.2, 100. , 101.6, 103. , 103.6,
       104.8, 107.8, 107.8, 109. , 111.8, 111.8, 113. , 115.4, 115.8,
       116.6, 119.2, 119.4, 120.2, 122.8, 122.8, 124.2, 126.8, 126.6,
       127.8, 129.8, 130.2, 131.8, 133.8, 134.2, 135.8, 137.6, 137.8,
       139. , 141. , 141. , 142.8, 144.6, 144.8, 146.2, 148.4, 148.6,
       150.4, 152.6, 152.2, 153.8, 156. , 156.4, 157.8, 159.6, 160. ,
       161.2, 163.6, 163.8, 165.2, 167. , 167.8, 169. , 171. , 171.4,
       172.6, 174.4, 175.2, 176.2, 178.6, 178.8, 179.8, 182. , 182.6,
       183.2, 185.4, 186.4, 187.4, 189.6, 189.8, 190.6, 193. , 193.6,
       195. , 197.2, 197.6, 198. , 200.2, 201. , 202.2, 204.2, 205.4,
       206. , 208. , 208.4, 209.2, 211.4, 212.6, 213.2, 215.6, 216.2,
       216.8, 219. , 220.2, 220.6, 222.8, 223.8, 224.2, 226.2, 227. ,
       227.8, 230. , 231.2, 232. , 233.8, 234.4, 235.2, 237.8, 238.2,
       239. , 241.4, 242.2, 242.8, 244.8, 246. , 246.4, 248.6, 249.8,
       250.2, 252.6, 253. , 254. , 256.4, 257.2, 257.4, 260. , 260.4,
       261.4, 263.4, 264.4, 265.2, 267.4, 267.8, 268.8, 271.2, 272.2,
       272.8, 275. , 275.8, 276. , 278.2, 279. , 279.8, 282.6, 282.8,
       283.8, 286.4, 286.6, 287.2, 289.6, 290.4, 291. , 293.8, 294.2,
       294.4, 297. , 297.2, 298.2, 301.6, 301.4, 302.2, 304.8, 304.6,
       305.8, 308.2, 308.4, 309.2, 312. , 312.2, 313. , 315.8, 316. ,
       316.8, 320.4, 319.8, 320.6, 323.6, 323.4, 324.6, 327.4, 327.2,
       327.8, 330.6, 330.4, 331.4, 334.8, 335. , 335.4, 338.4, 338.4,
       338.8, 342.2, 342.2, 343. , 346.2, 346.2, 346.6, 349.6, 350. ,
       350.8, 353.6, 354. , 354.6, 357.2, 357.8, 358.4, 360.8, 361.4,
       362. , 364.6, 365.2, 365.4, 368. , 369.4, 369.6, 372. , 372.6,
       372.8, 375.4, 376.2, 377. , 379.4, 380.2, 380.2, 382.8, 383.8,
       384.2, 387. , 387.4, 387.8, 390.4, 391.2, 391.4, 393.6, 395.2,
       395.4, 397.8, 398.6, 399.2, 401. , 402.8, 403.2, 405. , 406.6,
       407. , 409. , 410.6, 410.8, 412.6, 414.2, 414.4, 416.2, 418. ,
       417.6, 419.8, 422. , 422.2, 423.8, 425.6, 425.6, 427.8, 429. ,
       429.6, 431.4, 433.4, 433.4, 434.8, 436.6, 437. , 438.8, 440.8,
       440.8, 442.6, 444.6, 444.6, 446.2, 448.2, 448.4, 450.6, 452.2,
       452.2, 454.4, 455.6, 456. , 458. , 459.4, 460. , 461.2, 463. ,
       463.8, 465.8, 467. , 467.2, 469.2, 470.2, 471.2, 473. , 474.2,
       475. , 476.8, 478.2, 478.8, 480.6, 481.6, 483. , 484.6, 485.6,
       486.4, 487.6, 489.2, 490.2, 491.8, 493.2, 494. , 495.8, 497. ,
       498. , 499. , 500.6, 501.8, 503. , 504. , 505. , 506.2, 507.8,
       509.4, 510.2, 511.8, 512.8, 513.6, 515. , 516.6, 517.8, 519.4,
       520.6, 521.4, 522.8, 524. , 525. , 526.8, 528. , 528.8, 530.4,
       531.6, 532. , 533.4, 535.2, 535.6, 538. , 539. , 539.8, 541.4,
       542.8, 543.8, 545.4, 546.6, 547. , 549.2, 550.6, 551.2, 553.2,
       554.8, 555.2, 557.2, 558.2, 558.4, 560.4, 562.2, 562.4, 564. ,
       566. , 565.6, 567.4, 569.6, 569.4, 571.4, 573.2, 573.4, 575.2,
       575.6, 576.4, 578. , 580.2, 580.6, 582.8, 584.6, 584.4, 586.2,
       588. , 588.6, 590. , 592.2, 592.4, 594.2, 596.2, 595.8, 598.4,
       599.8, 599.2, 601. , 603.4, 603.4, 605.4, 607.8, 607. , 609. ,
       610.8, 610.2, 612.6, 614.8, 614.6, 616.6, 618. , 618. , 620.2,
       622.6, 621.8, 623.6, 625.8, 625.2, 627. , 629.6, 629.2, 631. ,
       633.6, 633. , 634.2, 636.8, 636.6, 637.6, 640.4, 640.6, 641.6,
       643.8, 644. , 645.2, 648. , 648.2, 649.4, 651.6, 651.6, 653.4,
       655.8, 655.2, 656.6, 659.6, 659.6, 660.4, 663. , 662.6, 664. ,
       666.6, 666.8, 667.4, 670.4, 670.6, 671.6, 674.2, 674.4, 675.2,
       677.8, 678.2, 679. , 681.6, 681.6, 682.8, 685. , 685.4, 686.2,
       688.8, 689.2, 690.2, 693. , 693. , 693.8, 696.4, 696.6, 697. ,
       700. , 700.4, 701.2, 703.6, 704. , 705. , 707.6, 707.8, 708.6,
       711.8, 712.2, 712. , 715.2, 715.6, 715.6, 719. , 720. , 720.4,
       722.8, 723.4, 724. , 726.6, 728.2, 728. , 729.8, 731.6, 731.6,
       734. , 735.8, 735.6, 737.8, 739.6, 739.2, 741. , 743.2, 743.2,
       745.4, 747.2, 746.8, 748.6, 750.8, 750.8, 752.8, 755. , 754.4,
       755.8, 757.8, 757.6, 760.2, 762.2, 762.4, 763.6, 765.8, 765.8,
       767.6, 770. , 769.8, 771.6, 773.8, 773.4, 774.6, 777. , 777.4,
       779.4, 781. , 781.2, 782.8, 784.4, 784.6, 786.6, 788.2, 789. ,
       790.2, 792. , 792.4, 794. , 796. , 796.4, 798.4, 800. , 800.2,
       802. , 803.4, 804.2, 805.8, 807.4, 808.2, 809.2, 811.2, 811.8,
       813.2, 815. , 816. , 817.2, 818.8, 819.8, 820.8, 822.4, 823.2,
       825. , 826.8, 827.8, 828.6, 829.8, 831.2, 832.4, 833.6, 834.6,
       835.6, 837.2, 838.6, 839.8, 841.6, 842.8, 843.6, 845.2, 846.6,
       847. , 849. , 850.8, 851.8, 852.8, 853.8, 855. , 856.8, 858.2,
       858.6, 860.6, 862. , 862.2, 864.2, 866. , 866.4, 868.2, 869.6,
       870. , 871.4, 872.8, 873. , 875.8, 877.2, 877.8, 879.4, 881. ,
       881. , 883. , 884.6, 884.4, 887. , 888.4, 888.4, 890.6, 891.8,
       892. , 894.4, 895.6, 895.8, 897.8, 899.4, 899.4, 901.8, 903.4,
       903.8, 905.8, 907.2, 907.2, 909.2, 911.2, 910.6, 913. , 915. ,
       914. , 916.2, 918.2, 918. , 920.4, 922.6, 922.4, 924.4, 926. ,
       925.4, 928. , 930.2, 929.8, 931.2, 933.6, 932.8, 934.6, 937. ,
       936.8, 939.2, 941.6, 941. , 942.4, 944.6, 944.4, 946. , 949. ,
       948.6, 950. , 952.6, 952. , 953.4, 956. , 955.8, 957.2, 960.2,
       959.6, 960.8, 964. , 963.8, 965. ])]

Valor minimo: 
3.2

Valor maximo: 
965.0

Valor medio: 
483.758961038961

Desvio Padrao: 
277.713105591188

Valor da soma: 
372494.39999999997

95 percentil: 
12.261099999999999

99 percentil: 
12.32262

