Array para T1:
Array para T2:
Array para T3:
Array para T4:
Array para T5:
Media do array: 

[array([5.8, 5.6, 5.4, 5.4, 5.8, 5.6, 6. , 5.8, 6. , 6. , 5.6, 5.6, 5.6,
       6. , 5.6, 5.4, 5.4, 5.6, 5.8, 5.8, 5.8, 6. , 5.8, 5.8, 6. , 5.8,
       5.8, 5.8, 5.8, 5.8, 5.8, 6. , 6. , 5.8, 5.8, 5.6, 5.6, 5.4, 5.6,
       5.8, 5.6, 5.6, 5.8, 5.6, 6. , 5.8, 5.8, 5.8, 5.6, 5.4, 6. , 5.8,
       6. , 5.8, 6. , 5.6, 5.4, 5.6, 5.8, 5.8, 5.6, 5.8, 6. , 5.8, 5.6,
       5.6, 6. , 5.8, 5.8, 5.8, 6. , 5.6, 5.8, 5.4, 5.4, 5.4, 5.6, 5.6,
       5.6, 5.6, 5.8, 5.8, 6. , 6. , 5.8, 5.8, 5.8, 5.8, 5.8, 5.6, 5.4,
       5.4, 5.2, 5.4, 6. , 5.8, 6. , 6. , 6. , 6. , 6. , 6. , 5.8, 5.8,
       5.8, 5.8, 5.8, 5.6, 5.6, 5.6, 5.4, 5.4, 5.6, 5.8, 5.6, 5.8, 5.6,
       5.6, 5.8, 5.6, 6. , 5.6, 5.8, 5.6, 5.8, 5.8, 5.6, 6. , 5.6, 6. ,
       5.4, 5.8, 5.8, 5.6, 5.8, 5.8, 5.8, 5.8, 5.8, 5.8, 5.8, 5.6, 5.6,
       5.6, 5.8, 6. , 5.6, 5.8, 5.8, 5.8, 5.8, 6. , 5.2, 5.8, 5.6, 6. ,
       5.8, 5.4, 5.8, 5.6, 5.4, 5.4, 5.6, 5.8, 6. , 6. , 5.8, 6. , 5.8,
       6. , 5.8, 5.4, 5.8, 5.8, 5.8, 5.8, 5.8, 5.8, 5.6, 5.8, 5.8, 5.6,
       5.8, 5.6, 5.6, 5.4, 5.6, 5.8, 6. , 6. , 5.8, 6. , 5.8, 5.4, 6. ,
       6. , 5.6, 5.8, 5.4, 5.6, 5.6, 5.6, 5.8, 5.6, 6. , 6. , 6. , 6. ,
       5.4, 5.2, 5.6, 5.8, 5.4, 5.2, 6. , 6. , 6. , 6. , 5.8, 5.8, 5.8,
       5.8, 5.8, 5.6, 5.6, 5.6, 5.6, 5.8, 6. , 6. , 5.8, 5.8, 5.6, 5.6,
       5.8, 5.6, 5.6, 5.6, 5.6, 5.8, 6. , 6. , 5.8, 5.6, 6. , 6. , 6. ,
       6. , 5.6, 5.6, 5.8, 5.8, 5.8, 5.8, 5.8, 6. , 5.8, 6. , 5.8, 5.4,
       5.6, 5.6, 5.6, 5.6, 5.8, 6. , 5.4, 5.4, 6. , 6. , 5.8, 5.8, 5.6,
       5.6, 5.4, 5.6, 5.6, 5.6, 5. , 5.2, 6. , 5.8, 5.8, 5.6, 6. , 6. ,
       5.2, 5.4, 6. , 6. , 5.8, 5.8, 5.4, 5.6, 5.6, 5.8, 5.8, 5.8, 5.6,
       5.6, 6. , 5.6, 5.8, 5.6, 5.6, 5.6, 6. , 6. , 5.8, 5.8, 5.8, 5.8,
       5.8, 6. , 5.8, 5.8, 5.6, 5.6, 6. , 5.6, 5.6, 5.6, 5.4, 5.6, 5.8,
       6. , 6. , 5.8, 6. , 5.8, 5.6, 6. , 5.6, 5.8, 5.8, 5.8, 5.4, 5.2,
       5.8, 5.6, 5.8, 5.8, 5.8, 5.8, 6. , 5.8, 6. , 6. , 5.6, 5.8, 5.6,
       5.8, 5.6, 5.8, 5.8, 5.6, 5.8, 5.8, 5.8, 5.6, 5.4, 5.8, 5.8, 6. ,
       6. , 5.8, 5.8, 5.6, 5.6, 6. , 5.8, 6. , 5.6, 5.8, 5.8, 5.6, 5.6,
       5.8, 5.6, 5.6, 6. , 5.6, 6. , 6. , 5.6, 5.8, 5.6, 5.8, 5.6, 5.8,
       5.8, 6. , 5.6, 5.6, 5.6, 5.4, 5.8, 5.4, 5.6, 5.8, 6. , 6. , 6. ,
       5.8, 5.6, 5.4, 5.6, 5.8, 5.6, 6. , 5.4, 5.6, 5.4, 5.6, 6. , 5.8,
       5.8, 5.8, 5.8, 5.8, 6. , 6. , 5.8, 6. , 6. , 6. , 5.6, 5.8, 5.2,
       5.4, 5.8, 5.6, 5.6, 5.4, 5.8, 5.4, 5.6, 5.8, 5.8, 6. , 5.6, 5.8,
       5.8, 5.6, 5.8, 5.8, 5.4, 5.2, 5.8, 5.6, 5.8, 5.8, 5.8, 5.8, 5.6,
       5.8, 5.8, 5.8, 6. , 5.8, 6. , 5.8, 5.4, 6. , 5.6, 5.6, 5.6, 5.8,
       5.4, 5.6, 5.6, 5.6, 5.6, 5.4, 5.6, 5.6, 5.8, 6. , 6. , 6. , 5.8,
       5.4, 5.4, 5.4, 5.8, 5.8, 5.4, 5.8, 5.6, 5.8, 6. , 5.6, 5.6, 5.4,
       5.6, 5.8, 5.8, 6. , 5.8, 6. , 5.8, 5.6, 5.6, 5.8, 5.8, 6. , 5.8,
       5.6, 5.8, 5.6, 5.8, 5.8, 5.6, 5.6, 5.8, 5.8, 6. , 5.8, 5.6, 5.6,
       5.6, 5.8, 5.8, 5.6, 6. , 5.8, 5.4, 5.6, 5.4, 5.8, 5.8, 5.8, 5.6,
       5.8, 5.8, 5.8, 5.6, 5.8, 6. , 5.6, 5.8, 5.8, 5.8, 5.6, 5.8, 5.8,
       5.6, 5.6, 5.6, 5.6, 5.8, 5.8, 5.6, 5.4, 6. , 6. , 5.6, 5.8, 5.8,
       5.8, 6. , 5.8, 6. , 5.8, 5.4, 5.4, 5.6, 5.6, 5.8, 6. , 5.4, 5.6,
       5.8, 5.8, 5.8, 5.8, 5.6, 5.8, 6. , 6. , 5.8, 5.8, 5.8, 5.8, 6. ,
       5.8, 6. , 5.4, 5.8, 5.4, 5.6, 5.8, 5.6, 6. , 5.6, 6. , 6. , 6. ,
       6. , 6. , 5.8, 6. , 5.8, 5.6, 5.6, 5.2, 5.8, 5.6, 5.8, 5.6, 5.8,
       5.8, 5.8, 5.8, 5.6, 5.4, 6. , 5.8, 6. , 6. , 5.6, 5.6, 5.6, 5.8,
       5.6, 5.6, 5.8, 5.8, 5.6, 5.8, 6. , 5.8, 6. , 6. , 5.4, 5.4, 5.8,
       5.8, 5.8, 5.8, 5.8, 5.8, 5.6, 5.4, 5.4, 5.4, 5.6, 5.4, 5.6, 5.6,
       5.8, 6. , 5.8, 6. , 5.2, 5.8, 5.8, 6. , 5.8, 6. , 5.6, 5.6, 5.8,
       5.6, 5.4, 5.6, 5.6, 5.6, 6. , 5.6, 5.8, 5.6, 5.8, 6. , 5.6, 5.8,
       5.4, 5.6, 5.4, 5.4, 5.8, 5.8, 5.8, 5.6, 6. , 6. , 6. , 6. , 5.6,
       5.6, 5.6, 5.6, 5.8, 5.8, 5.8, 6. , 5.6, 5.6, 5.6, 5.8, 5.8, 5.6,
       5.8, 5.6, 5.6, 5.4, 6. , 5.8, 6. , 6. , 5.4, 5.6, 5.6, 6. , 5.8,
       5.8, 5.8, 5.6, 5.6, 5.6, 5.8, 5.8, 5.8, 5.6, 5.4, 5.4, 5.8, 5.8,
       5.6, 5.4, 5.6, 5.8, 5.8, 6. , 5.6, 5.8, 6. , 5.6, 5.6, 5.2, 5.8,
       5.8, 6. , 5.8, 5.6, 5.8, 5.8, 5.8, 5.6, 5.6, 5.4, 5.8, 6. , 6. ,
       5.8, 5.8, 5.6, 5.6, 5.6, 5.6, 5.8, 5.6, 5.8, 6. , 5.6, 5.4, 5.6,
       5.8, 5.6, 5.8])]

Valor minimo: 
5.0

Valor maximo: 
6.0

Valor medio: 
5.729870129870129

Desvio Padrao: 
0.19303787063005468

Valor da soma: 
4411.999999999999

95 percentil: 
5.2

99 percentil: 
5.2

