Array para T1:
Array para T2:
Array para T3:
Array para T4:
Array para T5:
Media do array: 

[array([   4.8,    4.6,    9.8,    9.4,   14.4,   14.2,   18.8,   18.8,
         23.8,   23.4,   28.4,   28.2,   32.8,   32. ,   37. ,   37. ,
         41.6,   41.4,   46. ,   46.4,   50.8,   50.2,   55. ,   55.2,
         60. ,   59.6,   64.2,   64.2,   68.4,   68.4,   73.2,   72.8,
         77.8,   78. ,   82.8,   82.2,   86.8,   86.8,   91.6,   91.8,
         96.2,   96.2,  100.6,  100.8,  105.8,  105.2,  110. ,  109.8,
        114.2,  114.2,  119. ,  119. ,  123.8,  123.8,  128.2,  128.2,
        132.8,  132.6,  137.4,  137.2,  142.4,  142.2,  146.6,  146.4,
        151.4,  150.8,  155.4,  155.2,  160.4,  160.4,  165. ,  164.6,
        169.8,  169.2,  173.8,  173.2,  178.4,  178.2,  183. ,  183. ,
        187.6,  187.6,  192.8,  192.4,  197.2,  197.2,  201.8,  201.6,
        206.2,  206.2,  211. ,  210.6,  215.4,  215.2,  220. ,  219.8,
        225. ,  224.4,  228.8,  229.2,  233.6,  234. ,  238.2,  238. ,
        243. ,  242.8,  247.6,  247.4,  252.8,  252.2,  257. ,  257. ,
        261.2,  260.8,  266.4,  266.2,  270.8,  270.6,  275.4,  275.2,
        280. ,  279.6,  285. ,  284.2,  289.6,  289. ,  293.8,  293.4,
        297.8,  298.2,  303. ,  303. ,  307.2,  307. ,  311.8,  311.8,
        316.6,  316.6,  321.2,  320.8,  325.6,  325.4,  330. ,  329.6,
        334.6,  335. ,  339. ,  339.4,  344. ,  344. ,  349. ,  348.8,
        353.2,  353. ,  357.2,  357.2,  362.6,  362. ,  367. ,  366.4,
        371.2,  370.8,  375.8,  375. ,  380.6,  380.6,  385.2,  385.2,
        390. ,  389.6,  395. ,  394.4,  399. ,  398.6,  404. ,  403.6,
        408.4,  408.4,  413.4,  413.2,  418.2,  417.8,  422.6,  422.4,
        427.4,  427. ,  431.6,  431.4,  436.6,  436. ,  441.2,  441. ,
        445.8,  445.4,  450. ,  449.8,  455.2,  454.8,  459.4,  459. ,
        463.8,  464. ,  469. ,  468.6,  473.4,  473.2,  478.4,  478.2,
        482.8,  482.4,  486.6,  486.6,  491.4,  491.4,  496.4,  496. ,
        500.4,  500. ,  505. ,  505.4,  510. ,  510. ,  515.2,  514.8,
        519.6,  519. ,  524.4,  524. ,  528.8,  529. ,  533.6,  533.4,
        537.8,  537.6,  542.2,  541.6,  547. ,  546.8,  551.6,  551.4,
        556.4,  555.6,  560.6,  560.6,  565.4,  565. ,  569.8,  570. ,
        575. ,  574.8,  579.2,  579. ,  584. ,  583.4,  588. ,  588.2,
        593.2,  593. ,  597.6,  597.2,  602.4,  601.4,  606.6,  606.8,
        611.8,  611.4,  616.4,  616.2,  620.8,  620.6,  625.8,  625.6,
        630. ,  629.8,  634.4,  634.2,  639.2,  639. ,  643.8,  643.6,
        648.2,  648. ,  653.6,  653. ,  657.8,  657.4,  662.6,  662.4,
        667.2,  666.6,  671.4,  671.4,  676. ,  675.6,  680.2,  680.4,
        685.2,  685. ,  690.2,  689.8,  694.6,  694.2,  698.8,  699. ,
        704. ,  703.8,  708.6,  708. ,  712.8,  712.6,  717.8,  717.8,
        722.6,  722.4,  727.4,  727. ,  731.4,  731.2,  736.2,  735.8,
        741. ,  740.6,  745.4,  744.8,  749.6,  749.8,  754.6,  754.2,
        759. ,  758.8,  763.8,  763.2,  768. ,  768. ,  772.6,  772.6,
        777. ,  776.4,  781. ,  781.2,  786.2,  786. ,  790.8,  790.4,
        795.4,  795.4,  800.4,  800.4,  805. ,  804.6,  809.4,  809.2,
        814. ,  814. ,  818.4,  818.4,  823.4,  823. ,  827.8,  827.6,
        832.2,  831.6,  836.2,  836.2,  841.2,  841.6,  846. ,  845.8,
        850.4,  850.4,  855. ,  855. ,  859.4,  859.4,  864. ,  864. ,
        868.8,  868.8,  873. ,  873.2,  877.6,  877.2,  882.6,  882.2,
        886.8,  886.8,  891.4,  891.6,  896.2,  896.2,  900.4,  900.4,
        905.2,  905.2,  909.8,  909.6,  914.2,  914. ,  918.6,  918. ,
        923. ,  923.4,  928.2,  927.8,  932.6,  932.4,  936.8,  936.4,
        941.8,  941.6,  946.2,  946.2,  950.4,  950.4,  954.6,  954.8,
        960. ,  959.6,  964.2,  964.2,  968.6,  968.8,  973.4,  973.6,
        977.8,  977.8,  982.4,  982.4,  987. ,  987. ,  991. ,  991.2,
        996. ,  996. , 1000.4, 1000.2, 1005.2, 1004.8, 1009.6, 1009.8,
       1014.2, 1014. , 1018.4, 1018.8, 1023.4, 1023.4, 1027.8, 1027.6,
       1031.6, 1032.2, 1037. , 1036.8, 1041.2, 1041.2, 1045.8, 1045.6,
       1050.4, 1050.6, 1054.8, 1055. , 1059.6, 1059.4, 1063.8, 1063.8,
       1068.2, 1068.4, 1072.6, 1073. , 1077.2, 1077.2, 1081.4, 1081.6,
       1086. , 1085.8, 1090.8, 1090.4, 1095.4, 1095.6, 1100. , 1100.2,
       1104.8, 1104.6, 1109. , 1109. , 1113.6, 1113.4, 1118. , 1118.4,
       1122.8, 1123. , 1127. , 1127.2, 1132. , 1132. , 1136.4, 1136.4,
       1140.8, 1141.4, 1145.4, 1145.6, 1150.2, 1150.6, 1155. , 1154.8,
       1159. , 1159.4, 1163.4, 1164.2, 1168.4, 1168.6, 1172.8, 1173. ,
       1177.2, 1177.4, 1181.8, 1182.2, 1186.4, 1186.8, 1191.2, 1191.4,
       1195.8, 1195.6, 1199.8, 1199.6, 1204. , 1204. , 1208.6, 1209. ,
       1213.4, 1213.8, 1217.6, 1218.2, 1222.8, 1223. , 1226.8, 1227.2,
       1231.4, 1231.2, 1235.6, 1236.2, 1241. , 1241.2, 1245. , 1245.8,
       1250.4, 1250.2, 1254.6, 1255. , 1259. , 1256.6, 1261. , 1260.4,
       1264.2, 1264.4, 1269.2, 1269.2, 1274. , 1274.4, 1278.6, 1278.4,
       1282.8, 1282.8, 1286.8, 1286.8, 1291.4, 1291.6, 1295.4, 1296. ,
       1300.8, 1301.4, 1306. , 1305.8, 1309.6, 1310.2, 1314.6, 1314.4,
       1318.6, 1318.8, 1323. , 1323.8, 1328. , 1328.2, 1332.8, 1333. ,
       1337.6, 1337.8, 1342.6, 1342.4, 1347.4, 1346.8, 1351.4, 1349.8,
       1353.8, 1354.4, 1358.4, 1359.2, 1363.6, 1363.8, 1368.4, 1366.8,
       1371. , 1371. , 1375. , 1375.2, 1380.2, 1380.2, 1384.8, 1384.6,
       1389.4, 1389.6, 1394.4, 1394.4, 1399.4, 1399.6, 1404. , 1404.2,
       1408.6, 1409. , 1414.2, 1414.2, 1418.8, 1419. , 1423.6, 1423.6,
       1428.2, 1428.8, 1432.8, 1433.2, 1437.8, 1437.6, 1442. , 1442.4,
       1447. , 1447.4, 1451.6, 1451.8, 1456. , 1456.2, 1461.4, 1461.4,
       1466. , 1466.6, 1471. , 1471.2, 1475.8, 1476.2, 1480.6, 1480.8,
       1485.4, 1485. , 1490. , 1490.2, 1494.4, 1495. , 1498.6, 1498.8,
       1503. , 1503.2, 1508. , 1508.6, 1512.6, 1513. , 1517.2, 1517.4,
       1521.6, 1522. , 1526.4, 1527. , 1531.2, 1531.8, 1535.8, 1535.8,
       1540.4, 1540.8, 1545. , 1545.4, 1549.2, 1549.8, 1553.8, 1554.2,
       1558.6, 1559. , 1563.4, 1563.6, 1568.2, 1568.2, 1572.6, 1572.8,
       1577. , 1577.4, 1581.6, 1581.6, 1585.8, 1586.4, 1590.8, 1591.4,
       1595.6, 1596. , 1599.8, 1600. , 1604.6, 1605. , 1609. , 1609. ,
       1613.6, 1613.6, 1618. , 1618.2, 1623.2, 1623.2, 1627.2, 1627.8,
       1631.6, 1632. , 1636.6, 1637.2, 1641.2, 1641.2, 1645.6, 1646. ,
       1649.2, 1649.8, 1654.6, 1654.8, 1659.4, 1659.2, 1663.4, 1663.8,
       1668.2, 1668.2, 1672.4, 1673. , 1676.8, 1677. , 1681.2, 1681.8,
       1686. , 1686.6, 1691.2, 1691. , 1695.2, 1694.8, 1699.6, 1699.6,
       1704. , 1704.2, 1708.6, 1709.2, 1713.4, 1713.8, 1718. , 1718.2,
       1722.8, 1723.4, 1727.6, 1727.6, 1731.6, 1732. , 1736.4, 1736.6,
       1741. , 1741. , 1745.4, 1745.2, 1749.2, 1750. , 1754.4, 1755. ,
       1759.2, 1759.4])]

Valor minimo: 
4.6

Valor maximo: 
1759.4

Valor medio: 
883.7168831168831

Desvio Padrao: 
507.33836855541176

Valor da soma: 
680462.0

95 percentil: 
20.205299999999998

99 percentil: 
21.620259999999995

