Array para T1:
Array para T2:
Array para T3:
Array para T4:
Array para T5:
Media do array: 

[array([0.8, 0.4, 0.6, 1. , 1. , 0.8, 1. , 1. , 1. , 1.4, 1.2, 1. , 0.8,
       1. , 1. , 0.8, 0.8, 1. , 1. , 0.4, 0.8, 1.4, 1.4, 0. , 0.8, 0.8,
       0.8, 0.8, 1.2, 1. , 0.8, 0.6, 0.6, 0.6, 0.6, 1. , 0.6, 0.4, 1.4,
       0.8, 0.4, 0.8, 0.6, 1. , 0.8, 1.2, 1.6, 0.8, 0.6, 0.4, 1.4, 1.4,
       1. , 0.6, 1.2, 1.2, 0.4, 0.4, 0.8, 0.8, 0.8, 0.6, 0.8, 0.6, 1. ,
       0.4, 0.4, 0.2, 1.6, 1.6])]

Valor minimo: 
0.0

Valor maximo: 
1.6

Valor medio: 
0.8542857142857142

Desvio Padrao: 
0.34129405598847046

Valor da soma: 
59.8

95 percentil: 
0.1311

99 percentil: 
0.13662

