Array para T1:
Array para T2:
Array para T3:
Array para T4:
Array para T5:
Media do array: 

[array([ 5.8,  6.4,  6. ,  8. ,  7.8,  6.2,  7.4,  6. ,  6. ,  7. ,  6.8,
        5.6,  5.8,  5.8,  5.8,  6.2,  5.6,  6.4,  6. ,  7. ,  7.6,  8.6,
        9.4,  6.2,  6.4,  5.8,  5.4,  5.6,  9. ,  5.6,  5.6,  5.8,  5.8,
        5.8,  5.8,  6.6,  5.8,  6.8,  7.2,  5.6,  6.8,  5.6,  5.6,  6.6,
        7. ,  8. ,  9.8,  6.2,  7. ,  6. ,  9.4,  8.4,  6.4,  7. ,  8.6,
        8.6,  6. ,  5.8,  6. ,  6. ,  6.2,  5.6,  5.8,  5.6,  8.4,  6. ,
        6.2,  6.2, 10.8, 10.8])]

Valor minimo: 
5.4

Valor maximo: 
10.8

Valor medio: 
6.72

Desvio Padrao: 
1.2892522749917599

Valor da soma: 
470.4

95 percentil: 
5.5310999999999995

99 percentil: 
5.53662

