Array para T1:
Array para T2:
Array para T3:
Array para T4:
Array para T5:
Media do array: 

[array([ 6.6,  6.8,  6.6,  9. ,  8.8,  7. ,  8.4,  7. ,  7. ,  8.4,  8. ,
        6.6,  6.6,  6.8,  6.8,  7. ,  6.4,  7.4,  7. ,  7.4,  8.4, 10. ,
       10.8,  6.2,  7.2,  6.6,  6.2,  6.4, 10.2,  6.6,  6.4,  6.4,  6.4,
        6.4,  6.4,  7.6,  6.4,  7.2,  8.6,  6.4,  7.2,  6.4,  6.2,  7.6,
        7.8,  9.2, 11.4,  7. ,  7.6,  6.4, 10.8,  9.8,  7.4,  7.6,  9.8,
        9.8,  6.4,  6.2,  6.8,  6.8,  7. ,  6.2,  6.6,  6.2,  9.4,  6.4,
        6.6,  6.4, 12.4, 12.4])]

Valor minimo: 
6.2

Valor maximo: 
12.4

Valor medio: 
7.574285714285713

Desvio Padrao: 
1.542510543079108

Valor da soma: 
530.1999999999999

95 percentil: 
6.2

99 percentil: 
6.2

