Array para T1:
Array para T2:
Array para T3:
Array para T4:
Array para T5:
Media do array: 

[array([ 8.8, 10.4,  9.4,  9.8, 11. ,  8. ,  6.4,  3.8,  5.4,  3.6,  9.8,
       11.4,  7.8,  4.6, 10.8,  6.6,  7.2,  8.8, 12.4, 13.4,  8. ,  8.4,
        7. , 10.4, 10.8, 10.6, 13.2, 11.2, 12.8, 13.8, 14.4, 16. , 16.2,
       14.8, 14.8, 19.4, 18. , 18.8, 17.2, 18.8, 18.6, 20. , 23.2, 21.2,
       20.6, 22. , 16.2, 15.2, 17.2, 19.4, 18.8, 19.2, 22. , 24.8, 24.6,
       24.6, 26. , 26.2, 25. , 23.8, 25.4, 26.2, 25.8, 26.2, 25.8, 28.6,
       27.6, 28.2, 29. , 29.2])]

Valor minimo: 
3.6

Valor maximo: 
29.2

Valor medio: 
16.35142857142857

Desvio Padrao: 
7.289948909425965

Valor da soma: 
1144.6

95 percentil: 
3.7311

99 percentil: 
3.73662

