Array para T1:
Array para T2:
Array para T3:
Array para T4:
Array para T5:
Media do array: 

[array([6.4, 6.4, 6.8, 6.4, 6.6, 6.6, 6.8, 6.6, 6.4, 6.2, 6.4, 6. , 6. ,
       6.2, 6. , 5.8, 6. , 6. , 6.2, 6.2, 6. , 6.2, 6.4, 6.2, 6. , 6.2,
       6.2, 6.4, 6.2, 5.8, 5.6, 6. , 5.8, 6. , 6. , 6. , 6.4, 6. , 5.8,
       6. , 5.4, 6. , 6. , 6. , 6. , 6. , 5.8, 5.8, 5.8, 5.8, 5.8, 6. ,
       5.8, 5.8, 5.8, 6. , 5.8, 5.6, 5.8, 6. , 5.8, 6. , 5.8, 6. , 6. ,
       6. , 6. , 6. , 6.4, 6. , 6. , 5.8, 5.8, 5.8, 6. , 6. , 6. , 6. ,
       5.8, 6. , 5.6, 5.6, 6.2, 5.8, 6. , 5.8, 5.6, 5.8, 6. , 5.8, 5.6,
       5.8, 6.2, 5.8, 6. , 5.8, 6. , 6. , 6. , 5.8, 6. , 5.6, 6. , 6.2,
       6.4, 6.2, 6. , 5.6, 6. , 5.8, 6. , 6. , 6. , 6. , 5.6, 5.6, 5.8,
       6. , 6. , 5.8, 6.2, 5.8, 5.8, 5.8, 5.6, 5.6, 6. , 6. , 6. , 6. ,
       5.8, 6. , 6. , 6.2, 6.2, 6.2, 6.2, 6.2, 6.2, 6.2, 6.2, 6.6, 5.8,
       5.6, 6.2, 6.2, 6.2, 6.2, 5.8, 5.8, 5.6, 6.2, 6.2, 5.8, 6.4, 6. ,
       6.4, 6.2, 6.4, 6. , 5.8, 6. , 5.6, 6.2, 6. , 6.4, 6.2, 5.8, 6. ,
       5.8, 6.2, 6. , 6. , 6. , 6.2, 6. , 5.8, 6. , 5.8, 6. , 6.2, 5.8,
       6.2, 6. , 5.8, 6. , 5.8, 5.8, 6. , 6. , 6.2, 6.2, 6.4, 6. , 6.4,
       6. , 6. , 6. , 6.2, 6. , 6. , 6. , 5.8, 5.8, 5.8, 5.8, 6. , 6. ,
       6. , 5.6, 5.8, 6. , 6.2, 6.2, 6. , 6.2, 6.2, 6.2, 6.2, 5.8, 5.8,
       5.8, 6. , 5.8, 5.8, 6. , 6. , 6. , 6. , 6. , 5.8, 5.4, 6.2, 6. ,
       6.2, 6. , 5.8, 6. , 6. , 5.8, 6.2, 5.6, 5.8, 5.8, 6. , 6. , 5.6,
       6. , 6. , 5.8, 5.6, 5.6, 5.8, 6.4, 6. , 5.8, 5.8, 6. , 5.8, 6. ,
       6.2, 6.2, 6. , 6. , 5.6, 5.8, 5.8, 5.6, 6. , 6. , 6. , 5.8, 6. ,
       6. , 5.8, 5.6, 6. , 5.4, 6. , 5.8, 5.6, 5.8, 6. , 6. , 5.8, 6.2,
       6.2, 5.8, 5.8, 5.8, 5.8, 6.2, 6. , 5.6, 5.8, 5.4, 5.8, 6. , 6.2,
       6. , 5.8, 6. , 5.4, 5.8, 5.8, 6. , 5.8, 5.8, 6.2, 6. , 5.8, 5.8,
       6.2, 6. , 6. , 6. , 6. , 6. , 6.4, 6.4, 6. , 6. , 6. , 6. , 6. ,
       6. , 6. , 5.8, 6. , 5.8, 6. , 6. , 6.2, 6. , 6. , 5.8, 5.8, 6.4,
       6.4, 5.8, 6. , 6. , 6. , 6. , 5.8, 6.4, 6. , 5.8, 6. , 5.8, 6. ,
       6.2, 5.8, 6. , 5.8, 6. , 6. , 5.6, 6. , 5.6, 6.2, 6.2, 6. , 5.8,
       6. , 6.2, 5.8, 6. , 5.8, 6. , 6.2, 5.8, 6. , 6.2, 5.8, 6.2, 6.2,
       5.8, 5.6, 5.8, 6. , 6. , 6. , 5.8, 5.8, 5.8, 5.6, 6. , 6. , 5.6,
       6. , 6. , 6. , 6. , 5.8, 5.6, 6. , 6.2, 6.2, 6. , 6.2, 6. , 5.8,
       6.2, 6. , 6.2, 5.8, 6.2, 5.6, 6. , 5.8, 5.8, 6.2, 6.2, 6. , 6. ,
       5.8, 5.6, 5.8, 6. , 5.8, 5.8, 6. , 6. , 6. , 6. , 6. , 6.2, 6. ,
       6.2, 6. , 6.2, 5.8, 5.8, 6. , 6. , 6. , 6. , 5.8, 5.6, 6. , 6. ,
       6. , 6.2, 6. , 5.8, 5.8, 6. , 6. , 6. , 5.4, 6. , 5.8, 6. , 5.6,
       5.8, 6. , 6. , 5.8, 5.8, 6. , 6. , 5.6, 6.2, 6. , 6. , 5.8, 5.8,
       5.8, 6. , 6. , 6.2, 6. , 6. , 5.8, 5.8, 5.8, 6. , 5.8, 5.6, 6.2,
       6.2, 6. , 5.4, 6. , 5.8, 6. , 5.8, 5.8, 6. , 6. , 5.8, 5.8, 6.4,
       5.8, 6. , 5.6, 6. , 6.2, 6. , 5.8, 6. , 5.8, 6. , 6. , 6. , 6. ,
       6. , 5.6, 6. , 6. , 6. , 5.6, 5.4, 5.8, 6. , 6. , 6. , 6.2, 5.8,
       6. , 5.8, 6. , 6. , 5.8, 6. , 6. , 6.2, 6. , 6.2, 6. , 5.8, 5.8,
       5.6, 6. , 6. , 6. , 6. , 6. , 5.8, 5.8, 5.8, 6.2, 6. , 6. , 5.8,
       5.8, 5.8, 6. , 5.8, 6.2, 6. , 6. , 5.6, 6. , 5.8, 6. , 5.8, 6. ,
       5.8, 6. , 6. , 6. , 6.2, 6. , 5.8, 6. , 6. , 6. , 5.8, 6. , 6.4,
       5.8, 6. , 5.8, 5.8, 5.8, 6. , 5.6, 6. , 6.2, 6. , 5.8, 5.8, 6. ,
       5.8, 5.8, 5.8, 6. , 5.8, 6. , 6. , 5.8, 5.6, 5.6, 5.8, 6. , 6. ,
       6. , 6. , 5.8, 5.6, 5.6, 5.6, 5.8, 6.2, 6.2, 6. , 5.8, 5.8, 5.8,
       6. , 6. , 5.8, 6.2, 5.6, 6. , 6. , 6. , 5.6, 6. , 6. , 6. , 6. ,
       6. , 5.8, 6. , 5.6, 6. , 5.8, 5.6, 5.8, 6. , 5.8, 5.8, 5.8, 5.8,
       5.8, 5.6, 6. , 5.6, 5.8, 5.4, 5.8, 6. , 6.4, 6.4, 6. , 6. , 6. ,
       5.8, 6. , 5.8, 6. , 6. , 5.6, 5.6, 5.8, 6. , 5.8, 6. , 6. , 5.8,
       5.8, 6. , 6. , 6.2, 5.8, 5.8, 5.8, 6.2, 6.2, 6.2, 6.2, 6.2, 6. ,
       5.6, 5.6, 5.8, 5.8, 6.2, 5.6, 6. , 6. , 5.6, 6.2, 6.2, 6.2, 6.2,
       6.2, 6. , 6. , 5.6, 6.2, 6.2, 5.6, 6. , 6.2, 6.4, 6.4, 5.8, 5.8,
       6. , 5.8, 6. , 5.8, 5.8, 6. , 6. , 6.2, 6.4, 6.2, 5.8, 6. , 6. ,
       5.8, 6.2, 6.2, 6. , 5.8, 5.8, 6. , 5.8, 6.2, 6. , 5.8, 6. , 6.4,
       5.6, 6.2, 6.2, 5.8, 6. , 5.8, 6. , 5.6, 6. , 6. , 6.2, 6.4, 6. ,
       6. , 5.8, 6.2, 5.8, 6. , 6. , 6. , 6. , 6. , 5.8, 6. , 6.2, 6. ,
       5.6, 5.8, 5.8, 5.8, 5.8, 5.6, 6. , 6.2, 6. , 6.4, 6.2, 6.4, 6.2,
       6.2, 5.6, 5.8])]

Valor minimo: 
5.4

Valor maximo: 
6.8

Valor medio: 
5.9548051948051945

Desvio Padrao: 
0.2099697590446629

Valor da soma: 
4585.2

95 percentil: 
5.4

99 percentil: 
5.4

