Array para T1:
Array para T2:
Array para T3:
Array para T4:
Array para T5:
Media do array: 

[array([ 7.8,  7.6,  7. ,  6.8,  5.8,  4.8,  3.8,  4.8, 10. ,  9.8,  9.8,
        9.8,  8.8,  7.2,  6.4,  7. , 10.4, 10.8, 10. ,  9.6,  8.8,  7.8,
        7.6,  7.6, 10.2, 10.8, 10.4,  9.8,  9. ,  8.8,  8. ,  8. , 10.4,
       10. , 10.4, 10. ,  9.2,  8.6,  8. ,  8.4, 10. , 10.2, 10. ,  9.6,
        9.4,  9. ,  8.2,  7.8,  9.4,  9.6,  9.6,  9.4,  9.2,  8.6,  8. ,
        7.4,  8.8,  9.2,  9.2,  9.4,  8.4,  8.2,  7.4,  7. ,  8.4,  8.8,
        9.6,  9.2,  8.2,  7.8,  7.2,  6.6,  8.2,  9.4,  9.6,  9. ,  8.6,
        7.6,  7. ,  6.4,  7.6,  8.6,  8.8,  8.2,  7.8,  7.4,  7. ,  7. ,
        7.2,  7.6,  8.4,  8. ,  7.8,  7.2,  6.8,  6.2,  6.8,  7.2,  7.6,
        7.4,  7.6,  7.6,  6.8,  6.2,  6.2,  6.6,  7.6,  7.6,  7.2,  7.2,
        6.6,  6.2,  6. ,  6.2,  6.8,  7. ,  7.6,  7.2,  6.6,  6. ,  5.6,
        6. ,  6.6,  6.4,  7. ,  6.8,  6.2,  6.2,  5.8,  5.8,  6.2,  6. ,
        6.2,  6. ,  6. ,  5.8,  5.6,  6. ,  5.8,  5.6,  5.8,  6. ,  6. ,
        6.4,  6.4,  6.4,  5.8,  5.4,  5.6,  6. ,  6. ,  6. ,  6. ,  6.4,
        5.6,  5.6,  5.2,  5.8,  5.2,  6.6,  6.2,  5.8,  5.8,  5.4,  5.6,
        6. ,  5.8,  6.2,  5.8,  6. ,  5.4,  6. ,  5.6,  6.2,  5.6,  6. ,
        5.8,  5.2,  5.6,  5.6,  5.6,  5.6,  5.4,  5.6,  5.4,  5.8,  5. ,
        5.6,  5. ,  5.6,  5.4,  5.4,  6. ,  5.2,  4.8,  4.6,  4.4,  5.4,
        5.4,  5.6,  5.8,  5.2,  4.8,  4.4,  4.4,  4.8,  5.6,  5.6,  5. ,
        4.4,  4.2,  4.4,  4. ,  5.4,  5.4,  5. ,  4.8,  4. ,  4. ,  3.8,
        4.4,  5.2,  5. ,  5.2,  5. ,  4.8,  3.8,  4. ,  4. ,  5. ,  4.6,
        4.4,  5. ,  4.6,  4. ,  4.2,  4.2,  4.2,  4.4,  3.8,  4.6,  4.6,
        4. ,  3.8,  3.8,  4. ,  3.6,  3.8,  5. ,  4.6,  3.8,  3.4,  3.6,
        4. ,  3.6,  4.2,  4.8,  4. ,  3.6,  3.6,  3.4,  4.4,  4.2,  3.6,
        4.2,  3.6,  3.6,  4.2,  3.2,  4.6,  4.4,  3.4,  4. ,  3.4,  3.8,
        3.8,  3.8,  4.4,  3.6,  2.6,  3.4,  2.8,  3.2,  4.2,  3.4,  3.6,
        3.4,  2.4,  3.2,  3.4,  3.4,  3.4,  3. ,  3.4,  3.2,  2.6,  3.8,
        3.4,  3.6,  3.8,  2.8,  2.6,  3. ,  2.8,  4.2,  4. ,  3.2,  3.2,
        3. ,  2.2,  3.2,  3.4,  4.4,  3.8,  3.2,  3.2,  2.2,  2. ,  4.2,
        3.4,  3.6,  2.8,  2.6,  3. ,  2.2,  2. ,  4.2,  3.2,  3.6,  3. ,
        2.4,  2.8,  2.6,  2.2,  3.4,  2.4,  3.4,  2.8,  2.4,  3.2,  2.6,
        2.2,  3.2,  2.2,  3.4,  3.2,  3. ,  2.8,  2. ,  1.8,  3. ,  2.4,
        3.4,  3.8,  3.2,  2.6,  2. ,  2.2,  2.8,  3. ,  3. ,  3. ,  2.8,
        2.8,  2.4,  2.4,  2.8,  2.6,  3.6,  3.6,  3.2,  2.6,  3.2,  2.8,
        2.8,  2.6,  3. ,  3.4,  3.6,  2.8,  3.2,  2.6,  2.4,  2.4,  2.8,
        3. ,  3. ,  3. ,  3.4,  2.8,  2.4,  2.2,  2.4,  3.2,  3.6,  3.4,
        3. ,  2.8,  2.6,  2.2,  2.4,  2.8,  4. ,  3.6,  3.2,  2.6,  2.4,
        2. ,  2.2,  3.4,  4. ,  3.4,  3.4,  3. ,  2.4,  2.4,  2.4,  3. ,
        3.8,  3.4,  3.2,  3. ,  2.8,  2.6,  2.4,  2.6,  3.4,  2.8,  2.8,
        2.8,  3.2,  2.6,  2.6,  2.4,  3. ,  3. ,  2.8,  2.6,  2.6,  2.4,
        2.4,  1.8,  2.6,  2.6,  2.6,  2.8,  2.2,  2.4,  2. ,  2.4,  2.6,
        3.4,  2.8,  2.6,  2. ,  2.2,  1.6,  1.8,  2.2,  2.8,  2.6,  1.8,
        1.6,  2. ,  1.4,  1.8,  2.6,  2.2,  1.8,  1.8,  1. ,  1.8,  2.6,
        2.4,  2. ,  2. ,  1.4,  1.6,  1.4,  2.6,  3. ,  2.2,  1.6,  2. ,
        1.2,  1.4,  2. ,  2.4,  2.4,  1.6,  1.8,  1.2,  1.4,  2.4,  2. ,
        2. ,  2.4,  1.8,  1.2,  1.2,  1.4,  2.2,  1.6,  2. ,  1.8,  1.6,
        1.4,  0.6,  1.2,  1.6,  1.4,  1.4,  2. ,  1.8,  1.8,  1.8,  1.6,
        1.2,  1.2,  1. ,  1.2,  1.6,  2. ,  1.8,  1. ,  1. ,  1.2,  1.6,
        1.8,  2. ,  1.6,  1.6,  1.2,  1.6,  2.2,  1.6,  1.4,  1.8,  1.2,
        1.2,  0.8,  1. ,  1.4,  1.4,  0.8,  1. ,  1.6,  1.4,  1.8,  1.4,
        1.6,  1.2,  0.8,  1. ,  1.6,  2. ,  1.6,  0.8,  1.2,  1. ,  0.4,
        1.6,  1.6,  2.2,  1.8,  1. ,  0.4,  0.6,  1. ,  3. ,  3.2,  2.6,
        1.8,  0.8,  1.2,  1.8,  2. ,  3.6,  2.8,  2.4,  1.8,  1. ,  1.6,
        1.8,  2.2,  3.2,  2.2,  2.2,  1.8,  0.8,  2.2,  2.4,  1.6,  2.6,
        2.2,  2.2,  1.4,  2. ,  2.4,  1.8,  2. ,  2. ,  1.6,  1.6,  1.6,
        2.2,  2.2,  2.2,  1.2,  1.4,  1.2,  1.8,  0.8,  1.4,  1.4,  1.8,
        0.8,  0.8,  1. ,  1. ,  0.8,  1.4,  1. ,  1. ,  0.6,  1. ,  1.2,
        1. ,  1.6,  1.6,  1. ,  1. ,  1.4,  1.4,  1.4,  1.8,  1. ,  1.4,
        1. ,  1.4,  1.6,  1.2,  1. ,  1.6,  1. ,  1. ,  0.8,  1.8,  1.4,
        0.8,  0.4,  1.4,  0.8,  1.6,  1.6,  1.6,  1.2,  0.4,  0.6,  1.4,
        1.4,  1.8,  1.2,  1.4,  1.2,  0.8,  1.4,  1. ,  1.6,  1.6,  1.2,
        1.2,  1.4,  2. ,  1.6,  1.8,  2.2,  1.6,  1.6,  1.6,  1.2,  2.6,
        2. ,  1.4,  1.6,  1.4,  1.6,  1.8,  1.6,  2.2,  1.6,  1.4,  1.2,
        1.6,  1.6,  2.2,  2. ,  1.8,  1.2,  1. ,  1.4,  0.8,  1.8,  1.8,
        1.4,  2.2,  2.4,  2. ,  1.6,  1.6,  1.4,  1.8,  1.4,  2.2,  2.2,
        1.6,  2.2,  2. ,  1.8,  1.4,  1. ,  2.6,  2. ,  2.2,  2. ,  1.8,
        1.2,  0.6,  2.2,  2.4,  2.2,  2.2,  1.6,  1. ,  1.2,  2.6,  2.8,
        2.8,  2.6,  2. ,  1.8,  1. ,  1.2,  2.4,  2.6,  2.8,  2.4,  2. ,
        1.2,  1. ,  0.8,  2.6,  2.2,  2.2,  2. ,  1.6,  1.8,  1.2,  1.2,
        2.2,  2. ,  1.8,  1.4,  1.4,  1.6,  2.2,  1.6,  1.6,  1.6,  1.8])]

Valor minimo: 
0.4

Valor maximo: 
10.8

Valor medio: 
3.638441558441558

Desvio Padrao: 
2.433719330377296

Valor da soma: 
2801.6

95 percentil: 
0.6

99 percentil: 
0.6

