Array para T1:
Array para T2:
Array para T3:
Array para T4:
Array para T5:
Media do array: 

[array([1. , 1. , 0.8, 0.6, 0.6, 0.8, 0.8, 0.6, 1.2, 0.4, 0.8, 0.8, 1. ,
       1.2, 0.2, 0.8, 1.4, 0.6, 0.6, 0.6, 0.6, 0.6, 0.6, 0.4, 0.6, 0. ,
       0.8, 0.8, 1. , 0.8, 0.8, 0.6, 0.6, 0.6, 0.8, 0.2, 1. , 0.6, 0.6,
       0.8, 0.4, 0.4, 1. , 0.4, 0.8, 1. , 0.4, 0.6, 0.8, 1. , 0.8, 0.4,
       0.8, 0.8, 1. , 0.8, 1. , 0.6, 0.8, 0.8, 0.6, 1.2, 0.4, 0.6, 0.8,
       1. , 0. , 0.8, 0.4, 0.2])]

Valor minimo: 
0.0

Valor maximo: 
1.4

Valor medio: 
0.7028571428571428

Desvio Padrao: 
0.2720144053808435

Valor da soma: 
49.199999999999996

95 percentil: 
0.0

99 percentil: 
0.0

