Array para T1:
Array para T2:
Array para T3:
Array para T4:
Array para T5:
Media do array: 

[array([6.2, 7. , 6. , 6.6, 6.2, 5.6, 6.4, 6.8, 7. , 6.8, 6.6, 6.6, 6.6,
       7.2, 5.8, 6.4, 6.8, 6.8, 6.6, 6.2, 7.4, 6.2, 6. , 6.2, 6.2, 6. ,
       7.2, 6. , 7.2, 6.2, 6. , 6.4, 6. , 7. , 6.2, 5.8, 6.2, 6.2, 6.8,
       6. , 6.6, 6. , 8.2, 6. , 7. , 7.4, 6.2, 6.6, 7. , 7. , 6.6, 6.2,
       5.8, 8. , 6. , 6.2, 6.6, 6.4, 6.6, 6.2, 6.4, 8. , 5.8, 5.8, 5.8,
       7.6, 6.2, 6.2, 6. , 6.2])]

Valor minimo: 
5.6

Valor maximo: 
8.2

Valor medio: 
6.485714285714286

Desvio Padrao: 
0.5581309918662757

Valor da soma: 
454.0

95 percentil: 
5.7311

99 percentil: 
5.73662

