Array para T1:
Array para T2:
Array para T3:
Array para T4:
Array para T5:
Media do array: 

[array([7. , 7.6, 6.6, 7.2, 6.6, 6.4, 7. , 7.4, 8. , 7. , 7.4, 7.2, 7.4,
       8.2, 6. , 7.2, 8. , 7.4, 7.2, 6.6, 7.8, 6.6, 6.4, 6.6, 6.6, 6. ,
       8. , 6.6, 8. , 6.8, 6.6, 7. , 6.4, 7.6, 6.8, 6. , 7. , 6.6, 7.4,
       6.8, 6.8, 6.2, 9. , 6.4, 7.8, 8.2, 6.6, 7.2, 7.6, 7.8, 7.4, 6.6,
       6.4, 8.8, 6.8, 7. , 7.4, 6.8, 7.2, 6.8, 6.8, 9. , 6. , 6.4, 6.6,
       8.6, 6.2, 6.8, 6.4, 6.4])]

Valor minimo: 
6.0

Valor maximo: 
9.0

Valor medio: 
7.071428571428571

Desvio Padrao: 
0.708346738568631

Valor da soma: 
495.0

95 percentil: 
6.0

99 percentil: 
6.0

