Array para T1:
Array para T2:
Array para T3:
Array para T4:
Array para T5:
Media do array: 

[array([11.6,  9.2, 10. , 10.8, 10.4, 10. ,  3.4,  9.8,  6.6,  9. , 13. ,
        4.4,  9.4,  8.8, 10.6,  9.4,  8.6, 10.6,  8.8, 11.8,  8.6, 13.2,
       10.8, 16. , 15.4, 14.2, 21. , 21.2, 17.6, 19.4, 22. , 18.6, 25. ,
       19.8, 23.2, 26.4, 25.2, 25.8, 23.8, 28.2, 28. , 28.6, 30.2, 30.4,
       31.2, 28.6, 26.4, 18.2, 19.6, 21.6, 24.8, 29.4, 29.8, 29.6, 34.8,
       36. , 38.2, 34.8, 35.8, 35.2, 36.6, 35.8, 39.8, 40.2, 36.6, 38.6,
       38.6, 38. , 37. , 39.6])]

Valor minimo: 
3.4

Valor maximo: 
40.2

Valor medio: 
22.19428571428571

Desvio Padrao: 
10.892827072558028

Valor da soma: 
1553.5999999999997

95 percentil: 
4.0555

99 percentil: 
4.0831

