Array para T1:
Array para T2:
Array para T3:
Array para T4:
Array para T5:
Media do array: 

[array([ 1. ,  1. ,  1. ,  2.8,  0.4,  1.2,  0. ,  0. ,  1. ,  0.6,  0. ,
        4. ,  0. ,  0.6,  1. ,  0.4,  2.8,  1.4,  0.4,  0. ,  1. ,  1. ,
        2.4,  0.6,  1. ,  0.6,  1. ,  0.4, 10.4,  0.6,  0. ,  0.4,  1. ,
        1. ,  1. ,  0. ,  4.8,  0. ,  0.6,  0.4,  2.8,  1. ,  1. ,  1. ,
        0. ,  0. ,  1. ,  0. ,  1. ,  1. ,  4. ,  1. ,  0. ,  0.4,  2.8,
        0.4,  0. ,  1. ,  2.4,  0.4,  2.2,  0.6,  4.2,  1. ,  1. ,  2.8,
        0. ,  0. ,  1. ,  1. ])]

Valor minimo: 
0.0

Valor maximo: 
10.4

Valor medio: 
1.1828571428571428

Valor da soma: 
82.8

95 percentil: 
0.0

99 percentil: 
0.0

