Array para T1:
Array para T2:
Array para T3:
Array para T4:
Array para T5:
Media do array: 

[array([ 5.8,  6.2,  5.6, 19.8,  6. ,  7.6,  6. ,  6. ,  5.4,  6. ,  6. ,
       14.4,  6. ,  7.8,  5. ,  5.6, 16.6,  5.8,  6. ,  6. ,  6.2,  5.4,
       14.4,  5.4,  6. ,  5.4,  6. ,  5.6, 22.2,  6. ,  6. ,  6. ,  6.2,
        6.4,  6. ,  6. , 16.8,  6. ,  5.4,  6.4, 13.8,  5. ,  6.2,  6. ,
        6. ,  6.8,  5.4,  6. ,  5.4,  6. , 15.2,  5.4,  6. ,  6. , 15.8,
        6. ,  6. ,  5.4, 13.2,  6.4, 12.4,  6. , 17.4,  5.4,  6. , 13.8,
        6. ,  6. ,  5.8,  5.4])]

Valor minimo: 
5.0

Valor maximo: 
22.2

Valor medio: 
7.765714285714284

Valor da soma: 
543.5999999999999

95 percentil: 
5.0

99 percentil: 
5.0

