Array para T1:
Array para T2:
Array para T3:
Array para T4:
Array para T5:
Media do array: 

[array([ 6.8,  7.2,  6.6, 22.6,  6.4,  8.8,  6. ,  6. ,  6.4,  6.6,  6. ,
       18.4,  6. ,  8.4,  6. ,  6. , 19.4,  7.2,  6.4,  6. ,  7.2,  6.4,
       16.8,  6. ,  7. ,  6. ,  7. ,  6. , 32.6,  6.6,  6. ,  6.4,  7.2,
        7.4,  7. ,  6. , 21.6,  6. ,  6. ,  6.8, 16.6,  6. ,  7.2,  7. ,
        6. ,  6.8,  6.4,  6. ,  6.4,  7. , 19.2,  6.4,  6. ,  6.4, 18.6,
        6.4,  6. ,  6.4, 15.6,  6.8, 14.6,  6.6, 21.6,  6.4,  7. , 16.6,
        6. ,  6. ,  6.8,  6.4])]

Valor minimo: 
6.0

Valor maximo: 
32.6

Valor medio: 
8.948571428571427

Valor da soma: 
626.3999999999999

95 percentil: 
6.0

99 percentil: 
6.0

