Array para T1:
Array para T2:
Array para T3:
Array para T4:
Array para T5:
Media do array: 

[array([ 42.4,   7.4,  14.2,   3.8,   9.8,  25.4,  15.8,  18.4,  24.6,
        29. ,  35.2,  25.8,  56.2,  54.8,  47. ,  58.4,  44.2,  67. ,
        66. ,  70.6,  88.6,  81.2,  76. , 114. ,  87.8,  94.8, 105.2,
       110.2,  90. , 117.4, 117.2, 132.4, 129.8, 151.2, 136. , 145.2,
       135.4, 165. , 148.2, 156.8, 156.4, 165.2, 169.8, 175.2, 180.6,
       184.6, 164.6,  44. ,  50.6,  62.8,  67.4,  87. ,  97.6, 112.4,
       122.4, 135.8, 146.8, 163.8, 168.8, 189.2, 180.2, 217.2, 207.4,
       193.8, 197.2, 191.2, 202.4, 205. , 208.4, 212.6])]

Valor minimo: 
3.8

Valor maximo: 
217.2

Valor medio: 
110.83999999999999

Valor da soma: 
7758.799999999999

95 percentil: 
6.1598

99 percentil: 
6.25916

