Array para T1:
Array para T2:
Array para T3:
Array para T4:
Array para T5:
Media do array: 

[array([0.8, 0.4, 0.6, 2. , 1. , 1. , 1.4, 0.2, 0.6, 0.2, 0.6, 0.8, 0.8,
       0.4, 0.8, 0.8, 0.4, 0.2, 0.8, 0.4, 1. , 0.6, 0.2, 0.4, 0.6, 2.2,
       0.4, 0.6, 0.2, 0.4, 0.2, 0.6, 0.8, 0.4, 0.2, 0.4, 0.4, 0.8, 0.2,
       0.2, 0.2, 0.8, 1.2, 1. , 0.2, 0.2, 1.4, 0.6, 2. , 1. , 0.6, 0.4,
       2.4, 1.2, 0.6, 0.4, 0. , 0.4, 0.8, 0.2, 1.2, 0.6, 0. , 0.8, 0.8,
       1.2, 0.4, 0.6, 0.2, 0.2])]

Valor minimo: 
0.0

Valor maximo: 
2.4

Valor medio: 
0.6657142857142858

Desvio Padrao: 
0.49421964876407914

Valor da soma: 
46.60000000000001

95 percentil: 
0.0

99 percentil: 
0.0

