Array para T1:
Array para T2:
Array para T3:
Array para T4:
Array para T5:
Media do array: 

[array([ 6.2,  6. ,  6. , 11.8,  6. ,  5.4,  7. ,  6. ,  5.6,  6. ,  5.4,
        6. ,  7.4,  6.2,  5.4,  5.6,  5.6,  6. ,  5.6,  5.6,  7.2,  6.8,
        6.2,  6. ,  5.4, 12.4,  5.8,  5.8,  6.6,  5.6,  6. ,  6. ,  6. ,
        6. ,  6. ,  6.4,  5.8,  6.2,  6.6,  6.2,  6.2,  6. ,  7.2,  6.6,
        6. ,  5.8,  8.6,  5.6, 14.2,  6.6,  6.2,  6. ,  7.2,  8. ,  6.4,
        5.8,  6.4,  6.2,  6.4,  5.8,  5.8,  6.4,  6. ,  6.4,  6.6,  7. ,
        6.2,  6.6,  6. ,  6. ])]

Valor minimo: 
5.4

Valor maximo: 
14.2

Valor medio: 
6.485714285714287

Desvio Padrao: 
1.4703047025590807

Valor da soma: 
454.00000000000006

95 percentil: 
5.4

99 percentil: 
5.4

