Array para T1:
Array para T2:
Array para T3:
Array para T4:
Array para T5:
Media do array: 

[array([ 7. ,  6.4,  6.6, 13.8,  7. ,  6.4,  8.4,  6.2,  6.2,  6.2,  6. ,
        6.8,  8.2,  6.6,  6.2,  6.4,  6. ,  6.2,  6.4,  6. ,  8.2,  7.4,
        6.4,  6.4,  6. , 14.6,  6.2,  6.4,  6.8,  6. ,  6.2,  6.6,  6.8,
        6.4,  6.2,  6.8,  6.2,  7. ,  6.8,  6.4,  6.4,  6.8,  8.4,  7.6,
        6.2,  6. , 10. ,  6.2, 16.2,  7.6,  6.8,  6.4,  9.6,  9.2,  7. ,
        6.2,  6.4,  6.6,  7.2,  6. ,  7. ,  7. ,  6. ,  7.2,  7.4,  8.2,
        6.6,  7.2,  6.2,  6.2])]

Valor minimo: 
6.0

Valor maximo: 
16.2

Valor medio: 
7.15142857142857

Desvio Padrao: 
1.849304336936526

Valor da soma: 
500.5999999999999

95 percentil: 
6.0

99 percentil: 
6.0

