Array para T1:
Array para T2:
Array para T3:
Array para T4:
Array para T5:
Media do array: 

[array([ 16.4,  25.2,  20. ,   7.8,  22.2,   7.8,  10.8,  14.8,  14.4,
        13.2,  21.8,  15.2,  16.8,  32.6,  19.4,  23. ,  27.4,  33. ,
        35.6,  36.2,  38.4,  47.2,  50.8,  48.8,  46. ,  43.4,  50.8,
        55. ,  62.8,  59.2,  61.4,  59.2,  68.8,  66.6,  72.6,  74.8,
        71.6,  77.6,  75.2,  80. ,  81. ,  86.8,  80.8,  86.6,  87.2,
        91. ,  90.8,  33.2,  31.2,  42. ,  50.4,  59.4,  60. ,  64.6,
        74. ,  77.8,  83.6,  90.2,  94.2, 104.6, 104. , 103.4, 101.2,
       104.2, 100.6, 100.8,  99.6, 101.6, 103. , 104.2])]

Valor minimo: 
7.8

Valor maximo: 
104.6

Valor medio: 
58.79714285714286

Desvio Padrao: 
30.52950784044171

Valor da soma: 
4115.8

95 percentil: 
7.8

99 percentil: 
7.800000000000001

