Array para T1:
Array para T2:
Array para T3:
Array para T4:
Array para T5:
Media do array: 

[array([0.6, 0.8, 1.8, 1.2, 1. , 0.8, 1. , 0.8, 1. , 1.2, 0.8, 0.8, 0.6,
       0.4, 1. , 0.8, 0.4, 0.6, 0.8, 1. , 1.2, 1.2, 1. , 1. , 0.6, 0.8,
       1. , 1.4, 1.2, 0.6, 1. , 1.6, 1. , 1.2, 1.2, 1. , 0.4, 0.8, 0.6,
       0.6, 0.8, 1.2, 0.4, 1.4, 1.2, 0.8, 1.2, 1.4, 0.8, 0.8, 0.8, 0.4,
       1. , 1. , 0.6, 1.2, 1.2, 0.6, 0.6, 0.6, 1. , 1.2, 0.8, 1. , 0.8,
       0.8, 1. , 0.8, 0.6, 1. ])]

Valor minimo: 
0.4

Valor maximo: 
1.8

Valor medio: 
0.9114285714285714

Valor da soma: 
63.8

95 percentil: 
0.4

99 percentil: 
0.4

