Array para T1:
Array para T2:
Array para T3:
Array para T4:
Array para T5:
Media do array: 

[array([7.2, 7.4, 6.8, 6.6, 7. , 7.2, 7.4, 7.2, 6.8, 8. , 6.8, 7. , 6.6,
       6.8, 6.8, 7. , 7.6, 7.8, 7.4, 7.2, 7.2, 8.2, 7.4, 7.2, 7.6, 7. ,
       6.8, 8.4, 7.2, 7.2, 7.4, 7.4, 6.8, 7.6, 8. , 6.8, 7.6, 8. , 7.2,
       7.6, 7.4, 7.2, 7.6, 8.4, 7. , 8.6, 7.6, 7.8, 6.4, 7.2, 7.4, 8.2,
       8.6, 7.2, 6.2, 7.6, 7.4, 8.4, 8.2, 8.6, 7.4, 7.8, 7.6, 7.4, 7.6,
       8.4, 7.6, 7.2, 7.4, 7.4])]

Valor minimo: 
6.2

Valor maximo: 
8.6

Valor medio: 
7.428571428571429

Valor da soma: 
520.0

95 percentil: 
6.3311

99 percentil: 
6.33662

