Array para T1:
Array para T2:
Array para T3:
Array para T4:
Array para T5:
Media do array: 

[array([7.8, 8.2, 8.6, 7.8, 8. , 8. , 8.4, 8. , 7.8, 9.2, 7.6, 7.8, 7.2,
       7.2, 7.8, 7.8, 8. , 8.4, 8.2, 8.2, 8.4, 9.4, 8.4, 8.2, 8.2, 7.8,
       7.8, 9.8, 8.4, 7.8, 8.4, 9. , 7.8, 8.8, 9.2, 7.8, 8. , 8.8, 7.8,
       8.2, 8.2, 8.4, 8. , 9.8, 8.2, 9.4, 8.8, 9.2, 7.2, 8. , 8.2, 8.6,
       9.6, 8.2, 6.8, 8.8, 8.6, 9. , 8.8, 9.2, 8.4, 9. , 8.4, 8.4, 8.4,
       9.2, 8.6, 8. , 8. , 8.4])]

Valor minimo: 
6.8

Valor maximo: 
9.8

Valor medio: 
8.34

Valor da soma: 
583.8

95 percentil: 
7.0622

99 percentil: 
7.07324

