Array para T1:
Array para T1:
Array para T2:
Array para T3:
Array para T4:
Array para T5:
Media do array: 

[array([ 30.2,  45.8,   4.2,  24.8,  27. ,  20.6,  53.2,  65. ,  59.6,
        70.8,  89.8,  86.4,  98.4, 122.2, 118.8, 133.8, 138.6, 149.2,
       160.2, 170.2, 171.4, 190. , 198.6, 208.4, 224. , 226.2, 242.2,
       245.4, 256.8, 269.4, 276.2, 284. , 298.4, 305.2, 317.4, 328.6,
       335.4, 349.6, 357.6, 364.8, 378.2, 385.8, 393.2, 407.2, 417.6,
       431. , 439.6, 105.6, 134. , 179.8, 175.8, 212.2, 227.2, 263.4,
       272.6, 320.8, 324.2, 355.4, 369.6, 406. , 420.6, 461.2, 463.2,
       463. , 479. , 476.2, 484.8, 500.6, 507.4, 514.8])]

Valor minimo: 
4.2

Valor maximo: 
514.8

Valor medio: 
258.4057142857143

Valor da soma: 
18088.399999999998

95 percentil: 
14.9502

99 percentil: 
15.40284

