Array para T1:
Array para T2:
Array para T3:
Array para T4:
Array para T5:
Media do array: 

[array([1.2, 0.6, 1.6, 2. , 1.2, 1.4, 1.4, 2. , 1. , 0.8, 1. , 0.8, 0.6,
       0.4, 1. , 2.4, 1.2, 1.2, 0.6, 1. , 0.6, 0.8, 0.6, 1. , 2.4, 0.8,
       1.2, 1.2, 0.8, 0.6, 0.2, 1. , 0.8, 0.6, 2. , 0.4, 0.8, 0.2, 0.6,
       1.2, 0.6, 1.6, 1.4, 0.6, 1. , 1. , 2.2, 1. , 1.4, 0.6, 1.2, 2.8,
       0.4, 2.6, 1. , 2. , 1. , 2.8, 0.6, 2.4, 1.6, 1.2, 1.6, 0.6, 0.8,
       0.4, 1.4, 0.8, 0.2, 2.8])]

Valor minimo: 
0.2

Valor maximo: 
2.8

Valor medio: 
1.1542857142857144

Desvio Padrao: 
0.6582847222214747

Valor da soma: 
80.80000000000001

95 percentil: 
0.2

99 percentil: 
0.2

