Array para T1:
Array para T2:
Array para T3:
Array para T4:
Array para T5:
Media do array: 

[array([10. ,  7. ,  7. ,  8.4,  7.6,  7.4,  7.8,  7.4,  8.8,  5.8, 10. ,
        6.6,  6.2,  7.4,  5.8, 13.6,  9.4,  6.2,  6. ,  5.6,  6.8,  5.8,
        5.8,  9. , 10.8,  5.6,  8.8,  8.6,  6.2,  6.6,  7. ,  8.2,  7.4,
        8. , 12.2,  5.8,  5.6,  7.2,  6. ,  6.6,  6.6,  9.4,  6.6,  7.4,
        8.6,  9. , 13.2,  7.2,  7. ,  6.2,  8.8, 15.6,  6.4, 11.2,  6.6,
       12.8,  5.8, 16. ,  7.4, 12.6,  7. ,  7. ,  8. ,  7.4,  5.8,  7.2,
       10.2,  5.8,  5.8, 15.4])]

Valor minimo: 
5.6

Valor maximo: 
16.0

Valor medio: 
8.085714285714284

Desvio Padrao: 
2.5188594762758183

Valor da soma: 
565.9999999999999

95 percentil: 
5.6

99 percentil: 
5.6

