Array para T1:
Array para T2:
Array para T3:
Array para T4:
Array para T5:
Media do array: 

[array([11.4,  8.2,  8.6, 10.2,  8.6,  8.4,  9. ,  8.8, 10.4,  6.6, 11. ,
        7.6,  6.8,  8.4,  6.6, 15.8, 11. ,  7.4,  6.6,  6.6,  7.6,  6.6,
        6.2, 10.2, 13. ,  6.2, 10.4, 10.2,  6.8,  7.4,  7.4,  9.4,  8.2,
        9. , 14.6,  6.2,  6.4,  7.8,  6.4,  7.4,  7.2, 11. ,  7.8,  8. ,
        9.8,  9.8, 15.4,  8.2,  8.2,  6.6, 10. , 18.2,  7. , 13.8,  7.6,
       14.8,  6.6, 18.6,  8.2, 15.2,  8. ,  8.2,  9.4,  8.4,  6.6,  7.6,
       12. ,  6.4,  6.2, 18.4])]

Valor minimo: 
6.2

Valor maximo: 
18.6

Valor medio: 
9.265714285714287

Desvio Padrao: 
3.0946444852027706

Valor da soma: 
648.6

95 percentil: 
6.2

99 percentil: 
6.2

