Array para T1:
Array para T2:
Array para T3:
Array para T4:
Array para T5:
Media do array: 

[array([ 21.6,  32.6,  15.6,  14. ,  11.4,  23.2,  23.2,  23.6,  22.8,
        36. ,  35.6,  51. ,  58. ,  65. ,  62.2,  59.2,  71.4,  85.8,
        88.2,  91.8,  93.6, 106.6, 106.2, 109.2, 114.2, 125.2, 119. ,
       129. , 144.6, 138.6, 144.2, 150.4, 161.4, 167.8, 160. , 176.4,
       177.6, 180.6, 190. , 199.6, 196.8, 200. , 209. , 218. , 215.4,
       225.4, 223. ,  44. ,  54.2,  68.8,  82.2,  86. , 110.2, 119.8,
       141.8, 145.2, 167. , 172.2, 196.8, 201. , 223. , 261. , 244.2,
       240.6, 239.6, 244. , 243.2, 251.6, 256.6, 250.2])]

Valor minimo: 
11.4

Valor maximo: 
261.0

Valor medio: 
133.10285714285718

Valor da soma: 
9317.200000000003

95 percentil: 
13.1043

99 percentil: 
13.17606

