Numero total de amostras 770

Tempo total de processamento: 1:17:22

############## TEMPOS DE PROCESSAMENTO DO EXERCICIO NO JAIL  ####################
Soma 4240 segundos
Media 5.5064935064935066 segundos
Desvio padr達o 0.49995783259532883 segundos
Minimo 5 segundos
Maximo 6 segundos

95% 5.0 segundos
99% 5.0 segundos

############## TEMPOS DE PROCESSAMENTO DO EXERCICIO NO JAIL COM DOWNLOAD  ################
Soma 4640 segundos
Media 6.025974025974026 segundos
Desvio padr達o 0.17462583183347133 segundos
Minimo 5 segundos
Maximo 7 segundos

95% 6.0 segundos
99% 6.0 segundos

################### TEMPOS DE DOWNLOAD DO EXERCICIO NO JAIL #######################
Soma 400 segundos
Media 0.5194805194805194 segundos
Desvio padr達o 0.49962036523821673 segundos
Minimo 0 segundos
Maximo 1 segundos

95% 0.0 segundos
99% 0.0 segundos

############################ TEMPOS DE ESPERA NA FILA ############################
Soma 1533439
Media 1991.4792207792207 segundos
Desvio padr達o 1150.0122134684768 segundos
Minimo 1 segundos
Maximo 3980 segundos

95% 38.833 segundos
99% 40.678599999999996 segundos

################### queue_wait_time_list: ######################

[1, 8, 13, 19, 24, 30, 35, 37, 43, 48, 54, 59, 64, 70, 76, 80, 85, 91, 97, 101, 107, 112, 116, 122, 127, 132, 137, 143, 148, 152, 158, 163, 168, 173, 178, 184, 189, 193, 198, 203, 209, 214, 220, 226, 231, 236, 242, 246, 252, 256, 261, 267, 273, 278, 283, 288, 294, 299, 304, 310, 315, 319, 324, 329, 335, 340, 346, 350, 356, 360, 365, 371, 376, 381, 387, 392, 397, 401, 407, 413, 418, 424, 429, 434, 439, 444, 448, 454, 459, 465, 470, 475, 480, 485, 490, 496, 501, 505, 511, 516, 519, 525, 531, 537, 542, 547, 553, 558, 563, 568, 574, 579, 584, 589, 594, 599, 604, 610, 615, 620, 625, 630, 636, 641, 646, 651, 656, 661, 666, 672, 674, 680, 685, 691, 696, 701, 706, 710, 716, 722, 727, 732, 738, 745, 747, 753, 759, 764, 770, 775, 780, 785, 791, 796, 800, 805, 810, 816, 821, 826, 831, 836, 842, 847, 852, 857, 863, 868, 873, 878, 883, 888, 894, 900, 905, 910, 915, 920, 925, 931, 934, 940, 946, 951, 956, 961, 966, 972, 977, 982, 985, 990, 996, 1002, 1007, 1011, 1017, 1023, 1028, 1031, 1037, 1042, 1047, 1053, 1058, 1057, 1059, 1065, 1071, 1076, 1082, 1088, 1094, 1100, 1106, 1112, 1118, 1122, 1128, 1134, 1140, 1146, 1151, 1157, 1162, 1167, 1172, 1177, 1182, 1188, 1193, 1198, 1203, 1208, 1213, 1219, 1225, 1230, 1235, 1240, 1245, 1251, 1256, 1261, 1266, 1271, 1276, 1281, 1287, 1291, 1297, 1301, 1306, 1312, 1317, 1322, 1327, 1333, 1337, 1343, 1349, 1354, 1359, 1364, 1369, 1375, 1380, 1385, 1390, 1395, 1400, 1405, 1410, 1413, 1419, 1425, 1430, 1436, 1441, 1446, 1450, 1455, 1461, 1467, 1473, 1478, 1482, 1487, 1493, 1498, 1500, 1506, 1512, 1518, 1524, 1530, 1534, 1540, 1545, 1548, 1554, 1559, 1565, 1571, 1576, 1582, 1587, 1592, 1594, 1600, 1606, 1612, 1616, 1622, 1628, 1632, 1638, 1642, 1648, 1653, 1659, 1659, 1664, 1670, 1676, 1682, 1689, 1695, 1700, 1699, 1705, 1711, 1717, 1723, 1729, 1735, 1740, 1745, 1751, 1757, 1761, 1767, 1772, 1778, 1783, 1788, 1793, 1797, 1803, 1803, 1808, 1814, 1820, 1826, 1832, 1837, 1843, 1842, 1847, 1853, 1859, 1865, 1872, 1878, 1884, 1890, 1896, 1901, 1907, 1912, 1917, 1922, 1928, 1933, 1938, 1942, 1944, 1950, 1956, 1962, 1968, 1973, 1979, 1984, 1989, 1991, 1997, 2003, 2007, 2013, 2019, 2024, 2030, 2036, 2041, 2043, 2049, 2055, 2061, 2066, 2072, 2077, 2082, 2083, 2089, 2094, 2100, 2106, 2112, 2114, 2107, 2105, 2111, 2117, 2123, 2129, 2135, 2141, 2147, 2153, 2158, 2164, 2170, 2176, 2182, 2188, 2194, 2200, 2207, 2213, 2218, 2224, 2230, 2236, 2242, 2247, 2253, 2259, 2265, 2270, 2275, 2281, 2287, 2293, 2298, 2304, 2311, 2316, 2322, 2327, 2333, 2338, 2342, 2348, 2353, 2358, 2363, 2369, 2374, 2379, 2381, 2387, 2393, 2399, 2404, 2410, 2408, 2413, 2419, 2425, 2431, 2437, 2443, 2449, 2455, 2461, 2466, 2471, 2476, 2481, 2485, 2492, 2497, 2503, 2508, 2514, 2518, 2524, 2521, 2522, 2528, 2534, 2540, 2546, 2551, 2557, 2563, 2569, 2575, 2582, 2588, 2594, 2600, 2605, 2611, 2615, 2621, 2626, 2631, 2637, 2643, 2648, 2653, 2659, 2664, 2669, 2674, 2679, 2684, 2689, 2695, 2700, 2705, 2710, 2714, 2718, 2723, 2730, 2736, 2742, 2747, 2751, 2757, 2762, 2767, 2772, 2778, 2782, 2787, 2792, 2798, 2803, 2808, 2813, 2819, 2824, 2829, 2834, 2839, 2845, 2850, 2855, 2860, 2865, 2870, 2875, 2881, 2886, 2891, 2896, 2901, 2906, 2911, 2917, 2922, 2927, 2931, 2937, 2942, 2948, 2953, 2959, 2964, 2969, 2972, 2977, 2983, 2989, 2995, 3000, 3004, 3010, 3015, 3020, 3026, 3031, 3036, 3041, 3045, 3051, 3057, 3062, 3067, 3072, 3077, 3082, 3087, 3092, 3098, 3103, 3108, 3113, 3118, 3123, 3130, 3135, 3140, 3145, 3150, 3155, 3160, 3165, 3171, 3175, 3181, 3186, 3191, 3196, 3201, 3207, 3212, 3217, 3222, 3227, 3231, 3237, 3243, 3248, 3253, 3258, 3263, 3268, 3274, 3279, 3284, 3289, 3294, 3299, 3304, 3310, 3315, 3320, 3325, 3330, 3335, 3340, 3346, 3351, 3356, 3361, 3367, 3372, 3377, 3383, 3387, 3393, 3398, 3403, 3408, 3413, 3419, 3424, 3429, 3433, 3439, 3444, 3449, 3454, 3459, 3464, 3470, 3475, 3480, 3485, 3491, 3496, 3501, 3506, 3511, 3516, 3521, 3526, 3532, 3537, 3542, 3547, 3552, 3557, 3563, 3568, 3573, 3578, 3584, 3589, 3594, 3600, 3605, 3610, 3615, 3620, 3625, 3630, 3635, 3641, 3646, 3651, 3656, 3661, 3666, 3672, 3677, 3682, 3687, 3692, 3697, 3702, 3708, 3713, 3718, 3723, 3728, 3733, 3738, 3744, 3749, 3754, 3759, 3764, 3769, 3774, 3780, 3785, 3790, 3795, 3800, 3805, 3810, 3815, 3821, 3826, 3831, 3836, 3841, 3846, 3852, 3857, 3862, 3867, 3872, 3877, 3882, 3888, 3893, 3898, 3903, 3909, 3914, 3919, 3925, 3930, 3935, 3940, 3945, 3950, 3955, 3961, 3966, 3971, 3975, 3980]

################################################################
################### jail_ex_download_list: ######################

[1, 0, 0, 0, 0, 0, 1, 1, 1, 1, 1, 1, 1, 1, 1, 1, 1, 1, 1, 1, 1, 1, 1, 1, 1, 1, 1, 1, 1, 1, 1, 1, 1, 1, 1, 1, 1, 1, 1, 1, 0, 0, 0, 0, 0, 0, 0, 0, 1, 1, 1, 1, 1, 1, 1, 1, 0, 0, 0, 0, 0, 0, 0, 0, 0, 1, 1, 1, 1, 1, 1, 1, 1, 1, 1, 1, 1, 1, 0, 0, 0, 0, 0, 1, 1, 1, 1, 1, 1, 1, 1, 1, 1, 1, 1, 1, 1, 1, 1, 1, 1, 1, 1, 1, 1, 0, 0, 0, 0, 0, 0, 0, 0, 0, 0, 0, 0, 0, 0, 0, 0, 0, 0, 0, 0, 1, 1, 1, 1, 1, 1, 1, 1, 1, 1, 1, 1, 1, 1, 1, 1, 1, 1, 0, 0, 0, 0, 0, 0, 0, 0, 0, 0, 0, 0, 0, 0, 1, 1, 1, 1, 1, 1, 1, 1, 1, 1, 1, 1, 1, 1, 1, 1, 0, 0, 0, 0, 0, 0, 0, 0, 0, 0, 0, 0, 0, 0, 0, 0, 0, 0, 0, 0, 0, 0, 0, 0, 0, 0, 0, 0, 0, 0, 0, 0, 1, 1, 1, 1, 1, 1, 1, 1, 1, 1, 1, 0, 0, 0, 0, 0, 0, 0, 0, 0, 0, 0, 0, 0, 0, 0, 0, 0, 1, 1, 1, 1, 1, 1, 1, 1, 1, 1, 1, 1, 1, 1, 1, 1, 1, 1, 1, 1, 1, 1, 1, 1, 1, 1, 1, 0, 0, 0, 0, 0, 0, 0, 0, 1, 1, 1, 1, 1, 1, 1, 1, 1, 1, 1, 1, 1, 1, 1, 1, 1, 1, 0, 0, 0, 0, 0, 0, 0, 0, 0, 0, 0, 0, 0, 0, 0, 0, 0, 0, 0, 0, 0, 0, 0, 0, 0, 0, 0, 0, 1, 1, 1, 1, 1, 1, 1, 1, 1, 1, 1, 1, 0, 0, 0, 0, 0, 0, 0, 0, 0, 0, 0, 0, 0, 0, 0, 0, 0, 0, 0, 0, 1, 1, 1, 1, 1, 1, 1, 1, 1, 1, 1, 1, 1, 1, 1, 1, 0, 0, 0, 0, 0, 0, 0, 0, 0, 0, 0, 0, 0, 0, 0, 0, 0, 0, 0, 0, 0, 0, 0, 0, 0, 0, 1, 1, 1, 1, 1, 1, 1, 1, 1, 1, 1, 1, 1, 1, 1, 1, 1, 1, 1, 1, 1, 0, 0, 0, 0, 0, 0, 0, 0, 0, 1, 1, 1, 1, 1, 1, 1, 1, 1, 1, 0, 0, 0, 0, 1, 1, 1, 1, 1, 1, 1, 1, 1, 1, 1, 1, 1, 1, 0, 0, 0, 0, 0, 0, 0, 0, 0, 0, 0, 0, 0, 0, 0, 0, 0, 1, 1, 1, 1, 1, 1, 1, 1, 1, 1, 1, 1, 1, 1, 1, 1, 1, 1, 0, 0, 0, 0, 0, 0, 0, 0, 0, 0, 0, 1, 1, 1, 1, 1, 1, 1, 0, 0, 0, 0, 0, 0, 0, 0, 0, 0, 0, 0, 0, 0, 0, 1, 0, 1, 1, 1, 1, 1, 1, 1, 1, 1, 1, 1, 0, 0, 0, 0, 0, 0, 0, 0, 0, 0, 0, 0, 0, 0, 0, 0, 0, 1, 1, 1, 1, 1, 1, 1, 1, 1, 1, 1, 1, 1, 1, 1, 1, 1, 1, 1, 1, 1, 1, 1, 1, 1, 1, 1, 0, 0, 0, 0, 0, 0, 0, 0, 0, 0, 0, 0, 0, 0, 0, 0, 0, 0, 0, 0, 0, 0, 0, 0, 0, 1, 1, 1, 1, 1, 1, 1, 1, 0, 0, 0, 0, 0, 0, 0, 0, 0, 0, 0, 0, 0, 0, 0, 0, 0, 0, 1, 1, 0, 0, 0, 0, 0, 1, 1, 1, 1, 1, 1, 1, 1, 1, 1, 1, 1, 1, 1, 1, 1, 1, 1, 1, 1, 0, 0, 0, 0, 0, 0, 0, 0, 0, 0, 0, 0, 0, 0, 0, 0, 0, 0, 1, 1, 1, 1, 1, 1, 1, 1, 1, 1, 1, 1, 1, 1, 1, 1, 1, 1, 1, 1, 1, 1, 1, 1, 1, 0, 0, 0, 0, 0, 0, 0, 0, 0, 0, 0, 0, 0, 0, 0, 0, 0, 0, 0, 0, 0, 0, 0, 1, 1, 1, 1, 1, 1, 1, 1, 1, 1, 1, 1, 1, 1, 1, 1, 1, 1, 1, 1, 1, 1, 1, 1, 1, 1, 1, 1, 1, 1, 1, 1, 1, 1, 1, 1, 1, 1, 1, 1, 0, 0, 0, 0, 0, 0, 0, 0, 0, 0, 0, 0, 0, 0, 0]

################################################################
################################################################
################### process_jail_download_list: ######################

[7, 6, 6, 6, 6, 6, 6, 6, 6, 6, 6, 6, 6, 6, 6, 6, 6, 6, 6, 6, 6, 6, 6, 6, 6, 6, 6, 6, 6, 6, 6, 6, 6, 6, 6, 6, 6, 6, 6, 7, 6, 6, 6, 6, 6, 6, 6, 6, 6, 6, 6, 6, 6, 6, 6, 7, 6, 6, 6, 6, 6, 6, 6, 6, 6, 6, 6, 6, 6, 6, 6, 6, 6, 6, 6, 6, 6, 6, 6, 6, 6, 6, 6, 6, 6, 6, 6, 6, 6, 6, 6, 6, 6, 6, 6, 6, 6, 6, 6, 6, 6, 6, 6, 6, 7, 6, 6, 6, 6, 6, 6, 6, 6, 6, 6, 6, 6, 6, 6, 6, 6, 6, 6, 6, 6, 6, 6, 6, 6, 6, 6, 6, 6, 6, 6, 6, 6, 6, 6, 6, 6, 6, 7, 6, 6, 6, 6, 6, 6, 6, 6, 6, 6, 6, 6, 6, 6, 6, 6, 6, 6, 6, 6, 6, 6, 6, 6, 6, 6, 6, 6, 6, 7, 6, 6, 6, 6, 6, 6, 6, 6, 6, 6, 6, 6, 6, 6, 6, 6, 6, 6, 6, 6, 6, 6, 6, 6, 6, 6, 6, 6, 6, 6, 6, 6, 6, 6, 6, 6, 6, 6, 6, 6, 6, 6, 7, 6, 6, 6, 6, 6, 6, 6, 6, 6, 6, 6, 6, 6, 6, 6, 6, 6, 6, 6, 6, 6, 6, 6, 6, 6, 6, 6, 6, 6, 6, 6, 6, 6, 6, 6, 6, 6, 6, 6, 6, 6, 6, 6, 7, 6, 6, 6, 6, 6, 6, 6, 6, 6, 6, 6, 6, 6, 6, 6, 6, 6, 6, 6, 6, 6, 6, 6, 6, 6, 7, 6, 6, 6, 6, 6, 6, 6, 6, 6, 6, 6, 6, 6, 6, 6, 6, 6, 6, 6, 6, 6, 6, 6, 6, 6, 6, 6, 6, 6, 6, 6, 6, 6, 6, 6, 6, 6, 6, 6, 7, 6, 6, 6, 6, 6, 6, 6, 6, 6, 6, 6, 6, 6, 6, 6, 6, 6, 6, 6, 6, 6, 6, 6, 6, 6, 6, 6, 6, 6, 6, 6, 6, 6, 6, 6, 7, 6, 6, 6, 6, 6, 6, 6, 6, 6, 6, 6, 6, 6, 6, 6, 6, 6, 6, 6, 6, 6, 6, 6, 6, 6, 6, 6, 6, 6, 6, 6, 6, 6, 6, 6, 6, 6, 6, 6, 6, 6, 6, 6, 6, 6, 6, 7, 6, 6, 6, 6, 6, 6, 6, 6, 6, 6, 6, 6, 6, 6, 6, 6, 6, 6, 7, 6, 6, 6, 6, 6, 6, 6, 6, 6, 6, 6, 6, 6, 6, 6, 6, 6, 7, 6, 6, 6, 6, 6, 6, 6, 6, 6, 6, 6, 6, 6, 6, 6, 6, 6, 6, 6, 6, 6, 6, 6, 6, 6, 6, 6, 6, 6, 6, 6, 6, 6, 6, 7, 6, 6, 6, 6, 6, 6, 6, 6, 6, 6, 6, 6, 6, 6, 6, 6, 6, 7, 6, 6, 6, 6, 6, 6, 6, 6, 6, 6, 6, 6, 6, 6, 6, 6, 6, 6, 6, 6, 6, 6, 6, 6, 6, 6, 6, 7, 6, 6, 6, 6, 6, 6, 6, 6, 6, 6, 6, 6, 6, 6, 6, 6, 6, 6, 6, 6, 6, 6, 6, 6, 6, 6, 6, 6, 6, 6, 6, 6, 6, 6, 6, 6, 6, 6, 6, 6, 6, 6, 6, 7, 6, 6, 6, 6, 6, 5, 6, 6, 6, 6, 6, 6, 6, 6, 6, 6, 6, 6, 6, 6, 6, 6, 6, 6, 6, 6, 6, 6, 6, 6, 6, 6, 7, 6, 6, 6, 6, 6, 6, 6, 6, 6, 6, 6, 6, 6, 6, 6, 6, 6, 6, 6, 6, 6, 6, 6, 6, 6, 6, 6, 6, 6, 6, 6, 6, 6, 6, 6, 6, 6, 6, 6, 6, 6, 6, 6, 6, 7, 5, 6, 6, 6, 6, 6, 6, 6, 6, 6, 6, 6, 6, 6, 6, 6, 6, 6, 6, 6, 6, 6, 6, 6, 6, 6, 6, 6, 6, 6, 6, 6, 6, 6, 6, 6, 6, 6, 6, 6, 6, 6, 7, 6, 6, 6, 6, 6, 6, 6, 6, 6, 6, 6, 6, 6, 6, 6, 6, 6, 6, 6, 6, 6, 6, 6, 6, 6, 6, 6, 6, 6, 6, 6, 6, 6, 6, 6, 6, 6, 6, 6, 6, 6, 6, 6, 6, 6, 6, 6, 6, 6, 6, 6, 6, 6, 6, 6, 6, 6, 6, 6, 6, 6, 6, 7, 6, 6, 6, 6, 6, 6, 6, 6, 6, 6, 6, 6, 6, 6, 6]

################################################################
################################################################
################### process_jail_list: ######################

[6, 6, 6, 6, 6, 6, 5, 5, 5, 5, 5, 5, 5, 5, 5, 5, 5, 5, 5, 5, 5, 5, 5, 5, 5, 5, 5, 5, 5, 5, 5, 5, 5, 5, 5, 5, 5, 5, 5, 6, 6, 6, 6, 6, 6, 6, 6, 6, 5, 5, 5, 5, 5, 5, 5, 6, 6, 6, 6, 6, 6, 6, 6, 6, 6, 5, 5, 5, 5, 5, 5, 5, 5, 5, 5, 5, 5, 5, 6, 6, 6, 6, 6, 5, 5, 5, 5, 5, 5, 5, 5, 5, 5, 5, 5, 5, 5, 5, 5, 5, 5, 5, 5, 5, 6, 6, 6, 6, 6, 6, 6, 6, 6, 6, 6, 6, 6, 6, 6, 6, 6, 6, 6, 6, 6, 5, 5, 5, 5, 5, 5, 5, 5, 5, 5, 5, 5, 5, 5, 5, 5, 5, 6, 6, 6, 6, 6, 6, 6, 6, 6, 6, 6, 6, 6, 6, 6, 5, 5, 5, 5, 5, 5, 5, 5, 5, 5, 5, 5, 5, 5, 5, 6, 6, 6, 6, 6, 6, 6, 6, 6, 6, 6, 6, 6, 6, 6, 6, 6, 6, 6, 6, 6, 6, 6, 6, 6, 6, 6, 6, 6, 6, 6, 6, 6, 5, 5, 5, 5, 5, 5, 5, 5, 5, 5, 6, 6, 6, 6, 6, 6, 6, 6, 6, 6, 6, 6, 6, 6, 6, 6, 6, 6, 5, 5, 5, 5, 5, 5, 5, 5, 5, 5, 5, 5, 5, 5, 5, 5, 5, 5, 5, 5, 5, 5, 5, 5, 5, 5, 6, 6, 6, 6, 6, 6, 6, 6, 6, 5, 5, 5, 5, 5, 5, 5, 5, 5, 5, 5, 5, 5, 5, 5, 5, 5, 6, 6, 6, 6, 6, 6, 6, 6, 6, 6, 6, 6, 6, 6, 6, 6, 6, 6, 6, 6, 6, 6, 6, 6, 6, 6, 6, 6, 6, 5, 5, 5, 5, 5, 5, 5, 5, 5, 5, 5, 6, 6, 6, 6, 6, 6, 6, 6, 6, 6, 6, 6, 6, 6, 6, 6, 6, 6, 6, 6, 6, 5, 5, 5, 5, 5, 5, 5, 5, 5, 5, 5, 5, 5, 5, 5, 6, 6, 6, 6, 6, 6, 6, 6, 6, 6, 6, 6, 6, 6, 6, 6, 6, 6, 6, 6, 6, 6, 6, 6, 6, 6, 6, 5, 5, 5, 5, 5, 5, 5, 5, 5, 5, 5, 5, 5, 5, 5, 5, 5, 5, 5, 5, 6, 6, 6, 6, 6, 6, 6, 6, 6, 6, 5, 5, 5, 5, 5, 5, 5, 5, 5, 6, 6, 6, 6, 6, 5, 5, 5, 5, 5, 5, 5, 5, 5, 5, 5, 5, 5, 6, 6, 6, 6, 6, 6, 6, 6, 6, 6, 6, 6, 6, 6, 6, 6, 6, 6, 5, 5, 5, 5, 5, 5, 5, 5, 5, 5, 5, 5, 5, 5, 5, 5, 5, 6, 6, 6, 6, 6, 6, 6, 6, 6, 6, 6, 6, 5, 5, 5, 5, 5, 5, 6, 6, 6, 6, 6, 6, 6, 6, 6, 6, 6, 6, 6, 6, 6, 6, 5, 6, 5, 5, 5, 5, 5, 5, 5, 5, 5, 5, 6, 6, 6, 6, 6, 6, 6, 6, 6, 6, 6, 6, 6, 6, 6, 6, 6, 6, 5, 5, 5, 5, 5, 5, 5, 5, 5, 5, 5, 5, 5, 5, 5, 5, 5, 5, 5, 5, 5, 5, 5, 5, 5, 5, 6, 6, 6, 6, 6, 6, 5, 6, 6, 6, 6, 6, 6, 6, 6, 6, 6, 6, 6, 6, 6, 6, 6, 6, 6, 6, 5, 5, 5, 5, 5, 5, 5, 6, 6, 6, 6, 6, 6, 6, 6, 6, 6, 6, 6, 6, 6, 6, 6, 6, 6, 6, 5, 5, 6, 6, 6, 6, 6, 5, 5, 5, 5, 5, 5, 5, 5, 5, 5, 5, 5, 5, 5, 5, 5, 5, 5, 5, 6, 5, 6, 6, 6, 6, 6, 6, 6, 6, 6, 6, 6, 6, 6, 6, 6, 6, 6, 5, 5, 5, 5, 5, 5, 5, 5, 5, 5, 5, 5, 5, 5, 5, 5, 5, 5, 5, 5, 5, 5, 5, 5, 6, 6, 6, 6, 6, 6, 6, 6, 6, 6, 6, 6, 6, 6, 6, 6, 6, 6, 6, 6, 6, 6, 6, 6, 5, 5, 5, 5, 5, 5, 5, 5, 5, 5, 5, 5, 5, 5, 5, 5, 5, 5, 5, 5, 5, 5, 5, 5, 5, 5, 5, 5, 5, 5, 5, 5, 5, 5, 5, 5, 5, 5, 5, 6, 6, 6, 6, 6, 6, 6, 6, 6, 6, 6, 6, 6, 6, 6, 6]

################################################################
