Numero total de amostras 770

Tempo total de processamento: 1:17:30

############## TEMPOS DE PROCESSAMENTO DO EXERCICIO NO JAIL  ####################
Soma 4228 segundos
Media 5.490909090909091 segundos
Desvio padr達o 0.4999173485406372 segundos
Minimo 5 segundos
Maximo 6 segundos

95% 5.0 segundos
99% 5.0 segundos

############## TEMPOS DE PROCESSAMENTO DO EXERCICIO NO JAIL COM DOWNLOAD  ################
Soma 4651 segundos
Media 6.04025974025974 segundos
Desvio padr達o 0.19656778366242653 segundos
Minimo 6 segundos
Maximo 7 segundos

95% 6.0 segundos
99% 6.0 segundos

################### TEMPOS DE DOWNLOAD DO EXERCICIO NO JAIL #######################
Soma 423 segundos
Media 0.5493506493506494 segundos
Desvio padr達o 0.4975585527439652 segundos
Minimo 0 segundos
Maximo 1 segundos

95% 0.0 segundos
99% 0.0 segundos

############################ TEMPOS DE ESPERA NA FILA ############################
Soma 1535699
Media 1994.4142857142858 segundos
Desvio padr達o 1152.0529709383445 segundos
Minimo 1 segundos
Maximo 3987 segundos

95% 38.833 segundos
99% 40.678599999999996 segundos

################### queue_wait_time_list: ######################

[1, 6, 12, 17, 22, 27, 32, 37, 43, 48, 54, 59, 64, 69, 74, 79, 85, 90, 95, 100, 105, 110, 116, 121, 127, 132, 137, 142, 147, 152, 158, 163, 168, 173, 178, 183, 188, 193, 199, 204, 209, 214, 219, 224, 230, 235, 240, 245, 250, 256, 261, 266, 272, 277, 282, 287, 292, 297, 302, 308, 313, 318, 323, 328, 333, 339, 344, 348, 353, 359, 364, 369, 375, 380, 386, 391, 396, 401, 406, 412, 417, 422, 427, 432, 437, 442, 448, 453, 458, 463, 468, 473, 478, 483, 489, 494, 499, 504, 509, 514, 520, 525, 530, 535, 540, 545, 551, 557, 562, 567, 572, 577, 582, 587, 592, 598, 603, 608, 613, 618, 623, 629, 634, 639, 644, 649, 654, 659, 665, 670, 675, 681, 686, 691, 696, 702, 707, 712, 717, 722, 727, 732, 738, 743, 748, 753, 758, 763, 768, 774, 779, 785, 790, 795, 800, 805, 811, 816, 821, 826, 831, 836, 841, 846, 852, 857, 862, 867, 872, 877, 882, 888, 893, 898, 903, 908, 913, 919, 924, 930, 935, 940, 945, 950, 956, 961, 966, 971, 976, 981, 986, 991, 997, 1002, 1007, 1012, 1017, 1022, 1028, 1033, 1038, 1043, 1048, 1053, 1058, 1065, 1070, 1075, 1080, 1085, 1090, 1095, 1101, 1106, 1111, 1116, 1121, 1126, 1131, 1137, 1142, 1147, 1152, 1157, 1163, 1168, 1174, 1179, 1184, 1189, 1194, 1199, 1204, 1209, 1215, 1220, 1225, 1230, 1235, 1240, 1246, 1251, 1256, 1261, 1266, 1271, 1276, 1282, 1287, 1292, 1297, 1302, 1307, 1312, 1318, 1323, 1328, 1333, 1338, 1343, 1348, 1354, 1360, 1365, 1370, 1375, 1380, 1385, 1390, 1396, 1401, 1406, 1411, 1416, 1421, 1427, 1431, 1437, 1442, 1447, 1452, 1457, 1463, 1468, 1474, 1479, 1484, 1489, 1494, 1500, 1505, 1510, 1515, 1520, 1525, 1530, 1535, 1541, 1546, 1551, 1556, 1561, 1566, 1571, 1577, 1582, 1588, 1593, 1598, 1603, 1609, 1614, 1619, 1624, 1629, 1634, 1639, 1644, 1650, 1655, 1660, 1665, 1670, 1675, 1680, 1686, 1691, 1696, 1701, 1707, 1712, 1717, 1723, 1728, 1733, 1738, 1743, 1748, 1753, 1759, 1764, 1769, 1774, 1779, 1784, 1789, 1795, 1800, 1806, 1811, 1816, 1821, 1827, 1832, 1837, 1842, 1847, 1852, 1857, 1863, 1868, 1873, 1878, 1883, 1888, 1893, 1899, 1904, 1909, 1914, 1919, 1924, 1929, 1935, 1940, 1945, 1950, 1955, 1960, 1965, 1970, 1976, 1981, 1986, 1991, 1996, 2001, 2008, 2013, 2018, 2023, 2028, 2033, 2038, 2044, 2049, 2054, 2059, 2064, 2069, 2074, 2080, 2085, 2090, 2095, 2100, 2105, 2111, 2117, 2122, 2127, 2132, 2137, 2142, 2147, 2152, 2158, 2163, 2168, 2173, 2178, 2183, 2189, 2194, 2199, 2204, 2209, 2214, 2219, 2225, 2230, 2235, 2240, 2246, 2251, 2256, 2261, 2267, 2272, 2277, 2282, 2287, 2292, 2298, 2303, 2308, 2313, 2318, 2323, 2328, 2334, 2339, 2344, 2349, 2355, 2360, 2365, 2371, 2376, 2381, 2386, 2391, 2396, 2401, 2407, 2412, 2417, 2422, 2427, 2432, 2437, 2443, 2448, 2454, 2459, 2464, 2469, 2474, 2479, 2485, 2490, 2495, 2500, 2505, 2510, 2516, 2521, 2526, 2531, 2536, 2541, 2546, 2552, 2557, 2562, 2567, 2573, 2578, 2583, 2589, 2594, 2598, 2604, 2609, 2614, 2619, 2624, 2630, 2635, 2640, 2645, 2650, 2655, 2661, 2666, 2671, 2676, 2681, 2686, 2691, 2696, 2702, 2707, 2712, 2717, 2722, 2727, 2733, 2738, 2743, 2748, 2753, 2758, 2763, 2769, 2775, 2780, 2785, 2790, 2795, 2800, 2806, 2811, 2816, 2821, 2826, 2831, 2836, 2842, 2847, 2852, 2857, 2862, 2867, 2872, 2878, 2883, 2889, 2894, 2899, 2904, 2909, 2915, 2920, 2925, 2930, 2935, 2940, 2945, 2951, 2956, 2961, 2966, 2971, 2976, 2981, 2987, 2992, 2997, 3002, 3007, 3012, 3017, 3024, 3029, 3034, 3039, 3044, 3049, 3054, 3059, 3065, 3070, 3075, 3080, 3085, 3090, 3096, 3101, 3106, 3111, 3116, 3122, 3127, 3133, 3138, 3143, 3148, 3153, 3158, 3163, 3169, 3174, 3179, 3184, 3189, 3194, 3199, 3204, 3210, 3215, 3220, 3225, 3230, 3236, 3242, 3247, 3252, 3257, 3262, 3267, 3272, 3278, 3283, 3288, 3293, 3298, 3303, 3308, 3313, 3319, 3324, 3329, 3334, 3339, 3344, 3350, 3355, 3360, 3365, 3370, 3375, 3380, 3386, 3392, 3397, 3402, 3407, 3412, 3417, 3423, 3428, 3433, 3438, 3443, 3448, 3453, 3459, 3464, 3469, 3474, 3479, 3484, 3489, 3494, 3500, 3505, 3510, 3515, 3520, 3525, 3531, 3536, 3542, 3547, 3552, 3557, 3562, 3568, 3573, 3578, 3583, 3588, 3593, 3598, 3604, 3609, 3614, 3619, 3624, 3629, 3634, 3640, 3645, 3651, 3656, 3661, 3666, 3671, 3677, 3682, 3687, 3692, 3697, 3702, 3707, 3712, 3718, 3723, 3728, 3733, 3738, 3743, 3749, 3754, 3759, 3764, 3769, 3774, 3779, 3786, 3791, 3796, 3801, 3806, 3811, 3816, 3822, 3827, 3832, 3837, 3842, 3847, 3852, 3858, 3863, 3868, 3874, 3879, 3884, 3889, 3895, 3900, 3905, 3910, 3915, 3920, 3925, 3931, 3936, 3941, 3946, 3951, 3956, 3961, 3967, 3972, 3977, 3982, 3987]

################################################################
################### jail_ex_download_list: ######################

[1, 1, 1, 1, 1, 1, 1, 1, 0, 0, 0, 0, 1, 1, 1, 1, 1, 1, 1, 1, 1, 1, 0, 0, 0, 0, 0, 0, 0, 1, 1, 1, 1, 1, 1, 1, 1, 1, 1, 1, 1, 1, 1, 1, 1, 1, 1, 1, 1, 0, 0, 0, 0, 0, 0, 0, 0, 0, 0, 0, 1, 1, 1, 1, 1, 1, 1, 1, 1, 1, 1, 1, 1, 1, 0, 0, 0, 0, 0, 0, 0, 0, 1, 1, 1, 1, 1, 1, 1, 1, 1, 1, 1, 1, 1, 1, 1, 1, 1, 1, 1, 1, 1, 1, 1, 1, 0, 0, 0, 0, 0, 0, 0, 0, 0, 0, 0, 0, 0, 1, 1, 1, 1, 1, 1, 1, 1, 1, 1, 1, 1, 0, 0, 0, 0, 0, 0, 0, 0, 0, 0, 0, 1, 1, 1, 1, 1, 1, 1, 1, 1, 0, 0, 0, 0, 0, 0, 0, 0, 0, 0, 0, 0, 0, 0, 0, 0, 0, 0, 0, 1, 1, 1, 1, 1, 1, 1, 1, 1, 0, 0, 0, 0, 0, 0, 0, 0, 0, 0, 0, 0, 0, 1, 1, 1, 1, 1, 1, 1, 1, 1, 1, 1, 1, 1, 0, 0, 0, 0, 0, 0, 0, 0, 0, 1, 1, 1, 1, 1, 1, 1, 1, 1, 1, 0, 0, 0, 0, 0, 0, 0, 0, 0, 1, 1, 1, 1, 1, 1, 1, 1, 1, 1, 1, 1, 1, 1, 1, 1, 1, 1, 1, 1, 1, 1, 1, 1, 1, 1, 1, 1, 1, 0, 0, 0, 0, 0, 1, 1, 1, 1, 1, 1, 1, 1, 1, 1, 1, 1, 1, 1, 1, 1, 1, 0, 0, 0, 0, 0, 0, 0, 0, 0, 0, 0, 0, 0, 1, 1, 1, 1, 1, 1, 1, 1, 1, 0, 0, 0, 0, 0, 0, 0, 0, 0, 0, 0, 0, 0, 0, 0, 0, 0, 0, 0, 1, 1, 1, 1, 0, 0, 0, 0, 0, 0, 0, 0, 0, 1, 1, 1, 1, 1, 1, 1, 1, 1, 1, 0, 0, 0, 0, 0, 0, 0, 0, 0, 0, 0, 0, 0, 1, 1, 1, 1, 1, 1, 1, 1, 1, 1, 1, 1, 1, 1, 1, 1, 1, 1, 1, 1, 1, 1, 1, 1, 1, 1, 0, 0, 0, 0, 0, 0, 0, 0, 0, 0, 0, 0, 0, 0, 0, 0, 0, 1, 1, 1, 0, 0, 0, 0, 0, 0, 0, 0, 0, 0, 0, 0, 0, 1, 1, 1, 1, 1, 1, 1, 1, 1, 1, 1, 1, 1, 0, 0, 0, 0, 0, 0, 0, 0, 1, 1, 1, 1, 1, 1, 1, 1, 1, 1, 1, 1, 1, 0, 0, 0, 0, 0, 0, 0, 0, 0, 1, 1, 1, 1, 1, 1, 1, 1, 1, 1, 0, 0, 0, 0, 0, 0, 0, 0, 0, 0, 0, 1, 1, 1, 1, 1, 1, 1, 1, 1, 1, 1, 1, 0, 0, 0, 0, 0, 0, 0, 0, 0, 0, 0, 0, 0, 0, 0, 0, 0, 0, 0, 0, 0, 0, 0, 0, 0, 0, 1, 1, 1, 1, 1, 1, 1, 1, 1, 1, 1, 1, 0, 0, 0, 0, 0, 0, 0, 0, 0, 0, 0, 0, 0, 0, 1, 1, 1, 1, 1, 1, 1, 1, 1, 0, 0, 0, 0, 0, 0, 0, 0, 1, 1, 1, 1, 1, 1, 1, 1, 1, 1, 1, 1, 1, 1, 1, 1, 1, 1, 0, 0, 0, 0, 0, 0, 0, 0, 0, 0, 0, 1, 1, 1, 1, 1, 1, 1, 1, 0, 0, 0, 0, 0, 0, 0, 0, 0, 0, 1, 1, 1, 1, 1, 1, 1, 1, 1, 1, 1, 1, 0, 0, 0, 0, 0, 0, 0, 1, 1, 1, 1, 1, 1, 1, 1, 1, 1, 1, 1, 1, 1, 1, 1, 1, 1, 1, 1, 1, 1, 1, 0, 0, 0, 0, 0, 0, 0, 0, 0, 0, 0, 0, 1, 1, 1, 1, 1, 1, 1, 1, 1, 1, 1, 1, 1, 1, 1, 1, 1, 0, 0, 0, 0, 0, 0, 0, 0, 0, 0, 0, 0, 0, 0, 1, 1, 1, 1, 1, 1, 0, 0, 0, 0, 0, 0, 0, 0, 0, 0, 0, 0, 0, 1, 1, 1, 1, 1, 1, 1, 1, 1, 1, 1, 1, 1, 1, 0, 0, 0, 0, 1, 1, 1, 1, 1, 1, 1, 1, 1, 1, 1, 1, 1, 0, 0, 0, 0, 0, 0, 0, 1, 1, 1, 1, 1, 1, 1, 1, 1, 1, 1, 1, 1, 1, 1, 1]

################################################################
################################################################
################### process_jail_download_list: ######################

[6, 6, 6, 6, 6, 6, 6, 7, 6, 6, 6, 6, 6, 6, 6, 6, 6, 6, 6, 6, 6, 7, 6, 6, 6, 6, 6, 6, 6, 6, 6, 6, 6, 6, 6, 6, 6, 6, 6, 6, 6, 6, 6, 6, 6, 6, 6, 6, 7, 6, 6, 6, 6, 6, 6, 6, 6, 6, 6, 6, 6, 6, 6, 6, 6, 6, 6, 6, 6, 6, 6, 6, 6, 7, 6, 6, 6, 6, 6, 6, 6, 6, 6, 6, 6, 6, 6, 6, 6, 6, 6, 6, 6, 6, 6, 6, 6, 6, 6, 6, 6, 6, 6, 6, 6, 7, 6, 6, 6, 6, 6, 6, 6, 6, 6, 6, 6, 6, 6, 6, 6, 6, 6, 6, 6, 6, 6, 6, 6, 6, 7, 6, 6, 6, 6, 6, 6, 6, 6, 6, 6, 6, 6, 6, 6, 6, 6, 6, 6, 6, 7, 6, 6, 6, 6, 6, 6, 6, 6, 6, 6, 6, 6, 6, 6, 6, 6, 6, 6, 6, 6, 6, 6, 6, 6, 6, 6, 6, 7, 6, 6, 6, 6, 6, 6, 6, 6, 6, 6, 6, 6, 6, 6, 6, 6, 6, 6, 6, 6, 6, 6, 6, 6, 6, 7, 6, 6, 6, 6, 6, 6, 6, 6, 6, 6, 6, 6, 6, 6, 6, 6, 6, 6, 7, 6, 6, 6, 6, 6, 6, 6, 6, 6, 6, 6, 6, 6, 6, 6, 6, 6, 6, 6, 6, 6, 6, 6, 6, 6, 6, 6, 6, 6, 6, 6, 6, 6, 6, 6, 6, 6, 7, 6, 6, 6, 6, 6, 6, 6, 6, 6, 6, 6, 6, 6, 6, 6, 6, 6, 6, 6, 6, 6, 7, 6, 6, 6, 6, 6, 6, 6, 6, 6, 6, 6, 6, 6, 6, 6, 6, 6, 6, 6, 6, 6, 7, 6, 6, 6, 6, 6, 6, 6, 6, 6, 6, 6, 6, 6, 6, 6, 6, 6, 6, 6, 6, 6, 6, 7, 6, 6, 6, 6, 6, 6, 6, 6, 6, 6, 6, 6, 6, 6, 6, 6, 6, 6, 7, 6, 6, 6, 6, 6, 6, 6, 6, 6, 6, 6, 6, 6, 6, 6, 6, 6, 6, 6, 6, 6, 6, 6, 6, 6, 6, 6, 6, 6, 6, 6, 6, 6, 6, 6, 6, 6, 6, 7, 6, 6, 6, 6, 6, 6, 6, 6, 6, 6, 6, 6, 6, 6, 6, 6, 6, 6, 6, 7, 6, 6, 6, 6, 6, 6, 6, 6, 6, 6, 6, 6, 6, 6, 6, 6, 6, 6, 6, 6, 6, 6, 6, 6, 6, 7, 6, 6, 6, 6, 6, 6, 6, 6, 6, 6, 6, 6, 6, 6, 6, 6, 6, 6, 6, 6, 7, 6, 6, 6, 6, 6, 6, 6, 6, 6, 6, 6, 6, 6, 6, 6, 6, 6, 6, 7, 6, 6, 6, 6, 6, 6, 6, 6, 6, 6, 6, 6, 6, 6, 6, 6, 6, 6, 6, 6, 6, 6, 7, 6, 6, 6, 6, 6, 6, 6, 6, 6, 6, 6, 6, 6, 6, 6, 6, 6, 6, 6, 6, 6, 6, 6, 6, 6, 6, 6, 6, 6, 6, 6, 6, 6, 6, 6, 6, 6, 7, 6, 6, 6, 6, 6, 6, 6, 6, 6, 6, 6, 6, 6, 6, 6, 6, 6, 6, 6, 6, 6, 6, 7, 6, 6, 6, 6, 6, 6, 6, 6, 6, 6, 6, 6, 6, 6, 6, 6, 6, 6, 6, 6, 6, 6, 6, 6, 6, 7, 6, 6, 6, 6, 6, 6, 6, 6, 6, 6, 6, 6, 6, 6, 6, 6, 6, 6, 7, 6, 6, 6, 6, 6, 6, 6, 6, 6, 6, 6, 6, 6, 6, 6, 6, 6, 6, 6, 6, 6, 7, 6, 6, 6, 6, 6, 6, 6, 6, 6, 6, 6, 6, 6, 6, 6, 6, 6, 6, 6, 6, 6, 6, 6, 6, 6, 6, 6, 6, 6, 7, 6, 6, 6, 6, 6, 6, 6, 6, 6, 6, 6, 6, 6, 6, 6, 6, 6, 6, 6, 6, 6, 6, 6, 6, 6, 6, 6, 6, 7, 6, 6, 6, 6, 6, 6, 6, 6, 6, 6, 6, 6, 6, 6, 6, 6, 6, 6, 6, 7, 6, 6, 6, 6, 6, 6, 6, 6, 6, 6, 6, 6, 6, 6, 6, 6, 6, 6, 6, 6, 6, 6, 6, 6, 6, 6, 7, 6, 6, 6, 6, 6, 6, 6, 6, 6, 6, 6, 6, 6, 6, 6, 6, 7, 6, 6, 6, 6, 6, 6, 6, 6, 6, 6, 6, 6, 6, 6, 6, 6, 6, 6, 6, 6, 6, 6, 6]

################################################################
################################################################
################### process_jail_list: ######################

[5, 5, 5, 5, 5, 5, 5, 6, 6, 6, 6, 6, 5, 5, 5, 5, 5, 5, 5, 5, 5, 6, 6, 6, 6, 6, 6, 6, 6, 5, 5, 5, 5, 5, 5, 5, 5, 5, 5, 5, 5, 5, 5, 5, 5, 5, 5, 5, 6, 6, 6, 6, 6, 6, 6, 6, 6, 6, 6, 6, 5, 5, 5, 5, 5, 5, 5, 5, 5, 5, 5, 5, 5, 6, 6, 6, 6, 6, 6, 6, 6, 6, 5, 5, 5, 5, 5, 5, 5, 5, 5, 5, 5, 5, 5, 5, 5, 5, 5, 5, 5, 5, 5, 5, 5, 6, 6, 6, 6, 6, 6, 6, 6, 6, 6, 6, 6, 6, 6, 5, 5, 5, 5, 5, 5, 5, 5, 5, 5, 5, 6, 6, 6, 6, 6, 6, 6, 6, 6, 6, 6, 6, 5, 5, 5, 5, 5, 5, 5, 5, 6, 6, 6, 6, 6, 6, 6, 6, 6, 6, 6, 6, 6, 6, 6, 6, 6, 6, 6, 6, 5, 5, 5, 5, 5, 5, 5, 5, 6, 6, 6, 6, 6, 6, 6, 6, 6, 6, 6, 6, 6, 6, 5, 5, 5, 5, 5, 5, 5, 5, 5, 5, 5, 5, 6, 6, 6, 6, 6, 6, 6, 6, 6, 6, 5, 5, 5, 5, 5, 5, 5, 5, 5, 6, 6, 6, 6, 6, 6, 6, 6, 6, 6, 5, 5, 5, 5, 5, 5, 5, 5, 5, 5, 5, 5, 5, 5, 5, 5, 5, 5, 5, 5, 5, 5, 5, 5, 5, 5, 5, 5, 6, 6, 6, 6, 6, 6, 5, 5, 5, 5, 5, 5, 5, 5, 5, 5, 5, 5, 5, 5, 5, 5, 6, 6, 6, 6, 6, 6, 6, 6, 6, 6, 6, 6, 6, 6, 5, 5, 5, 5, 5, 5, 5, 5, 6, 6, 6, 6, 6, 6, 6, 6, 6, 6, 6, 6, 6, 6, 6, 6, 6, 6, 6, 6, 5, 5, 5, 6, 6, 6, 6, 6, 6, 6, 6, 6, 6, 5, 5, 5, 5, 5, 5, 5, 5, 5, 6, 6, 6, 6, 6, 6, 6, 6, 6, 6, 6, 6, 6, 6, 5, 5, 5, 5, 5, 5, 5, 5, 5, 5, 5, 5, 5, 5, 5, 5, 5, 5, 5, 5, 5, 5, 5, 5, 5, 6, 6, 6, 6, 6, 6, 6, 6, 6, 6, 6, 6, 6, 6, 6, 6, 6, 6, 5, 5, 6, 6, 6, 6, 6, 6, 6, 6, 6, 6, 6, 6, 6, 6, 5, 5, 5, 5, 5, 5, 5, 5, 5, 5, 5, 5, 6, 6, 6, 6, 6, 6, 6, 6, 6, 5, 5, 5, 5, 5, 5, 5, 5, 5, 5, 5, 5, 6, 6, 6, 6, 6, 6, 6, 6, 6, 6, 5, 5, 5, 5, 5, 5, 5, 5, 5, 6, 6, 6, 6, 6, 6, 6, 6, 6, 6, 6, 6, 5, 5, 5, 5, 5, 5, 5, 5, 5, 5, 5, 6, 6, 6, 6, 6, 6, 6, 6, 6, 6, 6, 6, 6, 6, 6, 6, 6, 6, 6, 6, 6, 6, 6, 6, 6, 6, 6, 5, 5, 5, 5, 5, 5, 5, 5, 5, 5, 5, 6, 6, 6, 6, 6, 6, 6, 6, 6, 6, 6, 6, 6, 6, 6, 5, 5, 5, 5, 5, 5, 5, 5, 6, 6, 6, 6, 6, 6, 6, 6, 6, 5, 5, 5, 5, 5, 5, 5, 5, 5, 5, 5, 5, 5, 5, 5, 5, 5, 6, 6, 6, 6, 6, 6, 6, 6, 6, 6, 6, 6, 5, 5, 5, 5, 5, 5, 5, 6, 6, 6, 6, 6, 6, 6, 6, 6, 6, 6, 5, 5, 5, 5, 5, 5, 5, 5, 5, 5, 5, 6, 6, 6, 6, 6, 6, 6, 6, 5, 5, 5, 5, 5, 5, 5, 5, 5, 5, 5, 5, 5, 5, 5, 5, 5, 5, 5, 5, 5, 5, 6, 6, 6, 6, 6, 6, 6, 6, 6, 6, 6, 6, 6, 5, 5, 5, 5, 5, 5, 5, 5, 5, 5, 5, 5, 5, 5, 5, 5, 6, 6, 6, 6, 6, 6, 6, 6, 6, 6, 6, 6, 6, 6, 6, 5, 5, 5, 5, 5, 6, 6, 6, 6, 6, 6, 6, 6, 6, 6, 6, 6, 6, 6, 5, 5, 5, 5, 5, 5, 5, 5, 5, 5, 5, 5, 5, 6, 6, 6, 6, 6, 5, 5, 5, 5, 5, 5, 5, 5, 5, 5, 5, 5, 6, 6, 6, 6, 6, 6, 6, 6, 5, 5, 5, 5, 5, 5, 5, 5, 5, 5, 5, 5, 5, 5, 5, 5]

################################################################
