Numero total de amostras 770

Tempo total de processamento: 1:17:34

############## TEMPOS DE PROCESSAMENTO DO EXERCICIO NO JAIL  ####################
Soma 4276 segundos
Media 5.5532467532467535 segundos
Desvio padr達o 0.4971566989075772 segundos
Minimo 5 segundos
Maximo 6 segundos

95% 5.0 segundos
99% 5.0 segundos

############## TEMPOS DE PROCESSAMENTO DO EXERCICIO NO JAIL COM DOWNLOAD  ################
Soma 4652 segundos
Media 6.041558441558442 segundos
Desvio padr達o 0.1995778983095953 segundos
Minimo 6 segundos
Maximo 7 segundos

95% 6.0 segundos
99% 6.0 segundos

################### TEMPOS DE DOWNLOAD DO EXERCICIO NO JAIL #######################
Soma 376 segundos
Media 0.4883116883116883 segundos
Desvio padr達o 0.49986336470067183 segundos
Minimo 0 segundos
Maximo 1 segundos

95% 0.0 segundos
99% 0.0 segundos

############################ TEMPOS DE ESPERA NA FILA ############################
Soma 1537252
Media 1996.4311688311689 segundos
Desvio padr達o 1153.047906131267 segundos
Minimo 2 segundos
Maximo 3992 segundos

95% 40.527499999999996 segundos
99% 42.0655 segundos

################### queue_wait_time_list: ######################

[2, 8, 13, 18, 24, 29, 34, 39, 44, 49, 54, 59, 64, 70, 75, 80, 85, 90, 96, 101, 106, 111, 117, 122, 127, 132, 138, 143, 148, 153, 155, 160, 160, 166, 172, 178, 184, 190, 196, 202, 208, 214, 219, 224, 229, 235, 240, 246, 251, 256, 261, 267, 272, 277, 283, 288, 293, 298, 303, 308, 314, 319, 324, 329, 334, 339, 344, 350, 355, 360, 365, 370, 376, 381, 386, 391, 397, 402, 407, 412, 417, 422, 428, 433, 438, 443, 448, 453, 459, 464, 469, 475, 480, 485, 490, 495, 501, 506, 511, 516, 521, 526, 531, 537, 542, 547, 552, 557, 562, 568, 573, 578, 583, 588, 593, 598, 604, 610, 615, 620, 625, 630, 635, 640, 646, 651, 656, 661, 666, 671, 676, 682, 687, 692, 697, 702, 707, 713, 718, 723, 728, 734, 739, 744, 750, 755, 760, 765, 770, 775, 780, 785, 791, 796, 801, 806, 811, 816, 822, 827, 832, 837, 842, 847, 852, 858, 864, 869, 874, 879, 884, 889, 895, 900, 905, 910, 915, 920, 925, 931, 936, 941, 946, 951, 956, 961, 967, 972, 977, 982, 987, 992, 997, 1003, 1008, 1013, 1018, 1023, 1028, 1033, 1039, 1044, 1048, 1054, 1059, 1064, 1070, 1076, 1081, 1086, 1091, 1096, 1101, 1106, 1111, 1117, 1122, 1127, 1132, 1137, 1142, 1148, 1153, 1158, 1163, 1168, 1173, 1178, 1185, 1190, 1195, 1200, 1205, 1210, 1215, 1221, 1226, 1231, 1236, 1241, 1246, 1251, 1257, 1262, 1268, 1273, 1278, 1283, 1288, 1293, 1299, 1304, 1309, 1314, 1319, 1324, 1330, 1335, 1340, 1345, 1350, 1355, 1360, 1366, 1372, 1377, 1382, 1387, 1392, 1397, 1403, 1408, 1413, 1418, 1423, 1428, 1433, 1438, 1444, 1449, 1454, 1459, 1464, 1469, 1475, 1481, 1486, 1491, 1496, 1501, 1506, 1512, 1517, 1522, 1527, 1532, 1537, 1542, 1547, 1553, 1558, 1563, 1568, 1573, 1578, 1583, 1589, 1594, 1599, 1604, 1610, 1615, 1621, 1626, 1631, 1636, 1641, 1646, 1651, 1657, 1662, 1667, 1672, 1677, 1682, 1687, 1693, 1698, 1703, 1708, 1713, 1718, 1723, 1729, 1734, 1739, 1744, 1749, 1754, 1759, 1765, 1770, 1776, 1781, 1786, 1791, 1796, 1801, 1807, 1812, 1817, 1822, 1827, 1832, 1838, 1844, 1849, 1854, 1859, 1864, 1869, 1875, 1880, 1885, 1890, 1895, 1900, 1905, 1911, 1916, 1921, 1927, 1932, 1937, 1942, 1948, 1953, 1958, 1963, 1968, 1973, 1978, 1983, 1989, 1994, 2000, 2005, 2010, 2015, 2021, 2026, 2031, 2036, 2041, 2046, 2051, 2057, 2062, 2067, 2072, 2077, 2082, 2087, 2092, 2098, 2103, 2109, 2114, 2119, 2124, 2130, 2135, 2140, 2145, 2150, 2155, 2160, 2166, 2171, 2176, 2181, 2186, 2191, 2196, 2202, 2207, 2212, 2217, 2223, 2228, 2233, 2238, 2244, 2249, 2254, 2259, 2264, 2269, 2275, 2280, 2285, 2290, 2295, 2300, 2305, 2310, 2316, 2321, 2327, 2332, 2337, 2342, 2347, 2353, 2358, 2363, 2368, 2373, 2378, 2384, 2389, 2394, 2399, 2404, 2409, 2414, 2420, 2425, 2430, 2435, 2440, 2446, 2451, 2457, 2462, 2467, 2472, 2477, 2482, 2487, 2492, 2498, 2503, 2508, 2513, 2518, 2523, 2529, 2534, 2539, 2544, 2549, 2554, 2559, 2565, 2570, 2575, 2580, 2585, 2590, 2595, 2600, 2606, 2611, 2616, 2622, 2627, 2632, 2638, 2643, 2648, 2653, 2658, 2663, 2668, 2673, 2679, 2684, 2689, 2694, 2699, 2704, 2710, 2715, 2720, 2725, 2730, 2735, 2740, 2747, 2752, 2757, 2762, 2767, 2772, 2777, 2782, 2788, 2793, 2798, 2803, 2808, 2813, 2820, 2825, 2829, 2834, 2840, 2845, 2850, 2856, 2861, 2866, 2871, 2876, 2881, 2886, 2892, 2897, 2902, 2907, 2912, 2918, 2923, 2929, 2934, 2939, 2944, 2949, 2954, 2959, 2964, 2970, 2975, 2980, 2985, 2990, 2995, 3001, 3006, 3011, 3016, 3022, 3027, 3032, 3037, 3043, 3048, 3053, 3058, 3063, 3068, 3074, 3079, 3084, 3089, 3094, 3099, 3104, 3110, 3115, 3120, 3125, 3130, 3135, 3140, 3146, 3151, 3156, 3161, 3167, 3172, 3177, 3183, 3187, 3193, 3198, 3203, 3208, 3213, 3218, 3224, 3229, 3234, 3239, 3244, 3249, 3255, 3260, 3265, 3270, 3275, 3280, 3285, 3290, 3296, 3301, 3306, 3311, 3316, 3321, 3327, 3332, 3337, 3342, 3347, 3352, 3357, 3363, 3368, 3373, 3378, 3384, 3389, 3394, 3399, 3405, 3410, 3415, 3420, 3425, 3430, 3436, 3441, 3446, 3451, 3456, 3461, 3466, 3471, 3477, 3482, 3487, 3492, 3497, 3502, 3508, 3513, 3518, 3523, 3528, 3533, 3538, 3544, 3549, 3554, 3559, 3564, 3570, 3575, 3580, 3586, 3591, 3596, 3601, 3606, 3611, 3616, 3622, 3627, 3632, 3637, 3642, 3647, 3652, 3658, 3663, 3668, 3674, 3679, 3684, 3690, 3695, 3700, 3705, 3710, 3715, 3720, 3726, 3731, 3736, 3741, 3746, 3751, 3756, 3763, 3768, 3773, 3778, 3783, 3788, 3793, 3799, 3804, 3809, 3815, 3820, 3825, 3830, 3835, 3841, 3846, 3851, 3856, 3861, 3866, 3872, 3877, 3882, 3887, 3893, 3898, 3903, 3909, 3914, 3919, 3924, 3929, 3934, 3939, 3945, 3950, 3955, 3960, 3965, 3970, 3976, 3982, 3987, 3992]

################################################################
################### jail_ex_download_list: ######################

[1, 0, 0, 0, 0, 0, 0, 0, 0, 0, 0, 1, 1, 1, 1, 1, 1, 1, 1, 1, 1, 1, 0, 0, 0, 0, 0, 0, 0, 0, 0, 1, 1, 1, 1, 1, 1, 1, 1, 1, 1, 1, 1, 1, 1, 1, 1, 0, 0, 0, 0, 0, 0, 0, 0, 0, 0, 0, 0, 0, 0, 0, 0, 1, 1, 1, 1, 1, 1, 1, 1, 1, 0, 0, 0, 0, 0, 0, 0, 0, 0, 0, 1, 1, 1, 1, 1, 1, 1, 1, 1, 0, 0, 0, 0, 0, 0, 0, 0, 0, 0, 0, 0, 0, 0, 0, 1, 1, 1, 1, 1, 1, 1, 1, 1, 1, 0, 0, 0, 0, 0, 0, 0, 0, 0, 0, 0, 0, 0, 1, 1, 1, 1, 1, 1, 1, 1, 1, 1, 1, 1, 0, 0, 0, 0, 0, 0, 0, 0, 0, 0, 0, 1, 0, 0, 1, 1, 1, 1, 1, 1, 1, 1, 1, 1, 1, 0, 0, 0, 0, 0, 0, 0, 0, 0, 0, 0, 0, 0, 0, 0, 0, 0, 0, 0, 0, 1, 1, 1, 1, 1, 1, 1, 1, 1, 1, 1, 1, 1, 1, 1, 1, 1, 1, 1, 1, 0, 0, 0, 0, 0, 0, 0, 0, 0, 0, 1, 1, 1, 1, 1, 1, 1, 1, 1, 1, 1, 1, 0, 0, 0, 0, 0, 0, 0, 1, 1, 1, 1, 1, 1, 1, 1, 1, 0, 0, 0, 0, 0, 0, 0, 0, 1, 1, 1, 1, 1, 1, 1, 1, 1, 1, 1, 1, 0, 0, 0, 0, 0, 0, 0, 0, 0, 0, 0, 0, 1, 1, 1, 1, 1, 1, 1, 1, 0, 0, 0, 0, 0, 0, 0, 0, 0, 1, 1, 1, 1, 1, 1, 1, 1, 1, 1, 1, 1, 1, 1, 1, 1, 1, 0, 0, 0, 0, 0, 0, 0, 0, 0, 0, 0, 0, 0, 0, 0, 1, 0, 1, 1, 1, 1, 1, 1, 1, 1, 1, 1, 1, 1, 1, 1, 1, 0, 0, 0, 0, 0, 0, 0, 0, 0, 0, 1, 1, 0, 0, 0, 0, 0, 0, 0, 0, 0, 0, 0, 0, 1, 1, 1, 1, 1, 0, 0, 0, 0, 0, 1, 1, 1, 1, 1, 1, 1, 1, 1, 0, 0, 0, 0, 0, 0, 0, 0, 0, 0, 0, 0, 0, 1, 1, 1, 1, 1, 1, 1, 1, 0, 0, 0, 0, 0, 0, 0, 0, 0, 0, 0, 0, 0, 0, 1, 1, 1, 1, 1, 1, 1, 1, 0, 0, 0, 0, 0, 0, 0, 1, 1, 1, 1, 1, 1, 1, 1, 1, 1, 1, 1, 1, 0, 0, 0, 0, 0, 0, 0, 0, 0, 0, 0, 0, 0, 0, 1, 1, 1, 1, 1, 1, 1, 1, 1, 0, 0, 0, 0, 0, 0, 0, 0, 0, 0, 0, 0, 0, 0, 0, 0, 0, 1, 1, 1, 1, 1, 1, 1, 1, 1, 1, 1, 1, 1, 1, 1, 1, 1, 0, 0, 0, 0, 0, 0, 0, 0, 0, 0, 0, 0, 0, 0, 1, 1, 1, 1, 1, 1, 1, 1, 1, 1, 0, 0, 0, 0, 0, 0, 0, 0, 1, 1, 1, 1, 1, 1, 0, 0, 0, 0, 0, 0, 0, 0, 1, 1, 1, 1, 1, 1, 1, 1, 1, 1, 1, 0, 0, 0, 0, 0, 0, 1, 1, 1, 1, 1, 1, 1, 1, 1, 1, 1, 1, 1, 1, 0, 0, 0, 0, 0, 0, 0, 0, 0, 0, 0, 0, 0, 0, 0, 0, 0, 0, 1, 1, 1, 1, 1, 1, 1, 1, 1, 1, 0, 0, 0, 0, 0, 0, 0, 0, 0, 0, 0, 0, 0, 0, 0, 0, 0, 0, 0, 0, 1, 1, 1, 1, 1, 1, 1, 1, 1, 1, 1, 1, 1, 1, 1, 1, 1, 1, 1, 1, 1, 1, 0, 0, 0, 0, 0, 0, 0, 0, 0, 0, 0, 0, 0, 0, 0, 1, 1, 1, 1, 1, 1, 1, 1, 1, 1, 1, 1, 1, 1, 1, 1, 1, 1, 1, 1, 1, 0, 0, 0, 0, 0, 0, 0, 0, 0, 0, 1, 1, 1, 1, 1, 1, 1, 1, 1, 1, 0, 0, 0, 0, 0, 0, 0, 0, 1, 0, 0, 1, 1, 1, 1, 1, 1, 0, 0, 0, 0, 0, 0, 1, 1, 1, 1, 0, 0, 0, 0, 0, 0, 0, 0, 1, 1, 1, 1, 1, 1, 1, 0, 0, 0, 0, 0, 0, 0, 1, 1, 1, 1, 1, 1, 1, 1, 1, 0, 0, 0, 0]

################################################################
################################################################
################### process_jail_download_list: ######################

[7, 6, 6, 6, 6, 6, 6, 6, 6, 6, 6, 6, 6, 6, 6, 6, 6, 6, 6, 6, 6, 7, 6, 6, 6, 6, 6, 6, 6, 6, 6, 6, 6, 6, 6, 6, 6, 6, 6, 6, 6, 6, 6, 6, 6, 6, 7, 6, 6, 6, 6, 6, 6, 6, 6, 6, 6, 6, 6, 6, 6, 6, 6, 6, 6, 6, 6, 6, 6, 6, 6, 7, 6, 6, 6, 6, 6, 6, 6, 6, 6, 6, 6, 6, 6, 6, 6, 6, 6, 6, 7, 6, 6, 6, 6, 6, 6, 6, 6, 6, 6, 6, 6, 6, 6, 6, 6, 6, 6, 6, 6, 6, 6, 6, 6, 7, 6, 6, 6, 6, 6, 6, 6, 6, 6, 6, 6, 6, 6, 6, 6, 6, 6, 6, 6, 6, 6, 6, 6, 6, 7, 6, 6, 6, 6, 6, 6, 6, 6, 6, 6, 6, 6, 6, 6, 6, 6, 6, 6, 6, 6, 6, 6, 6, 6, 7, 6, 6, 6, 6, 6, 6, 6, 6, 6, 6, 6, 6, 6, 6, 6, 6, 6, 6, 6, 6, 6, 6, 6, 6, 6, 6, 6, 6, 6, 6, 6, 6, 6, 6, 6, 6, 6, 6, 6, 7, 6, 6, 6, 6, 6, 6, 6, 6, 6, 6, 6, 6, 6, 6, 6, 6, 6, 6, 6, 6, 6, 7, 6, 6, 6, 6, 6, 6, 6, 6, 6, 6, 6, 6, 6, 6, 6, 7, 6, 6, 6, 6, 6, 6, 6, 6, 6, 6, 6, 6, 6, 6, 6, 6, 6, 6, 6, 6, 6, 6, 6, 6, 6, 6, 6, 6, 6, 6, 6, 6, 6, 6, 6, 6, 6, 6, 6, 7, 6, 6, 6, 6, 6, 6, 6, 6, 6, 6, 6, 6, 6, 6, 6, 6, 6, 6, 6, 6, 6, 6, 6, 6, 6, 7, 6, 6, 6, 6, 6, 6, 6, 6, 6, 6, 6, 6, 6, 6, 6, 6, 6, 6, 6, 6, 6, 6, 6, 6, 6, 6, 6, 6, 6, 6, 6, 7, 6, 6, 6, 6, 6, 6, 6, 6, 6, 6, 6, 7, 6, 6, 6, 6, 6, 6, 6, 6, 6, 6, 6, 6, 6, 6, 6, 6, 7, 6, 6, 6, 6, 6, 6, 6, 6, 6, 6, 6, 6, 6, 7, 6, 6, 6, 6, 6, 6, 6, 6, 6, 6, 6, 6, 6, 6, 6, 6, 6, 6, 6, 6, 7, 6, 6, 6, 6, 6, 6, 6, 6, 6, 6, 6, 6, 6, 6, 6, 6, 6, 6, 6, 6, 6, 7, 6, 6, 6, 6, 6, 6, 6, 6, 6, 6, 6, 6, 6, 6, 6, 6, 6, 6, 6, 7, 6, 6, 6, 6, 6, 6, 6, 6, 6, 6, 6, 6, 6, 6, 6, 6, 6, 6, 6, 6, 6, 6, 7, 6, 6, 6, 6, 6, 6, 6, 6, 6, 6, 6, 6, 6, 6, 6, 6, 6, 6, 6, 6, 6, 6, 6, 6, 6, 6, 6, 6, 6, 6, 6, 6, 6, 7, 6, 6, 6, 6, 6, 6, 6, 6, 6, 6, 6, 6, 6, 6, 6, 6, 6, 6, 6, 6, 6, 6, 6, 7, 6, 6, 6, 6, 6, 6, 6, 6, 6, 6, 6, 6, 6, 7, 6, 6, 6, 6, 6, 6, 6, 6, 6, 6, 6, 6, 6, 6, 6, 6, 6, 6, 7, 6, 6, 6, 6, 6, 6, 6, 6, 6, 6, 6, 6, 6, 6, 6, 6, 6, 6, 6, 7, 6, 6, 6, 6, 6, 6, 6, 6, 6, 6, 6, 6, 6, 6, 6, 6, 6, 6, 6, 6, 6, 6, 6, 6, 6, 6, 6, 7, 6, 6, 6, 6, 6, 6, 6, 6, 6, 6, 6, 6, 6, 6, 6, 6, 6, 6, 6, 6, 6, 6, 6, 6, 6, 6, 6, 6, 6, 6, 6, 6, 6, 6, 6, 6, 6, 6, 6, 6, 6, 7, 6, 6, 6, 6, 6, 6, 6, 6, 6, 6, 6, 6, 6, 6, 6, 6, 6, 6, 6, 6, 6, 6, 6, 6, 6, 6, 6, 6, 6, 6, 6, 6, 6, 6, 6, 6, 6, 6, 6, 6, 6, 6, 6, 6, 6, 6, 6, 6, 6, 6, 6, 6, 6, 6, 6, 6, 6, 6, 6, 6, 6, 6, 6, 6, 6, 6, 6, 6, 6, 6, 6, 6, 7, 6, 6, 6, 6, 6, 6, 6, 6, 6, 7, 6, 6, 6, 6, 6, 6, 6, 6, 6, 6, 6, 6, 6, 6, 7, 6, 6, 6, 6, 6, 6, 6, 6, 6, 6, 6, 6, 6, 6, 6, 7, 6, 6, 6, 6]

################################################################
################################################################
################### process_jail_list: ######################

[6, 6, 6, 6, 6, 6, 6, 6, 6, 6, 6, 5, 5, 5, 5, 5, 5, 5, 5, 5, 5, 6, 6, 6, 6, 6, 6, 6, 6, 6, 6, 5, 5, 5, 5, 5, 5, 5, 5, 5, 5, 5, 5, 5, 5, 5, 6, 6, 6, 6, 6, 6, 6, 6, 6, 6, 6, 6, 6, 6, 6, 6, 6, 5, 5, 5, 5, 5, 5, 5, 5, 6, 6, 6, 6, 6, 6, 6, 6, 6, 6, 6, 5, 5, 5, 5, 5, 5, 5, 5, 6, 6, 6, 6, 6, 6, 6, 6, 6, 6, 6, 6, 6, 6, 6, 6, 5, 5, 5, 5, 5, 5, 5, 5, 5, 6, 6, 6, 6, 6, 6, 6, 6, 6, 6, 6, 6, 6, 6, 5, 5, 5, 5, 5, 5, 5, 5, 5, 5, 5, 6, 6, 6, 6, 6, 6, 6, 6, 6, 6, 6, 6, 5, 6, 6, 5, 5, 5, 5, 5, 5, 5, 5, 5, 5, 6, 6, 6, 6, 6, 6, 6, 6, 6, 6, 6, 6, 6, 6, 6, 6, 6, 6, 6, 6, 6, 5, 5, 5, 5, 5, 5, 5, 5, 5, 5, 5, 5, 5, 5, 5, 5, 5, 5, 5, 6, 6, 6, 6, 6, 6, 6, 6, 6, 6, 6, 5, 5, 5, 5, 5, 5, 5, 5, 5, 5, 5, 6, 6, 6, 6, 6, 6, 6, 6, 5, 5, 5, 5, 5, 5, 5, 5, 6, 6, 6, 6, 6, 6, 6, 6, 6, 5, 5, 5, 5, 5, 5, 5, 5, 5, 5, 5, 5, 6, 6, 6, 6, 6, 6, 6, 6, 6, 6, 6, 6, 5, 5, 5, 5, 5, 5, 5, 6, 6, 6, 6, 6, 6, 6, 6, 6, 6, 5, 5, 5, 5, 5, 5, 5, 5, 5, 5, 5, 5, 5, 5, 5, 5, 6, 6, 6, 6, 6, 6, 6, 6, 6, 6, 6, 6, 6, 6, 6, 6, 5, 6, 5, 5, 5, 5, 5, 5, 5, 5, 5, 5, 5, 5, 5, 5, 6, 6, 6, 6, 6, 6, 6, 6, 6, 6, 6, 5, 6, 6, 6, 6, 6, 6, 6, 6, 6, 6, 6, 6, 6, 5, 5, 5, 5, 6, 6, 6, 6, 6, 6, 5, 5, 5, 5, 5, 5, 5, 5, 6, 6, 6, 6, 6, 6, 6, 6, 6, 6, 6, 6, 6, 6, 5, 5, 5, 5, 5, 5, 5, 6, 6, 6, 6, 6, 6, 6, 6, 6, 6, 6, 6, 6, 6, 6, 5, 5, 5, 5, 5, 5, 5, 6, 6, 6, 6, 6, 6, 6, 6, 5, 5, 5, 5, 5, 5, 5, 5, 5, 5, 5, 5, 6, 6, 6, 6, 6, 6, 6, 6, 6, 6, 6, 6, 6, 6, 6, 5, 5, 5, 5, 5, 5, 5, 5, 6, 6, 6, 6, 6, 6, 6, 6, 6, 6, 6, 6, 6, 6, 6, 6, 6, 6, 5, 5, 5, 5, 5, 5, 5, 5, 5, 5, 5, 5, 5, 5, 5, 5, 6, 6, 6, 6, 6, 6, 6, 6, 6, 6, 6, 6, 6, 6, 6, 5, 5, 5, 5, 5, 5, 5, 5, 5, 6, 6, 6, 6, 6, 6, 6, 6, 6, 5, 5, 5, 5, 5, 6, 6, 6, 6, 6, 6, 6, 6, 6, 5, 5, 5, 5, 5, 5, 5, 5, 5, 5, 6, 6, 6, 6, 6, 6, 6, 5, 5, 5, 5, 5, 5, 5, 5, 5, 5, 5, 5, 5, 6, 6, 6, 6, 6, 6, 6, 6, 6, 6, 6, 6, 6, 6, 6, 6, 6, 6, 6, 5, 5, 5, 5, 5, 5, 5, 5, 5, 6, 6, 6, 6, 6, 6, 6, 6, 6, 6, 6, 6, 6, 6, 6, 6, 6, 6, 6, 6, 6, 5, 5, 5, 5, 5, 5, 5, 5, 5, 5, 5, 5, 5, 5, 5, 5, 5, 5, 5, 5, 5, 6, 6, 6, 6, 6, 6, 6, 6, 6, 6, 6, 6, 6, 6, 6, 6, 5, 5, 5, 5, 5, 5, 5, 5, 5, 5, 5, 5, 5, 5, 5, 5, 5, 5, 5, 5, 5, 6, 6, 6, 6, 6, 6, 6, 6, 6, 6, 5, 5, 5, 5, 5, 5, 5, 5, 5, 5, 6, 6, 6, 6, 6, 6, 6, 6, 5, 6, 6, 5, 5, 5, 5, 5, 6, 6, 6, 6, 6, 6, 6, 5, 5, 5, 6, 6, 6, 6, 6, 6, 6, 6, 6, 5, 5, 5, 5, 5, 5, 6, 6, 6, 6, 6, 6, 6, 6, 5, 5, 5, 5, 5, 5, 5, 5, 6, 6, 6, 6, 6]

################################################################
