Numero total de amostras 770

Tempo total de processamento: 1:17:48

############## TEMPOS DE PROCESSAMENTO DO EXERCICIO NO JAIL  ####################
Soma 4270 segundos
Media 5.545454545454546 segundos
Desvio padr達o 0.4979295977319691 segundos
Minimo 5 segundos
Maximo 6 segundos

95% 5.0 segundos
99% 5.0 segundos

############## TEMPOS DE PROCESSAMENTO DO EXERCICIO NO JAIL COM DOWNLOAD  ################
Soma 4665 segundos
Media 6.058441558441558 segundos
Desvio padr達o 0.23457651776868108 segundos
Minimo 6 segundos
Maximo 7 segundos

95% 6.0 segundos
99% 6.0 segundos

################### TEMPOS DE DOWNLOAD DO EXERCICIO NO JAIL #######################
Soma 395 segundos
Media 0.512987012987013 segundos
Desvio padr達o 0.49983130903703415 segundos
Minimo 0 segundos
Maximo 1 segundos

95% 0.0 segundos
99% 0.0 segundos

############################ TEMPOS DE ESPERA NA FILA ############################
Soma 1541843
Media 2002.3935064935065 segundos
Desvio padr達o 1157.722622145721 segundos
Minimo 0 segundos
Maximo 4005 segundos

95% 38.833 segundos
99% 40.678599999999996 segundos

################### queue_wait_time_list: ######################

[0, 6, 11, 16, 22, 27, 32, 37, 43, 48, 53, 58, 63, 68, 73, 79, 84, 90, 95, 100, 105, 110, 115, 121, 126, 131, 136, 142, 147, 153, 158, 163, 168, 173, 178, 183, 189, 194, 199, 204, 209, 214, 219, 226, 231, 236, 241, 246, 251, 256, 261, 267, 272, 277, 282, 287, 292, 298, 303, 308, 313, 318, 324, 329, 335, 340, 345, 350, 355, 360, 365, 371, 376, 381, 386, 391, 396, 401, 407, 413, 418, 423, 428, 433, 438, 444, 449, 454, 459, 464, 469, 474, 480, 485, 490, 495, 500, 505, 510, 516, 522, 527, 532, 537, 542, 547, 553, 558, 563, 568, 573, 578, 583, 589, 595, 600, 605, 610, 615, 620, 626, 631, 636, 641, 646, 651, 656, 662, 667, 672, 677, 682, 687, 693, 698, 703, 708, 713, 718, 724, 730, 735, 740, 745, 750, 755, 760, 766, 771, 776, 781, 786, 791, 796, 801, 807, 812, 817, 822, 827, 832, 839, 844, 849, 854, 859, 864, 869, 874, 880, 885, 890, 895, 900, 905, 910, 916, 922, 927, 932, 937, 942, 947, 953, 958, 963, 968, 973, 978, 983, 989, 994, 999, 1004, 1009, 1014, 1019, 1025, 1030, 1035, 1040, 1046, 1051, 1057, 1062, 1067, 1072, 1077, 1082, 1087, 1092, 1098, 1103, 1109, 1114, 1119, 1124, 1130, 1135, 1140, 1145, 1150, 1155, 1160, 1165, 1171, 1176, 1182, 1187, 1192, 1197, 1202, 1208, 1213, 1218, 1223, 1228, 1233, 1239, 1244, 1249, 1254, 1260, 1265, 1270, 1276, 1281, 1286, 1291, 1296, 1301, 1306, 1312, 1317, 1322, 1327, 1332, 1338, 1343, 1349, 1354, 1359, 1364, 1369, 1374, 1379, 1385, 1390, 1395, 1400, 1405, 1410, 1416, 1422, 1427, 1432, 1437, 1442, 1447, 1452, 1457, 1464, 1469, 1474, 1479, 1484, 1489, 1494, 1500, 1505, 1510, 1515, 1520, 1525, 1531, 1536, 1541, 1546, 1551, 1556, 1561, 1567, 1573, 1578, 1583, 1588, 1593, 1598, 1604, 1609, 1614, 1619, 1624, 1629, 1634, 1640, 1645, 1650, 1655, 1660, 1665, 1670, 1677, 1682, 1687, 1692, 1697, 1702, 1707, 1712, 1718, 1723, 1728, 1733, 1738, 1743, 1750, 1755, 1760, 1765, 1770, 1775, 1780, 1785, 1791, 1796, 1801, 1806, 1811, 1816, 1822, 1827, 1832, 1837, 1842, 1847, 1852, 1858, 1863, 1868, 1873, 1878, 1884, 1889, 1895, 1900, 1905, 1910, 1915, 1920, 1925, 1931, 1936, 1941, 1946, 1951, 1956, 1962, 1968, 1973, 1978, 1983, 1988, 1993, 1998, 2004, 2009, 2014, 2019, 2024, 2029, 2034, 2040, 2045, 2051, 2056, 2061, 2066, 2071, 2077, 2082, 2087, 2092, 2097, 2102, 2107, 2114, 2119, 2124, 2129, 2134, 2139, 2144, 2150, 2155, 2160, 2165, 2170, 2175, 2180, 2186, 2191, 2196, 2201, 2206, 2211, 2216, 2222, 2228, 2233, 2238, 2243, 2248, 2253, 2259, 2264, 2269, 2274, 2279, 2284, 2289, 2295, 2300, 2306, 2311, 2316, 2321, 2326, 2332, 2337, 2342, 2347, 2352, 2357, 2362, 2368, 2373, 2379, 2384, 2389, 2394, 2399, 2405, 2410, 2415, 2420, 2425, 2430, 2435, 2441, 2447, 2452, 2457, 2462, 2467, 2472, 2478, 2483, 2488, 2494, 2499, 2504, 2509, 2515, 2521, 2526, 2531, 2536, 2541, 2546, 2552, 2557, 2562, 2568, 2573, 2578, 2583, 2589, 2594, 2599, 2604, 2609, 2614, 2619, 2626, 2631, 2636, 2641, 2646, 2651, 2657, 2662, 2667, 2672, 2677, 2682, 2688, 2693, 2699, 2704, 2709, 2714, 2719, 2724, 2730, 2736, 2741, 2746, 2751, 2756, 2761, 2766, 2772, 2777, 2782, 2787, 2792, 2797, 2802, 2808, 2813, 2818, 2824, 2829, 2834, 2840, 2845, 2850, 2855, 2860, 2865, 2870, 2875, 2881, 2886, 2891, 2896, 2902, 2907, 2912, 2918, 2923, 2928, 2933, 2938, 2943, 2948, 2954, 2959, 2964, 2970, 2975, 2980, 2985, 2991, 2996, 3001, 3006, 3011, 3016, 3023, 3028, 3033, 3038, 3043, 3048, 3053, 3059, 3064, 3069, 3074, 3079, 3084, 3090, 3096, 3101, 3106, 3111, 3116, 3121, 3126, 3131, 3137, 3142, 3147, 3152, 3157, 3162, 3167, 3173, 3178, 3183, 3188, 3193, 3199, 3204, 3210, 3215, 3220, 3225, 3230, 3235, 3241, 3246, 3251, 3256, 3261, 3266, 3271, 3277, 3282, 3288, 3293, 3298, 3303, 3308, 3314, 3319, 3324, 3329, 3334, 3339, 3344, 3349, 3355, 3360, 3365, 3371, 3376, 3381, 3387, 3392, 3397, 3402, 3407, 3412, 3417, 3423, 3428, 3433, 3438, 3443, 3448, 3453, 3460, 3465, 3470, 3475, 3480, 3485, 3490, 3496, 3501, 3506, 3511, 3516, 3521, 3526, 3531, 3537, 3542, 3548, 3553, 3558, 3563, 3569, 3574, 3579, 3584, 3589, 3594, 3599, 3605, 3610, 3615, 3620, 3625, 3630, 3635, 3640, 3646, 3651, 3656, 3661, 3667, 3672, 3678, 3683, 3688, 3693, 3698, 3703, 3708, 3713, 3719, 3724, 3729, 3734, 3739, 3744, 3750, 3755, 3760, 3765, 3770, 3775, 3780, 3786, 3791, 3796, 3802, 3807, 3812, 3817, 3823, 3828, 3833, 3838, 3843, 3848, 3853, 3858, 3864, 3869, 3874, 3880, 3885, 3890, 3895, 3901, 3906, 3911, 3916, 3921, 3926, 3932, 3937, 3942, 3947, 3952, 3957, 3962, 3968, 3974, 3979, 3984, 3989, 3994, 3999, 4005]

################################################################
################### jail_ex_download_list: ######################

[1, 1, 1, 1, 0, 0, 0, 0, 0, 0, 0, 1, 1, 1, 1, 1, 1, 0, 0, 0, 0, 0, 1, 1, 1, 1, 1, 0, 0, 0, 0, 0, 0, 0, 0, 1, 1, 1, 1, 1, 1, 1, 1, 0, 0, 0, 0, 0, 0, 0, 1, 0, 0, 0, 1, 1, 1, 1, 1, 1, 1, 1, 0, 0, 0, 0, 0, 0, 0, 0, 1, 1, 1, 1, 1, 1, 1, 1, 1, 0, 0, 0, 0, 0, 0, 0, 1, 1, 1, 1, 1, 1, 1, 1, 1, 1, 1, 1, 1, 1, 0, 0, 0, 0, 0, 0, 0, 1, 1, 1, 1, 1, 1, 1, 0, 0, 0, 0, 0, 0, 0, 0, 0, 0, 1, 1, 1, 1, 1, 1, 1, 1, 1, 1, 1, 1, 1, 1, 1, 0, 0, 0, 0, 0, 0, 0, 0, 0, 0, 0, 1, 1, 0, 1, 1, 1, 1, 1, 1, 1, 1, 0, 0, 0, 0, 0, 0, 0, 1, 1, 1, 1, 1, 1, 1, 1, 1, 0, 0, 0, 0, 0, 0, 0, 0, 0, 0, 0, 0, 1, 1, 1, 1, 1, 1, 1, 1, 1, 1, 1, 1, 0, 0, 0, 0, 0, 1, 1, 1, 1, 1, 1, 1, 0, 0, 0, 0, 0, 0, 0, 0, 0, 1, 1, 1, 1, 1, 0, 0, 0, 0, 0, 0, 0, 0, 1, 1, 1, 1, 1, 1, 1, 0, 0, 0, 0, 0, 0, 0, 1, 1, 1, 1, 1, 1, 1, 1, 0, 0, 0, 0, 0, 0, 0, 1, 1, 1, 1, 1, 1, 1, 1, 0, 0, 0, 0, 1, 1, 1, 1, 1, 0, 0, 0, 0, 0, 0, 0, 0, 0, 1, 1, 1, 1, 1, 1, 1, 1, 1, 1, 1, 1, 0, 0, 0, 0, 0, 0, 0, 1, 1, 1, 1, 1, 1, 1, 1, 1, 1, 1, 1, 1, 0, 0, 0, 0, 0, 0, 0, 0, 1, 1, 1, 1, 1, 1, 0, 0, 0, 0, 0, 0, 0, 0, 0, 0, 0, 0, 1, 1, 1, 1, 1, 1, 1, 1, 1, 1, 1, 1, 1, 1, 0, 0, 0, 0, 0, 0, 0, 0, 0, 1, 1, 1, 1, 1, 1, 0, 0, 0, 0, 1, 1, 1, 1, 1, 1, 1, 1, 1, 1, 1, 1, 1, 0, 0, 0, 0, 0, 1, 1, 1, 1, 1, 1, 1, 0, 0, 0, 0, 0, 0, 0, 0, 0, 0, 1, 1, 1, 1, 1, 1, 1, 1, 1, 1, 1, 1, 0, 0, 0, 0, 0, 0, 0, 0, 1, 1, 1, 1, 1, 1, 1, 0, 0, 0, 0, 0, 0, 0, 1, 1, 1, 1, 1, 1, 1, 0, 0, 0, 0, 0, 0, 1, 1, 1, 1, 1, 1, 1, 0, 0, 0, 0, 0, 1, 1, 1, 1, 0, 0, 0, 1, 1, 0, 0, 1, 1, 1, 1, 1, 1, 1, 0, 0, 0, 0, 0, 0, 1, 1, 1, 1, 1, 0, 0, 0, 0, 0, 1, 1, 1, 1, 1, 1, 1, 0, 0, 0, 0, 1, 1, 1, 1, 1, 0, 0, 0, 0, 0, 0, 0, 0, 0, 1, 1, 1, 1, 1, 1, 1, 1, 0, 0, 0, 0, 0, 0, 0, 0, 0, 0, 1, 1, 1, 1, 1, 0, 0, 0, 0, 0, 0, 1, 1, 1, 1, 1, 1, 1, 0, 0, 0, 0, 0, 1, 1, 1, 1, 1, 0, 0, 0, 0, 0, 0, 0, 1, 1, 1, 1, 1, 1, 0, 0, 0, 0, 0, 0, 0, 0, 0, 0, 1, 1, 1, 1, 1, 1, 1, 1, 1, 1, 1, 0, 0, 0, 0, 0, 0, 0, 0, 0, 0, 1, 1, 1, 1, 1, 1, 1, 0, 0, 0, 0, 0, 0, 0, 0, 0, 1, 1, 1, 1, 1, 1, 1, 0, 0, 0, 0, 0, 0, 0, 0, 0, 0, 0, 1, 1, 1, 1, 1, 1, 0, 0, 0, 0, 0, 0, 0, 0, 0, 1, 1, 1, 1, 1, 1, 1, 1, 0, 0, 0, 0, 0, 0, 0, 0, 0, 0, 0, 0, 1, 1, 1, 1, 1, 1, 1, 1, 1, 1, 1, 0, 0, 0, 0, 0, 0, 0, 0, 0, 0, 0, 1, 1, 1, 1, 1, 1, 1, 1, 1, 1, 1, 1, 1, 1, 1, 0, 0, 0, 0, 0, 0, 1, 1, 1, 1, 1, 1, 1, 1, 1, 0, 0, 0, 0, 0, 0, 0, 0, 0, 0, 1, 1, 1, 1, 1, 1, 1, 0, 0, 0, 0, 0, 0, 0, 1]

################################################################
################################################################
################### process_jail_download_list: ######################

[6, 6, 6, 7, 6, 6, 6, 6, 6, 6, 6, 6, 6, 6, 6, 6, 7, 6, 6, 6, 6, 6, 6, 6, 6, 6, 7, 6, 6, 6, 6, 6, 6, 6, 6, 6, 6, 6, 6, 6, 6, 6, 7, 6, 6, 6, 6, 6, 6, 6, 6, 6, 6, 6, 6, 6, 6, 6, 6, 6, 6, 7, 6, 6, 6, 6, 6, 6, 6, 6, 6, 6, 6, 6, 6, 6, 6, 6, 7, 6, 6, 6, 6, 6, 6, 6, 6, 6, 6, 6, 6, 6, 6, 6, 6, 6, 6, 6, 6, 7, 6, 6, 6, 6, 6, 6, 6, 6, 6, 6, 6, 6, 6, 7, 6, 6, 6, 6, 6, 6, 6, 6, 6, 6, 6, 6, 6, 6, 6, 6, 6, 6, 6, 6, 6, 6, 6, 6, 7, 6, 6, 6, 6, 6, 6, 6, 6, 6, 6, 6, 6, 6, 6, 6, 6, 6, 6, 6, 6, 6, 7, 6, 6, 6, 6, 6, 6, 6, 6, 6, 6, 6, 6, 6, 6, 6, 7, 6, 6, 6, 6, 6, 6, 6, 6, 6, 6, 6, 6, 6, 6, 6, 6, 6, 6, 6, 6, 6, 6, 6, 7, 6, 6, 6, 6, 6, 6, 6, 6, 6, 6, 6, 7, 6, 6, 6, 6, 6, 6, 6, 6, 6, 6, 6, 6, 6, 7, 6, 6, 6, 6, 6, 6, 6, 6, 6, 6, 6, 6, 6, 6, 7, 6, 6, 6, 6, 6, 6, 6, 6, 6, 6, 6, 6, 6, 6, 7, 6, 6, 6, 6, 6, 6, 6, 6, 6, 6, 6, 6, 6, 6, 7, 6, 6, 6, 6, 6, 6, 6, 6, 7, 6, 6, 6, 6, 6, 6, 6, 6, 6, 6, 6, 6, 6, 6, 6, 6, 6, 6, 6, 6, 7, 6, 6, 6, 6, 6, 6, 6, 6, 6, 6, 6, 6, 6, 6, 6, 6, 6, 6, 6, 7, 6, 6, 6, 6, 6, 6, 6, 6, 6, 6, 6, 6, 6, 7, 6, 6, 6, 6, 6, 6, 6, 6, 6, 6, 6, 6, 6, 6, 6, 6, 6, 6, 6, 6, 6, 6, 6, 6, 6, 7, 6, 6, 6, 6, 6, 6, 6, 6, 6, 6, 6, 6, 6, 6, 7, 6, 6, 6, 6, 6, 6, 6, 6, 6, 6, 6, 6, 6, 6, 6, 6, 7, 6, 6, 6, 6, 6, 6, 6, 6, 6, 6, 6, 7, 6, 6, 6, 6, 6, 6, 6, 6, 6, 6, 6, 6, 6, 6, 6, 6, 6, 6, 6, 6, 6, 7, 6, 6, 6, 6, 6, 6, 6, 6, 6, 6, 6, 6, 6, 6, 7, 6, 6, 6, 6, 6, 6, 6, 6, 6, 6, 6, 6, 6, 7, 6, 6, 6, 6, 6, 6, 6, 6, 6, 6, 6, 6, 7, 6, 6, 6, 6, 6, 6, 6, 6, 7, 6, 6, 6, 6, 7, 6, 6, 6, 6, 6, 6, 6, 6, 7, 6, 6, 6, 6, 6, 6, 6, 6, 6, 6, 7, 6, 6, 6, 6, 6, 6, 6, 6, 6, 6, 6, 7, 6, 6, 6, 6, 6, 6, 6, 6, 6, 6, 6, 6, 6, 6, 6, 6, 6, 6, 6, 6, 6, 6, 6, 6, 6, 6, 6, 6, 6, 6, 6, 6, 6, 6, 6, 6, 6, 6, 6, 6, 7, 6, 6, 6, 6, 6, 6, 6, 6, 6, 6, 6, 6, 7, 6, 6, 6, 6, 6, 6, 6, 6, 6, 7, 6, 6, 6, 6, 6, 6, 6, 6, 6, 6, 6, 6, 7, 6, 6, 6, 6, 6, 6, 6, 6, 6, 6, 6, 6, 6, 6, 6, 6, 6, 6, 6, 6, 7, 6, 6, 6, 6, 6, 6, 6, 6, 6, 6, 6, 6, 6, 6, 6, 6, 7, 6, 6, 6, 6, 6, 6, 6, 6, 6, 6, 6, 6, 6, 6, 6, 7, 6, 6, 6, 6, 6, 6, 6, 6, 6, 6, 6, 6, 6, 6, 6, 6, 6, 6, 6, 6, 6, 6, 6, 6, 6, 6, 6, 6, 6, 6, 6, 6, 6, 7, 6, 6, 6, 6, 6, 6, 6, 6, 6, 6, 6, 6, 6, 6, 6, 6, 6, 6, 6, 6, 6, 6, 6, 6, 6, 6, 6, 6, 6, 6, 6, 6, 6, 6, 6, 6, 6, 6, 6, 6, 6, 6, 6, 6, 6, 6, 6, 6, 7, 6, 6, 6, 6, 6, 6, 6, 6, 6, 6, 6, 6, 6, 6, 7, 6, 6, 6, 6, 6, 6, 6, 6, 6, 6, 6, 6, 6, 6, 6, 6, 7, 6, 6, 6, 6, 6, 6, 6, 6]

################################################################
################################################################
################### process_jail_list: ######################

[5, 5, 5, 6, 6, 6, 6, 6, 6, 6, 6, 5, 5, 5, 5, 5, 6, 6, 6, 6, 6, 6, 5, 5, 5, 5, 6, 6, 6, 6, 6, 6, 6, 6, 6, 5, 5, 5, 5, 5, 5, 5, 6, 6, 6, 6, 6, 6, 6, 6, 5, 6, 6, 6, 5, 5, 5, 5, 5, 5, 5, 6, 6, 6, 6, 6, 6, 6, 6, 6, 5, 5, 5, 5, 5, 5, 5, 5, 6, 6, 6, 6, 6, 6, 6, 6, 5, 5, 5, 5, 5, 5, 5, 5, 5, 5, 5, 5, 5, 6, 6, 6, 6, 6, 6, 6, 6, 5, 5, 5, 5, 5, 5, 6, 6, 6, 6, 6, 6, 6, 6, 6, 6, 6, 5, 5, 5, 5, 5, 5, 5, 5, 5, 5, 5, 5, 5, 5, 6, 6, 6, 6, 6, 6, 6, 6, 6, 6, 6, 6, 5, 5, 6, 5, 5, 5, 5, 5, 5, 5, 6, 6, 6, 6, 6, 6, 6, 6, 5, 5, 5, 5, 5, 5, 5, 5, 6, 6, 6, 6, 6, 6, 6, 6, 6, 6, 6, 6, 6, 5, 5, 5, 5, 5, 5, 5, 5, 5, 5, 5, 6, 6, 6, 6, 6, 6, 5, 5, 5, 5, 5, 5, 6, 6, 6, 6, 6, 6, 6, 6, 6, 6, 5, 5, 5, 5, 6, 6, 6, 6, 6, 6, 6, 6, 6, 5, 5, 5, 5, 5, 5, 6, 6, 6, 6, 6, 6, 6, 6, 5, 5, 5, 5, 5, 5, 5, 6, 6, 6, 6, 6, 6, 6, 6, 5, 5, 5, 5, 5, 5, 5, 6, 6, 6, 6, 6, 5, 5, 5, 5, 6, 6, 6, 6, 6, 6, 6, 6, 6, 6, 5, 5, 5, 5, 5, 5, 5, 5, 5, 5, 5, 6, 6, 6, 6, 6, 6, 6, 6, 5, 5, 5, 5, 5, 5, 5, 5, 5, 5, 5, 5, 6, 6, 6, 6, 6, 6, 6, 6, 6, 5, 5, 5, 5, 5, 6, 6, 6, 6, 6, 6, 6, 6, 6, 6, 6, 6, 6, 5, 5, 5, 5, 5, 5, 5, 5, 5, 5, 5, 5, 5, 6, 6, 6, 6, 6, 6, 6, 6, 6, 6, 5, 5, 5, 5, 5, 6, 6, 6, 6, 6, 5, 5, 5, 5, 5, 5, 5, 5, 5, 5, 5, 5, 6, 6, 6, 6, 6, 6, 5, 5, 5, 5, 5, 5, 6, 6, 6, 6, 6, 6, 6, 6, 6, 6, 6, 5, 5, 5, 5, 5, 5, 5, 5, 5, 5, 5, 6, 6, 6, 6, 6, 6, 6, 6, 6, 5, 5, 5, 5, 5, 5, 6, 6, 6, 6, 6, 6, 6, 6, 5, 5, 5, 5, 5, 5, 6, 6, 6, 6, 6, 6, 6, 5, 5, 5, 5, 5, 5, 6, 6, 6, 6, 6, 6, 5, 5, 5, 6, 6, 6, 6, 5, 6, 6, 6, 5, 5, 5, 5, 5, 5, 6, 6, 6, 6, 6, 6, 6, 5, 5, 5, 5, 6, 6, 6, 6, 6, 6, 5, 5, 5, 5, 5, 5, 6, 6, 6, 6, 6, 5, 5, 5, 5, 5, 6, 6, 6, 6, 6, 6, 6, 6, 6, 5, 5, 5, 5, 5, 5, 5, 5, 6, 6, 6, 6, 6, 6, 6, 6, 6, 6, 5, 5, 5, 5, 6, 6, 6, 6, 6, 6, 6, 5, 5, 5, 5, 5, 5, 6, 6, 6, 6, 6, 6, 5, 5, 5, 5, 6, 6, 6, 6, 6, 6, 6, 6, 5, 5, 5, 5, 5, 6, 6, 6, 6, 6, 6, 6, 6, 6, 6, 6, 5, 5, 5, 5, 5, 5, 5, 5, 5, 5, 6, 6, 6, 6, 6, 6, 6, 6, 6, 6, 6, 5, 5, 5, 5, 5, 5, 6, 6, 6, 6, 6, 6, 6, 6, 6, 6, 5, 5, 5, 5, 5, 5, 6, 6, 6, 6, 6, 6, 6, 6, 6, 6, 6, 6, 5, 5, 5, 5, 5, 5, 6, 6, 6, 6, 6, 6, 6, 6, 6, 5, 5, 5, 5, 5, 5, 5, 6, 6, 6, 6, 6, 6, 6, 6, 6, 6, 6, 6, 6, 5, 5, 5, 5, 5, 5, 5, 5, 5, 5, 5, 6, 6, 6, 6, 6, 6, 6, 6, 6, 6, 6, 5, 5, 5, 5, 5, 5, 5, 5, 5, 5, 5, 5, 5, 5, 6, 6, 6, 6, 6, 6, 6, 5, 5, 5, 5, 5, 5, 5, 5, 6, 6, 6, 6, 6, 6, 6, 6, 6, 6, 6, 5, 5, 5, 5, 5, 5, 6, 6, 6, 6, 6, 6, 6, 6, 5]

################################################################
