Numero total de amostras 770

Tempo total de processamento: 1:17:23

############## TEMPOS DE PROCESSAMENTO DO EXERCICIO NO JAIL  ####################
Soma 4262 segundos
Media 5.535064935064935 segundos
Desvio padr達o 0.49876893480738344 segundos
Minimo 5 segundos
Maximo 6 segundos

95% 5.0 segundos
99% 5.0 segundos

############## TEMPOS DE PROCESSAMENTO DO EXERCICIO NO JAIL COM DOWNLOAD  ################
Soma 4641 segundos
Media 6.027272727272727 segundos
Desvio padr達o 0.17066437301685816 segundos
Minimo 5 segundos
Maximo 7 segundos

95% 6.0 segundos
99% 6.0 segundos

################### TEMPOS DE DOWNLOAD DO EXERCICIO NO JAIL #######################
Soma 379 segundos
Media 0.4922077922077922 segundos
Desvio padr達o 0.4999392778105388 segundos
Minimo 0 segundos
Maximo 1 segundos

95% 0.0 segundos
99% 0.0 segundos

############################ TEMPOS DE ESPERA NA FILA ############################
Soma 1533055
Media 1990.9805194805194 segundos
Desvio padr達o 1150.0594206601156 segundos
Minimo 1 segundos
Maximo 3981 segundos

95% 40.527499999999996 segundos
99% 42.0655 segundos

################### queue_wait_time_list: ######################

[1, 7, 12, 17, 22, 28, 34, 39, 44, 49, 54, 59, 64, 70, 75, 80, 85, 90, 95, 100, 106, 111, 116, 121, 126, 131, 136, 142, 147, 152, 157, 162, 167, 172, 177, 184, 189, 194, 199, 204, 209, 215, 220, 225, 230, 235, 240, 246, 251, 256, 261, 266, 271, 276, 282, 287, 292, 297, 302, 307, 311, 317, 323, 328, 333, 338, 343, 348, 353, 358, 364, 369, 374, 380, 385, 390, 396, 400, 405, 410, 415, 421, 427, 432, 437, 442, 447, 452, 457, 462, 468, 473, 478, 483, 488, 493, 498, 504, 509, 514, 519, 524, 529, 534, 540, 546, 551, 556, 561, 566, 571, 577, 582, 587, 592, 597, 602, 607, 613, 618, 623, 628, 633, 638, 643, 649, 654, 659, 664, 669, 674, 679, 685, 690, 695, 700, 705, 710, 715, 721, 726, 731, 737, 742, 747, 752, 758, 763, 768, 773, 778, 783, 788, 794, 799, 804, 809, 814, 819, 824, 830, 835, 840, 845, 850, 855, 861, 866, 871, 877, 882, 887, 892, 898, 903, 908, 913, 918, 923, 928, 934, 939, 944, 949, 954, 959, 964, 969, 975, 980, 985, 990, 995, 1000, 1005, 1011, 1016, 1021, 1026, 1031, 1037, 1042, 1048, 1053, 1058, 1063, 1068, 1073, 1079, 1084, 1089, 1094, 1099, 1103, 1109, 1114, 1120, 1125, 1130, 1135, 1140, 1145, 1151, 1156, 1160, 1166, 1170, 1176, 1181, 1186, 1192, 1196, 1202, 1207, 1212, 1217, 1222, 1229, 1234, 1239, 1244, 1249, 1254, 1260, 1265, 1270, 1275, 1280, 1285, 1290, 1295, 1300, 1306, 1310, 1316, 1321, 1326, 1331, 1337, 1342, 1346, 1351, 1356, 1362, 1367, 1373, 1378, 1383, 1388, 1393, 1398, 1403, 1410, 1415, 1420, 1425, 1430, 1435, 1441, 1445, 1451, 1456, 1461, 1465, 1471, 1476, 1482, 1487, 1492, 1497, 1501, 1506, 1510, 1516, 1522, 1527, 1533, 1538, 1543, 1548, 1554, 1560, 1565, 1570, 1575, 1580, 1585, 1591, 1596, 1600, 1606, 1611, 1616, 1622, 1627, 1631, 1636, 1642, 1647, 1652, 1657, 1663, 1668, 1673, 1678, 1683, 1687, 1693, 1698, 1704, 1709, 1714, 1719, 1724, 1729, 1735, 1740, 1745, 1750, 1755, 1760, 1766, 1770, 1776, 1781, 1786, 1791, 1796, 1801, 1808, 1813, 1817, 1823, 1828, 1833, 1838, 1843, 1849, 1854, 1858, 1864, 1868, 1874, 1879, 1885, 1889, 1894, 1896, 1902, 1908, 1914, 1919, 1925, 1929, 1935, 1941, 1947, 1951, 1957, 1961, 1967, 1972, 1976, 1981, 1986, 1992, 1996, 2002, 2007, 2013, 2019, 2025, 2028, 2034, 2038, 2043, 2048, 2054, 2059, 2065, 2070, 2075, 2081, 2086, 2090, 2095, 2100, 2106, 2111, 2114, 2120, 2126, 2131, 2136, 2141, 2146, 2153, 2159, 2164, 2168, 2173, 2177, 2181, 2187, 2192, 2198, 2204, 2208, 2213, 2218, 2224, 2229, 2234, 2238, 2244, 2249, 2254, 2260, 2263, 2269, 2275, 2281, 2286, 2290, 2296, 2301, 2306, 2312, 2318, 2324, 2330, 2335, 2340, 2346, 2351, 2356, 2361, 2366, 2371, 2376, 2382, 2387, 2392, 2396, 2401, 2406, 2412, 2418, 2423, 2428, 2433, 2437, 2443, 2448, 2454, 2459, 2464, 2470, 2475, 2480, 2485, 2490, 2495, 2501, 2506, 2511, 2516, 2521, 2527, 2532, 2537, 2542, 2547, 2552, 2557, 2562, 2568, 2573, 2578, 2583, 2588, 2593, 2599, 2604, 2609, 2614, 2619, 2624, 2629, 2635, 2640, 2645, 2650, 2655, 2661, 2666, 2672, 2677, 2682, 2687, 2692, 2697, 2702, 2707, 2713, 2718, 2723, 2728, 2733, 2738, 2744, 2749, 2754, 2759, 2764, 2769, 2774, 2780, 2785, 2790, 2795, 2800, 2806, 2811, 2817, 2822, 2827, 2832, 2837, 2843, 2848, 2853, 2859, 2864, 2869, 2874, 2879, 2884, 2890, 2895, 2900, 2905, 2910, 2915, 2920, 2926, 2931, 2936, 2941, 2946, 2952, 2957, 2963, 2968, 2973, 2978, 2983, 2988, 2993, 2998, 3004, 3009, 3014, 3019, 3024, 3029, 3035, 3040, 3045, 3050, 3055, 3060, 3065, 3071, 3076, 3081, 3086, 3091, 3096, 3101, 3107, 3112, 3117, 3122, 3127, 3132, 3137, 3142, 3148, 3153, 3158, 3163, 3168, 3174, 3179, 3185, 3190, 3195, 3199, 3205, 3210, 3216, 3221, 3226, 3231, 3236, 3241, 3246, 3252, 3257, 3261, 3267, 3272, 3277, 3282, 3288, 3293, 3298, 3303, 3308, 3313, 3318, 3323, 3329, 3334, 3339, 3344, 3349, 3354, 3359, 3365, 3369, 3375, 3381, 3386, 3391, 3397, 3402, 3406, 3412, 3417, 3422, 3427, 3433, 3438, 3443, 3447, 3453, 3458, 3463, 3469, 3474, 3479, 3484, 3489, 3494, 3499, 3505, 3510, 3515, 3520, 3525, 3530, 3535, 3540, 3546, 3551, 3555, 3562, 3567, 3572, 3578, 3583, 3588, 3593, 3598, 3603, 3608, 3614, 3619, 3624, 3629, 3634, 3639, 3644, 3650, 3655, 3660, 3665, 3670, 3675, 3680, 3686, 3691, 3696, 3701, 3706, 3711, 3716, 3722, 3728, 3733, 3738, 3743, 3748, 3753, 3759, 3764, 3769, 3774, 3779, 3784, 3789, 3795, 3800, 3805, 3810, 3815, 3820, 3825, 3831, 3836, 3841, 3846, 3851, 3856, 3861, 3867, 3872, 3878, 3883, 3888, 3893, 3898, 3904, 3909, 3914, 3918, 3924, 3929, 3934, 3939, 3945, 3950, 3955, 3960, 3965, 3970, 3976, 3981]

################################################################
################### jail_ex_download_list: ######################

[1, 1, 1, 1, 1, 0, 0, 0, 0, 0, 0, 0, 0, 0, 0, 0, 0, 0, 0, 0, 0, 0, 1, 1, 1, 1, 1, 1, 1, 1, 1, 1, 1, 1, 1, 0, 0, 0, 0, 0, 0, 0, 0, 0, 0, 0, 0, 0, 0, 0, 0, 0, 0, 0, 0, 0, 0, 0, 0, 0, 0, 0, 1, 1, 1, 1, 1, 1, 1, 1, 1, 1, 1, 0, 0, 0, 0, 0, 0, 0, 0, 0, 0, 0, 0, 1, 0, 0, 1, 1, 1, 1, 1, 1, 1, 1, 1, 1, 1, 1, 1, 1, 1, 1, 1, 0, 0, 0, 0, 0, 0, 0, 0, 0, 0, 0, 0, 0, 0, 0, 0, 1, 1, 1, 1, 1, 1, 1, 1, 1, 1, 1, 1, 1, 1, 1, 1, 1, 1, 1, 1, 1, 0, 0, 0, 0, 0, 0, 0, 0, 0, 0, 0, 1, 1, 1, 1, 1, 1, 1, 1, 1, 1, 1, 1, 1, 1, 1, 1, 0, 0, 0, 0, 0, 0, 0, 0, 0, 0, 0, 0, 0, 0, 0, 0, 0, 0, 1, 1, 1, 1, 1, 1, 1, 1, 1, 1, 1, 1, 1, 0, 0, 0, 0, 0, 0, 0, 0, 0, 0, 0, 0, 0, 0, 0, 0, 0, 0, 0, 0, 0, 1, 1, 1, 1, 1, 1, 1, 1, 1, 1, 1, 1, 1, 1, 1, 1, 0, 0, 0, 0, 0, 0, 0, 0, 0, 0, 0, 0, 0, 0, 0, 0, 0, 1, 1, 1, 1, 1, 1, 1, 1, 1, 1, 1, 1, 1, 1, 1, 1, 1, 1, 0, 0, 0, 0, 0, 0, 0, 0, 0, 0, 0, 1, 1, 1, 1, 1, 1, 1, 1, 1, 1, 1, 1, 1, 1, 1, 1, 1, 1, 0, 0, 0, 0, 0, 0, 0, 0, 0, 0, 0, 0, 0, 0, 0, 0, 0, 0, 0, 0, 0, 0, 0, 0, 0, 0, 1, 1, 1, 1, 1, 1, 1, 1, 1, 1, 1, 1, 1, 1, 1, 1, 1, 1, 1, 1, 1, 1, 0, 0, 0, 0, 0, 0, 0, 0, 0, 0, 0, 0, 0, 0, 0, 0, 0, 0, 1, 0, 0, 1, 1, 1, 1, 1, 1, 1, 1, 1, 1, 1, 1, 1, 1, 1, 1, 1, 1, 1, 1, 0, 0, 0, 0, 0, 0, 0, 0, 0, 0, 1, 1, 1, 1, 1, 1, 1, 1, 1, 1, 1, 1, 1, 1, 1, 1, 0, 0, 0, 0, 0, 0, 0, 0, 0, 0, 0, 0, 0, 1, 0, 0, 1, 1, 1, 1, 1, 1, 1, 1, 1, 1, 1, 0, 0, 0, 0, 0, 0, 0, 0, 0, 0, 0, 0, 0, 0, 0, 0, 0, 0, 0, 1, 0, 0, 0, 0, 1, 1, 1, 1, 1, 1, 1, 1, 1, 1, 0, 0, 0, 0, 0, 0, 0, 0, 0, 0, 0, 0, 0, 0, 0, 0, 0, 0, 0, 0, 0, 0, 0, 0, 0, 0, 0, 1, 1, 1, 1, 1, 1, 1, 1, 1, 1, 0, 0, 0, 0, 0, 0, 0, 0, 0, 0, 0, 0, 0, 0, 0, 0, 1, 1, 1, 1, 1, 1, 1, 1, 1, 1, 1, 1, 0, 0, 0, 0, 1, 1, 1, 0, 0, 1, 1, 1, 1, 1, 1, 1, 1, 1, 1, 1, 1, 1, 1, 1, 1, 1, 1, 1, 0, 0, 0, 0, 0, 0, 0, 0, 0, 0, 0, 0, 0, 0, 0, 1, 1, 1, 1, 1, 1, 1, 1, 1, 1, 1, 1, 1, 1, 1, 1, 1, 1, 1, 1, 1, 1, 1, 1, 1, 1, 1, 1, 0, 0, 0, 0, 0, 0, 0, 0, 0, 0, 0, 0, 0, 0, 0, 0, 1, 1, 1, 1, 1, 1, 1, 1, 1, 1, 1, 1, 1, 1, 1, 1, 1, 1, 1, 1, 1, 1, 1, 1, 0, 0, 0, 0, 0, 0, 0, 0, 0, 0, 0, 0, 0, 0, 0, 0, 0, 0, 0, 0, 0, 0, 0, 0, 1, 1, 1, 1, 1, 1, 1, 1, 1, 1, 1, 0, 0, 0, 0, 0, 0, 0, 0, 0, 0, 0, 0, 0, 0, 0, 0, 0, 1, 1, 1, 1, 1, 1, 1, 1, 1, 1, 1, 1, 1, 1, 0, 0, 0, 0, 0, 0, 0, 0, 0, 0, 0, 0, 0, 0, 0, 1, 1, 1, 1, 1, 1, 1, 1, 1, 1, 1, 1, 1, 1, 1, 0, 0, 0, 0, 0, 0, 0, 0, 0, 1, 1, 1, 1, 1, 1, 1, 1, 1, 1, 1, 1]

################################################################
################################################################
################### process_jail_download_list: ######################

[6, 6, 6, 6, 7, 6, 6, 6, 6, 6, 6, 6, 6, 6, 6, 6, 6, 6, 6, 6, 6, 6, 6, 6, 6, 6, 6, 6, 6, 6, 6, 6, 6, 6, 7, 6, 6, 6, 6, 6, 6, 6, 6, 6, 6, 6, 6, 6, 6, 6, 6, 6, 6, 6, 6, 6, 6, 6, 6, 6, 6, 6, 6, 6, 6, 6, 6, 6, 6, 6, 6, 6, 7, 6, 6, 6, 6, 6, 6, 6, 6, 6, 6, 6, 6, 6, 6, 6, 6, 6, 6, 6, 6, 6, 6, 6, 6, 6, 6, 6, 6, 6, 6, 6, 7, 6, 6, 6, 6, 6, 6, 6, 6, 6, 6, 6, 6, 6, 6, 6, 6, 6, 6, 6, 6, 6, 6, 6, 6, 6, 6, 6, 6, 6, 6, 6, 6, 6, 6, 6, 6, 7, 6, 6, 6, 6, 6, 6, 6, 6, 6, 6, 6, 6, 6, 6, 6, 6, 6, 6, 6, 6, 6, 6, 6, 6, 6, 6, 7, 6, 6, 6, 6, 6, 6, 6, 6, 6, 6, 6, 6, 6, 6, 6, 6, 6, 6, 6, 6, 6, 6, 6, 6, 6, 6, 6, 6, 6, 6, 7, 6, 6, 6, 6, 6, 6, 6, 6, 6, 6, 6, 6, 6, 6, 6, 6, 6, 6, 6, 6, 6, 6, 6, 6, 6, 6, 6, 6, 6, 6, 6, 6, 6, 6, 6, 6, 7, 6, 6, 6, 6, 6, 6, 6, 6, 6, 6, 6, 6, 6, 6, 6, 6, 6, 6, 6, 6, 6, 6, 6, 6, 6, 6, 6, 6, 6, 6, 6, 6, 6, 6, 7, 6, 6, 6, 6, 6, 6, 6, 6, 6, 6, 6, 6, 6, 6, 6, 6, 6, 6, 6, 6, 6, 6, 6, 6, 6, 6, 6, 6, 7, 6, 6, 6, 6, 6, 6, 6, 6, 6, 6, 6, 6, 6, 6, 6, 6, 6, 6, 6, 6, 6, 6, 6, 6, 6, 6, 6, 6, 6, 6, 6, 6, 6, 6, 6, 6, 6, 6, 6, 6, 6, 6, 6, 6, 6, 6, 6, 7, 6, 6, 6, 6, 6, 6, 6, 6, 6, 6, 6, 6, 6, 6, 6, 6, 6, 6, 6, 6, 6, 6, 6, 6, 6, 6, 6, 6, 6, 6, 6, 6, 6, 6, 6, 6, 6, 6, 6, 6, 7, 6, 6, 6, 6, 6, 6, 6, 6, 6, 6, 6, 6, 6, 6, 6, 6, 6, 6, 6, 6, 6, 6, 6, 6, 6, 7, 6, 6, 6, 6, 6, 6, 6, 6, 6, 6, 6, 6, 6, 6, 6, 6, 6, 6, 6, 6, 6, 6, 6, 6, 6, 6, 7, 6, 6, 6, 6, 6, 6, 6, 6, 6, 6, 6, 6, 6, 6, 6, 6, 6, 6, 6, 6, 6, 6, 6, 6, 6, 6, 6, 6, 6, 6, 6, 6, 6, 6, 6, 6, 6, 6, 5, 6, 6, 6, 6, 6, 6, 6, 6, 6, 6, 6, 6, 6, 6, 6, 6, 6, 6, 6, 6, 6, 6, 6, 6, 6, 6, 6, 6, 6, 6, 6, 6, 6, 6, 6, 6, 6, 6, 6, 6, 6, 6, 6, 6, 6, 6, 6, 6, 6, 6, 6, 6, 6, 6, 6, 6, 6, 6, 6, 7, 6, 6, 6, 6, 6, 6, 7, 6, 6, 6, 6, 6, 6, 6, 6, 6, 6, 6, 6, 6, 6, 6, 6, 6, 6, 6, 6, 7, 6, 6, 6, 6, 6, 6, 6, 6, 6, 6, 6, 6, 6, 6, 6, 6, 6, 6, 6, 6, 6, 6, 6, 6, 6, 6, 6, 6, 6, 6, 6, 6, 6, 6, 6, 6, 6, 6, 6, 6, 6, 6, 7, 6, 6, 6, 6, 6, 6, 6, 6, 6, 6, 6, 6, 6, 6, 6, 6, 6, 6, 6, 6, 6, 6, 6, 6, 6, 6, 6, 6, 6, 6, 6, 6, 6, 6, 6, 6, 6, 6, 6, 7, 6, 6, 6, 6, 6, 6, 6, 6, 6, 6, 6, 6, 6, 6, 6, 6, 6, 6, 6, 6, 6, 6, 6, 6, 6, 6, 6, 6, 6, 6, 6, 6, 6, 6, 7, 6, 6, 6, 6, 6, 6, 6, 6, 6, 6, 6, 6, 6, 6, 6, 6, 6, 6, 6, 6, 6, 6, 6, 6, 6, 6, 6, 6, 6, 6, 7, 6, 6, 6, 6, 6, 6, 6, 6, 6, 6, 6, 6, 6, 6, 6, 6, 6, 6, 6, 6, 6, 6, 6, 6, 6, 6, 6, 6, 6, 7, 6, 6, 6, 6, 6, 6, 6, 6, 6, 6, 6, 6, 6, 6, 6, 6, 6, 6, 6, 6, 6]

################################################################
################################################################
################### process_jail_list: ######################

[5, 5, 5, 5, 6, 6, 6, 6, 6, 6, 6, 6, 6, 6, 6, 6, 6, 6, 6, 6, 6, 6, 5, 5, 5, 5, 5, 5, 5, 5, 5, 5, 5, 5, 6, 6, 6, 6, 6, 6, 6, 6, 6, 6, 6, 6, 6, 6, 6, 6, 6, 6, 6, 6, 6, 6, 6, 6, 6, 6, 6, 6, 5, 5, 5, 5, 5, 5, 5, 5, 5, 5, 6, 6, 6, 6, 6, 6, 6, 6, 6, 6, 6, 6, 6, 5, 6, 6, 5, 5, 5, 5, 5, 5, 5, 5, 5, 5, 5, 5, 5, 5, 5, 5, 6, 6, 6, 6, 6, 6, 6, 6, 6, 6, 6, 6, 6, 6, 6, 6, 6, 5, 5, 5, 5, 5, 5, 5, 5, 5, 5, 5, 5, 5, 5, 5, 5, 5, 5, 5, 5, 6, 6, 6, 6, 6, 6, 6, 6, 6, 6, 6, 6, 5, 5, 5, 5, 5, 5, 5, 5, 5, 5, 5, 5, 5, 5, 5, 6, 6, 6, 6, 6, 6, 6, 6, 6, 6, 6, 6, 6, 6, 6, 6, 6, 6, 6, 5, 5, 5, 5, 5, 5, 5, 5, 5, 5, 5, 5, 6, 6, 6, 6, 6, 6, 6, 6, 6, 6, 6, 6, 6, 6, 6, 6, 6, 6, 6, 6, 6, 6, 5, 5, 5, 5, 5, 5, 5, 5, 5, 5, 5, 5, 5, 5, 5, 6, 6, 6, 6, 6, 6, 6, 6, 6, 6, 6, 6, 6, 6, 6, 6, 6, 6, 5, 5, 5, 5, 5, 5, 5, 5, 5, 5, 5, 5, 5, 5, 5, 5, 5, 6, 6, 6, 6, 6, 6, 6, 6, 6, 6, 6, 6, 5, 5, 5, 5, 5, 5, 5, 5, 5, 5, 5, 5, 5, 5, 5, 5, 5, 6, 6, 6, 6, 6, 6, 6, 6, 6, 6, 6, 6, 6, 6, 6, 6, 6, 6, 6, 6, 6, 6, 6, 6, 6, 6, 6, 5, 5, 5, 5, 5, 5, 5, 5, 5, 5, 5, 5, 5, 5, 5, 5, 5, 5, 5, 5, 5, 6, 6, 6, 6, 6, 6, 6, 6, 6, 6, 6, 6, 6, 6, 6, 6, 6, 6, 6, 5, 6, 6, 5, 5, 5, 5, 5, 5, 5, 5, 5, 5, 5, 5, 5, 5, 5, 5, 5, 5, 5, 6, 6, 6, 6, 6, 6, 6, 6, 6, 6, 6, 5, 5, 5, 5, 5, 5, 5, 5, 5, 5, 5, 5, 5, 5, 5, 6, 6, 6, 6, 6, 6, 6, 6, 6, 6, 6, 6, 6, 6, 5, 6, 6, 5, 5, 5, 5, 5, 5, 5, 5, 5, 5, 6, 6, 6, 6, 6, 6, 6, 6, 6, 6, 6, 6, 6, 6, 6, 6, 6, 6, 6, 6, 5, 6, 6, 6, 6, 5, 5, 5, 5, 5, 5, 5, 5, 5, 5, 6, 6, 6, 6, 5, 6, 6, 6, 6, 6, 6, 6, 6, 6, 6, 6, 6, 6, 6, 6, 6, 6, 6, 6, 6, 6, 6, 5, 5, 5, 5, 5, 5, 5, 5, 5, 5, 6, 6, 6, 6, 6, 6, 6, 6, 6, 6, 6, 6, 6, 6, 6, 6, 5, 5, 5, 5, 5, 5, 5, 5, 5, 5, 5, 6, 6, 6, 6, 6, 5, 5, 6, 6, 6, 5, 5, 5, 5, 5, 5, 5, 5, 5, 5, 5, 5, 5, 5, 5, 5, 5, 5, 6, 6, 6, 6, 6, 6, 6, 6, 6, 6, 6, 6, 6, 6, 6, 6, 5, 5, 5, 5, 5, 5, 5, 5, 5, 5, 5, 5, 5, 5, 5, 5, 5, 5, 5, 5, 5, 5, 5, 5, 5, 5, 5, 6, 6, 6, 6, 6, 6, 6, 6, 6, 6, 6, 6, 6, 6, 6, 6, 6, 5, 5, 5, 5, 5, 5, 5, 5, 5, 5, 5, 5, 5, 5, 5, 5, 5, 5, 5, 5, 5, 5, 5, 6, 6, 6, 6, 6, 6, 6, 6, 6, 6, 6, 6, 6, 6, 6, 6, 6, 6, 6, 6, 6, 6, 6, 6, 6, 5, 5, 5, 5, 5, 5, 5, 5, 5, 5, 6, 6, 6, 6, 6, 6, 6, 6, 6, 6, 6, 6, 6, 6, 6, 6, 6, 6, 5, 5, 5, 5, 5, 5, 5, 5, 5, 5, 5, 5, 5, 6, 6, 6, 6, 6, 6, 6, 6, 6, 6, 6, 6, 6, 6, 6, 6, 5, 5, 5, 5, 5, 5, 5, 5, 5, 5, 5, 5, 5, 5, 6, 6, 6, 6, 6, 6, 6, 6, 6, 6, 5, 5, 5, 5, 5, 5, 5, 5, 5, 5, 5, 5]

################################################################
