Numero total de amostras 770

Tempo total de processamento: 0:39:20

############## TEMPOS DE PROCESSAMENTO DO EXERCICIO NO JAIL  ####################
Soma 4311 segundos
Media 5.5987012987012985 segundos
Desvio padr達o 0.4901612526859676 segundos
Minimo 5 segundos
Maximo 6 segundos

95% 5.0 segundos
99% 5.0 segundos

############## TEMPOS DE PROCESSAMENTO DO EXERCICIO NO JAIL COM DOWNLOAD  ################
Soma 4716 segundos
Media 6.124675324675325 segundos
Desvio padr達o 0.33035040198617444 segundos
Minimo 6 segundos
Maximo 7 segundos

95% 6.0 segundos
99% 6.0 segundos

################### TEMPOS DE DOWNLOAD DO EXERCICIO NO JAIL #######################
Soma 405 segundos
Media 0.525974025974026 segundos
Desvio padr達o 0.49932489420686865 segundos
Minimo 0 segundos
Maximo 1 segundos

95% 0.0 segundos
99% 0.0 segundos

############################ TEMPOS DE ESPERA NA FILA ############################
Soma 658086
Media 854.6571428571428 segundos
Desvio padr達o 489.6504391694648 segundos
Minimo 5 segundos
Maximo 1701 segundos

95% 21.9165 segundos
99% 22.839299999999998 segundos

################### queue_wait_time_list: ######################

[5, 7, 10, 11, 15, 17, 20, 21, 24, 25, 29, 30, 33, 34, 37, 39, 41, 43, 46, 48, 50, 52, 55, 56, 60, 61, 64, 65, 67, 70, 73, 74, 77, 79, 82, 83, 86, 88, 91, 92, 95, 96, 99, 101, 105, 106, 109, 110, 113, 114, 117, 118, 122, 123, 126, 127, 130, 131, 134, 135, 139, 140, 144, 145, 148, 149, 153, 154, 157, 158, 161, 162, 167, 168, 171, 172, 175, 176, 179, 181, 184, 185, 188, 189, 193, 194, 197, 199, 202, 203, 206, 207, 210, 212, 215, 217, 220, 221, 223, 225, 227, 229, 232, 234, 237, 238, 240, 242, 246, 247, 250, 252, 254, 256, 259, 261, 264, 265, 268, 269, 272, 274, 277, 278, 281, 282, 285, 286, 290, 292, 294, 296, 298, 300, 303, 305, 308, 309, 312, 313, 316, 317, 321, 322, 325, 326, 329, 331, 334, 336, 339, 340, 343, 344, 347, 348, 352, 353, 356, 357, 360, 361, 364, 365, 369, 371, 373, 375, 378, 379, 383, 384, 387, 388, 391, 392, 395, 397, 401, 402, 405, 406, 409, 410, 414, 415, 418, 419, 422, 424, 427, 428, 432, 433, 435, 437, 440, 441, 444, 446, 448, 451, 454, 455, 458, 459, 463, 464, 467, 468, 471, 472, 475, 477, 480, 481, 485, 486, 489, 491, 493, 495, 498, 499, 502, 503, 506, 507, 511, 513, 516, 517, 520, 522, 525, 526, 529, 530, 533, 534, 538, 540, 543, 544, 547, 548, 551, 553, 556, 557, 559, 561, 564, 566, 569, 570, 574, 575, 578, 579, 582, 583, 586, 588, 591, 592, 596, 597, 600, 601, 605, 606, 609, 610, 612, 614, 618, 618, 621, 622, 625, 626, 631, 631, 635, 635, 639, 641, 644, 645, 648, 650, 653, 654, 657, 658, 662, 663, 666, 667, 670, 671, 675, 676, 680, 680, 683, 685, 688, 689, 693, 694, 697, 698, 701, 702, 705, 706, 710, 711, 715, 715, 719, 719, 723, 725, 728, 728, 732, 733, 736, 737, 741, 742, 745, 746, 748, 750, 752, 754, 757, 758, 762, 762, 767, 768, 771, 773, 776, 777, 780, 780, 784, 786, 789, 790, 793, 794, 797, 799, 803, 803, 807, 807, 811, 812, 815, 817, 819, 820, 824, 825, 828, 829, 833, 834, 837, 838, 841, 842, 847, 846, 851, 851, 854, 856, 859, 861, 864, 865, 868, 869, 872, 873, 877, 878, 881, 882, 886, 886, 890, 892, 895, 896, 899, 900, 903, 904, 908, 909, 912, 913, 916, 917, 919, 921, 926, 926, 930, 930, 934, 935, 939, 940, 943, 944, 947, 948, 951, 953, 956, 957, 960, 961, 964, 965, 970, 970, 974, 975, 978, 979, 982, 984, 987, 988, 990, 991, 994, 996, 1000, 1001, 1004, 1005, 1009, 1009, 1013, 1015, 1018, 1019, 1022, 1023, 1026, 1026, 1030, 1031, 1034, 1036, 1039, 1040, 1043, 1045, 1047, 1047, 1051, 1053, 1057, 1058, 1061, 1063, 1066, 1067, 1070, 1071, 1074, 1076, 1079, 1080, 1083, 1085, 1088, 1089, 1093, 1094, 1096, 1097, 1100, 1103, 1105, 1107, 1111, 1112, 1115, 1116, 1119, 1120, 1123, 1125, 1128, 1129, 1132, 1133, 1136, 1138, 1141, 1142, 1144, 1147, 1150, 1151, 1155, 1156, 1159, 1160, 1163, 1164, 1167, 1169, 1172, 1173, 1175, 1177, 1180, 1182, 1185, 1187, 1189, 1190, 1193, 1194, 1198, 1200, 1203, 1204, 1207, 1208, 1211, 1212, 1216, 1217, 1220, 1221, 1223, 1226, 1229, 1230, 1234, 1235, 1238, 1239, 1242, 1242, 1246, 1248, 1251, 1252, 1254, 1256, 1259, 1260, 1264, 1266, 1267, 1270, 1272, 1274, 1277, 1279, 1281, 1283, 1284, 1286, 1289, 1290, 1294, 1295, 1298, 1299, 1303, 1304, 1308, 1308, 1312, 1314, 1316, 1318, 1321, 1323, 1326, 1327, 1330, 1331, 1334, 1335, 1339, 1340, 1343, 1343, 1347, 1348, 1352, 1352, 1357, 1357, 1361, 1362, 1365, 1366, 1370, 1371, 1374, 1375, 1378, 1379, 1382, 1384, 1387, 1388, 1391, 1392, 1396, 1397, 1399, 1401, 1404, 1406, 1409, 1410, 1413, 1415, 1418, 1419, 1422, 1423, 1426, 1427, 1431, 1432, 1435, 1436, 1440, 1441, 1444, 1446, 1449, 1449, 1453, 1453, 1456, 1458, 1461, 1463, 1466, 1467, 1470, 1471, 1475, 1476, 1479, 1480, 1484, 1484, 1488, 1489, 1492, 1494, 1497, 1498, 1501, 1502, 1505, 1507, 1510, 1511, 1515, 1515, 1519, 1520, 1524, 1525, 1528, 1529, 1532, 1533, 1536, 1538, 1541, 1542, 1545, 1546, 1549, 1550, 1555, 1555, 1559, 1559, 1563, 1564, 1567, 1568, 1571, 1573, 1576, 1577, 1580, 1582, 1585, 1586, 1589, 1590, 1593, 1594, 1599, 1598, 1603, 1603, 1607, 1608, 1611, 1612, 1616, 1617, 1620, 1621, 1624, 1625, 1628, 1630, 1634, 1634, 1637, 1637, 1641, 1642, 1645, 1647, 1650, 1652, 1655, 1656, 1659, 1661, 1664, 1666, 1669, 1670, 1673, 1674, 1678, 1679, 1681, 1683, 1686, 1687, 1690, 1693, 1696, 1697, 1700, 1701]

################################################################
################### jail_ex_download_list: ######################

[1, 1, 1, 1, 1, 0, 0, 0, 0, 0, 1, 1, 1, 1, 1, 0, 1, 0, 0, 0, 0, 0, 0, 0, 0, 1, 1, 1, 1, 0, 0, 0, 0, 0, 0, 0, 1, 1, 1, 1, 1, 1, 1, 0, 0, 0, 0, 0, 0, 1, 0, 1, 0, 1, 0, 1, 1, 1, 1, 1, 1, 1, 0, 0, 0, 0, 0, 1, 1, 1, 1, 1, 0, 0, 0, 0, 0, 1, 1, 1, 1, 1, 1, 1, 0, 0, 0, 0, 0, 1, 1, 1, 1, 1, 1, 0, 0, 0, 0, 0, 0, 0, 0, 1, 1, 1, 1, 1, 1, 1, 1, 0, 1, 0, 1, 0, 0, 0, 0, 1, 0, 1, 1, 1, 1, 1, 1, 1, 1, 0, 1, 0, 1, 0, 0, 0, 0, 0, 0, 0, 0, 1, 1, 1, 1, 1, 1, 0, 0, 0, 0, 0, 0, 0, 0, 0, 0, 1, 1, 1, 1, 1, 1, 1, 1, 0, 0, 0, 0, 0, 0, 1, 1, 1, 1, 1, 1, 1, 0, 0, 0, 0, 0, 1, 1, 1, 1, 1, 1, 0, 0, 0, 0, 0, 0, 0, 1, 1, 1, 1, 1, 0, 0, 0, 0, 0, 0, 0, 0, 1, 1, 1, 1, 1, 1, 1, 0, 0, 0, 0, 0, 0, 1, 1, 1, 1, 1, 1, 1, 0, 0, 0, 0, 0, 1, 1, 1, 1, 1, 1, 1, 0, 0, 0, 0, 0, 0, 0, 1, 1, 1, 1, 1, 0, 0, 0, 0, 0, 0, 1, 1, 1, 1, 1, 1, 1, 0, 0, 0, 0, 0, 0, 1, 0, 1, 0, 1, 1, 1, 1, 1, 1, 0, 1, 0, 1, 0, 0, 0, 0, 0, 0, 1, 0, 1, 0, 1, 1, 1, 1, 1, 1, 0, 1, 0, 1, 0, 0, 0, 0, 0, 0, 1, 0, 1, 1, 1, 1, 1, 1, 0, 1, 0, 1, 0, 0, 0, 0, 0, 0, 1, 0, 1, 0, 1, 1, 1, 1, 1, 1, 0, 1, 0, 1, 0, 0, 0, 0, 0, 0, 1, 0, 1, 0, 1, 1, 1, 1, 1, 1, 0, 1, 0, 0, 0, 0, 0, 0, 1, 0, 1, 0, 1, 0, 1, 1, 1, 1, 1, 1, 0, 1, 0, 1, 0, 0, 0, 0, 1, 0, 1, 0, 1, 1, 1, 1, 1, 1, 0, 1, 0, 0, 0, 0, 0, 0, 1, 0, 1, 0, 1, 1, 1, 1, 1, 1, 0, 1, 0, 1, 0, 0, 0, 0, 0, 0, 1, 0, 1, 0, 1, 1, 1, 1, 1, 1, 0, 1, 0, 0, 0, 0, 0, 0, 1, 0, 1, 1, 1, 1, 1, 1, 1, 1, 0, 1, 0, 0, 0, 0, 0, 0, 1, 0, 1, 1, 1, 1, 1, 1, 1, 1, 1, 1, 1, 1, 0, 0, 0, 0, 0, 1, 1, 1, 1, 1, 1, 1, 1, 0, 0, 0, 1, 1, 1, 1, 1, 0, 1, 0, 0, 0, 0, 0, 0, 0, 0, 1, 0, 1, 1, 1, 1, 1, 1, 0, 1, 0, 0, 0, 0, 0, 0, 1, 0, 1, 1, 1, 1, 1, 1, 1, 1, 0, 1, 0, 0, 0, 0, 1, 0, 1, 0, 1, 0, 1, 1, 1, 1, 1, 1, 1, 1, 0, 0, 0, 0, 0, 0, 0, 0, 1, 0, 1, 1, 1, 1, 1, 1, 1, 1, 0, 1, 0, 1, 0, 0, 0, 0, 0, 0, 1, 0, 1, 0, 1, 0, 1, 1, 1, 1, 1, 1, 0, 1, 0, 0, 0, 0, 0, 0, 0, 1, 0, 1, 1, 1, 1, 1, 1, 0, 1, 0, 1, 0, 0, 0, 0, 0, 0, 1, 0, 1, 1, 1, 1, 1, 1, 1, 1, 0, 0, 0, 0, 0, 0, 1, 0, 1, 1, 1, 1, 1, 1, 1, 1, 1, 1, 1, 1, 0, 0, 0, 0, 1, 0, 1, 0, 1, 0, 1, 1, 1, 1, 1, 1, 0, 1, 0, 1, 0, 1, 0, 0, 1, 0, 1, 0, 1, 1, 1, 1, 1, 1, 0, 1, 0, 0, 0, 0, 0, 0, 1, 0, 1, 0, 1, 1, 1, 1, 1, 1, 0, 1, 0, 1, 0, 0, 0, 0, 0, 0, 1, 0, 1, 0, 1, 1, 1, 1, 1, 1, 0, 1, 0, 1, 0, 0, 0, 0, 1, 0, 1, 0, 1, 1, 1, 1, 0, 1, 0, 1, 0, 0, 0, 0, 0, 1, 1, 1, 1, 1, 1, 0, 0, 0, 0, 0, 1, 1, 1, 1, 1, 1, 1, 0, 0, 0, 1, 1]

################################################################
################################################################
################### process_jail_download_list: ######################

[7, 6, 6, 7, 7, 6, 6, 6, 6, 6, 6, 6, 6, 7, 6, 6, 7, 6, 6, 6, 6, 6, 6, 6, 6, 6, 6, 7, 7, 6, 6, 6, 6, 6, 6, 6, 6, 6, 6, 6, 6, 7, 7, 6, 6, 6, 6, 6, 6, 6, 6, 6, 6, 6, 6, 6, 6, 6, 6, 6, 6, 7, 6, 6, 6, 6, 6, 6, 6, 6, 7, 7, 6, 6, 6, 6, 6, 6, 6, 6, 6, 6, 7, 7, 6, 6, 6, 6, 6, 6, 6, 6, 6, 7, 7, 6, 6, 6, 6, 6, 6, 6, 6, 6, 6, 6, 6, 6, 6, 7, 6, 6, 6, 6, 7, 6, 6, 6, 6, 6, 6, 6, 6, 6, 6, 6, 6, 7, 6, 6, 6, 6, 7, 6, 6, 6, 6, 6, 6, 6, 6, 6, 6, 6, 6, 7, 7, 6, 6, 6, 6, 6, 6, 6, 6, 6, 6, 6, 6, 6, 6, 6, 6, 7, 7, 6, 6, 6, 6, 6, 6, 6, 6, 6, 6, 6, 7, 7, 6, 6, 6, 6, 6, 6, 6, 6, 6, 7, 7, 6, 6, 6, 6, 6, 6, 6, 6, 6, 6, 7, 7, 6, 6, 6, 6, 6, 6, 6, 6, 6, 6, 6, 6, 6, 7, 7, 6, 6, 6, 6, 6, 6, 6, 6, 6, 6, 6, 7, 7, 6, 6, 6, 6, 6, 6, 6, 6, 6, 6, 7, 7, 6, 6, 6, 6, 6, 6, 6, 6, 6, 6, 7, 7, 6, 6, 6, 6, 6, 6, 6, 6, 6, 6, 6, 7, 7, 6, 6, 6, 6, 6, 6, 6, 6, 6, 6, 6, 6, 6, 6, 7, 6, 6, 6, 6, 7, 6, 6, 6, 6, 6, 6, 6, 6, 6, 6, 6, 6, 6, 6, 7, 6, 6, 6, 6, 7, 6, 6, 6, 6, 6, 6, 6, 6, 6, 6, 6, 6, 7, 6, 6, 6, 6, 7, 6, 6, 6, 6, 6, 6, 6, 6, 6, 6, 6, 6, 6, 6, 7, 6, 6, 6, 6, 7, 6, 6, 6, 6, 6, 6, 6, 6, 6, 6, 6, 6, 6, 6, 7, 6, 6, 7, 6, 6, 6, 6, 6, 6, 6, 6, 6, 6, 6, 6, 6, 6, 6, 6, 7, 6, 6, 6, 6, 7, 6, 6, 6, 6, 6, 6, 6, 6, 6, 6, 6, 6, 7, 6, 6, 7, 6, 6, 6, 6, 6, 6, 6, 6, 6, 6, 6, 6, 6, 6, 7, 6, 6, 6, 6, 7, 6, 6, 6, 6, 6, 6, 6, 6, 6, 6, 6, 6, 6, 6, 7, 6, 6, 7, 6, 6, 6, 6, 6, 6, 6, 6, 6, 6, 6, 6, 6, 6, 7, 6, 6, 7, 6, 6, 6, 6, 6, 6, 6, 6, 6, 6, 6, 6, 6, 6, 6, 6, 6, 6, 7, 7, 6, 6, 6, 6, 6, 6, 6, 6, 6, 6, 6, 7, 7, 6, 6, 6, 6, 6, 6, 7, 6, 6, 7, 6, 6, 6, 6, 6, 6, 6, 6, 6, 6, 6, 6, 6, 6, 7, 6, 6, 7, 6, 6, 6, 6, 6, 6, 6, 6, 6, 6, 6, 6, 6, 6, 7, 6, 6, 7, 6, 6, 6, 6, 6, 6, 6, 6, 6, 6, 6, 6, 6, 6, 6, 6, 7, 7, 6, 6, 6, 6, 6, 6, 6, 6, 6, 6, 6, 6, 6, 6, 6, 6, 7, 6, 6, 6, 6, 7, 6, 6, 6, 6, 6, 6, 6, 6, 6, 6, 6, 6, 6, 6, 6, 6, 7, 6, 6, 7, 6, 6, 6, 6, 6, 6, 6, 6, 6, 6, 6, 6, 6, 7, 6, 6, 6, 6, 7, 6, 6, 6, 6, 6, 6, 6, 6, 6, 6, 6, 6, 6, 6, 7, 7, 6, 6, 6, 6, 6, 6, 6, 6, 6, 6, 6, 6, 6, 6, 6, 6, 6, 6, 7, 7, 6, 6, 6, 6, 6, 6, 6, 6, 6, 6, 6, 6, 6, 6, 7, 6, 6, 6, 6, 6, 6, 7, 6, 6, 6, 6, 6, 6, 6, 6, 6, 6, 7, 6, 6, 7, 6, 6, 6, 6, 6, 6, 6, 6, 6, 6, 6, 6, 6, 6, 7, 6, 6, 6, 6, 7, 6, 6, 6, 6, 6, 6, 6, 6, 6, 6, 6, 6, 6, 6, 7, 6, 6, 6, 6, 7, 6, 6, 6, 6, 6, 6, 6, 6, 6, 6, 7, 6, 6, 6, 6, 7, 6, 6, 6, 6, 6, 6, 6, 6, 6, 7, 7, 6, 6, 6, 6, 6, 6, 6, 6, 6, 6, 7, 7, 6, 6, 6, 6, 6]

################################################################
################################################################
################### process_jail_list: ######################

[6, 5, 5, 6, 6, 6, 6, 6, 6, 6, 5, 5, 5, 6, 5, 6, 6, 6, 6, 6, 6, 6, 6, 6, 6, 5, 5, 6, 6, 6, 6, 6, 6, 6, 6, 6, 5, 5, 5, 5, 5, 6, 6, 6, 6, 6, 6, 6, 6, 5, 6, 5, 6, 5, 6, 5, 5, 5, 5, 5, 5, 6, 6, 6, 6, 6, 6, 5, 5, 5, 6, 6, 6, 6, 6, 6, 6, 5, 5, 5, 5, 5, 6, 6, 6, 6, 6, 6, 6, 5, 5, 5, 5, 6, 6, 6, 6, 6, 6, 6, 6, 6, 6, 5, 5, 5, 5, 5, 5, 6, 5, 6, 5, 6, 6, 6, 6, 6, 6, 5, 6, 5, 5, 5, 5, 5, 5, 6, 5, 6, 5, 6, 6, 6, 6, 6, 6, 6, 6, 6, 6, 5, 5, 5, 5, 6, 6, 6, 6, 6, 6, 6, 6, 6, 6, 6, 6, 5, 5, 5, 5, 5, 5, 6, 6, 6, 6, 6, 6, 6, 6, 5, 5, 5, 5, 5, 6, 6, 6, 6, 6, 6, 6, 5, 5, 5, 5, 6, 6, 6, 6, 6, 6, 6, 6, 6, 5, 5, 5, 6, 6, 6, 6, 6, 6, 6, 6, 6, 6, 5, 5, 5, 5, 5, 6, 6, 6, 6, 6, 6, 6, 6, 5, 5, 5, 5, 5, 6, 6, 6, 6, 6, 6, 6, 5, 5, 5, 5, 5, 6, 6, 6, 6, 6, 6, 6, 6, 6, 5, 5, 5, 6, 6, 6, 6, 6, 6, 6, 6, 5, 5, 5, 5, 5, 6, 6, 6, 6, 6, 6, 6, 6, 5, 6, 5, 6, 5, 5, 5, 5, 6, 5, 6, 5, 6, 6, 6, 6, 6, 6, 6, 6, 5, 6, 5, 6, 5, 5, 5, 5, 6, 5, 6, 5, 6, 6, 6, 6, 6, 6, 6, 6, 5, 6, 5, 5, 5, 5, 6, 5, 6, 5, 6, 6, 6, 6, 6, 6, 6, 6, 5, 6, 5, 6, 5, 5, 5, 5, 6, 5, 6, 5, 6, 6, 6, 6, 6, 6, 6, 6, 5, 6, 5, 6, 5, 5, 5, 5, 6, 5, 6, 6, 6, 6, 6, 6, 6, 6, 5, 6, 5, 6, 5, 6, 5, 5, 5, 5, 6, 5, 6, 5, 6, 6, 6, 6, 6, 6, 5, 6, 5, 6, 5, 5, 5, 5, 6, 5, 6, 6, 6, 6, 6, 6, 6, 6, 5, 6, 5, 6, 5, 5, 5, 5, 6, 5, 6, 5, 6, 6, 6, 6, 6, 6, 6, 6, 5, 6, 5, 6, 5, 5, 5, 5, 6, 5, 6, 6, 6, 6, 6, 6, 6, 6, 5, 6, 5, 5, 5, 5, 5, 5, 6, 5, 6, 6, 6, 6, 6, 6, 6, 6, 5, 6, 5, 5, 5, 5, 5, 5, 5, 5, 5, 5, 6, 6, 6, 6, 6, 6, 6, 5, 5, 5, 5, 5, 5, 6, 6, 6, 6, 6, 5, 5, 5, 6, 5, 6, 6, 6, 6, 6, 6, 6, 6, 6, 6, 5, 6, 5, 5, 5, 5, 6, 5, 6, 6, 6, 6, 6, 6, 6, 6, 5, 6, 5, 5, 5, 5, 5, 5, 6, 5, 6, 6, 6, 6, 6, 6, 5, 6, 5, 6, 5, 6, 5, 5, 5, 5, 5, 5, 6, 6, 6, 6, 6, 6, 6, 6, 6, 6, 5, 6, 5, 5, 5, 5, 5, 5, 6, 5, 6, 5, 6, 6, 6, 6, 6, 6, 6, 6, 5, 6, 5, 6, 5, 6, 5, 5, 5, 5, 6, 5, 6, 6, 6, 6, 6, 6, 6, 6, 6, 5, 6, 5, 5, 5, 5, 6, 5, 6, 5, 6, 6, 6, 6, 6, 6, 6, 6, 5, 6, 5, 5, 5, 5, 5, 5, 6, 6, 6, 6, 6, 6, 6, 6, 5, 6, 5, 5, 5, 5, 5, 5, 5, 5, 5, 5, 6, 6, 6, 6, 6, 6, 5, 6, 5, 6, 5, 6, 5, 5, 5, 5, 6, 5, 6, 5, 6, 5, 6, 6, 6, 6, 5, 6, 5, 6, 5, 5, 5, 5, 6, 5, 6, 6, 6, 6, 6, 6, 6, 6, 5, 6, 5, 6, 5, 5, 5, 5, 6, 5, 6, 5, 6, 6, 6, 6, 6, 6, 6, 6, 5, 6, 5, 6, 5, 5, 5, 5, 6, 5, 6, 5, 6, 6, 6, 6, 6, 6, 5, 6, 5, 6, 5, 5, 6, 5, 6, 5, 6, 6, 6, 6, 6, 6, 6, 5, 5, 5, 5, 6, 6, 6, 6, 6, 6, 6, 5, 5, 5, 5, 5, 6, 6, 6, 6, 6, 5, 5]

################################################################
