Numero total de amostras 770

Tempo total de processamento: 0:41:22

############## TEMPOS DE PROCESSAMENTO DO EXERCICIO NO JAIL  ####################
Soma 4521 segundos
Media 5.871428571428571 segundos
Desvio padr達o 0.33472498611028517 segundos
Minimo 5 segundos
Maximo 6 segundos

95% 5.0 segundos
99% 5.0 segundos

############## TEMPOS DE PROCESSAMENTO DO EXERCICIO NO JAIL COM DOWNLOAD  ################
Soma 4963 segundos
Media 6.445454545454545 segundos
Desvio padr達o 0.49701588846678707 segundos
Minimo 6 segundos
Maximo 7 segundos

95% 6.0 segundos
99% 6.0 segundos

################### TEMPOS DE DOWNLOAD DO EXERCICIO NO JAIL #######################
Soma 442 segundos
Media 0.574025974025974 segundos
Desvio padr達o 0.49710920104832945 segundos
Minimo 0 segundos
Maximo 2 segundos

95% 0.0 segundos
99% 0.0 segundos

############################ TEMPOS DE ESPERA NA FILA ############################
Soma 703364
Media 913.4597402597402 segundos
Desvio padr達o 525.8990388168664 segundos
Minimo 4 segundos
Maximo 1823 segundos

95% 20.221999999999998 segundos
99% 21.452399999999997 segundos

################### queue_wait_time_list: ######################

[4, 4, 10, 9, 14, 13, 19, 18, 24, 23, 29, 28, 33, 31, 38, 37, 43, 42, 48, 47, 52, 51, 57, 56, 62, 61, 67, 66, 71, 70, 77, 74, 80, 80, 86, 85, 90, 89, 95, 94, 100, 99, 104, 103, 110, 109, 114, 113, 119, 118, 124, 123, 129, 128, 133, 132, 138, 137, 143, 142, 148, 147, 152, 151, 158, 157, 162, 161, 167, 166, 171, 170, 177, 176, 181, 180, 186, 185, 191, 190, 194, 193, 200, 199, 204, 204, 210, 208, 214, 213, 219, 218, 224, 224, 229, 228, 234, 232, 238, 238, 244, 243, 248, 247, 253, 251, 257, 257, 263, 262, 266, 266, 271, 270, 277, 276, 281, 280, 286, 285, 291, 290, 296, 295, 300, 299, 305, 304, 309, 309, 315, 314, 319, 318, 324, 322, 329, 328, 333, 332, 338, 338, 343, 342, 348, 347, 352, 351, 357, 357, 362, 361, 366, 365, 370, 369, 376, 375, 380, 379, 384, 383, 389, 388, 394, 394, 399, 398, 404, 403, 409, 407, 413, 411, 417, 416, 422, 422, 426, 426, 432, 430, 436, 436, 441, 440, 446, 445, 450, 449, 456, 455, 460, 459, 464, 463, 469, 468, 474, 472, 478, 477, 483, 482, 487, 487, 493, 492, 497, 496, 501, 501, 506, 506, 511, 510, 515, 515, 521, 520, 526, 525, 530, 529, 534, 533, 540, 539, 544, 543, 549, 548, 553, 552, 559, 557, 562, 562, 567, 567, 573, 572, 576, 576, 582, 581, 586, 586, 592, 591, 596, 595, 601, 600, 605, 605, 611, 610, 615, 614, 621, 620, 625, 624, 630, 629, 634, 633, 640, 639, 644, 643, 649, 648, 654, 653, 658, 657, 663, 662, 667, 665, 672, 672, 677, 676, 682, 681, 687, 686, 692, 691, 696, 694, 700, 700, 706, 705, 710, 708, 715, 714, 719, 719, 724, 723, 729, 728, 733, 732, 739, 738, 743, 742, 748, 747, 752, 751, 758, 757, 762, 761, 766, 765, 772, 771, 776, 775, 780, 779, 786, 785, 790, 788, 794, 794, 799, 798, 804, 803, 809, 808, 813, 812, 818, 818, 823, 822, 828, 826, 832, 832, 838, 837, 842, 841, 847, 846, 852, 851, 857, 854, 860, 860, 866, 866, 871, 870, 876, 875, 880, 879, 885, 885, 890, 889, 895, 894, 899, 899, 904, 903, 909, 908, 914, 913, 918, 918, 924, 923, 928, 927, 933, 933, 938, 937, 942, 941, 947, 946, 952, 951, 957, 956, 961, 960, 966, 965, 971, 970, 976, 975, 980, 979, 984, 984, 990, 989, 994, 993, 998, 998, 1004, 1003, 1008, 1007, 1013, 1012, 1018, 1017, 1021, 1021, 1027, 1026, 1031, 1031, 1037, 1036, 1041, 1040, 1046, 1044, 1050, 1050, 1056, 1055, 1060, 1059, 1064, 1064, 1070, 1069, 1074, 1073, 1079, 1078, 1084, 1083, 1088, 1087, 1093, 1092, 1097, 1097, 1102, 1102, 1107, 1106, 1111, 1111, 1116, 1115, 1120, 1119, 1125, 1124, 1130, 1130, 1135, 1134, 1140, 1139, 1144, 1144, 1150, 1149, 1154, 1153, 1159, 1158, 1164, 1163, 1169, 1168, 1174, 1173, 1178, 1178, 1183, 1182, 1188, 1187, 1193, 1191, 1196, 1196, 1202, 1202, 1207, 1206, 1212, 1211, 1217, 1215, 1222, 1221, 1226, 1225, 1231, 1231, 1236, 1234, 1239, 1239, 1245, 1244, 1250, 1249, 1255, 1254, 1259, 1258, 1264, 1263, 1269, 1268, 1274, 1273, 1278, 1277, 1283, 1282, 1287, 1286, 1293, 1292, 1297, 1297, 1303, 1301, 1306, 1305, 1312, 1311, 1317, 1316, 1322, 1321, 1326, 1324, 1331, 1330, 1336, 1335, 1341, 1340, 1344, 1344, 1350, 1350, 1355, 1353, 1359, 1358, 1364, 1364, 1369, 1368, 1373, 1372, 1378, 1377, 1383, 1382, 1388, 1387, 1392, 1390, 1397, 1397, 1402, 1401, 1407, 1406, 1411, 1410, 1417, 1415, 1420, 1420, 1425, 1424, 1430, 1430, 1435, 1434, 1439, 1438, 1444, 1443, 1448, 1448, 1454, 1453, 1458, 1457, 1462, 1462, 1468, 1467, 1472, 1471, 1477, 1475, 1481, 1481, 1485, 1484, 1491, 1490, 1495, 1494, 1500, 1500, 1505, 1504, 1509, 1508, 1515, 1513, 1519, 1518, 1524, 1523, 1528, 1528, 1534, 1533, 1538, 1536, 1543, 1542, 1547, 1547, 1553, 1552, 1557, 1556, 1562, 1561, 1567, 1566, 1572, 1571, 1576, 1575, 1582, 1581, 1587, 1586, 1591, 1590, 1596, 1596, 1601, 1599, 1604, 1604, 1610, 1609, 1616, 1615, 1620, 1619, 1625, 1624, 1629, 1629, 1634, 1633, 1639, 1638, 1643, 1642, 1647, 1647, 1653, 1652, 1657, 1656, 1662, 1662, 1666, 1665, 1672, 1671, 1676, 1675, 1682, 1681, 1686, 1685, 1690, 1689, 1695, 1695, 1700, 1699, 1705, 1704, 1709, 1708, 1714, 1714, 1719, 1718, 1723, 1722, 1728, 1727, 1732, 1732, 1738, 1737, 1742, 1741, 1747, 1747, 1752, 1751, 1757, 1755, 1761, 1761, 1767, 1766, 1771, 1770, 1776, 1775, 1781, 1780, 1785, 1784, 1790, 1789, 1794, 1794, 1800, 1799, 1804, 1803, 1809, 1808, 1813, 1812, 1817, 1817, 1823, 1822]

################################################################
################### jail_ex_download_list: ######################

[1, 2, 1, 1, 1, 1, 0, 0, 1, 1, 0, 0, 1, 1, 0, 1, 1, 1, 0, 0, 1, 1, 0, 0, 1, 1, 0, 0, 1, 1, 0, 0, 1, 1, 0, 0, 1, 1, 1, 1, 1, 1, 1, 1, 0, 0, 1, 1, 0, 0, 1, 1, 0, 0, 1, 1, 0, 0, 1, 1, 0, 0, 1, 1, 0, 0, 1, 1, 0, 0, 1, 1, 0, 0, 1, 1, 0, 0, 1, 1, 1, 1, 0, 0, 1, 1, 1, 1, 1, 1, 1, 1, 0, 0, 1, 1, 0, 0, 1, 1, 0, 0, 1, 1, 0, 0, 1, 1, 0, 0, 1, 1, 1, 1, 1, 1, 1, 1, 0, 0, 1, 1, 0, 0, 1, 1, 0, 0, 1, 1, 0, 0, 0, 0, 1, 1, 0, 0, 1, 1, 0, 0, 1, 1, 0, 0, 1, 1, 0, 0, 0, 0, 1, 1, 1, 1, 0, 0, 1, 1, 1, 1, 1, 1, 0, 0, 1, 1, 0, 0, 0, 1, 1, 1, 0, 0, 1, 1, 1, 1, 0, 0, 1, 1, 1, 1, 0, 0, 1, 1, 0, 0, 0, 1, 1, 1, 0, 0, 1, 1, 1, 1, 1, 1, 1, 1, 0, 0, 1, 1, 1, 1, 1, 1, 1, 1, 0, 0, 1, 1, 0, 0, 0, 0, 1, 1, 0, 0, 1, 1, 0, 0, 1, 1, 0, 0, 1, 1, 1, 1, 0, 0, 1, 1, 0, 0, 1, 1, 0, 0, 1, 1, 0, 0, 1, 1, 0, 0, 1, 1, 0, 0, 1, 1, 0, 0, 1, 1, 0, 0, 1, 1, 0, 0, 1, 1, 1, 1, 1, 1, 1, 1, 1, 1, 1, 1, 1, 1, 1, 1, 0, 0, 1, 1, 1, 1, 0, 0, 1, 1, 0, 0, 1, 1, 1, 1, 0, 0, 1, 1, 0, 0, 1, 1, 0, 0, 1, 1, 0, 0, 1, 1, 1, 1, 0, 0, 0, 1, 1, 1, 0, 0, 1, 1, 0, 0, 0, 0, 1, 1, 0, 0, 1, 1, 0, 0, 1, 1, 0, 0, 1, 1, 0, 0, 1, 1, 0, 0, 1, 1, 0, 0, 1, 1, 0, 0, 1, 1, 0, 0, 1, 1, 0, 0, 1, 1, 0, 0, 1, 1, 0, 0, 1, 1, 0, 0, 1, 1, 0, 0, 1, 1, 0, 0, 0, 1, 1, 1, 0, 0, 1, 1, 0, 0, 1, 1, 0, 0, 1, 1, 0, 0, 1, 1, 1, 1, 0, 0, 1, 1, 1, 1, 0, 0, 1, 1, 0, 0, 1, 1, 1, 1, 1, 1, 1, 1, 0, 0, 1, 1, 0, 0, 1, 1, 0, 0, 1, 1, 1, 1, 0, 0, 1, 1, 0, 0, 1, 1, 1, 1, 0, 0, 1, 1, 0, 0, 1, 1, 0, 0, 0, 0, 1, 1, 1, 1, 0, 0, 1, 1, 0, 0, 1, 1, 0, 0, 1, 1, 1, 1, 0, 0, 1, 1, 1, 1, 0, 0, 1, 1, 0, 0, 1, 1, 1, 1, 0, 0, 1, 1, 0, 0, 1, 1, 0, 0, 1, 1, 0, 0, 1, 1, 1, 1, 0, 0, 1, 1, 0, 0, 1, 1, 0, 0, 1, 1, 0, 0, 1, 1, 0, 0, 1, 1, 0, 0, 1, 1, 0, 0, 1, 1, 1, 1, 1, 1, 1, 1, 1, 1, 0, 0, 1, 1, 0, 0, 1, 1, 0, 0, 1, 1, 1, 1, 0, 0, 1, 1, 1, 1, 0, 0, 1, 1, 0, 0, 1, 1, 0, 0, 1, 1, 0, 0, 1, 1, 0, 0, 0, 0, 1, 1, 0, 0, 1, 1, 1, 1, 0, 0, 1, 1, 0, 0, 0, 0, 1, 1, 0, 0, 1, 1, 0, 0, 1, 1, 1, 1, 0, 0, 1, 1, 0, 0, 1, 1, 1, 1, 0, 0, 1, 1, 0, 0, 1, 1, 0, 0, 1, 1, 0, 0, 1, 1, 0, 0, 1, 1, 0, 0, 1, 1, 0, 0, 1, 1, 1, 1, 0, 0, 1, 1, 0, 0, 1, 1, 1, 1, 1, 1, 0, 0, 1, 1, 0, 0, 0, 0, 1, 1, 0, 0, 0, 1, 1, 1, 0, 0, 1, 1, 0, 0, 1, 1, 0, 0, 1, 1, 0, 0, 1, 0, 1, 1, 0, 0, 1, 1, 0, 0, 1, 1, 0, 0, 1, 1, 1, 1, 1, 1, 1, 1, 0, 0, 1, 1, 0, 0, 1, 1, 0, 0, 1, 1, 0, 0, 1, 1, 0, 0, 1, 1, 1, 1, 0, 0, 1, 1, 0, 0, 1, 1, 0, 0, 1, 1, 1, 1, 0, 0]

################################################################
################################################################
################### process_jail_download_list: ######################

[7, 7, 6, 6, 7, 7, 6, 6, 7, 7, 6, 6, 7, 7, 6, 6, 7, 7, 6, 6, 7, 7, 6, 6, 7, 7, 6, 6, 7, 7, 6, 6, 7, 7, 6, 6, 6, 6, 7, 7, 6, 6, 7, 7, 6, 6, 7, 7, 6, 6, 7, 7, 6, 6, 7, 7, 6, 6, 7, 7, 6, 6, 7, 7, 6, 6, 7, 7, 6, 6, 7, 7, 6, 6, 6, 7, 6, 6, 6, 6, 7, 7, 6, 6, 7, 7, 6, 6, 7, 7, 7, 7, 6, 6, 7, 7, 6, 6, 7, 7, 6, 6, 7, 7, 6, 6, 7, 7, 6, 6, 6, 6, 7, 7, 6, 6, 7, 7, 6, 6, 7, 7, 6, 6, 7, 7, 6, 6, 7, 7, 6, 6, 6, 6, 7, 7, 6, 6, 7, 7, 6, 6, 7, 7, 6, 6, 7, 7, 6, 6, 6, 6, 6, 6, 7, 7, 6, 6, 7, 7, 6, 6, 7, 7, 6, 6, 7, 7, 6, 6, 6, 6, 7, 7, 6, 6, 6, 6, 7, 7, 6, 6, 6, 6, 7, 7, 6, 6, 7, 7, 6, 6, 6, 6, 7, 7, 6, 6, 6, 6, 7, 7, 6, 6, 7, 7, 6, 6, 6, 6, 7, 7, 6, 6, 7, 7, 6, 6, 7, 7, 6, 6, 6, 6, 7, 7, 6, 6, 7, 7, 6, 6, 7, 7, 6, 6, 6, 6, 7, 7, 6, 6, 7, 7, 6, 6, 7, 7, 6, 6, 7, 7, 6, 6, 7, 7, 6, 6, 7, 7, 6, 6, 7, 7, 6, 6, 7, 7, 6, 6, 7, 7, 6, 6, 6, 6, 7, 7, 6, 6, 7, 7, 6, 6, 7, 7, 6, 6, 7, 7, 6, 6, 6, 6, 7, 7, 6, 6, 7, 7, 6, 6, 6, 6, 7, 7, 6, 6, 7, 7, 6, 6, 7, 7, 6, 6, 7, 7, 6, 6, 6, 6, 7, 7, 6, 6, 6, 6, 7, 7, 6, 6, 7, 7, 6, 6, 6, 6, 7, 7, 6, 6, 7, 7, 6, 6, 7, 7, 6, 6, 7, 7, 6, 6, 7, 7, 6, 6, 7, 7, 6, 6, 7, 7, 6, 6, 7, 7, 6, 6, 7, 7, 6, 6, 7, 7, 6, 6, 7, 7, 6, 6, 7, 7, 6, 6, 7, 7, 6, 6, 7, 7, 6, 6, 6, 6, 7, 7, 6, 6, 7, 7, 6, 6, 7, 7, 6, 6, 7, 7, 6, 6, 6, 6, 7, 7, 6, 6, 6, 6, 7, 7, 6, 6, 7, 7, 6, 6, 6, 6, 7, 7, 6, 6, 7, 7, 6, 6, 7, 7, 6, 6, 6, 6, 6, 6, 6, 6, 7, 7, 6, 6, 7, 7, 6, 6, 6, 6, 7, 7, 6, 6, 7, 7, 6, 6, 7, 7, 6, 6, 6, 6, 7, 7, 7, 7, 6, 6, 7, 7, 6, 6, 7, 7, 6, 6, 6, 6, 7, 7, 6, 6, 7, 7, 7, 7, 6, 6, 7, 7, 6, 6, 6, 6, 7, 7, 6, 6, 7, 7, 6, 6, 7, 7, 6, 6, 7, 7, 6, 6, 6, 6, 7, 7, 6, 6, 7, 7, 6, 6, 7, 7, 6, 6, 7, 7, 6, 6, 7, 7, 6, 6, 7, 7, 6, 6, 7, 7, 6, 6, 7, 7, 6, 6, 7, 7, 6, 6, 7, 7, 6, 6, 7, 7, 6, 6, 7, 7, 6, 6, 6, 6, 7, 7, 6, 6, 6, 6, 7, 7, 6, 6, 7, 7, 6, 6, 7, 7, 6, 6, 7, 7, 6, 6, 7, 7, 6, 6, 6, 6, 7, 7, 6, 6, 6, 6, 7, 7, 6, 6, 7, 7, 6, 6, 6, 6, 7, 7, 6, 6, 7, 7, 6, 6, 6, 6, 7, 7, 6, 6, 7, 7, 6, 6, 6, 6, 7, 7, 6, 6, 7, 7, 6, 6, 7, 7, 6, 6, 7, 7, 6, 6, 7, 7, 6, 6, 7, 7, 6, 6, 7, 7, 6, 6, 7, 7, 7, 7, 6, 6, 7, 7, 6, 6, 6, 6, 7, 7, 7, 7, 6, 6, 7, 7, 6, 6, 6, 6, 7, 7, 6, 6, 6, 6, 7, 7, 6, 6, 7, 7, 6, 6, 7, 7, 6, 6, 7, 7, 6, 6, 6, 6, 7, 7, 6, 6, 7, 7, 6, 6, 7, 7, 6, 6, 6, 6, 7, 7, 6, 6, 7, 7, 6, 6, 7, 7, 6, 6, 7, 7, 6, 6, 7, 7, 6, 6, 7, 7, 6, 6, 6, 6, 7, 7, 6, 6, 7, 7, 6, 6, 7, 7, 6, 6, 6, 6, 7, 7, 6, 6]

################################################################
################################################################
################### process_jail_list: ######################

[6, 5, 5, 5, 6, 6, 6, 6, 6, 6, 6, 6, 6, 6, 6, 5, 6, 6, 6, 6, 6, 6, 6, 6, 6, 6, 6, 6, 6, 6, 6, 6, 6, 6, 6, 6, 5, 5, 6, 6, 5, 5, 6, 6, 6, 6, 6, 6, 6, 6, 6, 6, 6, 6, 6, 6, 6, 6, 6, 6, 6, 6, 6, 6, 6, 6, 6, 6, 6, 6, 6, 6, 6, 6, 5, 6, 6, 6, 5, 5, 6, 6, 6, 6, 6, 6, 5, 5, 6, 6, 6, 6, 6, 6, 6, 6, 6, 6, 6, 6, 6, 6, 6, 6, 6, 6, 6, 6, 6, 6, 5, 5, 6, 6, 5, 5, 6, 6, 6, 6, 6, 6, 6, 6, 6, 6, 6, 6, 6, 6, 6, 6, 6, 6, 6, 6, 6, 6, 6, 6, 6, 6, 6, 6, 6, 6, 6, 6, 6, 6, 6, 6, 5, 5, 6, 6, 6, 6, 6, 6, 5, 5, 6, 6, 6, 6, 6, 6, 6, 6, 6, 5, 6, 6, 6, 6, 5, 5, 6, 6, 6, 6, 5, 5, 6, 6, 6, 6, 6, 6, 6, 6, 6, 5, 6, 6, 6, 6, 5, 5, 6, 6, 5, 5, 6, 6, 6, 6, 5, 5, 6, 6, 5, 5, 6, 6, 6, 6, 6, 6, 6, 6, 6, 6, 6, 6, 6, 6, 6, 6, 6, 6, 6, 6, 6, 6, 5, 5, 6, 6, 6, 6, 6, 6, 6, 6, 6, 6, 6, 6, 6, 6, 6, 6, 6, 6, 6, 6, 6, 6, 6, 6, 6, 6, 6, 6, 6, 6, 6, 6, 6, 6, 6, 6, 5, 5, 6, 6, 5, 5, 6, 6, 5, 5, 6, 6, 5, 5, 6, 6, 6, 6, 5, 5, 6, 6, 6, 6, 6, 6, 6, 6, 5, 5, 6, 6, 6, 6, 6, 6, 6, 6, 6, 6, 6, 6, 6, 6, 6, 6, 5, 5, 6, 6, 6, 6, 6, 5, 6, 6, 6, 6, 6, 6, 6, 6, 6, 6, 6, 6, 6, 6, 6, 6, 6, 6, 6, 6, 6, 6, 6, 6, 6, 6, 6, 6, 6, 6, 6, 6, 6, 6, 6, 6, 6, 6, 6, 6, 6, 6, 6, 6, 6, 6, 6, 6, 6, 6, 6, 6, 6, 6, 6, 6, 6, 6, 6, 6, 6, 6, 6, 6, 6, 6, 6, 5, 6, 6, 6, 6, 6, 6, 6, 6, 6, 6, 6, 6, 6, 6, 6, 6, 5, 5, 6, 6, 6, 6, 5, 5, 6, 6, 6, 6, 6, 6, 6, 6, 5, 5, 6, 6, 5, 5, 6, 6, 6, 6, 6, 6, 6, 6, 5, 5, 6, 6, 5, 5, 6, 6, 6, 6, 6, 6, 6, 6, 5, 5, 6, 6, 6, 6, 6, 6, 6, 6, 6, 6, 6, 6, 6, 6, 6, 6, 6, 6, 6, 6, 6, 6, 6, 6, 6, 6, 6, 6, 5, 5, 6, 6, 6, 6, 6, 6, 6, 6, 6, 6, 6, 6, 6, 6, 5, 5, 6, 6, 6, 6, 6, 6, 6, 6, 6, 6, 6, 6, 6, 6, 6, 6, 5, 5, 6, 6, 6, 6, 6, 6, 6, 6, 6, 6, 6, 6, 6, 6, 6, 6, 6, 6, 6, 6, 6, 6, 6, 6, 6, 6, 6, 6, 6, 6, 5, 5, 6, 6, 5, 5, 6, 6, 6, 6, 6, 6, 6, 6, 6, 6, 6, 6, 5, 5, 6, 6, 6, 6, 5, 5, 6, 6, 6, 6, 6, 6, 6, 6, 6, 6, 6, 6, 6, 6, 6, 6, 6, 6, 6, 6, 6, 6, 6, 6, 6, 6, 5, 5, 6, 6, 6, 6, 6, 6, 6, 6, 6, 6, 6, 6, 6, 6, 6, 6, 6, 6, 5, 5, 6, 6, 6, 6, 6, 6, 6, 6, 5, 5, 6, 6, 6, 6, 6, 6, 6, 6, 6, 6, 6, 6, 6, 6, 6, 6, 6, 6, 6, 6, 6, 6, 6, 6, 6, 6, 6, 6, 6, 6, 6, 6, 6, 6, 6, 6, 6, 6, 5, 5, 6, 6, 6, 6, 6, 6, 6, 6, 6, 6, 6, 6, 6, 6, 6, 6, 6, 5, 6, 6, 6, 6, 6, 6, 6, 6, 6, 6, 6, 6, 6, 6, 6, 6, 5, 6, 6, 6, 6, 6, 6, 6, 6, 6, 6, 6, 6, 6, 5, 5, 6, 6, 5, 5, 6, 6, 6, 6, 6, 6, 6, 6, 6, 6, 6, 6, 6, 6, 6, 6, 6, 6, 6, 6, 5, 5, 6, 6, 6, 6, 6, 6, 6, 6, 6, 6, 6, 6, 5, 5, 6, 6, 6, 6]

################################################################
