Numero total de amostras 770

Tempo total de processamento: 0:40:29

############## TEMPOS DE PROCESSAMENTO DO EXERCICIO NO JAIL  ####################
Soma 4431 segundos
Media 5.754545454545455 segundos
Desvio padr達o 0.43035637740162275 segundos
Minimo 5 segundos
Maximo 6 segundos

95% 5.0 segundos
99% 5.0 segundos

############## TEMPOS DE PROCESSAMENTO DO EXERCICIO NO JAIL COM DOWNLOAD  ################
Soma 4853 segundos
Media 6.302597402597403 segundos
Desvio padr達o 0.45938242732902623 segundos
Minimo 6 segundos
Maximo 7 segundos

95% 6.0 segundos
99% 6.0 segundos

################### TEMPOS DE DOWNLOAD DO EXERCICIO NO JAIL #######################
Soma 422 segundos
Media 0.548051948051948 segundos
Desvio padr達o 0.49768565409142834 segundos
Minimo 0 segundos
Maximo 1 segundos

95% 0.0 segundos
99% 0.0 segundos

############################ TEMPOS DE ESPERA NA FILA ############################
Soma 690813
Media 897.1597402597403 segundos
Desvio padr達o 512.0933297545998 segundos
Minimo 7 segundos
Maximo 1772 segundos

95% 22.527499999999996 segundos
99% 24.065499999999997 segundos

################### queue_wait_time_list: ######################

[8, 7, 12, 11, 17, 16, 21, 21, 26, 26, 31, 31, 36, 35, 40, 39, 44, 43, 48, 49, 53, 53, 57, 57, 62, 61, 65, 65, 70, 69, 73, 74, 79, 79, 84, 82, 88, 87, 93, 94, 98, 98, 102, 102, 107, 106, 111, 110, 114, 115, 120, 120, 125, 125, 131, 130, 135, 134, 140, 139, 145, 144, 149, 148, 153, 152, 157, 157, 163, 163, 168, 166, 171, 170, 176, 173, 179, 179, 185, 184, 189, 189, 195, 195, 199, 199, 204, 203, 208, 208, 214, 214, 219, 217, 223, 222, 227, 227, 231, 231, 237, 237, 241, 240, 247, 247, 251, 250, 256, 255, 261, 261, 265, 264, 270, 269, 275, 274, 279, 279, 285, 284, 289, 288, 295, 294, 298, 297, 302, 302, 308, 307, 312, 310, 316, 316, 321, 321, 327, 325, 331, 330, 335, 334, 341, 341, 345, 345, 350, 348, 355, 355, 360, 358, 364, 364, 368, 367, 373, 372, 377, 376, 383, 381, 387, 386, 391, 391, 396, 395, 400, 400, 404, 404, 411, 410, 415, 414, 420, 419, 425, 424, 429, 428, 433, 433, 438, 438, 444, 442, 448, 447, 453, 452, 457, 457, 463, 462, 467, 466, 473, 472, 478, 476, 481, 481, 487, 487, 492, 491, 496, 495, 500, 499, 505, 504, 510, 508, 514, 514, 519, 518, 525, 524, 530, 529, 535, 534, 540, 540, 544, 544, 549, 548, 554, 554, 560, 559, 564, 563, 569, 568, 574, 573, 578, 577, 583, 582, 588, 587, 593, 592, 597, 596, 602, 601, 607, 605, 611, 611, 616, 615, 621, 621, 626, 625, 631, 629, 635, 634, 641, 640, 645, 644, 650, 648, 654, 654, 660, 659, 664, 663, 669, 667, 673, 673, 679, 678, 683, 683, 688, 688, 693, 692, 698, 697, 702, 701, 708, 707, 712, 710, 717, 716, 721, 721, 726, 725, 731, 730, 735, 735, 741, 740, 746, 745, 750, 749, 754, 754, 760, 759, 764, 763, 769, 768, 774, 773, 778, 777, 783, 782, 787, 787, 792, 791, 797, 795, 800, 800, 806, 805, 811, 810, 816, 815, 821, 821, 826, 825, 831, 830, 835, 834, 839, 839, 845, 844, 849, 848, 853, 853, 858, 857, 862, 862, 867, 866, 872, 872, 876, 876, 880, 879, 885, 885, 890, 890, 894, 894, 898, 898, 903, 903, 908, 907, 912, 912, 916, 916, 921, 921, 925, 925, 930, 930, 935, 935, 940, 939, 944, 944, 948, 948, 953, 953, 957, 957, 962, 962, 967, 966, 971, 971, 975, 974, 980, 980, 985, 985, 989, 989, 993, 994, 997, 999, 1003, 1003, 1007, 1007, 1011, 1011, 1015, 1016, 1020, 1019, 1024, 1025, 1029, 1030, 1033, 1034, 1037, 1038, 1042, 1043, 1047, 1047, 1051, 1051, 1055, 1055, 1060, 1060, 1064, 1065, 1068, 1069, 1073, 1074, 1078, 1078, 1082, 1083, 1086, 1087, 1090, 1092, 1095, 1096, 1100, 1100, 1104, 1105, 1109, 1108, 1113, 1114, 1117, 1118, 1123, 1123, 1127, 1127, 1131, 1132, 1135, 1137, 1140, 1141, 1144, 1145, 1149, 1149, 1154, 1154, 1158, 1159, 1162, 1162, 1166, 1168, 1172, 1173, 1176, 1177, 1180, 1181, 1185, 1186, 1190, 1191, 1194, 1195, 1198, 1200, 1203, 1204, 1207, 1208, 1211, 1212, 1216, 1218, 1221, 1222, 1225, 1226, 1229, 1232, 1235, 1236, 1239, 1240, 1243, 1244, 1249, 1249, 1253, 1254, 1257, 1258, 1261, 1264, 1267, 1268, 1271, 1272, 1275, 1275, 1279, 1281, 1285, 1285, 1288, 1289, 1293, 1295, 1298, 1299, 1303, 1303, 1307, 1308, 1312, 1313, 1316, 1317, 1321, 1322, 1325, 1327, 1330, 1331, 1334, 1335, 1339, 1339, 1343, 1345, 1348, 1348, 1352, 1353, 1356, 1357, 1362, 1362, 1366, 1366, 1370, 1370, 1374, 1375, 1379, 1380, 1383, 1384, 1388, 1390, 1393, 1394, 1396, 1398, 1402, 1402, 1407, 1407, 1411, 1412, 1415, 1416, 1419, 1421, 1424, 1425, 1429, 1429, 1433, 1434, 1438, 1439, 1443, 1443, 1447, 1448, 1451, 1453, 1456, 1457, 1459, 1461, 1465, 1465, 1470, 1471, 1474, 1475, 1479, 1479, 1483, 1485, 1488, 1489, 1492, 1493, 1496, 1497, 1502, 1502, 1506, 1506, 1510, 1511, 1514, 1516, 1519, 1520, 1524, 1525, 1528, 1529, 1533, 1534, 1537, 1538, 1541, 1543, 1545, 1548, 1550, 1552, 1555, 1555, 1559, 1561, 1564, 1566, 1569, 1570, 1573, 1574, 1578, 1579, 1583, 1584, 1587, 1588, 1591, 1593, 1596, 1596, 1599, 1601, 1605, 1606, 1609, 1611, 1614, 1615, 1619, 1620, 1623, 1624, 1628, 1629, 1632, 1633, 1637, 1637, 1641, 1643, 1646, 1647, 1650, 1651, 1655, 1655, 1659, 1661, 1664, 1665, 1668, 1669, 1673, 1674, 1676, 1678, 1681, 1681, 1686, 1687, 1691, 1692, 1694, 1696, 1699, 1700, 1705, 1705, 1709, 1709, 1713, 1714, 1717, 1718, 1722, 1723, 1726, 1727, 1731, 1731, 1736, 1737, 1740, 1741, 1744, 1745, 1748, 1749, 1754, 1754, 1758, 1759, 1762, 1763, 1767, 1768, 1771, 1772]

################################################################
################### jail_ex_download_list: ######################

[1, 1, 0, 1, 0, 1, 0, 1, 1, 0, 0, 0, 0, 0, 0, 1, 1, 1, 1, 0, 1, 0, 1, 0, 0, 0, 0, 1, 0, 1, 1, 0, 1, 1, 0, 1, 0, 1, 0, 0, 1, 1, 0, 1, 0, 1, 1, 1, 1, 0, 0, 0, 1, 1, 0, 0, 1, 1, 0, 0, 1, 1, 1, 1, 0, 1, 1, 0, 0, 0, 0, 1, 0, 1, 1, 1, 1, 1, 0, 0, 1, 1, 0, 0, 1, 1, 1, 1, 1, 1, 0, 0, 1, 1, 1, 1, 0, 0, 1, 1, 0, 0, 1, 1, 0, 0, 1, 1, 0, 0, 0, 0, 1, 1, 1, 1, 0, 1, 1, 1, 0, 0, 1, 1, 0, 0, 1, 1, 1, 0, 0, 0, 1, 1, 0, 0, 0, 0, 1, 1, 0, 0, 1, 1, 0, 0, 1, 1, 1, 1, 0, 0, 1, 1, 1, 0, 1, 0, 0, 0, 1, 1, 0, 0, 1, 1, 0, 0, 0, 0, 1, 1, 1, 1, 0, 0, 1, 1, 0, 0, 1, 1, 1, 1, 1, 1, 1, 1, 0, 0, 1, 1, 0, 0, 1, 1, 0, 0, 1, 1, 1, 1, 0, 0, 1, 1, 0, 0, 1, 1, 1, 1, 0, 0, 1, 1, 0, 0, 1, 1, 1, 1, 0, 0, 1, 1, 1, 1, 0, 0, 1, 1, 1, 1, 1, 1, 0, 0, 1, 1, 0, 0, 1, 1, 1, 1, 1, 1, 0, 0, 0, 0, 1, 1, 0, 0, 1, 1, 1, 1, 1, 1, 1, 1, 1, 1, 1, 1, 1, 1, 1, 1, 1, 1, 0, 0, 1, 1, 1, 1, 1, 1, 0, 0, 1, 1, 1, 1, 1, 0, 1, 1, 1, 1, 0, 0, 1, 1, 0, 0, 1, 1, 0, 0, 1, 1, 1, 1, 1, 1, 0, 0, 1, 1, 0, 0, 0, 0, 1, 1, 0, 0, 1, 1, 0, 0, 0, 0, 1, 1, 0, 0, 1, 1, 1, 1, 1, 1, 1, 1, 0, 0, 1, 1, 1, 1, 0, 0, 1, 1, 0, 0, 0, 0, 1, 1, 0, 0, 1, 1, 1, 1, 1, 0, 1, 0, 0, 1, 1, 0, 1, 0, 0, 1, 0, 0, 0, 0, 1, 0, 1, 1, 0, 1, 1, 0, 1, 0, 1, 1, 0, 1, 0, 0, 1, 1, 1, 1, 0, 1, 0, 0, 0, 0, 1, 1, 1, 1, 0, 0, 0, 0, 1, 0, 1, 1, 0, 0, 0, 0, 0, 1, 1, 0, 1, 0, 0, 0, 0, 1, 0, 1, 0, 1, 0, 1, 1, 0, 1, 0, 1, 0, 1, 0, 0, 1, 0, 1, 0, 1, 0, 1, 1, 0, 1, 0, 1, 0, 0, 1, 0, 1, 1, 0, 1, 0, 1, 0, 1, 0, 0, 1, 1, 1, 1, 1, 1, 0, 1, 0, 0, 1, 0, 1, 0, 0, 1, 0, 1, 0, 1, 1, 0, 1, 0, 1, 0, 0, 1, 0, 1, 1, 0, 0, 0, 0, 1, 1, 1, 1, 0, 0, 0, 1, 0, 1, 0, 1, 1, 1, 1, 1, 1, 0, 0, 0, 1, 1, 1, 0, 0, 1, 1, 1, 1, 1, 0, 0, 0, 1, 1, 1, 1, 0, 0, 0, 0, 0, 1, 1, 1, 1, 0, 1, 0, 1, 1, 0, 1, 1, 0, 1, 0, 0, 1, 1, 1, 1, 0, 0, 0, 0, 0, 0, 1, 1, 0, 0, 0, 0, 1, 0, 1, 0, 1, 0, 0, 1, 0, 1, 0, 1, 0, 1, 1, 0, 1, 1, 0, 0, 1, 0, 1, 1, 0, 1, 0, 1, 0, 0, 1, 0, 1, 1, 1, 1, 0, 1, 0, 0, 1, 1, 0, 1, 0, 0, 0, 0, 1, 0, 1, 1, 0, 1, 0, 0, 1, 1, 0, 1, 0, 0, 1, 1, 1, 1, 1, 1, 0, 1, 0, 1, 0, 0, 1, 0, 1, 1, 0, 0, 0, 0, 0, 1, 1, 1, 1, 0, 1, 0, 0, 1, 1, 1, 1, 0, 0, 0, 1, 1, 1, 1, 0, 0, 0, 0, 0, 0, 0, 0, 1, 1, 1, 1, 0, 0, 0, 0, 1, 1, 0, 0, 0, 0, 1, 1, 1, 1, 0, 1, 0, 0, 1, 0, 1, 1, 0, 1, 0, 0, 0, 0, 1, 0, 1, 1, 1, 1, 1, 1, 0, 0, 0, 0, 1, 0, 1, 1, 0, 1, 0, 1, 0, 0, 1, 0, 1, 0, 1, 1, 0, 1, 0, 0, 1, 1, 1, 1, 1, 1, 0, 0, 0, 0, 0, 1, 1, 1, 1, 1]

################################################################
################################################################
################### process_jail_download_list: ######################

[7, 7, 6, 6, 6, 6, 6, 7, 7, 6, 6, 6, 6, 6, 6, 6, 6, 7, 6, 6, 6, 6, 7, 6, 6, 6, 6, 6, 6, 7, 6, 6, 7, 6, 6, 6, 6, 7, 6, 6, 7, 6, 6, 6, 6, 6, 6, 7, 7, 6, 6, 6, 7, 7, 6, 6, 7, 7, 6, 6, 6, 6, 7, 7, 6, 7, 7, 6, 6, 6, 6, 6, 6, 6, 6, 6, 7, 7, 6, 6, 7, 7, 6, 6, 6, 6, 7, 7, 7, 7, 6, 6, 6, 6, 7, 7, 6, 6, 7, 7, 6, 6, 7, 7, 6, 6, 7, 7, 6, 6, 6, 6, 6, 6, 7, 7, 6, 6, 7, 7, 6, 6, 7, 7, 6, 6, 6, 7, 7, 6, 6, 6, 7, 7, 6, 6, 6, 6, 7, 7, 6, 6, 7, 7, 6, 6, 6, 6, 7, 7, 6, 6, 6, 7, 6, 6, 7, 6, 6, 6, 7, 7, 6, 6, 7, 7, 6, 6, 6, 6, 6, 6, 7, 7, 6, 6, 7, 7, 6, 6, 6, 6, 7, 7, 6, 6, 7, 7, 6, 6, 7, 7, 6, 6, 7, 7, 6, 6, 7, 7, 7, 7, 6, 6, 7, 7, 6, 6, 6, 6, 7, 7, 6, 6, 7, 7, 6, 6, 7, 7, 7, 7, 6, 6, 7, 7, 7, 7, 6, 6, 6, 6, 7, 7, 7, 7, 6, 6, 7, 7, 6, 6, 6, 6, 7, 7, 7, 7, 6, 6, 6, 6, 7, 7, 6, 6, 7, 7, 6, 6, 7, 7, 6, 6, 7, 7, 6, 6, 7, 7, 6, 6, 7, 7, 6, 6, 7, 7, 6, 6, 7, 7, 6, 6, 7, 7, 6, 6, 7, 6, 6, 6, 7, 7, 6, 6, 7, 7, 6, 6, 7, 7, 6, 6, 6, 6, 7, 7, 7, 7, 6, 6, 7, 7, 6, 6, 6, 6, 7, 7, 6, 6, 6, 6, 6, 6, 6, 6, 7, 7, 6, 6, 6, 6, 7, 7, 6, 6, 7, 7, 6, 6, 7, 7, 7, 7, 6, 6, 7, 7, 6, 6, 6, 6, 7, 7, 6, 6, 6, 6, 6, 7, 6, 6, 7, 6, 6, 7, 6, 6, 7, 6, 6, 7, 6, 6, 6, 6, 6, 6, 7, 6, 6, 7, 6, 6, 6, 6, 7, 6, 6, 7, 6, 6, 6, 6, 7, 6, 6, 7, 6, 6, 6, 6, 6, 6, 7, 7, 6, 6, 6, 6, 6, 6, 7, 7, 6, 6, 6, 6, 6, 7, 6, 6, 7, 6, 6, 6, 6, 6, 6, 6, 6, 6, 6, 7, 6, 6, 6, 6, 6, 6, 7, 6, 6, 6, 6, 6, 6, 6, 6, 7, 6, 6, 6, 6, 7, 6, 6, 6, 6, 7, 6, 6, 6, 6, 6, 6, 7, 6, 6, 6, 6, 6, 6, 7, 6, 6, 7, 6, 6, 6, 6, 7, 6, 6, 6, 6, 6, 6, 7, 6, 6, 6, 6, 7, 6, 6, 6, 6, 7, 7, 6, 6, 6, 6, 6, 6, 7, 7, 6, 6, 6, 6, 6, 6, 6, 6, 6, 6, 6, 7, 7, 6, 6, 6, 6, 7, 7, 6, 6, 6, 6, 6, 7, 7, 6, 6, 6, 6, 6, 7, 7, 6, 6, 6, 6, 6, 6, 6, 7, 6, 6, 6, 6, 7, 6, 6, 7, 6, 6, 7, 6, 6, 6, 6, 7, 7, 6, 6, 6, 6, 6, 6, 7, 7, 6, 6, 6, 6, 6, 6, 6, 6, 7, 6, 6, 6, 6, 6, 6, 6, 6, 7, 6, 6, 7, 7, 6, 6, 6, 6, 7, 6, 6, 6, 6, 7, 6, 6, 6, 6, 6, 6, 7, 6, 6, 7, 6, 6, 7, 6, 6, 7, 6, 6, 6, 6, 6, 6, 7, 6, 6, 7, 6, 6, 7, 6, 6, 7, 6, 6, 6, 6, 6, 6, 7, 6, 6, 6, 6, 7, 6, 6, 6, 6, 7, 7, 6, 6, 6, 6, 6, 6, 6, 7, 6, 6, 7, 6, 6, 6, 6, 7, 7, 6, 6, 6, 6, 6, 7, 7, 6, 6, 6, 6, 6, 6, 6, 6, 6, 6, 7, 7, 6, 6, 6, 6, 7, 7, 6, 6, 6, 6, 6, 6, 7, 6, 6, 7, 6, 6, 6, 6, 7, 6, 6, 6, 6, 6, 6, 6, 6, 6, 6, 6, 6, 6, 7, 6, 6, 6, 6, 6, 6, 6, 7, 6, 6, 6, 6, 7, 6, 6, 6, 6, 6, 6, 7, 6, 6, 7, 6, 6, 6, 6, 6, 6, 7, 7, 6, 6, 6, 6, 6, 6, 6, 6, 7, 7]

################################################################
################################################################
################### process_jail_list: ######################

[6, 6, 6, 5, 6, 5, 6, 6, 6, 6, 6, 6, 6, 6, 6, 5, 5, 6, 5, 6, 5, 6, 6, 6, 6, 6, 6, 5, 6, 6, 5, 6, 6, 5, 6, 5, 6, 6, 6, 6, 6, 5, 6, 5, 6, 5, 5, 6, 6, 6, 6, 6, 6, 6, 6, 6, 6, 6, 6, 6, 5, 5, 6, 6, 6, 6, 6, 6, 6, 6, 6, 5, 6, 5, 5, 5, 6, 6, 6, 6, 6, 6, 6, 6, 5, 5, 6, 6, 6, 6, 6, 6, 5, 5, 6, 6, 6, 6, 6, 6, 6, 6, 6, 6, 6, 6, 6, 6, 6, 6, 6, 6, 5, 5, 6, 6, 6, 5, 6, 6, 6, 6, 6, 6, 6, 6, 5, 6, 6, 6, 6, 6, 6, 6, 6, 6, 6, 6, 6, 6, 6, 6, 6, 6, 6, 6, 5, 5, 6, 6, 6, 6, 5, 6, 5, 6, 6, 6, 6, 6, 6, 6, 6, 6, 6, 6, 6, 6, 6, 6, 5, 5, 6, 6, 6, 6, 6, 6, 6, 6, 5, 5, 6, 6, 5, 5, 6, 6, 6, 6, 6, 6, 6, 6, 6, 6, 6, 6, 6, 6, 6, 6, 6, 6, 6, 6, 6, 6, 5, 5, 6, 6, 6, 6, 6, 6, 6, 6, 6, 6, 6, 6, 6, 6, 6, 6, 6, 6, 6, 6, 5, 5, 6, 6, 6, 6, 6, 6, 6, 6, 6, 6, 5, 5, 6, 6, 6, 6, 6, 6, 6, 6, 6, 6, 6, 6, 6, 6, 5, 5, 6, 6, 5, 5, 6, 6, 5, 5, 6, 6, 5, 5, 6, 6, 6, 6, 6, 6, 5, 5, 6, 6, 6, 6, 6, 6, 5, 5, 6, 6, 5, 5, 6, 6, 6, 6, 6, 6, 6, 6, 6, 6, 6, 6, 5, 5, 6, 6, 6, 6, 6, 6, 6, 6, 6, 6, 6, 6, 6, 6, 6, 6, 5, 5, 6, 6, 6, 6, 6, 6, 6, 6, 5, 5, 6, 6, 5, 5, 6, 6, 6, 6, 6, 6, 6, 6, 6, 6, 6, 6, 6, 6, 6, 6, 6, 6, 6, 6, 5, 5, 5, 6, 5, 6, 6, 6, 6, 6, 5, 6, 6, 6, 6, 6, 6, 6, 6, 6, 5, 6, 6, 5, 6, 6, 5, 6, 5, 6, 6, 5, 6, 6, 6, 6, 5, 5, 6, 5, 6, 6, 6, 6, 6, 6, 5, 5, 6, 6, 6, 6, 6, 6, 5, 6, 6, 6, 6, 6, 6, 6, 6, 6, 5, 6, 6, 6, 6, 6, 6, 5, 6, 5, 6, 5, 6, 6, 5, 6, 5, 6, 5, 6, 6, 6, 6, 5, 6, 5, 6, 5, 6, 6, 5, 6, 5, 6, 6, 6, 6, 5, 6, 6, 5, 6, 5, 6, 5, 6, 6, 6, 6, 5, 5, 5, 5, 6, 5, 6, 6, 6, 6, 5, 6, 6, 6, 6, 5, 6, 5, 6, 6, 5, 6, 5, 6, 6, 6, 6, 5, 6, 6, 6, 6, 6, 6, 6, 5, 5, 6, 6, 6, 6, 6, 5, 6, 5, 6, 5, 5, 5, 5, 6, 6, 6, 6, 6, 5, 6, 6, 6, 6, 5, 5, 5, 6, 6, 6, 6, 6, 5, 5, 6, 6, 6, 6, 6, 6, 6, 5, 5, 6, 5, 6, 5, 6, 6, 5, 6, 6, 5, 6, 6, 6, 6, 5, 5, 6, 6, 6, 6, 6, 6, 6, 6, 6, 6, 6, 6, 6, 6, 5, 6, 5, 6, 6, 6, 6, 5, 6, 5, 6, 5, 6, 6, 5, 6, 6, 6, 6, 6, 5, 6, 6, 5, 6, 5, 6, 6, 6, 6, 5, 6, 5, 5, 6, 5, 6, 6, 6, 6, 6, 5, 6, 6, 6, 6, 6, 6, 5, 6, 6, 5, 6, 6, 6, 6, 6, 5, 6, 6, 6, 6, 5, 5, 5, 5, 6, 5, 6, 5, 6, 6, 6, 6, 5, 6, 6, 6, 6, 6, 6, 6, 6, 5, 5, 6, 5, 6, 6, 6, 6, 5, 5, 6, 6, 6, 6, 6, 5, 5, 6, 6, 6, 6, 6, 6, 6, 6, 6, 6, 5, 5, 6, 6, 6, 6, 6, 6, 6, 6, 6, 6, 6, 6, 5, 5, 6, 5, 6, 6, 6, 6, 5, 6, 6, 5, 6, 5, 6, 6, 6, 6, 5, 6, 5, 5, 5, 5, 6, 5, 6, 6, 6, 6, 5, 6, 6, 5, 6, 5, 6, 6, 6, 6, 5, 6, 5, 6, 6, 5, 6, 6, 6, 6, 5, 5, 5, 5, 6, 6, 6, 6, 6, 6, 6, 5, 5, 5, 6, 6]

################################################################
