Numero total de amostras 770

Tempo total de processamento: 0:39:51

############## TEMPOS DE PROCESSAMENTO DO EXERCICIO NO JAIL  ####################
Soma 4389 segundos
Media 5.7 segundos
Desvio padr達o 0.458257569495584 segundos
Minimo 5 segundos
Maximo 6 segundos

95% 5.0 segundos
99% 5.0 segundos

############## TEMPOS DE PROCESSAMENTO DO EXERCICIO NO JAIL COM DOWNLOAD  ################
Soma 4780 segundos
Media 6.207792207792208 segundos
Desvio padr達o 0.4057272558912548 segundos
Minimo 6 segundos
Maximo 7 segundos

95% 6.0 segundos
99% 6.0 segundos

################### TEMPOS DE DOWNLOAD DO EXERCICIO NO JAIL #######################
Soma 391 segundos
Media 0.5077922077922078 segundos
Desvio padr達o 0.49993927781053876 segundos
Minimo 0 segundos
Maximo 1 segundos

95% 0.0 segundos
99% 0.0 segundos

############################ TEMPOS DE ESPERA NA FILA ############################
Soma 663809
Media 862.0896103896104 segundos
Desvio padr達o 497.61613121752816 segundos
Minimo 1 segundos
Maximo 1729 segundos

95% 16.221999999999998 segundos
99% 17.452399999999997 segundos

################### queue_wait_time_list: ######################

[2, 1, 6, 6, 11, 11, 15, 15, 20, 19, 24, 24, 29, 28, 33, 33, 37, 37, 41, 42, 47, 44, 50, 51, 55, 55, 59, 60, 64, 64, 68, 68, 73, 74, 78, 78, 82, 82, 85, 86, 90, 91, 96, 96, 100, 100, 104, 105, 109, 109, 113, 114, 118, 118, 122, 123, 127, 127, 131, 132, 136, 137, 140, 141, 145, 144, 148, 148, 153, 154, 159, 159, 163, 163, 167, 167, 172, 171, 176, 176, 181, 181, 186, 185, 190, 190, 194, 194, 198, 199, 203, 202, 207, 206, 211, 211, 217, 216, 221, 221, 225, 225, 229, 229, 233, 234, 239, 238, 243, 242, 248, 247, 252, 251, 256, 256, 260, 261, 265, 265, 269, 268, 274, 273, 279, 278, 283, 283, 287, 287, 291, 291, 296, 296, 301, 300, 305, 305, 310, 310, 314, 314, 318, 318, 322, 323, 326, 327, 332, 332, 337, 336, 341, 342, 345, 345, 351, 350, 355, 354, 359, 359, 363, 362, 368, 368, 373, 373, 378, 378, 383, 382, 387, 387, 392, 392, 397, 396, 402, 401, 407, 407, 412, 411, 416, 415, 420, 420, 425, 425, 429, 429, 433, 433, 439, 438, 443, 443, 447, 447, 451, 452, 456, 456, 461, 460, 465, 465, 470, 470, 474, 474, 478, 478, 483, 483, 484, 484, 489, 490, 495, 496, 501, 501, 506, 505, 510, 510, 514, 515, 519, 519, 522, 523, 524, 524, 530, 530, 535, 535, 539, 538, 543, 543, 548, 548, 553, 553, 557, 558, 562, 562, 567, 565, 570, 571, 575, 576, 580, 580, 585, 582, 588, 589, 594, 594, 599, 600, 602, 603, 607, 608, 611, 612, 616, 616, 620, 621, 625, 626, 631, 632, 636, 636, 640, 640, 645, 645, 649, 647, 651, 651, 656, 657, 660, 661, 664, 665, 671, 672, 676, 677, 679, 680, 686, 686, 691, 689, 693, 694, 699, 699, 704, 705, 709, 709, 713, 713, 717, 717, 721, 722, 726, 726, 728, 730, 734, 735, 740, 740, 744, 743, 748, 749, 754, 754, 758, 757, 762, 762, 766, 767, 771, 772, 775, 776, 780, 780, 784, 785, 789, 790, 794, 794, 798, 798, 803, 803, 807, 807, 811, 811, 814, 816, 820, 821, 825, 825, 829, 830, 834, 835, 839, 839, 842, 843, 847, 848, 852, 853, 857, 857, 861, 861, 865, 866, 870, 870, 874, 875, 878, 879, 884, 884, 888, 888, 892, 892, 895, 896, 901, 902, 906, 906, 911, 911, 915, 914, 919, 919, 923, 925, 928, 929, 933, 933, 937, 937, 941, 943, 947, 947, 951, 951, 956, 956, 960, 961, 965, 965, 969, 970, 975, 975, 979, 979, 983, 982, 987, 988, 993, 993, 997, 997, 1001, 1001, 1007, 1007, 1010, 1011, 1015, 1015, 1019, 1020, 1024, 1024, 1028, 1028, 1033, 1033, 1038, 1038, 1042, 1042, 1046, 1046, 1051, 1051, 1056, 1055, 1059, 1060, 1064, 1064, 1070, 1069, 1074, 1073, 1078, 1078, 1082, 1082, 1087, 1087, 1091, 1089, 1095, 1096, 1101, 1101, 1105, 1105, 1109, 1109, 1113, 1114, 1119, 1119, 1123, 1123, 1127, 1128, 1132, 1132, 1136, 1137, 1140, 1141, 1145, 1146, 1149, 1150, 1153, 1154, 1158, 1158, 1164, 1164, 1168, 1168, 1172, 1172, 1176, 1173, 1178, 1178, 1182, 1183, 1188, 1188, 1192, 1194, 1199, 1199, 1200, 1201, 1204, 1204, 1209, 1211, 1216, 1216, 1220, 1221, 1226, 1225, 1230, 1231, 1233, 1223, 1227, 1223, 1224, 1223, 1229, 1229, 1234, 1235, 1240, 1240, 1241, 1243, 1244, 1243, 1248, 1249, 1254, 1255, 1260, 1261, 1267, 1265, 1269, 1270, 1274, 1271, 1275, 1276, 1281, 1283, 1288, 1289, 1293, 1294, 1299, 1300, 1305, 1306, 1311, 1307, 1312, 1307, 1306, 1308, 1312, 1314, 1318, 1319, 1324, 1314, 1319, 1319, 1323, 1322, 1327, 1328, 1333, 1334, 1339, 1340, 1346, 1346, 1351, 1352, 1357, 1358, 1363, 1364, 1370, 1370, 1376, 1377, 1382, 1383, 1388, 1388, 1393, 1394, 1399, 1398, 1404, 1404, 1409, 1410, 1413, 1413, 1418, 1419, 1425, 1426, 1431, 1432, 1437, 1438, 1443, 1444, 1448, 1449, 1454, 1454, 1459, 1460, 1463, 1464, 1465, 1466, 1470, 1472, 1476, 1478, 1481, 1482, 1485, 1486, 1490, 1491, 1494, 1496, 1500, 1501, 1505, 1505, 1509, 1511, 1514, 1515, 1518, 1519, 1522, 1523, 1526, 1528, 1532, 1533, 1537, 1538, 1541, 1541, 1545, 1546, 1550, 1551, 1556, 1557, 1561, 1562, 1566, 1567, 1570, 1571, 1574, 1575, 1578, 1579, 1582, 1583, 1588, 1588, 1593, 1594, 1597, 1598, 1601, 1603, 1607, 1608, 1611, 1612, 1616, 1617, 1617, 1619, 1623, 1625, 1629, 1629, 1634, 1635, 1638, 1639, 1642, 1643, 1644, 1645, 1650, 1651, 1655, 1656, 1660, 1661, 1664, 1665, 1668, 1667, 1672, 1672, 1677, 1679, 1682, 1683, 1686, 1687, 1692, 1694, 1697, 1698, 1701, 1702, 1705, 1706, 1710, 1710, 1714, 1713, 1717, 1719, 1723, 1725, 1728, 1729]

################################################################
################### jail_ex_download_list: ######################

[1, 1, 1, 0, 0, 1, 0, 1, 0, 1, 0, 0, 1, 0, 1, 1, 1, 1, 1, 1, 0, 1, 0, 0, 0, 0, 0, 0, 0, 0, 1, 1, 0, 0, 0, 0, 0, 1, 1, 1, 1, 0, 0, 0, 0, 0, 0, 1, 1, 1, 1, 0, 0, 0, 0, 1, 1, 1, 1, 0, 0, 0, 0, 1, 1, 1, 1, 1, 0, 0, 0, 0, 1, 1, 1, 1, 1, 1, 1, 1, 0, 0, 0, 0, 0, 0, 0, 0, 0, 0, 1, 1, 1, 1, 1, 1, 0, 1, 0, 0, 0, 0, 1, 0, 1, 0, 0, 1, 0, 1, 0, 1, 0, 1, 1, 0, 1, 0, 1, 1, 1, 1, 0, 1, 0, 1, 0, 0, 0, 0, 1, 1, 1, 1, 0, 1, 0, 0, 1, 0, 1, 0, 1, 1, 1, 1, 0, 0, 1, 1, 0, 1, 1, 0, 1, 0, 0, 1, 0, 1, 1, 1, 1, 1, 0, 0, 1, 1, 1, 0, 0, 0, 1, 1, 0, 0, 1, 1, 1, 1, 1, 0, 0, 0, 0, 1, 0, 1, 0, 0, 1, 0, 1, 1, 0, 1, 1, 0, 1, 1, 1, 1, 1, 1, 0, 1, 0, 0, 1, 0, 1, 0, 1, 1, 0, 1, 0, 0, 0, 0, 1, 1, 1, 1, 0, 1, 0, 0, 0, 0, 0, 0, 1, 1, 1, 1, 0, 1, 0, 0, 0, 0, 1, 1, 0, 1, 0, 0, 1, 1, 1, 1, 0, 1, 0, 0, 1, 0, 1, 1, 0, 1, 0, 0, 1, 0, 1, 1, 1, 1, 0, 0, 0, 1, 1, 1, 1, 1, 1, 1, 1, 0, 0, 0, 0, 0, 1, 1, 1, 0, 0, 0, 0, 0, 1, 1, 1, 1, 0, 0, 0, 1, 1, 1, 0, 0, 0, 0, 1, 1, 1, 1, 0, 0, 0, 0, 0, 0, 0, 1, 1, 1, 1, 0, 1, 0, 1, 0, 0, 1, 1, 1, 1, 0, 0, 0, 0, 1, 1, 1, 1, 1, 1, 0, 0, 1, 0, 1, 1, 0, 1, 0, 0, 1, 0, 1, 0, 1, 0, 0, 1, 0, 1, 0, 0, 1, 0, 1, 1, 1, 0, 0, 0, 0, 0, 1, 1, 1, 1, 0, 0, 0, 0, 0, 0, 1, 1, 1, 1, 0, 1, 0, 0, 0, 0, 0, 1, 1, 1, 1, 1, 0, 0, 1, 0, 1, 1, 1, 1, 1, 1, 0, 1, 0, 0, 0, 1, 1, 1, 0, 0, 0, 1, 1, 0, 0, 1, 1, 1, 1, 1, 0, 0, 0, 0, 1, 1, 1, 1, 1, 0, 0, 0, 1, 1, 1, 0, 0, 0, 0, 0, 0, 0, 0, 1, 1, 1, 1, 0, 0, 0, 0, 1, 0, 1, 1, 0, 1, 1, 0, 1, 0, 1, 1, 0, 1, 0, 1, 0, 0, 1, 1, 1, 1, 1, 1, 0, 0, 0, 0, 0, 1, 1, 1, 1, 1, 0, 0, 0, 0, 0, 1, 1, 1, 1, 0, 1, 0, 0, 0, 0, 0, 1, 1, 1, 1, 0, 0, 1, 1, 1, 1, 0, 0, 0, 0, 1, 1, 1, 1, 1, 0, 0, 0, 1, 1, 1, 1, 1, 0, 0, 0, 1, 1, 1, 1, 1, 0, 0, 0, 0, 0, 1, 1, 0, 0, 0, 0, 1, 1, 1, 0, 0, 0, 0, 0, 1, 1, 1, 1, 0, 0, 0, 1, 1, 1, 1, 1, 1, 0, 0, 0, 0, 0, 0, 0, 0, 1, 0, 1, 1, 1, 1, 0, 1, 0, 1, 0, 0, 0, 0, 0, 0, 1, 0, 1, 0, 1, 1, 1, 0, 0, 0, 0, 1, 1, 1, 1, 0, 1, 0, 0, 0, 0, 0, 0, 0, 0, 1, 1, 0, 0, 0, 0, 1, 1, 1, 1, 0, 0, 0, 0, 0, 1, 1, 1, 1, 1, 1, 1, 1, 0, 1, 0, 1, 0, 1, 1, 0, 0, 0, 0, 0, 0, 1, 0, 1, 1, 1, 1, 0, 1, 0, 0, 0, 0, 1, 1, 1, 1, 1, 1, 0, 0, 0, 0, 0, 0, 1, 1, 1, 1, 0, 0, 0, 0, 0, 0, 1, 0, 1, 1, 1, 1, 1, 1, 0, 1, 0, 0, 1, 1, 1, 1, 0, 0, 0, 0, 0, 0, 1, 0, 1, 1, 0, 1, 0, 0, 1, 1, 1, 1, 1, 1, 0, 0, 0, 0, 1, 1, 1, 1, 1, 1, 0, 1, 0, 0, 1, 0, 1, 1, 0, 0, 0, 0, 1, 1, 1, 1, 1, 1, 0, 1, 0, 0, 1, 0, 1, 0]

################################################################
################################################################
################### process_jail_download_list: ######################

[6, 7, 7, 6, 6, 6, 6, 6, 6, 7, 6, 6, 6, 6, 6, 6, 6, 6, 7, 6, 6, 7, 6, 6, 6, 6, 6, 6, 6, 6, 7, 7, 6, 6, 6, 6, 6, 6, 6, 7, 7, 6, 6, 6, 6, 6, 6, 6, 6, 6, 7, 6, 6, 6, 6, 6, 6, 7, 7, 6, 6, 6, 6, 6, 6, 6, 7, 7, 6, 6, 6, 6, 6, 6, 6, 6, 6, 6, 7, 7, 6, 6, 6, 6, 6, 6, 6, 6, 6, 6, 6, 6, 6, 6, 7, 6, 6, 7, 6, 6, 6, 6, 6, 6, 7, 6, 6, 6, 6, 6, 6, 6, 6, 7, 6, 6, 6, 6, 6, 6, 7, 6, 6, 6, 6, 7, 6, 6, 6, 6, 6, 6, 7, 6, 6, 7, 6, 6, 6, 6, 6, 6, 6, 6, 7, 7, 6, 6, 7, 6, 6, 7, 6, 6, 7, 6, 6, 6, 6, 6, 6, 6, 7, 7, 6, 6, 6, 7, 7, 6, 6, 6, 7, 7, 6, 6, 7, 7, 6, 7, 7, 6, 6, 6, 6, 6, 6, 7, 6, 6, 6, 6, 7, 6, 6, 7, 6, 6, 6, 6, 6, 6, 7, 6, 6, 7, 6, 6, 6, 6, 6, 6, 7, 6, 6, 7, 6, 6, 6, 6, 6, 6, 7, 6, 6, 7, 6, 6, 6, 6, 6, 6, 6, 6, 7, 6, 6, 7, 6, 6, 6, 6, 7, 6, 6, 7, 6, 6, 6, 6, 7, 6, 6, 7, 6, 6, 6, 6, 7, 6, 6, 7, 6, 6, 6, 6, 6, 6, 7, 7, 6, 6, 6, 6, 6, 6, 6, 6, 6, 7, 7, 6, 6, 6, 6, 6, 6, 7, 7, 6, 6, 6, 6, 6, 6, 6, 7, 7, 6, 6, 6, 6, 7, 7, 6, 6, 6, 6, 6, 6, 7, 7, 6, 6, 6, 6, 6, 6, 6, 6, 6, 7, 6, 6, 6, 6, 7, 6, 6, 6, 6, 7, 7, 6, 6, 6, 6, 6, 6, 6, 6, 7, 7, 6, 6, 6, 6, 7, 6, 6, 7, 6, 6, 6, 6, 6, 6, 7, 6, 6, 6, 6, 7, 6, 6, 6, 6, 6, 7, 7, 6, 6, 6, 6, 6, 6, 6, 7, 7, 6, 6, 6, 6, 6, 6, 6, 6, 6, 6, 6, 7, 6, 6, 6, 6, 6, 6, 6, 6, 7, 7, 6, 6, 6, 6, 6, 6, 6, 6, 7, 6, 6, 7, 6, 6, 6, 6, 7, 7, 6, 6, 6, 7, 7, 6, 6, 6, 6, 6, 7, 7, 6, 6, 6, 6, 6, 6, 6, 7, 7, 6, 6, 6, 6, 7, 7, 6, 6, 6, 6, 6, 6, 6, 6, 6, 6, 7, 7, 6, 6, 6, 6, 6, 6, 7, 6, 6, 7, 6, 6, 6, 6, 7, 6, 6, 6, 6, 7, 6, 6, 6, 6, 6, 6, 7, 7, 6, 6, 6, 6, 6, 6, 6, 6, 7, 7, 6, 6, 6, 6, 6, 6, 6, 7, 6, 6, 7, 6, 6, 6, 6, 6, 6, 6, 7, 7, 6, 6, 6, 6, 7, 7, 6, 6, 6, 6, 6, 6, 6, 7, 7, 6, 6, 6, 6, 6, 6, 7, 7, 6, 6, 6, 6, 6, 6, 7, 7, 6, 6, 6, 6, 6, 7, 7, 6, 6, 6, 6, 6, 7, 7, 6, 6, 6, 6, 6, 6, 6, 7, 7, 6, 6, 6, 6, 6, 6, 6, 7, 7, 6, 6, 6, 6, 6, 6, 6, 6, 6, 6, 6, 6, 7, 6, 6, 6, 6, 7, 6, 6, 6, 6, 6, 6, 6, 6, 6, 6, 6, 7, 7, 6, 6, 6, 6, 6, 6, 7, 6, 6, 7, 6, 6, 6, 6, 6, 6, 6, 6, 7, 7, 6, 6, 6, 6, 6, 6, 7, 7, 6, 6, 6, 6, 6, 6, 6, 6, 6, 6, 6, 7, 6, 6, 6, 6, 6, 6, 7, 7, 6, 6, 6, 6, 6, 6, 6, 6, 6, 6, 7, 6, 6, 7, 6, 6, 6, 6, 6, 6, 6, 6, 7, 7, 6, 6, 6, 6, 6, 6, 6, 6, 7, 7, 6, 6, 6, 6, 6, 6, 6, 6, 6, 6, 6, 6, 7, 6, 6, 7, 6, 6, 6, 6, 7, 7, 6, 6, 6, 6, 6, 6, 6, 6, 7, 6, 6, 7, 6, 6, 6, 6, 6, 6, 7, 7, 6, 6, 6, 6, 6, 6, 6, 6, 7, 6, 6, 7, 6, 6, 6, 6, 7, 7, 6, 6, 6, 6, 6, 6, 6, 6, 7, 6, 6, 7, 6, 6, 6, 6, 6, 6]

################################################################
################################################################
################### process_jail_list: ######################

[5, 6, 6, 6, 6, 5, 6, 5, 6, 6, 6, 6, 5, 6, 5, 5, 5, 5, 6, 5, 6, 6, 6, 6, 6, 6, 6, 6, 6, 6, 6, 6, 6, 6, 6, 6, 6, 5, 5, 6, 6, 6, 6, 6, 6, 6, 6, 5, 5, 5, 6, 6, 6, 6, 6, 5, 5, 6, 6, 6, 6, 6, 6, 5, 5, 5, 6, 6, 6, 6, 6, 6, 5, 5, 5, 5, 5, 5, 6, 6, 6, 6, 6, 6, 6, 6, 6, 6, 6, 6, 5, 5, 5, 5, 6, 5, 6, 6, 6, 6, 6, 6, 5, 6, 6, 6, 6, 5, 6, 5, 6, 5, 6, 6, 5, 6, 5, 6, 5, 5, 6, 5, 6, 5, 6, 6, 6, 6, 6, 6, 5, 5, 6, 5, 6, 6, 6, 6, 5, 6, 5, 6, 5, 5, 6, 6, 6, 6, 6, 5, 6, 6, 5, 6, 6, 6, 6, 5, 6, 5, 5, 5, 6, 6, 6, 6, 5, 6, 6, 6, 6, 6, 6, 6, 6, 6, 6, 6, 5, 6, 6, 6, 6, 6, 6, 5, 6, 6, 6, 6, 5, 6, 6, 5, 6, 6, 5, 6, 5, 5, 5, 5, 6, 5, 6, 6, 6, 6, 5, 6, 5, 6, 6, 5, 6, 6, 6, 6, 6, 6, 5, 5, 6, 5, 6, 6, 6, 6, 6, 6, 6, 6, 5, 5, 6, 5, 6, 6, 6, 6, 6, 6, 6, 5, 6, 6, 6, 6, 5, 5, 6, 5, 6, 6, 6, 6, 5, 6, 6, 5, 6, 6, 6, 6, 5, 6, 5, 5, 6, 6, 6, 6, 6, 5, 5, 5, 5, 5, 5, 6, 6, 6, 6, 6, 6, 6, 5, 6, 6, 6, 6, 6, 6, 6, 5, 5, 6, 6, 6, 6, 6, 5, 6, 6, 6, 6, 6, 6, 5, 5, 6, 6, 6, 6, 6, 6, 6, 6, 6, 5, 5, 6, 5, 6, 5, 6, 6, 6, 6, 5, 5, 6, 6, 6, 6, 6, 6, 5, 5, 5, 5, 6, 6, 6, 6, 5, 6, 6, 5, 6, 6, 6, 6, 5, 6, 5, 6, 6, 6, 6, 5, 6, 6, 6, 6, 5, 6, 5, 6, 6, 6, 6, 6, 6, 6, 5, 5, 6, 6, 6, 6, 6, 6, 6, 6, 5, 5, 5, 5, 6, 6, 6, 6, 6, 6, 6, 5, 5, 5, 6, 6, 6, 6, 5, 6, 5, 5, 5, 5, 6, 5, 6, 6, 6, 6, 6, 5, 6, 6, 6, 6, 6, 6, 6, 6, 6, 5, 5, 5, 6, 6, 6, 6, 6, 6, 5, 5, 5, 6, 6, 6, 6, 6, 5, 6, 6, 6, 6, 6, 6, 6, 6, 6, 6, 5, 5, 6, 6, 6, 6, 6, 6, 5, 6, 6, 5, 6, 6, 5, 6, 5, 6, 6, 5, 6, 5, 6, 6, 6, 6, 5, 5, 5, 5, 6, 6, 6, 6, 6, 6, 6, 5, 5, 5, 6, 6, 6, 6, 6, 6, 6, 5, 5, 6, 5, 6, 6, 6, 6, 6, 6, 6, 5, 5, 6, 6, 6, 6, 5, 5, 6, 6, 6, 6, 6, 6, 5, 5, 5, 6, 6, 6, 6, 6, 5, 5, 5, 6, 6, 6, 6, 6, 5, 5, 5, 6, 6, 6, 6, 6, 6, 6, 6, 6, 6, 6, 6, 6, 5, 6, 6, 6, 6, 6, 6, 6, 5, 5, 6, 6, 6, 6, 6, 5, 5, 5, 5, 6, 6, 6, 6, 6, 6, 6, 6, 6, 6, 5, 6, 5, 5, 6, 5, 6, 5, 6, 6, 6, 6, 6, 6, 6, 6, 5, 6, 5, 6, 5, 6, 6, 6, 6, 6, 6, 5, 5, 6, 5, 6, 6, 6, 6, 6, 6, 6, 6, 6, 6, 6, 6, 6, 6, 6, 6, 5, 5, 6, 6, 6, 6, 6, 6, 6, 5, 5, 5, 5, 5, 5, 6, 5, 6, 5, 6, 5, 6, 6, 6, 6, 6, 6, 6, 6, 6, 5, 6, 5, 5, 6, 5, 6, 6, 6, 6, 6, 6, 5, 5, 5, 5, 6, 6, 6, 6, 6, 6, 6, 6, 5, 5, 6, 6, 6, 6, 6, 6, 6, 6, 5, 6, 5, 5, 5, 5, 6, 5, 6, 6, 6, 6, 5, 5, 6, 6, 6, 6, 6, 6, 6, 6, 5, 6, 6, 5, 6, 6, 6, 6, 5, 5, 5, 5, 6, 6, 6, 6, 6, 6, 5, 5, 5, 5, 6, 5, 6, 6, 6, 6, 5, 6, 6, 6, 6, 6, 6, 6, 5, 5, 5, 5, 6, 5, 6, 6, 6, 6, 5, 6, 5, 6]

################################################################
