Numero total de amostras 770

Tempo total de processamento: 0:40:32

############## TEMPOS DE PROCESSAMENTO DO EXERCICIO NO JAIL  ####################
Soma 4408 segundos
Media 5.724675324675324 segundos
Desvio padr達o 0.4466777344820731 segundos
Minimo 5 segundos
Maximo 6 segundos

95% 5.0 segundos
99% 5.0 segundos

############## TEMPOS DE PROCESSAMENTO DO EXERCICIO NO JAIL COM DOWNLOAD  ################
Soma 4845 segundos
Media 6.292207792207792 segundos
Desvio padr達o 0.45477730636086044 segundos
Minimo 6 segundos
Maximo 7 segundos

95% 6.0 segundos
99% 6.0 segundos

################### TEMPOS DE DOWNLOAD DO EXERCICIO NO JAIL #######################
Soma 437 segundos
Media 0.5675324675324676 segundos
Desvio padr達o 0.5006337693601794 segundos
Minimo 0 segundos
Maximo 2 segundos

95% 0.0 segundos
99% 0.0 segundos

############################ TEMPOS DE ESPERA NA FILA ############################
Soma 686238
Media 891.2181818181818 segundos
Desvio padr達o 511.4928562620243 segundos
Minimo 4 segundos
Maximo 1774 segundos

95% 20.527499999999996 segundos
99% 22.065499999999997 segundos

################### queue_wait_time_list: ######################

[5, 4, 11, 10, 15, 14, 19, 19, 25, 24, 29, 28, 33, 32, 37, 37, 43, 42, 47, 46, 52, 51, 56, 56, 61, 60, 66, 65, 70, 69, 75, 74, 80, 78, 84, 83, 88, 88, 94, 93, 98, 97, 102, 102, 107, 105, 112, 111, 116, 115, 121, 120, 125, 125, 129, 129, 134, 134, 139, 138, 144, 143, 148, 147, 153, 152, 157, 156, 162, 161, 166, 166, 171, 169, 174, 174, 180, 180, 184, 184, 190, 190, 195, 194, 200, 199, 204, 204, 209, 208, 213, 212, 217, 217, 222, 221, 227, 226, 231, 231, 235, 236, 241, 240, 245, 244, 251, 250, 256, 255, 260, 259, 264, 263, 270, 269, 274, 273, 279, 278, 283, 282, 289, 287, 293, 292, 298, 297, 301, 301, 307, 307, 311, 311, 315, 316, 320, 320, 324, 324, 329, 328, 333, 332, 337, 338, 343, 343, 347, 347, 352, 352, 356, 356, 360, 360, 366, 365, 371, 370, 376, 375, 380, 379, 385, 384, 390, 389, 394, 393, 400, 399, 404, 403, 409, 408, 413, 413, 418, 418, 422, 422, 427, 427, 433, 432, 436, 435, 442, 440, 446, 446, 451, 450, 455, 454, 461, 460, 465, 464, 469, 468, 474, 474, 480, 479, 484, 483, 488, 487, 491, 491, 498, 497, 503, 502, 508, 507, 512, 512, 517, 516, 522, 521, 526, 525, 531, 530, 535, 534, 540, 539, 545, 543, 549, 547, 554, 553, 559, 558, 563, 560, 567, 567, 572, 571, 576, 576, 582, 581, 586, 585, 591, 590, 594, 594, 599, 599, 604, 602, 608, 607, 613, 612, 618, 617, 622, 622, 627, 626, 632, 631, 636, 635, 640, 640, 646, 645, 650, 649, 654, 654, 660, 659, 664, 663, 668, 667, 673, 672, 678, 677, 682, 681, 686, 686, 692, 691, 696, 695, 700, 699, 704, 704, 709, 709, 714, 713, 719, 718, 723, 723, 728, 727, 733, 732, 737, 737, 742, 740, 747, 746, 752, 751, 756, 755, 761, 760, 765, 765, 770, 769, 774, 774, 778, 778, 783, 782, 787, 787, 793, 792, 797, 796, 801, 800, 807, 806, 811, 810, 815, 814, 819, 819, 824, 824, 829, 828, 834, 833, 837, 837, 842, 841, 847, 847, 852, 851, 856, 855, 861, 860, 865, 865, 870, 869, 875, 874, 879, 878, 882, 882, 889, 888, 893, 892, 898, 897, 903, 902, 907, 906, 912, 911, 916, 915, 921, 920, 925, 923, 928, 928, 935, 933, 939, 938, 943, 942, 949, 948, 953, 952, 957, 956, 962, 962, 967, 966, 971, 970, 975, 975, 980, 980, 985, 983, 989, 988, 994, 993, 998, 997, 1003, 1002, 1008, 1007, 1012, 1011, 1017, 1016, 1021, 1020, 1026, 1025, 1031, 1030, 1035, 1034, 1039, 1039, 1045, 1044, 1049, 1048, 1053, 1052, 1059, 1058, 1062, 1062, 1067, 1066, 1072, 1071, 1077, 1076, 1081, 1080, 1085, 1084, 1089, 1088, 1095, 1094, 1099, 1098, 1103, 1103, 1109, 1108, 1113, 1112, 1117, 1116, 1122, 1121, 1127, 1126, 1131, 1130, 1134, 1134, 1140, 1140, 1145, 1144, 1149, 1148, 1154, 1154, 1159, 1158, 1163, 1162, 1168, 1167, 1172, 1172, 1177, 1176, 1181, 1180, 1186, 1185, 1190, 1190, 1195, 1194, 1200, 1199, 1205, 1204, 1209, 1208, 1213, 1212, 1219, 1218, 1223, 1222, 1227, 1226, 1232, 1231, 1237, 1236, 1241, 1240, 1245, 1245, 1251, 1250, 1254, 1254, 1259, 1258, 1264, 1263, 1268, 1267, 1273, 1272, 1277, 1277, 1283, 1282, 1287, 1286, 1291, 1290, 1297, 1296, 1301, 1300, 1305, 1304, 1309, 1308, 1314, 1314, 1319, 1318, 1323, 1322, 1329, 1328, 1333, 1332, 1337, 1336, 1342, 1341, 1347, 1346, 1351, 1350, 1356, 1355, 1360, 1360, 1365, 1363, 1370, 1369, 1374, 1374, 1379, 1378, 1384, 1383, 1388, 1387, 1392, 1391, 1398, 1397, 1402, 1401, 1406, 1405, 1411, 1410, 1416, 1415, 1420, 1419, 1424, 1424, 1430, 1429, 1434, 1433, 1438, 1438, 1443, 1443, 1448, 1447, 1452, 1451, 1456, 1456, 1462, 1461, 1466, 1465, 1470, 1469, 1475, 1474, 1479, 1479, 1484, 1483, 1490, 1489, 1494, 1493, 1498, 1497, 1502, 1502, 1508, 1507, 1512, 1511, 1516, 1515, 1522, 1521, 1526, 1525, 1530, 1529, 1535, 1535, 1540, 1539, 1545, 1544, 1549, 1548, 1554, 1553, 1559, 1558, 1563, 1562, 1567, 1567, 1573, 1571, 1577, 1576, 1581, 1580, 1587, 1586, 1591, 1590, 1595, 1594, 1599, 1599, 1605, 1604, 1609, 1608, 1613, 1612, 1619, 1618, 1623, 1622, 1627, 1626, 1631, 1631, 1637, 1636, 1641, 1640, 1645, 1644, 1651, 1650, 1655, 1654, 1659, 1658, 1663, 1663, 1669, 1668, 1673, 1672, 1677, 1676, 1683, 1682, 1686, 1686, 1691, 1690, 1696, 1696, 1701, 1700, 1705, 1704, 1709, 1708, 1715, 1714, 1719, 1718, 1723, 1722, 1728, 1728, 1733, 1732, 1737, 1736, 1742, 1740, 1746, 1745, 1751, 1750, 1756, 1755, 1760, 1759, 1764, 1763, 1769, 1768, 1774, 1773]

################################################################
################### jail_ex_download_list: ######################

[1, 1, 1, 1, 1, 1, 1, 0, 0, 0, 1, 1, 1, 1, 0, 0, 1, 1, 1, 1, 0, 0, 1, 1, 1, 1, 0, 0, 1, 1, 1, 1, 0, 0, 1, 1, 1, 1, 0, 0, 0, 0, 1, 1, 1, 1, 0, 0, 1, 1, 1, 1, 0, 0, 0, 0, 1, 1, 1, 1, 0, 0, 0, 0, 1, 1, 1, 1, 0, 0, 0, 1, 0, 1, 0, 1, 1, 1, 1, 0, 0, 0, 1, 1, 0, 0, 0, 0, 1, 1, 1, 1, 1, 1, 1, 1, 0, 0, 0, 0, 1, 0, 0, 0, 1, 1, 0, 0, 1, 1, 1, 1, 1, 1, 0, 0, 1, 1, 0, 0, 1, 1, 0, 0, 1, 1, 0, 0, 1, 1, 1, 0, 1, 1, 1, 1, 1, 1, 1, 1, 0, 1, 0, 1, 0, 1, 1, 0, 1, 0, 1, 0, 1, 0, 1, 0, 1, 1, 1, 1, 0, 0, 1, 1, 1, 1, 0, 0, 1, 1, 0, 0, 1, 1, 0, 0, 0, 1, 1, 1, 1, 1, 1, 1, 0, 0, 1, 1, 0, 0, 0, 0, 1, 1, 1, 1, 0, 0, 0, 0, 1, 1, 1, 0, 0, 0, 0, 0, 0, 1, 1, 1, 2, 2, 1, 1, 0, 0, 1, 1, 1, 1, 0, 0, 1, 1, 1, 1, 1, 1, 0, 0, 1, 1, 1, 1, 0, 0, 1, 1, 1, 1, 0, 0, 0, 0, 1, 1, 0, 0, 0, 0, 1, 1, 1, 1, 1, 0, 0, 0, 1, 1, 1, 1, 0, 0, 1, 1, 1, 1, 0, 0, 1, 1, 1, 1, 0, 0, 1, 1, 1, 1, 0, 0, 0, 0, 1, 1, 1, 1, 0, 0, 1, 1, 1, 1, 0, 0, 1, 1, 1, 1, 0, 0, 1, 1, 1, 1, 0, 0, 1, 1, 1, 1, 0, 0, 1, 1, 1, 1, 0, 0, 1, 1, 1, 1, 0, 0, 0, 0, 1, 1, 0, 0, 0, 0, 1, 1, 1, 1, 0, 0, 1, 1, 1, 1, 0, 0, 1, 1, 1, 1, 1, 1, 1, 0, 0, 0, 0, 0, 1, 1, 1, 1, 0, 0, 1, 1, 1, 1, 0, 0, 1, 1, 1, 1, 0, 0, 1, 1, 1, 1, 0, 0, 1, 0, 1, 1, 0, 0, 0, 0, 1, 1, 1, 1, 0, 0, 1, 1, 1, 1, 0, 0, 1, 1, 1, 1, 0, 0, 1, 1, 1, 1, 0, 0, 0, 0, 1, 1, 0, 0, 0, 0, 0, 0, 0, 0, 1, 1, 1, 1, 0, 0, 1, 1, 1, 1, 0, 0, 1, 1, 1, 1, 0, 0, 1, 1, 1, 1, 0, 0, 0, 0, 1, 1, 0, 0, 0, 0, 0, 1, 1, 1, 0, 0, 0, 0, 1, 1, 1, 1, 0, 0, 1, 1, 1, 1, 0, 0, 0, 0, 1, 1, 1, 1, 0, 0, 1, 1, 1, 1, 0, 0, 1, 1, 1, 1, 0, 0, 1, 1, 1, 1, 0, 0, 0, 0, 1, 1, 1, 1, 0, 0, 0, 0, 1, 1, 0, 0, 0, 0, 1, 1, 1, 1, 0, 0, 1, 0, 1, 1, 0, 0, 0, 0, 1, 1, 1, 1, 0, 0, 0, 0, 0, 0, 1, 1, 1, 1, 0, 0, 1, 1, 0, 0, 0, 0, 1, 1, 0, 0, 0, 0, 1, 1, 1, 1, 0, 0, 1, 1, 1, 1, 0, 0, 0, 0, 1, 1, 0, 0, 0, 0, 1, 1, 0, 0, 0, 0, 1, 1, 0, 0, 0, 0, 1, 1, 0, 0, 0, 0, 1, 1, 0, 0, 0, 0, 1, 1, 1, 1, 0, 0, 1, 1, 1, 1, 0, 0, 1, 1, 1, 1, 1, 0, 0, 0, 1, 1, 1, 1, 0, 0, 1, 1, 1, 1, 0, 0, 0, 0, 1, 1, 0, 0, 0, 0, 1, 1, 1, 1, 0, 0, 1, 1, 1, 1, 0, 0, 1, 1, 1, 1, 1, 1, 1, 1, 0, 0, 1, 1, 1, 1, 0, 0, 1, 1, 1, 1, 0, 0, 1, 1, 1, 1, 0, 0, 1, 1, 1, 1, 1, 1, 0, 0, 1, 1, 1, 1, 0, 0, 0, 0, 1, 1, 1, 1, 0, 0, 1, 1, 1, 1, 0, 0, 0, 0, 1, 1, 1, 1, 0, 0, 1, 1, 1, 1, 0, 0, 0, 0, 1, 1, 0, 0, 0, 0, 1, 1, 1, 1, 0, 0, 1, 1, 1, 1, 0, 0, 1, 0, 1, 1, 0, 0, 0, 0, 1, 1, 0, 0, 0, 0, 1, 1, 1, 1, 0, 0]

################################################################
################################################################
################### process_jail_download_list: ######################

[7, 7, 6, 6, 6, 7, 7, 6, 6, 6, 6, 6, 7, 7, 6, 6, 6, 6, 7, 7, 6, 6, 6, 6, 7, 7, 6, 6, 6, 6, 7, 7, 6, 6, 6, 6, 7, 7, 6, 6, 6, 6, 6, 6, 7, 7, 6, 6, 6, 6, 7, 7, 6, 6, 6, 6, 6, 6, 7, 7, 6, 6, 6, 6, 6, 6, 7, 7, 6, 6, 6, 6, 6, 6, 6, 6, 6, 7, 7, 6, 6, 6, 7, 7, 6, 6, 6, 6, 6, 6, 6, 6, 6, 6, 7, 7, 6, 6, 6, 6, 7, 6, 6, 6, 7, 7, 6, 6, 6, 6, 6, 6, 7, 7, 6, 6, 6, 6, 6, 6, 7, 7, 6, 6, 7, 7, 6, 6, 6, 7, 6, 6, 6, 6, 6, 6, 6, 6, 7, 6, 6, 6, 6, 7, 6, 7, 6, 6, 6, 6, 6, 6, 6, 6, 6, 6, 6, 6, 7, 7, 6, 6, 6, 6, 7, 7, 6, 6, 6, 7, 6, 6, 7, 7, 6, 6, 6, 7, 6, 6, 7, 6, 7, 7, 6, 6, 6, 6, 6, 6, 6, 6, 6, 6, 7, 7, 6, 6, 6, 6, 6, 6, 7, 6, 6, 6, 6, 6, 6, 6, 7, 7, 7, 7, 7, 7, 6, 6, 6, 6, 7, 7, 6, 6, 6, 6, 6, 6, 7, 7, 6, 6, 6, 6, 7, 7, 6, 6, 6, 6, 7, 7, 6, 6, 6, 6, 7, 7, 6, 6, 6, 6, 6, 6, 6, 7, 7, 6, 6, 6, 6, 6, 7, 7, 6, 6, 6, 6, 7, 7, 6, 6, 6, 6, 7, 7, 6, 6, 6, 6, 7, 7, 6, 6, 6, 6, 6, 6, 7, 7, 6, 6, 6, 6, 7, 7, 6, 6, 6, 6, 7, 7, 6, 6, 6, 6, 7, 7, 6, 6, 6, 6, 7, 7, 6, 6, 6, 6, 7, 7, 6, 6, 6, 6, 7, 7, 6, 6, 6, 6, 7, 7, 6, 6, 6, 6, 6, 6, 7, 7, 6, 6, 6, 6, 7, 7, 6, 6, 6, 6, 6, 6, 6, 7, 7, 6, 6, 6, 6, 6, 6, 6, 7, 7, 6, 6, 6, 6, 7, 7, 6, 6, 6, 6, 7, 7, 6, 6, 6, 6, 7, 7, 6, 6, 6, 6, 7, 7, 6, 6, 6, 6, 6, 6, 7, 7, 6, 6, 6, 6, 7, 7, 6, 6, 6, 6, 7, 7, 6, 6, 6, 6, 7, 7, 6, 6, 6, 6, 7, 7, 6, 6, 6, 6, 6, 6, 6, 6, 6, 6, 7, 7, 6, 6, 6, 6, 7, 7, 6, 6, 6, 6, 7, 7, 6, 6, 6, 6, 7, 7, 6, 6, 6, 6, 7, 7, 6, 6, 6, 6, 6, 6, 7, 7, 6, 6, 6, 6, 6, 6, 7, 7, 6, 6, 6, 6, 7, 7, 6, 6, 6, 6, 6, 6, 7, 7, 6, 6, 6, 6, 7, 7, 6, 6, 6, 6, 7, 7, 6, 6, 6, 6, 7, 7, 6, 6, 6, 6, 6, 6, 7, 7, 6, 6, 6, 6, 7, 7, 6, 6, 6, 6, 6, 6, 7, 7, 6, 6, 6, 6, 7, 7, 6, 6, 6, 6, 6, 6, 7, 7, 6, 6, 6, 6, 6, 6, 6, 6, 7, 7, 6, 6, 6, 6, 6, 6, 6, 6, 7, 7, 6, 6, 6, 6, 6, 6, 7, 7, 6, 6, 6, 6, 7, 7, 6, 6, 6, 6, 7, 7, 6, 6, 6, 6, 7, 7, 6, 6, 6, 6, 7, 7, 6, 6, 6, 6, 7, 7, 6, 6, 6, 6, 7, 7, 6, 6, 6, 6, 6, 6, 7, 7, 6, 6, 6, 6, 7, 7, 6, 6, 6, 6, 6, 7, 7, 6, 6, 6, 6, 6, 7, 7, 6, 6, 6, 6, 7, 7, 6, 6, 6, 6, 7, 7, 6, 6, 6, 6, 6, 6, 7, 7, 6, 6, 6, 6, 7, 7, 6, 6, 6, 6, 7, 7, 6, 6, 7, 7, 6, 6, 6, 6, 7, 7, 6, 6, 6, 6, 7, 7, 6, 6, 6, 6, 7, 7, 6, 6, 6, 6, 6, 6, 7, 7, 6, 6, 6, 6, 7, 7, 6, 6, 6, 6, 6, 6, 7, 7, 6, 6, 6, 6, 7, 7, 6, 6, 6, 6, 6, 6, 7, 7, 6, 6, 6, 6, 7, 7, 6, 6, 6, 6, 7, 7, 6, 6, 6, 6, 6, 6, 7, 7, 6, 6, 6, 6, 7, 7, 6, 6, 6, 6, 7, 7, 6, 6, 6, 6, 7, 7, 6, 6, 6, 6, 6, 6, 7, 7, 6, 6]

################################################################
################################################################
################### process_jail_list: ######################

[6, 6, 5, 5, 5, 6, 6, 6, 6, 6, 5, 5, 6, 6, 6, 6, 5, 5, 6, 6, 6, 6, 5, 5, 6, 6, 6, 6, 5, 5, 6, 6, 6, 6, 5, 5, 6, 6, 6, 6, 6, 6, 5, 5, 6, 6, 6, 6, 5, 5, 6, 6, 6, 6, 6, 6, 5, 5, 6, 6, 6, 6, 6, 6, 5, 5, 6, 6, 6, 6, 6, 5, 6, 5, 6, 5, 5, 6, 6, 6, 6, 6, 6, 6, 6, 6, 6, 6, 5, 5, 5, 5, 5, 5, 6, 6, 6, 6, 6, 6, 6, 6, 6, 6, 6, 6, 6, 6, 5, 5, 5, 5, 6, 6, 6, 6, 5, 5, 6, 6, 6, 6, 6, 6, 6, 6, 6, 6, 5, 6, 5, 6, 5, 5, 5, 5, 5, 5, 6, 5, 6, 5, 6, 6, 6, 6, 5, 6, 5, 6, 5, 6, 5, 6, 5, 6, 5, 5, 6, 6, 6, 6, 5, 5, 6, 6, 6, 6, 5, 6, 6, 6, 6, 6, 6, 6, 6, 6, 5, 5, 6, 5, 6, 6, 6, 6, 5, 5, 6, 6, 6, 6, 5, 5, 6, 6, 6, 6, 6, 6, 5, 5, 6, 6, 6, 6, 6, 6, 6, 5, 6, 6, 5, 5, 6, 6, 6, 6, 5, 5, 6, 6, 6, 6, 5, 5, 5, 5, 6, 6, 6, 6, 5, 5, 6, 6, 6, 6, 5, 5, 6, 6, 6, 6, 6, 6, 6, 6, 6, 6, 6, 6, 5, 5, 5, 6, 6, 6, 6, 6, 5, 5, 6, 6, 6, 6, 5, 5, 6, 6, 6, 6, 5, 5, 6, 6, 6, 6, 5, 5, 6, 6, 6, 6, 6, 6, 5, 5, 6, 6, 6, 6, 5, 5, 6, 6, 6, 6, 5, 5, 6, 6, 6, 6, 5, 5, 6, 6, 6, 6, 5, 5, 6, 6, 6, 6, 5, 5, 6, 6, 6, 6, 5, 5, 6, 6, 6, 6, 6, 6, 6, 6, 6, 6, 6, 6, 5, 5, 6, 6, 6, 6, 5, 5, 6, 6, 6, 6, 5, 5, 5, 5, 5, 6, 6, 6, 6, 6, 6, 6, 5, 5, 6, 6, 6, 6, 5, 5, 6, 6, 6, 6, 5, 5, 6, 6, 6, 6, 5, 5, 6, 6, 6, 6, 5, 6, 6, 6, 6, 6, 6, 6, 5, 5, 6, 6, 6, 6, 5, 5, 6, 6, 6, 6, 5, 5, 6, 6, 6, 6, 5, 5, 6, 6, 6, 6, 6, 6, 6, 6, 6, 6, 6, 6, 6, 6, 6, 6, 5, 5, 6, 6, 6, 6, 5, 5, 6, 6, 6, 6, 5, 5, 6, 6, 6, 6, 5, 5, 6, 6, 6, 6, 6, 6, 6, 6, 6, 6, 6, 6, 6, 5, 6, 6, 6, 6, 6, 6, 5, 5, 6, 6, 6, 6, 5, 5, 6, 6, 6, 6, 6, 6, 5, 5, 6, 6, 6, 6, 5, 5, 6, 6, 6, 6, 5, 5, 6, 6, 6, 6, 5, 5, 6, 6, 6, 6, 6, 6, 5, 5, 6, 6, 6, 6, 6, 6, 6, 6, 6, 6, 6, 6, 5, 5, 6, 6, 6, 6, 5, 6, 6, 6, 6, 6, 6, 6, 5, 5, 6, 6, 6, 6, 6, 6, 6, 6, 5, 5, 6, 6, 6, 6, 5, 5, 6, 6, 6, 6, 6, 6, 6, 6, 6, 6, 5, 5, 6, 6, 6, 6, 5, 5, 6, 6, 6, 6, 6, 6, 6, 6, 6, 6, 6, 6, 6, 6, 6, 6, 6, 6, 6, 6, 6, 6, 6, 6, 6, 6, 6, 6, 6, 6, 6, 6, 6, 6, 6, 6, 5, 5, 6, 6, 6, 6, 5, 5, 6, 6, 6, 6, 5, 5, 5, 6, 6, 6, 6, 6, 5, 5, 6, 6, 6, 6, 5, 5, 6, 6, 6, 6, 6, 6, 6, 6, 6, 6, 6, 6, 5, 5, 6, 6, 6, 6, 5, 5, 6, 6, 6, 6, 5, 5, 6, 6, 5, 5, 6, 6, 6, 6, 5, 5, 6, 6, 6, 6, 5, 5, 6, 6, 6, 6, 5, 5, 6, 6, 6, 6, 5, 5, 5, 5, 6, 6, 6, 6, 5, 5, 6, 6, 6, 6, 6, 6, 5, 5, 6, 6, 6, 6, 5, 5, 6, 6, 6, 6, 6, 6, 5, 5, 6, 6, 6, 6, 5, 5, 6, 6, 6, 6, 6, 6, 6, 6, 6, 6, 6, 6, 5, 5, 6, 6, 6, 6, 5, 5, 6, 6, 6, 6, 5, 6, 6, 6, 6, 6, 6, 6, 6, 6, 6, 6, 6, 6, 5, 5, 6, 6, 6, 6]

################################################################
