Numero total de amostras 770

Tempo total de processamento: 0:27:19

############## TEMPOS DE PROCESSAMENTO DO EXERCICIO NO JAIL  ####################
Soma 4476 segundos
Media 5.812987012987013 segundos
Desvio padr達o 0.39978911627716324 segundos
Minimo 5 segundos
Maximo 7 segundos

95% 5.0 segundos
99% 5.0 segundos

############## TEMPOS DE PROCESSAMENTO DO EXERCICIO NO JAIL COM DOWNLOAD  ################
Soma 4898 segundos
Media 6.361038961038961 segundos
Desvio padr達o 0.4803018110010294 segundos
Minimo 6 segundos
Maximo 7 segundos

95% 6.0 segundos
99% 6.0 segundos

################### TEMPOS DE DOWNLOAD DO EXERCICIO NO JAIL #######################
Soma 422 segundos
Media 0.548051948051948 segundos
Desvio padr達o 0.49768565409142834 segundos
Minimo 0 segundos
Maximo 1 segundos

95% 0.0 segundos
99% 0.0 segundos

############################ TEMPOS DE ESPERA NA FILA ############################
Soma 379454
Media 492.7974025974026 segundos
Desvio padr達o 281.54648619607633 segundos
Minimo 1 segundos
Maximo 976 segundos

95% 14.610999999999999 segundos
99% 15.226199999999999 segundos

################### queue_wait_time_list: ######################

[1, 6, 9, 8, 11, 13, 12, 14, 17, 16, 17, 21, 20, 22, 25, 24, 25, 28, 28, 29, 33, 32, 32, 37, 35, 37, 41, 40, 40, 44, 43, 43, 48, 48, 47, 52, 51, 51, 55, 55, 55, 60, 59, 58, 63, 63, 62, 68, 67, 66, 71, 71, 70, 75, 75, 74, 79, 79, 78, 82, 83, 82, 86, 87, 86, 89, 90, 90, 94, 95, 94, 97, 99, 98, 100, 103, 102, 104, 107, 106, 109, 111, 110, 112, 115, 114, 115, 119, 118, 120, 122, 121, 123, 125, 125, 126, 130, 130, 130, 134, 132, 133, 137, 137, 138, 142, 141, 141, 145, 145, 145, 149, 147, 147, 152, 152, 153, 157, 156, 156, 160, 159, 160, 164, 163, 162, 166, 167, 167, 172, 171, 171, 175, 175, 174, 178, 178, 179, 182, 182, 182, 185, 185, 185, 189, 189, 188, 193, 193, 192, 196, 197, 196, 200, 200, 200, 204, 204, 203, 208, 208, 207, 211, 212, 211, 215, 215, 215, 218, 219, 219, 223, 222, 222, 226, 226, 226, 230, 230, 229, 233, 234, 233, 238, 238, 237, 241, 242, 240, 244, 246, 245, 249, 250, 249, 252, 253, 253, 256, 258, 257, 259, 261, 261, 264, 266, 265, 267, 269, 268, 271, 273, 273, 275, 278, 277, 278, 281, 281, 282, 286, 284, 286, 289, 288, 290, 294, 293, 293, 297, 296, 296, 302, 301, 301, 305, 304, 304, 309, 309, 308, 313, 313, 312, 317, 316, 315, 321, 320, 319, 324, 324, 323, 329, 328, 327, 332, 332, 331, 335, 335, 335, 339, 339, 338, 342, 343, 342, 346, 346, 346, 350, 351, 350, 353, 354, 353, 358, 359, 358, 361, 363, 362, 365, 366, 366, 368, 370, 369, 371, 374, 373, 376, 378, 377, 379, 381, 381, 383, 386, 385, 386, 389, 388, 389, 393, 392, 394, 397, 396, 398, 401, 400, 401, 405, 403, 404, 409, 408, 406, 412, 411, 410, 416, 416, 416, 421, 420, 419, 424, 424, 423, 429, 427, 427, 432, 431, 430, 435, 435, 435, 439, 439, 438, 443, 443, 442, 447, 447, 446, 451, 451, 450, 454, 455, 455, 458, 459, 458, 462, 463, 463, 466, 467, 466, 469, 471, 470, 473, 475, 474, 476, 478, 477, 480, 482, 482, 484, 486, 485, 487, 491, 490, 491, 494, 493, 494, 497, 497, 499, 502, 501, 502, 506, 506, 506, 510, 509, 509, 514, 513, 513, 517, 517, 517, 522, 521, 520, 525, 524, 524, 529, 529, 528, 533, 532, 532, 537, 536, 536, 541, 540, 539, 544, 544, 543, 548, 548, 547, 551, 552, 550, 554, 555, 554, 559, 558, 558, 562, 563, 562, 567, 567, 567, 571, 571, 570, 574, 574, 573, 578, 578, 577, 582, 581, 581, 585, 584, 585, 586, 587, 586, 592, 592, 593, 597, 596, 596, 600, 600, 600, 605, 604, 603, 607, 606, 608, 611, 611, 611, 614, 615, 615, 619, 618, 618, 623, 621, 622, 626, 625, 625, 629, 629, 630, 634, 633, 633, 637, 636, 636, 641, 640, 640, 645, 643, 643, 648, 648, 645, 651, 651, 651, 656, 655, 656, 661, 660, 659, 664, 664, 664, 669, 667, 666, 672, 673, 671, 676, 676, 675, 679, 679, 678, 682, 683, 683, 686, 687, 686, 690, 692, 690, 694, 695, 694, 697, 699, 698, 700, 703, 702, 704, 706, 705, 708, 711, 710, 712, 715, 714, 715, 718, 718, 719, 722, 721, 723, 726, 725, 727, 730, 729, 730, 734, 733, 733, 737, 737, 737, 742, 741, 741, 746, 745, 745, 750, 749, 748, 754, 753, 752, 758, 757, 756, 762, 760, 760, 765, 764, 764, 769, 769, 768, 773, 773, 773, 777, 777, 776, 780, 781, 780, 785, 785, 784, 788, 789, 788, 793, 794, 793, 796, 797, 796, 798, 800, 800, 802, 805, 804, 807, 809, 808, 810, 812, 812, 814, 816, 815, 817, 821, 820, 821, 824, 823, 825, 828, 827, 829, 832, 831, 832, 836, 835, 836, 840, 839, 840, 844, 843, 843, 848, 847, 847, 851, 850, 850, 855, 855, 855, 858, 858, 858, 862, 861, 862, 866, 866, 866, 869, 869, 870, 873, 873, 873, 877, 876, 877, 881, 881, 881, 884, 884, 884, 888, 888, 889, 892, 892, 892, 896, 896, 896, 900, 899, 900, 903, 902, 903, 906, 907, 906, 909, 910, 910, 913, 914, 914, 918, 918, 918, 921, 922, 922, 925, 925, 925, 928, 929, 930, 933, 932, 933, 936, 936, 937, 939, 939, 940, 943, 943, 943, 946, 946, 946, 951, 951, 951, 954, 954, 954, 957, 958, 958, 962, 962, 962, 965, 965, 966, 969, 969, 969, 972, 972, 972, 976, 976, 976]

################################################################
################### jail_ex_download_list: ######################

[1, 1, 1, 1, 0, 1, 1, 0, 0, 0, 0, 1, 1, 0, 0, 0, 0, 1, 1, 1, 0, 0, 1, 1, 1, 0, 1, 1, 1, 1, 1, 1, 1, 0, 1, 0, 0, 0, 1, 1, 1, 0, 0, 1, 1, 1, 1, 1, 1, 1, 1, 0, 0, 1, 1, 1, 0, 0, 0, 0, 1, 1, 1, 0, 0, 1, 1, 1, 0, 1, 1, 1, 0, 0, 1, 0, 0, 1, 0, 0, 0, 1, 1, 1, 0, 0, 1, 1, 1, 0, 1, 1, 0, 1, 1, 1, 0, 0, 1, 1, 1, 0, 1, 1, 0, 0, 0, 1, 1, 1, 1, 1, 0, 0, 0, 1, 1, 0, 1, 1, 0, 1, 1, 1, 0, 0, 1, 1, 0, 0, 1, 1, 0, 0, 1, 1, 0, 0, 1, 1, 0, 1, 1, 0, 0, 1, 1, 0, 0, 1, 1, 0, 1, 1, 1, 0, 0, 1, 1, 0, 0, 1, 1, 1, 1, 1, 1, 0, 1, 1, 0, 0, 1, 0, 0, 0, 1, 1, 1, 1, 1, 0, 0, 0, 1, 1, 0, 0, 0, 1, 1, 1, 0, 0, 0, 0, 1, 1, 1, 1, 1, 1, 1, 0, 0, 1, 0, 1, 1, 1, 0, 1, 1, 0, 0, 0, 1, 1, 1, 1, 0, 0, 0, 1, 1, 1, 0, 0, 1, 1, 1, 1, 0, 0, 0, 1, 1, 1, 1, 1, 1, 1, 0, 0, 0, 0, 1, 1, 1, 1, 1, 0, 0, 0, 1, 1, 0, 0, 0, 0, 1, 1, 1, 1, 1, 1, 0, 0, 0, 1, 1, 0, 0, 0, 1, 1, 1, 0, 0, 1, 0, 1, 1, 0, 0, 0, 0, 1, 1, 1, 0, 0, 0, 0, 0, 0, 1, 1, 1, 0, 0, 1, 1, 1, 1, 1, 1, 0, 0, 0, 0, 1, 1, 0, 0, 0, 1, 1, 1, 1, 0, 0, 1, 1, 1, 0, 0, 0, 1, 1, 1, 1, 0, 1, 0, 0, 1, 1, 1, 0, 0, 1, 1, 1, 0, 0, 0, 1, 1, 1, 0, 1, 1, 1, 0, 0, 1, 1, 1, 0, 0, 0, 0, 1, 1, 1, 0, 0, 1, 1, 1, 1, 1, 1, 0, 1, 1, 0, 1, 1, 0, 0, 0, 1, 1, 1, 1, 0, 0, 0, 1, 1, 0, 0, 0, 1, 1, 1, 1, 0, 0, 0, 1, 1, 1, 0, 0, 1, 1, 1, 1, 1, 0, 0, 0, 0, 1, 1, 1, 0, 0, 0, 0, 1, 1, 1, 1, 0, 0, 1, 1, 1, 0, 0, 0, 0, 1, 1, 1, 1, 1, 0, 1, 0, 0, 0, 0, 1, 0, 1, 1, 1, 1, 0, 1, 0, 0, 1, 1, 1, 0, 1, 0, 0, 0, 1, 1, 1, 1, 0, 0, 1, 1, 1, 1, 1, 0, 1, 0, 0, 1, 0, 0, 0, 0, 0, 0, 0, 1, 0, 1, 1, 1, 0, 0, 0, 0, 0, 0, 0, 1, 1, 1, 1, 0, 0, 0, 1, 1, 1, 0, 0, 1, 1, 1, 0, 1, 1, 1, 1, 0, 0, 0, 1, 1, 0, 0, 0, 0, 0, 1, 0, 1, 1, 1, 0, 0, 1, 1, 1, 0, 0, 0, 0, 1, 1, 0, 0, 0, 1, 1, 1, 1, 1, 1, 0, 1, 1, 0, 0, 0, 1, 1, 1, 1, 1, 1, 0, 0, 0, 0, 1, 1, 0, 0, 0, 1, 1, 1, 1, 0, 0, 0, 1, 1, 0, 0, 0, 1, 1, 1, 1, 1, 1, 1, 0, 0, 0, 1, 1, 1, 1, 1, 1, 0, 0, 0, 1, 1, 1, 1, 0, 0, 0, 1, 1, 1, 1, 1, 0, 0, 0, 0, 1, 1, 1, 0, 0, 1, 1, 1, 1, 0, 0, 0, 1, 1, 0, 1, 1, 1, 0, 0, 1, 1, 1, 0, 0, 0, 0, 1, 1, 1, 0, 0, 1, 1, 1, 0, 0, 0, 0, 0, 1, 1, 1, 1, 1, 1, 0, 0, 1, 0, 1, 0, 1, 1, 0, 0, 0, 1, 1, 1, 1, 1, 1, 0, 1, 0, 0, 0, 0, 1, 1, 1, 0, 0, 0, 0, 0, 1, 1, 1, 1, 0, 1, 0, 0, 1, 0, 0, 0, 0, 1, 1, 1, 1, 1, 1, 0, 0, 0, 0, 0, 0, 1, 1, 1, 1, 1, 0, 0, 1, 0, 0, 0, 0, 0, 0, 0, 1, 0, 1, 1, 1, 1, 0, 0, 0, 0, 0, 0, 1, 1, 1, 0, 0, 0, 0, 0, 0, 1, 1, 1, 1, 1, 1, 0, 1, 1]

################################################################
################################################################
################### process_jail_download_list: ######################

[6, 7, 6, 6, 6, 7, 7, 6, 6, 6, 7, 7, 7, 6, 6, 6, 6, 7, 7, 6, 6, 6, 7, 7, 7, 6, 6, 6, 6, 6, 7, 6, 7, 6, 7, 6, 6, 6, 7, 7, 6, 6, 6, 6, 7, 7, 7, 6, 7, 7, 6, 6, 6, 7, 7, 7, 6, 6, 6, 6, 7, 7, 6, 6, 6, 7, 7, 7, 6, 7, 7, 6, 6, 6, 6, 7, 7, 7, 6, 6, 6, 7, 7, 6, 6, 6, 7, 6, 6, 6, 7, 7, 6, 7, 7, 6, 6, 6, 7, 6, 6, 6, 7, 7, 6, 6, 6, 6, 6, 7, 7, 7, 6, 6, 6, 6, 6, 6, 6, 6, 6, 7, 7, 6, 6, 6, 7, 6, 6, 6, 7, 6, 6, 6, 7, 6, 6, 6, 6, 6, 6, 7, 6, 6, 6, 7, 6, 6, 6, 6, 6, 6, 7, 7, 6, 6, 6, 7, 6, 6, 6, 6, 6, 6, 7, 6, 6, 6, 7, 6, 6, 6, 7, 6, 6, 6, 6, 6, 7, 7, 7, 6, 6, 6, 7, 7, 6, 6, 6, 7, 7, 7, 6, 6, 6, 6, 7, 7, 6, 6, 7, 7, 7, 6, 6, 6, 6, 7, 7, 7, 6, 7, 7, 6, 6, 6, 6, 7, 7, 7, 6, 6, 6, 7, 7, 6, 6, 6, 6, 7, 7, 7, 6, 6, 6, 7, 7, 6, 6, 7, 7, 7, 6, 6, 6, 6, 6, 6, 7, 7, 7, 6, 6, 6, 7, 7, 6, 6, 6, 6, 6, 6, 6, 7, 7, 7, 6, 6, 6, 7, 7, 6, 6, 6, 7, 7, 7, 6, 6, 6, 6, 7, 7, 6, 6, 6, 6, 7, 7, 7, 6, 6, 6, 6, 6, 6, 7, 7, 6, 6, 6, 6, 6, 6, 7, 7, 7, 6, 6, 6, 6, 7, 7, 6, 6, 6, 6, 7, 7, 6, 6, 6, 7, 7, 7, 6, 6, 6, 6, 7, 7, 7, 6, 6, 6, 6, 7, 7, 6, 6, 6, 7, 7, 7, 6, 6, 6, 7, 7, 7, 6, 7, 7, 6, 6, 6, 7, 7, 7, 6, 6, 6, 6, 7, 7, 6, 6, 6, 6, 6, 6, 7, 7, 7, 6, 6, 6, 6, 7, 7, 6, 6, 6, 6, 7, 7, 7, 6, 6, 6, 7, 7, 6, 6, 6, 6, 7, 7, 7, 6, 6, 6, 7, 7, 6, 6, 6, 6, 6, 7, 7, 7, 6, 6, 6, 6, 7, 7, 7, 6, 6, 6, 6, 6, 7, 7, 6, 6, 6, 7, 7, 7, 6, 6, 6, 6, 6, 6, 7, 6, 7, 6, 7, 6, 6, 6, 6, 6, 6, 6, 7, 6, 7, 6, 6, 6, 6, 7, 6, 7, 6, 7, 6, 6, 6, 6, 7, 7, 7, 6, 6, 6, 6, 7, 6, 7, 6, 6, 6, 6, 7, 6, 6, 6, 6, 6, 6, 6, 6, 6, 7, 7, 7, 6, 6, 6, 6, 6, 6, 6, 6, 7, 7, 7, 6, 6, 6, 7, 7, 6, 6, 6, 7, 7, 7, 6, 6, 7, 7, 7, 6, 6, 6, 7, 7, 6, 6, 6, 6, 6, 6, 6, 7, 7, 6, 6, 6, 7, 7, 7, 6, 6, 6, 6, 7, 7, 6, 6, 6, 6, 6, 6, 7, 7, 7, 6, 7, 7, 6, 6, 6, 6, 6, 6, 7, 7, 7, 6, 6, 6, 6, 7, 7, 6, 6, 6, 6, 7, 7, 7, 6, 6, 6, 7, 7, 6, 6, 6, 6, 7, 7, 7, 7, 7, 7, 6, 6, 6, 6, 7, 7, 7, 7, 7, 6, 6, 6, 6, 7, 7, 7, 6, 6, 6, 7, 7, 7, 7, 7, 6, 6, 6, 6, 7, 7, 6, 6, 6, 6, 7, 7, 7, 6, 6, 6, 6, 6, 6, 7, 7, 6, 6, 6, 7, 7, 7, 6, 6, 6, 6, 7, 7, 6, 6, 6, 7, 7, 7, 6, 6, 6, 6, 6, 6, 6, 6, 7, 7, 6, 6, 6, 7, 6, 6, 6, 7, 7, 6, 6, 6, 6, 6, 6, 7, 6, 7, 6, 7, 6, 6, 6, 6, 7, 7, 7, 6, 6, 6, 6, 6, 6, 7, 6, 7, 6, 6, 6, 6, 7, 6, 6, 6, 6, 6, 6, 6, 7, 7, 7, 6, 6, 6, 6, 6, 6, 6, 6, 7, 7, 6, 6, 6, 7, 6, 6, 6, 6, 6, 6, 6, 6, 6, 6, 7, 7, 7, 6, 6, 6, 6, 6, 6, 7, 7, 7, 6, 6, 6, 6, 6, 6, 6, 6, 6, 7, 6, 6, 6, 6, 6]

################################################################
################################################################
################### process_jail_list: ######################

[5, 6, 5, 5, 6, 6, 6, 6, 6, 6, 7, 6, 6, 6, 6, 6, 6, 6, 6, 5, 6, 6, 6, 6, 6, 6, 5, 5, 5, 5, 6, 5, 6, 6, 6, 6, 6, 6, 6, 6, 5, 6, 6, 5, 6, 6, 6, 5, 6, 6, 5, 6, 6, 6, 6, 6, 6, 6, 6, 6, 6, 6, 5, 6, 6, 6, 6, 6, 6, 6, 6, 5, 6, 6, 5, 7, 7, 6, 6, 6, 6, 6, 6, 5, 6, 6, 6, 5, 5, 6, 6, 6, 6, 6, 6, 5, 6, 6, 6, 5, 5, 6, 6, 6, 6, 6, 6, 5, 5, 6, 6, 6, 6, 6, 6, 5, 5, 6, 5, 5, 6, 6, 6, 5, 6, 6, 6, 5, 6, 6, 6, 5, 6, 6, 6, 5, 6, 6, 5, 5, 6, 6, 5, 6, 6, 6, 5, 6, 6, 5, 5, 6, 6, 6, 5, 6, 6, 6, 5, 6, 6, 5, 5, 5, 6, 5, 5, 6, 6, 5, 6, 6, 6, 6, 6, 6, 5, 5, 6, 6, 6, 6, 6, 6, 6, 6, 6, 6, 6, 6, 6, 6, 6, 6, 6, 6, 6, 6, 5, 5, 6, 6, 6, 6, 6, 5, 6, 6, 6, 6, 6, 6, 6, 6, 6, 6, 5, 6, 6, 6, 6, 6, 6, 6, 6, 5, 6, 6, 5, 6, 6, 6, 6, 6, 6, 6, 6, 5, 5, 6, 6, 6, 6, 6, 6, 6, 5, 5, 6, 6, 6, 6, 6, 6, 6, 6, 6, 6, 6, 6, 5, 5, 5, 6, 6, 6, 6, 6, 6, 6, 6, 6, 6, 6, 6, 6, 6, 6, 6, 5, 6, 6, 6, 6, 6, 6, 6, 6, 6, 6, 6, 6, 6, 6, 6, 6, 6, 6, 5, 6, 6, 5, 5, 5, 6, 6, 6, 6, 6, 6, 6, 6, 6, 6, 6, 6, 5, 6, 6, 5, 6, 6, 6, 6, 6, 6, 6, 6, 5, 6, 6, 6, 6, 5, 6, 6, 6, 6, 5, 6, 6, 6, 6, 6, 6, 6, 6, 6, 6, 6, 6, 6, 6, 5, 6, 6, 6, 6, 6, 6, 6, 6, 6, 6, 6, 5, 6, 6, 5, 5, 5, 6, 6, 6, 6, 5, 5, 6, 6, 6, 6, 6, 6, 5, 6, 6, 6, 6, 6, 6, 6, 6, 6, 6, 6, 5, 6, 6, 6, 6, 6, 6, 6, 6, 5, 6, 6, 5, 5, 6, 6, 6, 6, 6, 6, 6, 6, 6, 6, 6, 6, 6, 6, 5, 6, 6, 5, 6, 6, 6, 6, 6, 6, 6, 6, 6, 5, 5, 6, 5, 6, 6, 6, 6, 6, 6, 6, 5, 6, 5, 6, 5, 6, 6, 5, 6, 6, 6, 5, 6, 6, 6, 6, 6, 6, 5, 6, 6, 6, 6, 6, 5, 5, 6, 5, 6, 6, 5, 6, 6, 6, 6, 6, 6, 6, 6, 6, 6, 5, 6, 6, 6, 6, 6, 6, 6, 6, 6, 6, 6, 5, 6, 6, 6, 6, 6, 6, 6, 6, 5, 6, 6, 6, 6, 6, 6, 5, 6, 6, 6, 6, 6, 6, 6, 6, 6, 6, 6, 6, 6, 5, 6, 6, 6, 5, 6, 6, 6, 6, 6, 6, 6, 6, 6, 6, 6, 6, 6, 6, 5, 5, 5, 6, 6, 6, 6, 6, 6, 6, 6, 6, 5, 5, 5, 6, 6, 6, 6, 6, 6, 6, 6, 6, 6, 6, 6, 5, 6, 6, 6, 6, 6, 6, 6, 6, 6, 6, 6, 5, 6, 6, 6, 6, 6, 6, 6, 6, 6, 5, 6, 6, 6, 6, 6, 6, 6, 6, 5, 6, 6, 6, 6, 6, 6, 6, 6, 6, 6, 6, 6, 6, 6, 6, 6, 6, 5, 6, 6, 5, 6, 6, 6, 6, 6, 6, 5, 5, 6, 6, 6, 5, 6, 6, 6, 6, 6, 6, 6, 6, 6, 6, 6, 5, 6, 6, 6, 6, 6, 6, 6, 6, 6, 6, 5, 5, 5, 6, 6, 5, 6, 6, 6, 6, 5, 6, 6, 6, 6, 6, 6, 5, 5, 5, 6, 5, 6, 6, 6, 6, 6, 6, 6, 6, 6, 6, 6, 6, 6, 6, 6, 5, 6, 5, 6, 6, 5, 6, 6, 6, 6, 6, 6, 6, 5, 5, 5, 6, 6, 6, 6, 6, 6, 6, 6, 6, 5, 5, 6, 6, 5, 6, 6, 6, 6, 6, 6, 6, 6, 6, 6, 5, 6, 5, 6, 6, 6, 6, 6, 6, 6, 6, 6, 6, 6, 6, 6, 6, 6, 6, 6, 6, 5, 5, 5, 6, 5, 5, 6, 5, 5]

################################################################
