Numero total de amostras 770

Tempo total de processamento: 0:27:01

############## TEMPOS DE PROCESSAMENTO DO EXERCICIO NO JAIL  ####################
Soma 4426 segundos
Media 5.748051948051948 segundos
Desvio padr達o 0.44883988688021775 segundos
Minimo 5 segundos
Maximo 7 segundos

95% 5.0 segundos
99% 5.0 segundos

############## TEMPOS DE PROCESSAMENTO DO EXERCICIO NO JAIL COM DOWNLOAD  ################
Soma 4858 segundos
Media 6.3090909090909095 segundos
Desvio padr達o 0.46770559565080005 segundos
Minimo 6 segundos
Maximo 8 segundos

95% 6.0 segundos
99% 6.0 segundos

################### TEMPOS DE DOWNLOAD DO EXERCICIO NO JAIL #######################
Soma 432 segundos
Media 0.561038961038961 segundos
Desvio padr達o 0.498870371772755 segundos
Minimo 0 segundos
Maximo 2 segundos

95% 0.0 segundos
99% 0.0 segundos

############################ TEMPOS DE ESPERA NA FILA ############################
Soma 370681
Media 481.4038961038961 segundos
Desvio padr達o 276.27735778810904 segundos
Minimo 1 segundos
Maximo 960 segundos

95% 11.0 segundos
99% 11.0 segundos

################### queue_wait_time_list: ######################

[3, 2, 1, 7, 6, 6, 11, 11, 10, 14, 14, 13, 18, 18, 17, 22, 22, 21, 25, 26, 25, 29, 29, 28, 32, 34, 33, 36, 37, 36, 39, 41, 41, 43, 45, 44, 46, 48, 47, 50, 53, 52, 54, 56, 55, 57, 59, 59, 61, 64, 63, 64, 67, 67, 69, 71, 70, 72, 75, 74, 76, 79, 78, 79, 82, 81, 82, 87, 86, 86, 90, 89, 89, 94, 94, 94, 98, 97, 97, 99, 100, 100, 106, 106, 105, 111, 111, 110, 115, 115, 114, 118, 119, 117, 122, 123, 122, 126, 126, 125, 129, 130, 130, 132, 134, 133, 136, 138, 137, 139, 142, 141, 143, 145, 144, 147, 149, 149, 151, 153, 152, 154, 156, 156, 158, 161, 160, 161, 164, 163, 165, 169, 168, 169, 172, 171, 172, 176, 175, 176, 180, 179, 179, 183, 182, 183, 187, 186, 187, 191, 190, 190, 195, 194, 194, 198, 197, 197, 203, 202, 201, 206, 205, 205, 209, 208, 209, 214, 213, 212, 218, 217, 217, 222, 222, 221, 225, 225, 224, 229, 229, 228, 233, 232, 231, 236, 236, 236, 240, 240, 239, 243, 243, 243, 248, 248, 247, 251, 251, 250, 254, 255, 254, 258, 258, 257, 261, 263, 262, 265, 266, 265, 269, 270, 269, 273, 274, 273, 276, 277, 276, 280, 282, 281, 283, 285, 284, 286, 290, 289, 290, 293, 292, 294, 296, 296, 298, 301, 300, 301, 304, 303, 305, 308, 307, 309, 312, 311, 312, 316, 315, 316, 319, 319, 319, 323, 323, 323, 327, 326, 326, 330, 329, 329, 334, 333, 334, 338, 337, 337, 341, 340, 340, 346, 345, 344, 349, 348, 347, 353, 352, 352, 357, 356, 355, 360, 360, 359, 364, 364, 363, 367, 367, 367, 371, 372, 371, 374, 375, 374, 377, 379, 378, 381, 383, 382, 385, 386, 382, 386, 389, 388, 391, 394, 393, 396, 398, 395, 399, 402, 401, 404, 406, 405, 407, 410, 409, 411, 414, 413, 413, 417, 416, 417, 421, 420, 422, 425, 424, 425, 428, 427, 428, 433, 432, 432, 436, 435, 435, 439, 439, 439, 444, 443, 442, 446, 446, 446, 452, 451, 450, 455, 454, 453, 458, 458, 457, 461, 462, 462, 467, 467, 466, 470, 470, 469, 473, 474, 473, 477, 478, 477, 481, 481, 481, 484, 485, 484, 487, 489, 488, 491, 493, 492, 495, 497, 496, 498, 501, 500, 502, 504, 503, 505, 508, 508, 509, 512, 511, 512, 515, 514, 516, 520, 519, 520, 523, 522, 523, 527, 525, 527, 531, 530, 529, 532, 532, 532, 538, 537, 537, 542, 541, 541, 546, 545, 545, 550, 549, 548, 553, 553, 552, 557, 557, 555, 560, 560, 560, 565, 565, 562, 566, 567, 567, 571, 572, 571, 575, 576, 575, 579, 579, 579, 583, 582, 582, 586, 585, 586, 590, 589, 589, 594, 593, 593, 598, 597, 597, 601, 601, 600, 605, 605, 603, 609, 608, 607, 612, 612, 612, 617, 616, 615, 620, 620, 619, 624, 624, 623, 626, 627, 626, 630, 631, 630, 634, 634, 633, 637, 638, 638, 642, 641, 641, 645, 644, 645, 649, 648, 648, 652, 652, 652, 656, 656, 655, 659, 659, 658, 664, 663, 663, 667, 666, 666, 670, 670, 670, 674, 673, 673, 678, 677, 677, 682, 681, 680, 685, 684, 684, 690, 689, 688, 693, 692, 691, 695, 695, 694, 700, 699, 698, 703, 703, 702, 707, 707, 706, 710, 710, 708, 712, 714, 713, 718, 718, 717, 722, 722, 721, 725, 726, 725, 728, 730, 729, 732, 734, 733, 735, 737, 737, 739, 741, 740, 743, 745, 744, 747, 749, 748, 750, 752, 751, 753, 757, 756, 757, 760, 759, 760, 764, 764, 764, 768, 767, 767, 771, 770, 772, 776, 775, 775, 779, 778, 778, 784, 783, 782, 787, 786, 785, 791, 791, 790, 796, 795, 794, 799, 798, 798, 803, 803, 802, 806, 806, 805, 810, 811, 810, 813, 814, 813, 816, 818, 817, 821, 822, 821, 824, 825, 825, 828, 829, 828, 831, 833, 832, 835, 837, 836, 838, 841, 840, 841, 845, 844, 846, 848, 848, 849, 852, 852, 853, 856, 855, 856, 860, 859, 860, 864, 863, 863, 867, 866, 866, 872, 871, 871, 875, 874, 874, 879, 879, 878, 883, 882, 881, 886, 885, 885, 890, 889, 888, 894, 893, 892, 899, 898, 897, 902, 901, 900, 905, 906, 905, 909, 909, 908, 912, 912, 912, 917, 917, 916, 920, 920, 919, 924, 925, 924, 927, 928, 927, 930, 932, 931, 935, 936, 935, 938, 939, 939, 942, 944, 943, 945, 947, 946, 949, 951, 950, 952, 955, 954, 956, 959, 958, 960]

################################################################
################### jail_ex_download_list: ######################

[1, 2, 1, 0, 1, 1, 0, 0, 0, 1, 1, 1, 1, 1, 1, 0, 0, 0, 0, 1, 1, 0, 1, 1, 0, 0, 0, 0, 1, 1, 1, 0, 0, 1, 0, 0, 1, 1, 1, 0, 0, 0, 0, 0, 0, 0, 1, 1, 1, 0, 0, 1, 1, 1, 0, 1, 1, 0, 0, 0, 1, 1, 1, 1, 1, 1, 1, 0, 0, 1, 1, 1, 1, 0, 0, 0, 1, 1, 1, 1, 1, 1, 0, 1, 1, 0, 0, 0, 1, 1, 1, 1, 0, 0, 0, 1, 1, 0, 1, 1, 0, 0, 0, 0, 1, 1, 0, 0, 0, 1, 1, 1, 1, 1, 1, 0, 0, 0, 0, 0, 1, 0, 1, 1, 0, 0, 0, 1, 1, 1, 1, 0, 0, 0, 1, 1, 0, 1, 1, 0, 1, 1, 1, 1, 1, 1, 1, 1, 0, 0, 0, 0, 1, 1, 1, 1, 1, 1, 0, 0, 1, 1, 1, 0, 1, 1, 0, 1, 1, 1, 1, 1, 1, 1, 0, 0, 1, 0, 0, 1, 1, 1, 0, 1, 1, 0, 0, 0, 1, 1, 1, 1, 1, 0, 0, 0, 0, 0, 0, 0, 0, 0, 0, 1, 1, 1, 1, 0, 0, 1, 1, 1, 0, 0, 0, 0, 1, 1, 1, 1, 1, 1, 0, 0, 1, 1, 1, 1, 0, 0, 1, 1, 1, 0, 1, 1, 0, 0, 0, 0, 1, 1, 1, 1, 1, 0, 0, 0, 0, 1, 1, 0, 1, 0, 1, 0, 0, 1, 0, 0, 1, 1, 1, 1, 1, 1, 0, 0, 1, 0, 1, 1, 0, 0, 0, 1, 1, 1, 1, 1, 1, 0, 0, 1, 1, 0, 1, 1, 0, 0, 0, 1, 1, 1, 1, 0, 0, 1, 0, 0, 1, 1, 1, 0, 0, 0, 1, 1, 1, 1, 0, 0, 1, 1, 1, 1, 1, 1, 0, 0, 0, 0, 1, 1, 0, 0, 0, 0, 0, 0, 1, 1, 1, 0, 0, 0, 0, 1, 1, 0, 1, 1, 0, 0, 0, 0, 1, 1, 1, 1, 1, 1, 0, 0, 1, 1, 1, 1, 0, 0, 0, 1, 1, 1, 1, 0, 0, 1, 1, 1, 0, 0, 0, 0, 1, 1, 1, 1, 1, 1, 0, 0, 1, 1, 1, 1, 1, 1, 1, 0, 0, 1, 1, 1, 0, 0, 0, 0, 0, 0, 0, 1, 1, 1, 0, 0, 1, 1, 1, 1, 1, 1, 1, 0, 0, 0, 1, 1, 0, 1, 1, 0, 0, 0, 0, 1, 1, 1, 0, 0, 1, 1, 1, 1, 1, 1, 0, 0, 1, 1, 0, 1, 1, 1, 0, 0, 1, 1, 1, 0, 0, 0, 0, 0, 0, 1, 0, 1, 1, 0, 1, 1, 0, 0, 0, 0, 0, 0, 1, 1, 1, 1, 1, 0, 0, 0, 1, 1, 0, 1, 0, 1, 0, 0, 1, 1, 1, 1, 1, 0, 0, 0, 0, 0, 0, 1, 1, 0, 0, 0, 0, 0, 0, 1, 0, 1, 1, 1, 1, 1, 1, 0, 0, 1, 0, 0, 1, 0, 0, 1, 0, 0, 0, 0, 1, 0, 1, 1, 0, 1, 0, 0, 0, 0, 0, 0, 1, 1, 1, 1, 1, 1, 0, 0, 1, 1, 1, 1, 1, 1, 0, 0, 0, 0, 0, 0, 1, 0, 1, 1, 1, 1, 1, 1, 0, 0, 1, 1, 1, 1, 1, 1, 1, 0, 0, 0, 1, 1, 0, 1, 1, 0, 0, 0, 1, 1, 1, 1, 0, 0, 1, 1, 1, 1, 1, 1, 0, 0, 0, 0, 1, 1, 0, 1, 1, 0, 0, 0, 1, 1, 1, 1, 0, 0, 1, 1, 1, 1, 1, 1, 0, 0, 0, 0, 1, 1, 1, 0, 0, 1, 1, 1, 1, 1, 1, 1, 0, 1, 0, 0, 1, 1, 0, 0, 0, 1, 1, 1, 1, 0, 0, 1, 1, 1, 1, 1, 1, 0, 0, 0, 0, 1, 1, 0, 1, 1, 0, 1, 1, 1, 1, 1, 1, 0, 0, 1, 1, 1, 0, 1, 0, 0, 0, 0, 0, 1, 1, 1, 0, 0, 1, 0, 0, 1, 1, 1, 1, 0, 0, 0, 1, 1, 0, 0, 0, 0, 0, 0, 1, 1, 1, 1, 1, 1, 1, 0, 0, 0, 0, 0, 0, 1, 1, 1, 1, 0, 0, 1, 1, 1, 1, 1, 1, 0, 0, 0, 1, 1, 1, 1, 0, 0, 1, 1, 1, 1, 1, 1, 0, 0, 0, 0, 1, 1, 0, 0, 0, 1, 1, 1, 1, 1, 1, 1, 1, 1, 0, 1, 1, 0]

################################################################
################################################################
################### process_jail_download_list: ######################

[7, 7, 7, 6, 7, 7, 6, 6, 6, 6, 6, 6, 7, 7, 7, 6, 6, 6, 6, 6, 6, 6, 7, 7, 6, 6, 6, 6, 7, 7, 6, 6, 6, 6, 6, 6, 7, 7, 7, 6, 6, 6, 6, 6, 6, 6, 7, 7, 6, 6, 6, 7, 6, 6, 6, 7, 7, 6, 6, 6, 6, 6, 6, 6, 7, 7, 6, 6, 6, 6, 7, 7, 7, 6, 6, 6, 8, 7, 7, 8, 7, 7, 6, 7, 7, 6, 6, 6, 6, 7, 7, 7, 6, 6, 6, 6, 6, 6, 7, 7, 6, 6, 6, 6, 7, 7, 6, 6, 6, 6, 6, 6, 7, 7, 7, 6, 6, 6, 6, 6, 6, 6, 7, 7, 6, 6, 6, 6, 7, 7, 7, 6, 6, 6, 6, 6, 6, 7, 7, 6, 6, 6, 6, 6, 6, 7, 7, 7, 6, 6, 6, 6, 6, 6, 6, 7, 7, 6, 6, 6, 7, 6, 6, 6, 7, 7, 6, 7, 7, 7, 6, 7, 7, 6, 6, 6, 6, 6, 6, 7, 6, 6, 6, 7, 7, 6, 6, 6, 6, 6, 7, 7, 7, 6, 6, 6, 6, 6, 6, 6, 6, 6, 6, 6, 7, 7, 6, 6, 6, 7, 7, 7, 6, 6, 6, 6, 6, 6, 6, 7, 7, 6, 6, 6, 6, 7, 7, 6, 6, 6, 7, 6, 6, 6, 7, 7, 6, 6, 6, 6, 6, 6, 7, 7, 7, 6, 6, 6, 6, 6, 7, 6, 7, 6, 6, 6, 6, 6, 6, 6, 6, 6, 6, 7, 7, 7, 6, 6, 6, 6, 7, 7, 6, 6, 6, 6, 6, 6, 7, 7, 7, 6, 6, 6, 6, 6, 7, 7, 6, 6, 6, 6, 7, 7, 6, 6, 6, 6, 6, 6, 7, 7, 7, 6, 6, 6, 6, 7, 7, 6, 6, 6, 6, 6, 6, 7, 7, 7, 6, 6, 6, 6, 6, 6, 6, 6, 6, 6, 6, 6, 6, 7, 7, 6, 6, 6, 6, 6, 6, 6, 7, 7, 6, 6, 6, 6, 6, 6, 6, 7, 7, 6, 6, 6, 6, 7, 7, 7, 6, 6, 6, 6, 7, 7, 6, 6, 6, 7, 7, 7, 6, 6, 6, 6, 6, 6, 6, 7, 7, 6, 6, 6, 6, 6, 6, 6, 7, 7, 6, 6, 6, 7, 7, 7, 6, 6, 6, 6, 6, 6, 6, 7, 7, 6, 6, 6, 6, 6, 6, 6, 7, 7, 7, 6, 6, 6, 6, 6, 6, 7, 7, 6, 6, 6, 6, 7, 7, 6, 6, 6, 6, 6, 6, 7, 7, 7, 6, 6, 6, 6, 6, 7, 7, 6, 6, 6, 7, 7, 7, 6, 6, 6, 6, 6, 6, 6, 6, 6, 6, 6, 7, 7, 6, 6, 6, 6, 6, 6, 6, 6, 7, 7, 7, 6, 6, 6, 7, 6, 6, 7, 6, 6, 6, 6, 6, 7, 6, 7, 7, 6, 6, 6, 6, 6, 6, 7, 7, 6, 6, 6, 6, 6, 6, 6, 6, 6, 6, 6, 7, 7, 6, 6, 6, 6, 6, 6, 6, 6, 6, 7, 6, 6, 6, 6, 6, 6, 6, 7, 6, 7, 6, 6, 6, 6, 6, 6, 6, 6, 6, 7, 7, 6, 6, 6, 6, 6, 6, 7, 7, 7, 6, 6, 6, 6, 6, 6, 6, 6, 6, 6, 6, 7, 7, 6, 6, 6, 6, 6, 6, 6, 7, 7, 7, 6, 6, 6, 6, 6, 6, 7, 7, 6, 6, 6, 6, 7, 7, 6, 6, 6, 6, 6, 6, 7, 7, 7, 6, 6, 6, 6, 6, 6, 6, 7, 7, 6, 6, 6, 6, 7, 7, 6, 6, 6, 6, 6, 6, 7, 7, 7, 6, 6, 6, 6, 7, 7, 6, 6, 6, 6, 7, 7, 7, 7, 7, 7, 6, 6, 6, 6, 7, 7, 6, 6, 6, 6, 7, 7, 6, 6, 6, 6, 6, 6, 7, 7, 7, 6, 6, 6, 6, 6, 6, 6, 7, 7, 6, 6, 6, 6, 7, 7, 6, 6, 6, 7, 6, 6, 6, 7, 6, 6, 6, 6, 6, 7, 7, 6, 6, 6, 6, 6, 6, 6, 7, 7, 7, 6, 6, 6, 7, 7, 6, 6, 6, 6, 6, 6, 6, 6, 6, 6, 7, 7, 7, 7, 7, 7, 6, 6, 6, 6, 7, 7, 6, 6, 6, 6, 6, 6, 7, 7, 7, 6, 6, 6, 6, 7, 7, 6, 6, 6, 6, 6, 6, 7, 7, 7, 6, 6, 6, 6, 7, 7, 6, 6, 6, 6, 6, 6, 6, 7, 7, 7, 6, 6, 6, 7, 7, 6]

################################################################
################################################################
################### process_jail_list: ######################

[6, 5, 6, 6, 6, 6, 6, 6, 6, 5, 5, 5, 6, 6, 6, 6, 6, 6, 6, 5, 5, 6, 6, 6, 6, 6, 6, 6, 6, 6, 5, 6, 6, 5, 6, 6, 6, 6, 6, 6, 6, 6, 6, 6, 6, 6, 6, 6, 5, 6, 6, 6, 5, 5, 6, 6, 6, 6, 6, 6, 5, 5, 5, 5, 6, 6, 5, 6, 6, 5, 6, 6, 6, 6, 6, 6, 7, 6, 6, 7, 6, 6, 6, 6, 6, 6, 6, 6, 5, 6, 6, 6, 6, 6, 6, 5, 5, 6, 6, 6, 6, 6, 6, 6, 6, 6, 6, 6, 6, 5, 5, 5, 6, 6, 6, 6, 6, 6, 6, 6, 5, 6, 6, 6, 6, 6, 6, 5, 6, 6, 6, 6, 6, 6, 5, 5, 6, 6, 6, 6, 5, 5, 5, 5, 5, 6, 6, 6, 6, 6, 6, 6, 5, 5, 5, 6, 6, 5, 6, 6, 6, 5, 5, 6, 6, 6, 6, 6, 6, 6, 5, 6, 6, 5, 6, 6, 5, 6, 6, 6, 5, 5, 6, 6, 6, 6, 6, 6, 5, 5, 6, 6, 6, 6, 6, 6, 6, 6, 6, 6, 6, 6, 6, 5, 6, 6, 5, 6, 6, 6, 6, 6, 6, 6, 6, 6, 5, 5, 5, 6, 6, 5, 6, 6, 5, 6, 6, 5, 6, 6, 6, 5, 5, 6, 6, 6, 6, 6, 6, 6, 5, 5, 6, 6, 6, 6, 6, 6, 6, 5, 6, 6, 6, 6, 5, 6, 6, 5, 6, 6, 5, 5, 5, 6, 6, 6, 6, 6, 5, 6, 6, 6, 6, 6, 6, 5, 5, 5, 6, 6, 6, 6, 6, 5, 5, 6, 6, 6, 6, 6, 6, 5, 6, 6, 5, 6, 6, 5, 6, 6, 6, 6, 6, 6, 6, 6, 5, 6, 6, 5, 6, 6, 5, 5, 5, 6, 6, 6, 6, 6, 6, 6, 5, 5, 6, 6, 6, 6, 6, 6, 5, 6, 6, 6, 6, 6, 6, 5, 5, 6, 6, 6, 6, 6, 6, 6, 5, 5, 5, 6, 6, 5, 6, 6, 5, 6, 6, 6, 6, 6, 6, 5, 6, 6, 5, 6, 6, 6, 6, 6, 6, 6, 6, 6, 5, 5, 5, 6, 6, 5, 6, 6, 5, 5, 5, 5, 6, 6, 5, 6, 6, 6, 6, 6, 6, 6, 6, 6, 6, 6, 6, 6, 6, 5, 6, 6, 5, 5, 5, 5, 6, 6, 6, 6, 6, 6, 5, 5, 6, 6, 6, 6, 6, 6, 6, 6, 6, 5, 6, 6, 5, 5, 5, 6, 6, 6, 6, 6, 5, 5, 6, 6, 6, 5, 6, 6, 6, 6, 6, 6, 6, 6, 6, 6, 6, 5, 6, 5, 5, 6, 6, 6, 6, 6, 6, 6, 6, 6, 5, 5, 6, 6, 6, 6, 6, 6, 6, 5, 6, 6, 6, 5, 6, 6, 5, 6, 5, 6, 6, 6, 6, 6, 6, 6, 6, 6, 6, 6, 6, 6, 6, 6, 6, 5, 6, 5, 5, 5, 6, 6, 5, 6, 6, 5, 6, 6, 5, 6, 6, 6, 6, 6, 6, 6, 5, 6, 5, 6, 6, 6, 6, 6, 6, 6, 6, 6, 5, 5, 5, 6, 6, 5, 6, 6, 5, 5, 5, 6, 6, 6, 6, 6, 6, 6, 6, 6, 5, 6, 5, 5, 5, 6, 6, 5, 6, 6, 5, 5, 5, 5, 6, 6, 6, 6, 6, 6, 5, 5, 6, 6, 6, 6, 6, 6, 5, 6, 6, 5, 6, 6, 5, 5, 5, 6, 6, 6, 6, 6, 6, 6, 5, 5, 6, 6, 6, 6, 6, 6, 5, 6, 6, 5, 6, 6, 5, 5, 5, 6, 6, 6, 6, 6, 6, 6, 6, 6, 5, 6, 6, 5, 6, 6, 6, 6, 6, 6, 6, 5, 6, 6, 6, 6, 6, 6, 6, 5, 6, 6, 5, 6, 6, 5, 5, 5, 6, 6, 6, 6, 6, 6, 6, 5, 5, 6, 6, 6, 6, 5, 5, 5, 6, 6, 5, 6, 6, 6, 5, 5, 6, 6, 6, 6, 6, 6, 6, 6, 6, 5, 6, 6, 5, 6, 6, 5, 6, 6, 6, 6, 6, 6, 6, 6, 6, 6, 6, 6, 6, 6, 5, 5, 5, 5, 6, 6, 6, 7, 7, 7, 6, 6, 6, 5, 6, 6, 5, 6, 6, 5, 5, 5, 6, 6, 6, 6, 6, 6, 5, 6, 6, 5, 6, 6, 5, 5, 5, 6, 6, 6, 6, 6, 6, 6, 6, 6, 6, 6, 6, 5, 5, 5, 5, 6, 6, 6, 5, 5, 6, 6, 6, 6]

################################################################
