Numero total de amostras 770

Tempo total de processamento: 0:26:53

############## TEMPOS DE PROCESSAMENTO DO EXERCICIO NO JAIL  ####################
Soma 4396 segundos
Media 5.709090909090909 segundos
Desvio padr達o 0.45418167261079256 segundos
Minimo 5 segundos
Maximo 6 segundos

95% 5.0 segundos
99% 5.0 segundos

############## TEMPOS DE PROCESSAMENTO DO EXERCICIO NO JAIL COM DOWNLOAD  ################
Soma 4842 segundos
Media 6.288311688311689 segundos
Desvio padr達o 0.4558349057410531 segundos
Minimo 6 segundos
Maximo 8 segundos

95% 6.0 segundos
99% 6.0 segundos

################### TEMPOS DE DOWNLOAD DO EXERCICIO NO JAIL #######################
Soma 446 segundos
Media 0.5792207792207792 segundos
Desvio padr達o 0.5015139837849591 segundos
Minimo 0 segundos
Maximo 2 segundos

95% 0.0 segundos
99% 0.0 segundos

############################ TEMPOS DE ESPERA NA FILA ############################
Soma 367810
Media 477.6753246753247 segundos
Desvio padr達o 274.47881859746633 segundos
Minimo 3 segundos
Maximo 956 segundos

95% 13.3055 segundos
99% 13.6131 segundos

################### queue_wait_time_list: ######################

[5, 4, 3, 9, 8, 8, 14, 13, 12, 17, 16, 15, 21, 21, 20, 25, 24, 23, 28, 28, 28, 32, 32, 31, 35, 35, 34, 40, 40, 39, 43, 43, 42, 46, 48, 47, 50, 51, 50, 53, 54, 54, 57, 58, 58, 61, 62, 61, 65, 66, 65, 68, 69, 68, 71, 73, 72, 75, 76, 76, 79, 79, 80, 83, 84, 83, 86, 87, 86, 90, 91, 90, 94, 95, 94, 97, 99, 98, 101, 103, 102, 104, 106, 105, 107, 110, 109, 111, 113, 113, 115, 118, 117, 119, 121, 120, 122, 124, 124, 126, 128, 128, 130, 132, 131, 134, 136, 135, 137, 139, 138, 141, 143, 143, 144, 147, 146, 148, 152, 151, 152, 155, 154, 155, 158, 158, 160, 163, 162, 163, 166, 165, 166, 171, 170, 170, 174, 173, 173, 178, 177, 178, 182, 181, 181, 185, 185, 185, 190, 189, 188, 193, 192, 193, 198, 197, 196, 201, 200, 199, 204, 205, 204, 208, 208, 207, 211, 211, 211, 216, 215, 215, 219, 219, 218, 223, 223, 222, 226, 226, 225, 230, 230, 230, 234, 233, 233, 237, 237, 237, 241, 241, 240, 244, 244, 243, 247, 248, 248, 252, 251, 251, 256, 255, 255, 259, 258, 258, 262, 262, 262, 266, 264, 265, 269, 269, 269, 273, 273, 273, 276, 276, 276, 281, 280, 280, 284, 284, 283, 286, 287, 287, 291, 291, 290, 293, 294, 295, 299, 298, 298, 302, 300, 301, 303, 303, 304, 308, 308, 309, 313, 313, 313, 318, 317, 316, 321, 320, 320, 325, 324, 323, 328, 327, 327, 332, 332, 331, 336, 335, 334, 339, 338, 338, 343, 343, 342, 346, 346, 345, 350, 350, 349, 354, 354, 353, 356, 357, 357, 361, 361, 360, 364, 365, 364, 368, 368, 367, 371, 371, 371, 375, 375, 373, 378, 379, 378, 383, 383, 382, 386, 386, 385, 389, 390, 389, 394, 393, 393, 397, 396, 397, 401, 400, 400, 404, 404, 403, 407, 407, 407, 411, 411, 410, 414, 415, 415, 419, 418, 418, 422, 421, 422, 426, 425, 425, 429, 428, 428, 433, 433, 432, 436, 436, 435, 439, 440, 439, 444, 443, 443, 447, 446, 446, 451, 450, 450, 454, 453, 453, 458, 457, 457, 462, 461, 460, 465, 464, 464, 469, 469, 468, 473, 472, 472, 477, 477, 476, 480, 480, 479, 484, 484, 483, 488, 488, 487, 491, 492, 491, 495, 495, 494, 498, 499, 499, 502, 503, 502, 505, 506, 505, 509, 511, 510, 513, 514, 513, 516, 519, 518, 521, 522, 521, 524, 525, 524, 527, 530, 529, 531, 533, 532, 535, 537, 536, 538, 541, 540, 542, 545, 544, 546, 549, 548, 549, 552, 552, 553, 556, 555, 556, 560, 559, 559, 563, 563, 564, 567, 566, 567, 571, 571, 571, 575, 574, 573, 579, 578, 578, 583, 582, 582, 587, 586, 585, 591, 590, 589, 594, 594, 593, 597, 598, 597, 601, 601, 600, 605, 606, 604, 608, 609, 608, 612, 612, 612, 616, 616, 615, 619, 620, 619, 623, 624, 623, 627, 628, 627, 630, 631, 631, 631, 633, 633, 635, 638, 638, 640, 643, 642, 644, 646, 645, 648, 651, 650, 652, 654, 652, 654, 657, 657, 659, 662, 661, 662, 665, 665, 666, 670, 669, 670, 673, 673, 674, 677, 676, 677, 681, 680, 680, 685, 684, 685, 689, 688, 688, 692, 692, 692, 697, 696, 695, 700, 698, 698, 704, 703, 702, 708, 707, 706, 713, 711, 711, 716, 715, 714, 719, 720, 718, 722, 723, 722, 726, 727, 727, 731, 731, 730, 734, 734, 733, 738, 739, 738, 741, 742, 741, 744, 747, 744, 746, 748, 746, 750, 753, 753, 755, 758, 757, 759, 762, 761, 763, 766, 765, 766, 769, 768, 771, 773, 772, 774, 777, 776, 777, 780, 780, 780, 785, 784, 784, 788, 787, 788, 792, 791, 792, 796, 795, 795, 800, 799, 799, 804, 803, 802, 807, 807, 807, 812, 811, 810, 815, 814, 814, 819, 819, 818, 822, 822, 821, 827, 826, 825, 830, 830, 829, 833, 834, 833, 837, 838, 837, 840, 842, 841, 845, 844, 844, 848, 849, 848, 852, 853, 852, 855, 857, 856, 859, 861, 860, 862, 864, 863, 866, 868, 868, 870, 872, 871, 873, 875, 874, 877, 880, 879, 881, 883, 882, 885, 887, 886, 887, 891, 890, 891, 894, 894, 896, 899, 898, 899, 902, 901, 903, 907, 906, 906, 910, 909, 909, 915, 914, 914, 918, 917, 917, 921, 921, 921, 926, 925, 924, 929, 928, 928, 934, 933, 932, 936, 936, 935, 941, 940, 940, 944, 944, 943, 947, 948, 947, 952, 952, 951, 955, 956, 955]

################################################################
################### jail_ex_download_list: ######################

[2, 2, 2, 1, 1, 0, 0, 0, 1, 1, 1, 1, 0, 0, 0, 0, 1, 1, 1, 0, 0, 1, 1, 1, 1, 1, 1, 0, 0, 0, 0, 1, 1, 0, 0, 0, 1, 1, 1, 1, 1, 0, 0, 1, 0, 0, 0, 0, 0, 0, 1, 1, 1, 1, 1, 1, 1, 1, 1, 0, 0, 1, 0, 0, 0, 0, 1, 1, 1, 1, 1, 1, 0, 0, 0, 0, 1, 1, 0, 0, 0, 1, 1, 1, 1, 1, 1, 1, 1, 0, 0, 0, 0, 0, 0, 1, 1, 1, 1, 1, 1, 0, 0, 0, 0, 0, 1, 1, 0, 1, 1, 1, 0, 1, 1, 1, 1, 0, 0, 0, 1, 1, 1, 1, 1, 1, 0, 0, 0, 0, 1, 1, 1, 0, 0, 1, 1, 1, 1, 1, 1, 0, 1, 1, 1, 1, 1, 1, 0, 1, 1, 1, 1, 0, 0, 0, 0, 0, 1, 1, 0, 0, 0, 1, 1, 1, 1, 1, 1, 0, 1, 0, 0, 0, 0, 0, 0, 1, 1, 0, 1, 1, 1, 0, 0, 1, 0, 0, 1, 1, 0, 0, 1, 1, 0, 1, 1, 0, 0, 0, 0, 0, 0, 1, 0, 0, 1, 0, 0, 1, 1, 0, 1, 1, 1, 0, 1, 1, 1, 0, 1, 1, 0, 0, 1, 0, 0, 0, 0, 0, 0, 1, 1, 0, 1, 1, 0, 0, 0, 1, 0, 0, 1, 1, 1, 1, 1, 1, 1, 0, 1, 1, 0, 0, 0, 1, 0, 1, 1, 1, 1, 1, 1, 1, 0, 0, 0, 1, 0, 1, 1, 0, 1, 1, 1, 0, 0, 1, 1, 1, 1, 1, 1, 0, 0, 0, 0, 0, 0, 1, 0, 1, 1, 0, 1, 1, 1, 1, 1, 1, 1, 1, 1, 1, 0, 0, 0, 0, 0, 1, 1, 0, 1, 1, 1, 1, 0, 1, 0, 0, 1, 0, 0, 1, 0, 1, 0, 1, 1, 0, 1, 1, 0, 1, 1, 0, 0, 0, 0, 0, 0, 1, 0, 1, 1, 1, 1, 1, 1, 1, 0, 1, 1, 0, 1, 1, 0, 1, 0, 0, 0, 0, 0, 0, 0, 1, 0, 1, 1, 0, 1, 1, 1, 0, 0, 1, 1, 1, 1, 1, 0, 0, 0, 1, 1, 0, 0, 0, 1, 1, 1, 1, 1, 1, 0, 0, 0, 0, 1, 1, 0, 1, 1, 0, 0, 0, 1, 1, 1, 1, 1, 1, 0, 0, 0, 1, 1, 1, 1, 0, 0, 0, 1, 1, 0, 1, 1, 0, 1, 1, 1, 1, 1, 1, 1, 1, 1, 0, 0, 0, 1, 1, 0, 0, 0, 0, 1, 1, 1, 1, 1, 1, 1, 1, 1, 1, 1, 0, 1, 1, 0, 1, 1, 1, 1, 1, 1, 0, 0, 1, 1, 1, 0, 0, 0, 0, 0, 1, 1, 1, 0, 0, 1, 1, 1, 1, 1, 1, 0, 0, 0, 0, 1, 1, 1, 1, 1, 1, 1, 0, 1, 0, 0, 1, 1, 1, 0, 0, 0, 0, 0, 0, 0, 1, 1, 1, 0, 0, 1, 1, 1, 1, 1, 1, 1, 0, 0, 0, 1, 1, 0, 0, 0, 1, 1, 1, 1, 1, 1, 1, 0, 0, 0, 1, 1, 0, 1, 1, 0, 1, 1, 1, 1, 1, 0, 0, 0, 0, 1, 1, 0, 0, 0, 1, 1, 1, 1, 1, 1, 1, 1, 1, 1, 0, 1, 1, 0, 1, 1, 0, 0, 0, 1, 1, 1, 1, 0, 0, 0, 1, 1, 0, 1, 1, 0, 0, 0, 1, 1, 1, 1, 0, 0, 0, 1, 1, 0, 0, 0, 0, 1, 1, 1, 0, 0, 1, 0, 0, 1, 1, 1, 0, 1, 1, 0, 1, 0, 1, 1, 1, 1, 0, 0, 1, 1, 1, 1, 1, 1, 0, 0, 0, 0, 1, 1, 1, 1, 1, 1, 1, 1, 0, 0, 0, 0, 1, 1, 1, 1, 0, 0, 1, 1, 1, 0, 1, 1, 0, 0, 0, 1, 1, 1, 1, 0, 0, 1, 1, 1, 0, 1, 1, 0, 0, 0, 1, 1, 1, 1, 0, 0, 1, 0, 0, 1, 1, 1, 0, 0, 0, 0, 1, 1, 1, 1, 1, 1, 0, 0, 0, 1, 1, 0, 1, 1, 1, 0, 0, 1, 1, 1, 0, 0, 0, 0, 1, 1, 0, 0, 0, 0, 1, 1, 1, 0, 0, 0, 0, 1, 0, 1, 1, 1, 0, 0, 1, 1, 1, 1, 0, 1, 1, 0, 1, 1, 1, 0, 1, 1, 1, 1, 1, 1, 1, 0, 0, 0, 0, 0, 0]

################################################################
################################################################
################### process_jail_download_list: ######################

[7, 7, 8, 7, 7, 6, 6, 6, 6, 7, 7, 7, 6, 6, 6, 6, 7, 7, 6, 6, 6, 6, 6, 6, 7, 7, 7, 6, 6, 6, 6, 7, 7, 6, 6, 6, 6, 7, 6, 7, 6, 6, 6, 7, 6, 6, 6, 6, 6, 6, 6, 6, 6, 6, 6, 6, 7, 7, 6, 6, 6, 7, 6, 6, 6, 6, 6, 6, 6, 7, 7, 7, 6, 6, 6, 6, 7, 7, 6, 6, 6, 6, 6, 6, 6, 6, 7, 7, 7, 6, 6, 6, 6, 6, 6, 6, 6, 6, 7, 7, 7, 6, 6, 6, 6, 6, 6, 6, 6, 7, 7, 6, 6, 6, 7, 7, 7, 6, 6, 6, 6, 6, 6, 7, 7, 7, 6, 6, 6, 6, 7, 7, 6, 6, 6, 6, 6, 6, 7, 7, 7, 6, 6, 6, 6, 7, 7, 6, 6, 6, 7, 6, 7, 6, 6, 6, 6, 6, 7, 7, 6, 6, 6, 6, 6, 6, 7, 6, 7, 6, 7, 6, 6, 6, 6, 6, 6, 6, 6, 6, 7, 7, 6, 6, 6, 6, 6, 6, 7, 6, 6, 6, 6, 6, 6, 7, 7, 6, 6, 6, 6, 6, 6, 6, 6, 6, 6, 6, 6, 6, 6, 6, 7, 6, 6, 6, 7, 6, 6, 6, 7, 6, 6, 6, 7, 6, 6, 6, 6, 6, 6, 6, 6, 6, 7, 7, 6, 6, 6, 6, 6, 6, 6, 6, 6, 6, 7, 7, 7, 6, 7, 7, 6, 6, 6, 6, 6, 6, 6, 6, 6, 7, 7, 7, 6, 6, 6, 6, 6, 6, 6, 6, 7, 7, 6, 6, 6, 6, 6, 6, 7, 7, 7, 6, 6, 6, 6, 6, 6, 6, 6, 6, 6, 6, 6, 6, 6, 6, 6, 6, 6, 7, 7, 7, 6, 6, 6, 6, 6, 6, 6, 6, 6, 7, 6, 7, 6, 6, 6, 6, 6, 6, 6, 7, 6, 6, 6, 6, 6, 6, 6, 6, 6, 7, 7, 6, 6, 6, 6, 6, 6, 6, 6, 6, 6, 6, 6, 7, 6, 6, 6, 6, 6, 6, 6, 7, 6, 7, 6, 6, 6, 6, 6, 6, 6, 6, 6, 6, 6, 6, 7, 7, 6, 6, 6, 6, 6, 7, 7, 7, 6, 6, 6, 7, 7, 6, 6, 6, 6, 6, 6, 7, 7, 7, 6, 6, 6, 6, 6, 6, 6, 7, 7, 6, 6, 6, 6, 6, 6, 7, 7, 7, 6, 6, 6, 6, 7, 7, 7, 6, 6, 6, 6, 6, 6, 7, 7, 6, 6, 6, 6, 6, 6, 6, 7, 7, 7, 6, 6, 6, 7, 7, 6, 6, 6, 6, 6, 6, 6, 7, 7, 6, 6, 6, 7, 6, 6, 6, 7, 7, 6, 6, 6, 6, 7, 7, 6, 6, 6, 7, 7, 7, 6, 6, 6, 6, 6, 7, 7, 6, 6, 6, 6, 6, 6, 7, 7, 7, 6, 6, 6, 6, 6, 6, 6, 6, 7, 6, 7, 6, 6, 6, 6, 7, 7, 7, 6, 6, 6, 6, 6, 6, 6, 7, 7, 6, 6, 6, 6, 6, 6, 6, 7, 7, 7, 6, 6, 6, 7, 7, 6, 6, 6, 6, 6, 6, 6, 7, 7, 7, 6, 6, 6, 6, 6, 6, 7, 7, 6, 6, 6, 7, 7, 7, 6, 6, 6, 6, 7, 7, 6, 6, 6, 6, 6, 6, 6, 7, 7, 7, 7, 7, 7, 6, 6, 6, 6, 7, 7, 6, 6, 6, 6, 7, 7, 7, 6, 6, 6, 6, 6, 6, 7, 7, 6, 6, 6, 6, 7, 7, 7, 6, 6, 6, 7, 7, 6, 6, 6, 6, 7, 7, 6, 6, 6, 6, 6, 6, 7, 6, 6, 6, 7, 7, 6, 6, 6, 6, 7, 7, 6, 6, 6, 6, 6, 6, 7, 7, 7, 6, 6, 6, 6, 7, 7, 6, 6, 6, 7, 7, 7, 6, 6, 6, 6, 6, 6, 7, 6, 6, 6, 7, 6, 6, 6, 7, 7, 6, 6, 6, 6, 7, 7, 6, 6, 6, 7, 6, 6, 6, 7, 7, 6, 6, 6, 6, 7, 7, 6, 6, 6, 6, 6, 6, 7, 7, 7, 6, 6, 6, 6, 6, 6, 6, 7, 7, 7, 6, 6, 6, 6, 6, 6, 7, 7, 6, 6, 6, 7, 7, 7, 6, 6, 6, 6, 7, 7, 6, 6, 6, 6, 7, 7, 7, 6, 6, 6, 6, 6, 6, 7, 7, 6, 6, 6, 6, 7, 7, 7, 6, 6, 6, 6, 7, 7, 6, 6, 6, 6, 6, 6, 7, 7, 7, 6, 6, 6, 6, 6, 6]

################################################################
################################################################
################### process_jail_list: ######################

[5, 5, 6, 6, 6, 6, 6, 6, 5, 6, 6, 6, 6, 6, 6, 6, 6, 6, 5, 6, 6, 5, 5, 5, 6, 6, 6, 6, 6, 6, 6, 6, 6, 6, 6, 6, 5, 6, 5, 6, 5, 6, 6, 6, 6, 6, 6, 6, 6, 6, 5, 5, 5, 5, 5, 5, 6, 6, 5, 6, 6, 6, 6, 6, 6, 6, 5, 5, 5, 6, 6, 6, 6, 6, 6, 6, 6, 6, 6, 6, 6, 5, 5, 5, 5, 5, 6, 6, 6, 6, 6, 6, 6, 6, 6, 5, 5, 5, 6, 6, 6, 6, 6, 6, 6, 6, 5, 5, 6, 6, 6, 5, 6, 5, 6, 6, 6, 6, 6, 6, 5, 5, 5, 6, 6, 6, 6, 6, 6, 6, 6, 6, 5, 6, 6, 5, 5, 5, 6, 6, 6, 6, 5, 5, 5, 6, 6, 5, 6, 5, 6, 5, 6, 6, 6, 6, 6, 6, 6, 6, 6, 6, 6, 5, 5, 5, 6, 5, 6, 6, 6, 6, 6, 6, 6, 6, 6, 5, 5, 6, 6, 6, 5, 6, 6, 5, 6, 6, 6, 5, 6, 6, 5, 5, 6, 6, 6, 6, 6, 6, 6, 6, 6, 5, 6, 6, 5, 6, 6, 5, 5, 6, 6, 5, 5, 6, 6, 5, 5, 6, 6, 5, 6, 6, 6, 6, 6, 6, 6, 6, 6, 5, 5, 6, 6, 6, 6, 6, 6, 5, 6, 6, 5, 5, 5, 5, 6, 6, 6, 6, 6, 6, 6, 6, 6, 5, 6, 5, 5, 5, 5, 6, 6, 6, 6, 6, 6, 5, 6, 5, 5, 6, 6, 6, 5, 6, 6, 5, 5, 5, 6, 6, 6, 6, 6, 6, 6, 6, 6, 5, 6, 5, 5, 6, 5, 5, 5, 5, 5, 5, 5, 6, 6, 6, 6, 6, 6, 6, 6, 5, 5, 6, 5, 6, 5, 6, 6, 5, 6, 6, 5, 6, 6, 6, 6, 5, 6, 5, 5, 6, 5, 5, 6, 6, 6, 6, 6, 6, 6, 6, 6, 5, 6, 5, 5, 5, 5, 6, 5, 5, 6, 5, 5, 6, 5, 6, 6, 6, 6, 6, 6, 6, 6, 6, 6, 5, 6, 5, 5, 6, 6, 6, 5, 6, 6, 5, 5, 6, 6, 6, 6, 6, 6, 6, 6, 6, 6, 6, 5, 5, 5, 6, 6, 6, 6, 6, 6, 6, 5, 5, 6, 6, 6, 6, 6, 6, 5, 5, 5, 6, 6, 6, 6, 6, 6, 5, 6, 6, 6, 6, 6, 6, 5, 5, 6, 6, 6, 6, 5, 5, 5, 5, 5, 5, 6, 6, 6, 6, 6, 6, 6, 6, 6, 6, 6, 6, 5, 5, 5, 6, 6, 5, 5, 5, 6, 5, 5, 6, 6, 6, 6, 5, 5, 5, 6, 6, 5, 6, 6, 6, 6, 6, 6, 6, 6, 6, 6, 6, 6, 5, 6, 6, 5, 5, 5, 6, 6, 6, 6, 6, 6, 6, 5, 5, 5, 5, 6, 5, 6, 6, 5, 6, 6, 6, 6, 6, 6, 6, 6, 6, 6, 6, 6, 6, 6, 5, 6, 6, 5, 5, 5, 5, 6, 6, 6, 6, 6, 6, 6, 6, 6, 6, 6, 5, 5, 5, 5, 6, 6, 6, 6, 6, 6, 5, 5, 6, 6, 6, 6, 5, 5, 6, 6, 6, 6, 6, 6, 6, 6, 6, 6, 6, 6, 5, 5, 5, 5, 6, 6, 6, 6, 6, 6, 6, 5, 5, 6, 6, 6, 6, 6, 6, 5, 6, 6, 6, 6, 6, 6, 5, 5, 6, 6, 6, 6, 6, 6, 5, 6, 6, 6, 6, 6, 6, 6, 6, 6, 6, 6, 6, 6, 6, 5, 6, 6, 5, 6, 6, 6, 5, 5, 6, 6, 6, 6, 5, 6, 5, 6, 6, 5, 6, 6, 5, 5, 5, 6, 6, 6, 6, 6, 6, 6, 6, 6, 5, 5, 5, 6, 6, 6, 6, 6, 6, 6, 5, 5, 6, 5, 6, 6, 6, 5, 5, 6, 6, 6, 6, 6, 6, 5, 6, 6, 5, 6, 6, 6, 5, 5, 6, 6, 6, 6, 6, 6, 5, 6, 6, 5, 6, 6, 5, 6, 6, 6, 6, 6, 6, 6, 6, 6, 5, 5, 5, 6, 6, 6, 6, 6, 6, 5, 5, 6, 6, 6, 5, 6, 6, 6, 6, 6, 6, 6, 6, 6, 6, 6, 6, 6, 6, 6, 6, 6, 6, 6, 6, 6, 6, 5, 6, 6, 6, 5, 6, 6, 5, 6, 6, 6, 6, 5, 5, 6, 6, 6, 5, 6, 5, 5, 5, 5, 6, 6, 6, 6, 6, 6, 6, 6, 6]

################################################################
