Numero total de amostras 770

Tempo total de processamento: 0:27:16

############## TEMPOS DE PROCESSAMENTO DO EXERCICIO NO JAIL  ####################
Soma 4450 segundos
Media 5.779220779220779 segundos
Desvio padr達o 0.42711282682793694 segundos
Minimo 5 segundos
Maximo 7 segundos

95% 5.0 segundos
99% 5.0 segundos

############## TEMPOS DE PROCESSAMENTO DO EXERCICIO NO JAIL COM DOWNLOAD  ################
Soma 4900 segundos
Media 6.363636363636363 segundos
Desvio padr達o 0.4810456929208346 segundos
Minimo 6 segundos
Maximo 7 segundos

95% 6.0 segundos
99% 6.0 segundos

################### TEMPOS DE DOWNLOAD DO EXERCICIO NO JAIL #######################
Soma 450 segundos
Media 0.5844155844155844 segundos
Desvio padr達o 0.49282249249377336 segundos
Minimo 0 segundos
Maximo 1 segundos

95% 0.0 segundos
99% 0.0 segundos

############################ TEMPOS DE ESPERA NA FILA ############################
Soma 374746
Media 486.6831168831169 segundos
Desvio padr達o 280.8523822652236 segundos
Minimo 3 segundos
Maximo 976 segundos

95% 13.0 segundos
99% 13.0 segundos

################### queue_wait_time_list: ######################

[4, 4, 3, 8, 8, 8, 13, 13, 12, 16, 16, 15, 20, 21, 20, 24, 25, 24, 27, 29, 28, 31, 32, 31, 34, 35, 36, 39, 40, 39, 42, 43, 42, 45, 47, 46, 49, 51, 50, 53, 54, 54, 56, 58, 57, 60, 62, 61, 63, 65, 64, 67, 69, 68, 71, 72, 73, 75, 77, 76, 78, 80, 79, 82, 85, 84, 85, 89, 88, 90, 93, 92, 93, 96, 95, 96, 101, 100, 101, 104, 103, 104, 109, 108, 108, 112, 112, 112, 116, 116, 116, 120, 119, 119, 123, 123, 124, 128, 127, 127, 131, 130, 130, 135, 134, 134, 138, 138, 137, 141, 140, 141, 146, 144, 144, 148, 148, 148, 152, 151, 152, 156, 156, 156, 160, 159, 159, 164, 163, 163, 167, 167, 167, 170, 171, 171, 174, 174, 175, 179, 178, 178, 182, 182, 181, 185, 186, 185, 189, 189, 189, 192, 192, 193, 197, 196, 196, 200, 199, 200, 204, 204, 204, 207, 207, 207, 211, 211, 211, 215, 214, 214, 218, 219, 217, 221, 222, 221, 225, 225, 225, 228, 229, 229, 232, 232, 232, 237, 236, 237, 240, 240, 240, 243, 244, 244, 248, 248, 247, 251, 251, 252, 255, 255, 254, 259, 258, 259, 262, 263, 263, 266, 266, 266, 270, 271, 271, 274, 274, 274, 277, 277, 277, 281, 281, 282, 285, 285, 285, 288, 289, 289, 292, 292, 292, 296, 295, 295, 300, 299, 300, 303, 302, 303, 307, 307, 307, 310, 310, 310, 314, 313, 315, 318, 317, 318, 321, 320, 322, 326, 325, 325, 329, 328, 328, 334, 333, 333, 338, 337, 336, 342, 341, 340, 346, 345, 344, 349, 349, 349, 353, 353, 352, 357, 358, 357, 361, 361, 360, 364, 365, 364, 367, 369, 368, 371, 372, 371, 375, 376, 376, 379, 381, 380, 383, 384, 384, 387, 389, 388, 390, 392, 391, 393, 397, 396, 398, 400, 399, 401, 404, 404, 405, 408, 407, 409, 412, 411, 412, 417, 416, 416, 420, 419, 420, 424, 423, 424, 429, 428, 429, 432, 432, 432, 437, 436, 435, 440, 440, 440, 444, 444, 443, 449, 449, 448, 453, 453, 452, 457, 456, 456, 461, 461, 460, 464, 465, 463, 468, 468, 468, 472, 473, 472, 475, 477, 475, 479, 481, 480, 483, 483, 483, 487, 489, 488, 491, 492, 491, 494, 496, 495, 499, 499, 499, 502, 503, 503, 506, 507, 506, 509, 510, 509, 513, 514, 513, 517, 518, 517, 520, 522, 521, 524, 525, 525, 528, 529, 529, 531, 533, 532, 535, 536, 535, 539, 541, 539, 543, 544, 543, 546, 549, 548, 551, 552, 551, 554, 557, 556, 558, 561, 560, 562, 564, 563, 566, 569, 568, 569, 572, 571, 573, 577, 576, 577, 580, 579, 580, 580, 580, 581, 585, 585, 586, 592, 591, 591, 596, 595, 595, 600, 600, 599, 605, 604, 603, 608, 607, 605, 611, 612, 611, 616, 615, 614, 618, 619, 619, 623, 623, 622, 624, 625, 625, 631, 628, 629, 634, 633, 634, 637, 637, 637, 641, 641, 640, 645, 644, 644, 649, 648, 648, 652, 652, 652, 656, 655, 656, 659, 658, 660, 663, 662, 662, 666, 666, 666, 671, 670, 670, 674, 673, 673, 678, 678, 678, 682, 681, 681, 685, 684, 685, 689, 687, 688, 692, 692, 692, 697, 696, 696, 700, 699, 699, 703, 702, 703, 708, 707, 707, 712, 711, 712, 716, 715, 715, 720, 719, 718, 724, 723, 722, 727, 727, 726, 731, 731, 730, 735, 735, 734, 738, 738, 738, 743, 743, 741, 746, 746, 745, 749, 750, 750, 754, 753, 753, 757, 757, 757, 761, 761, 760, 764, 764, 764, 769, 768, 768, 772, 771, 771, 776, 776, 775, 779, 779, 778, 782, 782, 783, 787, 786, 786, 790, 789, 789, 793, 792, 793, 797, 796, 796, 800, 800, 800, 804, 804, 804, 809, 808, 807, 812, 811, 812, 816, 815, 815, 820, 819, 819, 824, 823, 823, 828, 827, 826, 832, 832, 831, 835, 835, 834, 839, 836, 836, 841, 842, 841, 847, 848, 847, 851, 851, 850, 854, 856, 855, 859, 859, 858, 862, 863, 862, 865, 867, 866, 869, 871, 871, 874, 875, 874, 877, 879, 878, 880, 883, 882, 885, 887, 886, 888, 890, 889, 891, 895, 894, 896, 898, 897, 899, 902, 902, 903, 906, 905, 906, 910, 909, 911, 914, 913, 914, 918, 917, 917, 922, 921, 919, 923, 923, 924, 929, 928, 929, 934, 933, 932, 938, 937, 937, 941, 941, 940, 945, 943, 943, 949, 949, 948, 952, 952, 951, 956, 956, 956, 960, 961, 960, 963, 964, 964, 968, 969, 968, 971, 972, 971, 976]

################################################################
################### jail_ex_download_list: ######################

[1, 1, 1, 1, 1, 1, 0, 0, 0, 1, 1, 1, 1, 1, 1, 0, 0, 0, 0, 0, 1, 1, 1, 1, 1, 1, 0, 0, 0, 0, 0, 1, 1, 1, 1, 1, 1, 1, 1, 0, 1, 1, 0, 1, 1, 1, 0, 0, 1, 0, 1, 1, 1, 1, 0, 1, 0, 0, 0, 0, 1, 1, 1, 1, 1, 1, 1, 0, 0, 0, 0, 1, 1, 1, 1, 1, 1, 1, 0, 1, 1, 0, 1, 1, 1, 1, 0, 0, 0, 0, 0, 1, 1, 1, 1, 0, 0, 0, 0, 0, 0, 1, 1, 0, 1, 1, 1, 0, 1, 1, 0, 0, 0, 1, 0, 0, 1, 1, 1, 1, 1, 1, 0, 0, 0, 1, 0, 1, 1, 1, 1, 0, 0, 1, 0, 0, 1, 1, 1, 0, 1, 1, 0, 0, 1, 0, 0, 0, 0, 0, 0, 1, 1, 1, 0, 1, 1, 0, 1, 1, 1, 0, 0, 1, 1, 0, 0, 1, 1, 0, 1, 1, 0, 0, 1, 1, 0, 1, 1, 0, 0, 1, 1, 1, 0, 1, 1, 0, 0, 0, 1, 1, 0, 1, 1, 1, 0, 0, 0, 0, 0, 1, 1, 1, 1, 0, 1, 0, 1, 0, 0, 1, 1, 1, 0, 0, 0, 1, 1, 1, 1, 1, 1, 0, 1, 0, 0, 0, 0, 1, 0, 1, 1, 1, 1, 0, 1, 1, 0, 1, 0, 0, 1, 0, 1, 0, 1, 1, 0, 1, 0, 0, 0, 1, 1, 0, 1, 1, 0, 0, 0, 1, 1, 1, 1, 1, 1, 1, 0, 0, 1, 1, 1, 1, 0, 1, 1, 0, 0, 0, 1, 1, 1, 0, 0, 0, 0, 1, 1, 1, 0, 0, 1, 0, 1, 1, 1, 1, 0, 1, 1, 1, 0, 0, 0, 1, 1, 0, 0, 0, 1, 1, 1, 1, 0, 0, 0, 1, 1, 1, 0, 0, 1, 1, 1, 0, 1, 1, 1, 0, 0, 0, 1, 1, 1, 1, 1, 1, 0, 0, 0, 1, 1, 1, 1, 0, 1, 1, 1, 0, 1, 1, 1, 0, 1, 1, 1, 0, 0, 0, 1, 1, 0, 1, 1, 1, 0, 0, 0, 1, 1, 1, 1, 1, 1, 1, 1, 0, 0, 1, 1, 1, 1, 0, 0, 0, 1, 0, 1, 1, 1, 1, 0, 1, 0, 0, 0, 0, 1, 0, 0, 1, 1, 1, 0, 1, 1, 1, 0, 0, 1, 1, 1, 1, 1, 0, 0, 0, 0, 1, 1, 1, 1, 1, 1, 0, 0, 0, 1, 1, 1, 1, 0, 0, 0, 1, 1, 0, 1, 1, 1, 0, 0, 0, 1, 1, 1, 0, 0, 1, 1, 1, 1, 0, 0, 0, 1, 1, 1, 0, 0, 1, 1, 1, 1, 0, 0, 0, 1, 1, 1, 1, 1, 1, 0, 0, 0, 1, 1, 1, 1, 1, 1, 0, 1, 1, 0, 0, 0, 1, 1, 1, 1, 1, 1, 0, 1, 0, 0, 1, 1, 1, 0, 1, 1, 0, 0, 0, 0, 0, 0, 1, 1, 1, 1, 1, 1, 1, 0, 1, 1, 0, 0, 0, 0, 0, 0, 1, 1, 1, 1, 1, 1, 1, 0, 0, 1, 0, 1, 1, 1, 1, 1, 1, 1, 1, 1, 0, 0, 0, 1, 1, 0, 1, 1, 1, 1, 0, 0, 0, 1, 0, 0, 0, 1, 1, 1, 0, 0, 1, 1, 1, 1, 1, 0, 0, 0, 1, 1, 1, 0, 0, 1, 1, 1, 0, 0, 0, 1, 1, 1, 1, 1, 0, 0, 1, 0, 0, 1, 0, 1, 0, 1, 1, 0, 1, 0, 1, 0, 0, 1, 0, 1, 0, 1, 1, 0, 1, 1, 0, 0, 0, 1, 0, 0, 1, 0, 0, 1, 1, 1, 1, 1, 1, 0, 0, 1, 1, 1, 0, 0, 1, 1, 1, 0, 1, 1, 0, 1, 1, 1, 1, 1, 0, 0, 1, 1, 1, 0, 0, 1, 1, 1, 0, 0, 0, 1, 1, 1, 0, 0, 0, 1, 1, 1, 1, 0, 0, 0, 1, 1, 0, 0, 0, 1, 1, 1, 1, 0, 0, 0, 1, 1, 0, 0, 0, 1, 0, 0, 0, 0, 0, 1, 1, 1, 1, 0, 0, 0, 1, 1, 0, 0, 0, 1, 1, 1, 1, 0, 0, 0, 1, 1, 1, 0, 1, 1, 1, 1, 0, 1, 1, 1, 1, 1, 1, 0, 0, 1, 1, 1, 0, 1, 0, 0, 0, 1, 1, 1, 0, 1, 1, 1, 1, 0, 1, 1, 1, 0, 0, 1, 1, 1, 0, 0, 0, 1, 1, 1, 0]

################################################################
################################################################
################### process_jail_download_list: ######################

[7, 7, 7, 7, 7, 7, 6, 6, 6, 6, 7, 7, 7, 7, 7, 6, 6, 6, 6, 6, 6, 6, 6, 7, 7, 7, 6, 6, 6, 6, 6, 6, 6, 6, 7, 7, 7, 6, 6, 6, 6, 6, 6, 7, 7, 6, 6, 6, 6, 6, 6, 7, 6, 7, 6, 7, 6, 6, 6, 6, 6, 7, 7, 6, 7, 7, 7, 6, 6, 6, 6, 6, 6, 7, 7, 7, 6, 6, 6, 7, 7, 6, 6, 7, 7, 7, 6, 6, 6, 6, 6, 6, 7, 7, 7, 6, 6, 6, 6, 6, 6, 6, 6, 6, 7, 6, 6, 6, 7, 7, 6, 6, 6, 6, 6, 6, 6, 6, 6, 7, 7, 7, 6, 6, 6, 6, 6, 6, 7, 7, 6, 6, 6, 6, 6, 6, 7, 6, 6, 6, 7, 6, 6, 6, 7, 6, 6, 6, 6, 6, 6, 7, 6, 6, 6, 6, 6, 6, 7, 7, 6, 6, 6, 7, 6, 6, 6, 6, 6, 6, 7, 6, 6, 6, 6, 6, 6, 7, 6, 6, 6, 7, 6, 6, 6, 7, 7, 6, 6, 6, 6, 6, 6, 7, 7, 7, 6, 6, 6, 6, 6, 6, 7, 6, 7, 6, 7, 6, 6, 6, 6, 7, 7, 7, 6, 6, 6, 6, 6, 6, 7, 6, 7, 6, 7, 6, 6, 6, 6, 6, 6, 6, 7, 6, 6, 6, 6, 7, 6, 6, 6, 6, 7, 6, 6, 6, 6, 7, 6, 7, 6, 6, 6, 6, 6, 6, 7, 7, 6, 6, 6, 6, 7, 7, 7, 7, 7, 6, 6, 6, 6, 7, 7, 7, 6, 7, 7, 6, 6, 6, 7, 7, 7, 6, 6, 6, 6, 7, 7, 6, 6, 6, 6, 6, 6, 7, 7, 7, 6, 7, 7, 7, 6, 6, 6, 7, 7, 6, 6, 6, 6, 7, 7, 7, 6, 6, 6, 7, 7, 6, 6, 6, 7, 7, 7, 6, 7, 7, 7, 6, 6, 6, 7, 7, 6, 7, 7, 7, 6, 6, 6, 7, 7, 6, 6, 6, 7, 7, 7, 6, 7, 7, 7, 6, 7, 7, 7, 6, 6, 6, 7, 7, 6, 7, 7, 7, 6, 6, 6, 7, 7, 6, 6, 6, 7, 7, 7, 6, 6, 6, 7, 7, 7, 6, 6, 6, 6, 6, 6, 7, 6, 7, 6, 7, 6, 6, 6, 6, 6, 6, 6, 7, 6, 6, 6, 7, 7, 6, 6, 6, 6, 6, 7, 7, 7, 6, 6, 6, 6, 6, 6, 6, 7, 7, 7, 6, 6, 6, 6, 7, 7, 7, 6, 6, 6, 7, 7, 6, 7, 7, 7, 6, 6, 6, 7, 7, 6, 6, 6, 6, 7, 7, 7, 6, 6, 6, 7, 7, 6, 6, 6, 6, 7, 7, 7, 6, 6, 6, 7, 7, 6, 7, 7, 7, 6, 6, 6, 6, 7, 7, 7, 6, 6, 6, 7, 7, 6, 6, 6, 6, 6, 6, 7, 6, 7, 6, 6, 6, 6, 7, 6, 6, 6, 7, 7, 6, 6, 6, 6, 6, 6, 6, 6, 6, 6, 7, 6, 6, 6, 7, 7, 6, 6, 6, 6, 6, 6, 6, 6, 6, 6, 7, 7, 7, 6, 6, 6, 6, 6, 6, 6, 6, 6, 6, 7, 7, 7, 6, 6, 6, 6, 6, 6, 6, 7, 7, 7, 6, 7, 7, 7, 6, 6, 6, 7, 7, 6, 6, 6, 6, 6, 7, 7, 7, 6, 6, 6, 7, 7, 6, 6, 6, 7, 7, 7, 6, 6, 6, 6, 6, 6, 7, 6, 6, 6, 6, 6, 6, 7, 6, 6, 6, 6, 7, 6, 7, 6, 6, 6, 6, 7, 6, 6, 6, 6, 6, 6, 7, 7, 6, 6, 6, 6, 6, 6, 6, 6, 6, 6, 6, 6, 7, 7, 7, 6, 6, 7, 7, 6, 6, 6, 7, 6, 6, 6, 7, 7, 6, 6, 6, 7, 7, 7, 6, 6, 7, 7, 6, 6, 6, 7, 7, 7, 6, 6, 6, 7, 7, 7, 6, 6, 6, 6, 7, 7, 7, 6, 6, 6, 7, 7, 6, 6, 6, 6, 7, 7, 7, 6, 6, 6, 7, 7, 6, 7, 7, 7, 6, 6, 6, 6, 6, 6, 7, 7, 7, 6, 6, 6, 7, 7, 6, 6, 6, 6, 7, 7, 7, 6, 6, 6, 7, 7, 6, 6, 6, 7, 7, 7, 6, 6, 6, 6, 7, 7, 6, 6, 6, 7, 6, 7, 6, 7, 6, 6, 6, 7, 7, 6, 6, 6, 7, 7, 7, 6, 7, 7, 6, 6, 6, 7, 7, 7, 6, 6, 6, 7, 7, 7, 6]

################################################################
################################################################
################### process_jail_list: ######################

[6, 6, 6, 6, 6, 6, 6, 6, 6, 5, 6, 6, 6, 6, 6, 6, 6, 6, 6, 6, 5, 5, 5, 6, 6, 6, 6, 6, 6, 6, 6, 5, 5, 5, 6, 6, 6, 5, 5, 6, 5, 5, 6, 6, 6, 5, 6, 6, 5, 6, 5, 6, 5, 6, 6, 6, 6, 6, 6, 6, 5, 6, 6, 5, 6, 6, 6, 6, 6, 6, 6, 5, 5, 6, 6, 6, 5, 5, 6, 6, 6, 6, 5, 6, 6, 6, 6, 6, 6, 6, 6, 5, 6, 6, 6, 6, 6, 6, 6, 6, 6, 5, 5, 6, 6, 5, 5, 6, 6, 6, 6, 6, 6, 5, 6, 6, 5, 5, 5, 6, 6, 6, 6, 6, 6, 5, 6, 5, 6, 6, 5, 6, 6, 5, 6, 6, 6, 5, 5, 6, 6, 5, 6, 6, 6, 6, 6, 6, 6, 6, 6, 6, 5, 5, 6, 5, 5, 6, 6, 6, 5, 6, 6, 6, 5, 6, 6, 5, 5, 6, 6, 5, 6, 6, 5, 5, 6, 6, 5, 6, 6, 6, 5, 5, 6, 6, 6, 6, 6, 6, 5, 5, 6, 6, 6, 6, 6, 6, 6, 6, 6, 5, 6, 5, 6, 6, 6, 6, 5, 6, 6, 6, 6, 6, 6, 6, 6, 5, 5, 5, 6, 5, 6, 6, 6, 6, 6, 6, 6, 5, 6, 5, 6, 5, 5, 6, 5, 6, 6, 5, 6, 6, 6, 6, 5, 6, 5, 6, 6, 6, 6, 6, 6, 5, 5, 6, 6, 6, 6, 6, 6, 5, 6, 6, 6, 6, 6, 5, 6, 6, 5, 6, 6, 6, 6, 6, 6, 6, 6, 6, 6, 6, 6, 6, 6, 6, 6, 6, 6, 5, 6, 6, 5, 6, 5, 6, 6, 6, 6, 6, 6, 6, 6, 6, 6, 6, 6, 6, 6, 6, 5, 6, 6, 6, 6, 6, 6, 6, 6, 5, 6, 6, 6, 6, 6, 6, 6, 6, 6, 6, 6, 6, 6, 6, 5, 6, 6, 6, 6, 6, 6, 6, 6, 5, 5, 6, 6, 6, 6, 6, 6, 6, 6, 6, 6, 6, 6, 6, 6, 6, 6, 6, 6, 6, 6, 6, 6, 6, 6, 6, 6, 5, 5, 5, 6, 6, 6, 6, 6, 5, 6, 6, 6, 6, 6, 6, 5, 6, 5, 6, 5, 6, 6, 6, 6, 6, 6, 6, 5, 6, 6, 6, 5, 5, 6, 6, 6, 5, 6, 6, 5, 5, 6, 6, 6, 6, 6, 6, 6, 5, 5, 5, 6, 6, 6, 6, 6, 6, 5, 6, 6, 6, 6, 6, 6, 6, 6, 6, 6, 6, 6, 6, 6, 6, 6, 6, 5, 6, 6, 5, 6, 6, 6, 6, 6, 6, 6, 6, 5, 6, 6, 5, 6, 6, 6, 6, 6, 6, 6, 6, 5, 6, 6, 6, 6, 6, 6, 5, 6, 6, 6, 5, 5, 6, 6, 6, 6, 6, 6, 5, 5, 5, 6, 5, 6, 6, 5, 6, 6, 6, 5, 5, 6, 6, 6, 6, 6, 6, 6, 6, 6, 5, 5, 5, 5, 6, 5, 5, 6, 6, 6, 6, 6, 6, 6, 6, 6, 5, 5, 5, 5, 6, 6, 6, 6, 6, 5, 6, 5, 5, 5, 5, 5, 5, 6, 6, 6, 6, 6, 6, 5, 5, 6, 5, 6, 6, 6, 6, 7, 7, 6, 6, 6, 6, 6, 6, 5, 6, 6, 5, 5, 6, 6, 6, 6, 6, 6, 6, 6, 5, 6, 6, 6, 6, 6, 6, 6, 6, 5, 5, 5, 6, 5, 6, 6, 5, 6, 6, 6, 6, 5, 6, 5, 6, 6, 6, 6, 5, 6, 6, 6, 6, 5, 6, 5, 5, 6, 6, 6, 6, 6, 6, 5, 6, 6, 5, 6, 6, 5, 5, 5, 6, 6, 6, 6, 6, 6, 6, 5, 6, 6, 6, 5, 5, 6, 6, 6, 6, 5, 5, 6, 6, 6, 6, 6, 6, 6, 5, 6, 6, 6, 6, 6, 6, 6, 6, 6, 6, 6, 6, 6, 6, 5, 6, 6, 6, 6, 6, 6, 6, 6, 6, 6, 6, 5, 6, 6, 6, 6, 6, 6, 6, 6, 6, 7, 7, 6, 6, 6, 6, 6, 6, 5, 6, 6, 6, 6, 6, 6, 6, 6, 6, 6, 6, 5, 6, 6, 6, 6, 6, 6, 6, 6, 5, 6, 5, 6, 6, 6, 6, 5, 5, 5, 6, 6, 5, 6, 6, 6, 5, 6, 6, 6, 6, 6, 6, 6, 6, 5, 6, 5, 6, 6, 6, 6, 6, 6, 5, 6, 6, 6, 6, 6, 6, 6, 6, 6, 6, 6, 6]

################################################################
