Numero total de amostras 770

Tempo total de processamento: 0:27:00

############## TEMPOS DE PROCESSAMENTO DO EXERCICIO NO JAIL  ####################
Soma 4441 segundos
Media 5.767532467532468 segundos
Desvio padr達o 0.4285104246232458 segundos
Minimo 5 segundos
Maximo 7 segundos

95% 5.0 segundos
99% 5.0 segundos

############## TEMPOS DE PROCESSAMENTO DO EXERCICIO NO JAIL COM DOWNLOAD  ################
Soma 4853 segundos
Media 6.302597402597403 segundos
Desvio padr達o 0.45938242732902623 segundos
Minimo 6 segundos
Maximo 7 segundos

95% 6.0 segundos
99% 6.0 segundos

################### TEMPOS DE DOWNLOAD DO EXERCICIO NO JAIL #######################
Soma 412 segundos
Media 0.535064935064935 segundos
Desvio padr達o 0.49876893480738344 segundos
Minimo 0 segundos
Maximo 1 segundos

95% 0.0 segundos
99% 0.0 segundos

############################ TEMPOS DE ESPERA NA FILA ############################
Soma 369781
Media 480.23506493506494 segundos
Desvio padr達o 275.4380465218068 segundos
Minimo 2 segundos
Maximo 958 segundos

95% 10.305499999999999 segundos
99% 10.6131 segundos

################### queue_wait_time_list: ######################

[3, 3, 2, 7, 7, 6, 10, 11, 10, 15, 15, 14, 18, 19, 18, 23, 23, 22, 26, 26, 26, 31, 31, 31, 34, 35, 34, 39, 39, 39, 42, 43, 42, 45, 48, 46, 49, 52, 51, 53, 55, 55, 57, 60, 58, 60, 63, 62, 65, 68, 67, 68, 71, 70, 71, 75, 74, 76, 79, 77, 78, 82, 81, 83, 86, 85, 87, 89, 89, 91, 93, 93, 94, 96, 96, 97, 101, 101, 102, 103, 104, 105, 108, 108, 110, 112, 112, 113, 115, 115, 116, 119, 119, 121, 123, 122, 123, 126, 126, 127, 129, 130, 132, 133, 134, 136, 137, 137, 139, 141, 140, 142, 144, 145, 147, 148, 147, 150, 152, 150, 153, 156, 156, 158, 159, 160, 161, 163, 163, 165, 166, 167, 169, 170, 170, 173, 174, 174, 176, 178, 177, 179, 182, 182, 183, 185, 186, 188, 189, 188, 190, 193, 193, 195, 197, 197, 197, 199, 200, 202, 204, 205, 206, 208, 207, 209, 211, 212, 213, 216, 215, 215, 219, 219, 220, 223, 223, 223, 226, 226, 227, 230, 231, 231, 234, 234, 234, 237, 238, 237, 241, 242, 242, 244, 245, 245, 248, 249, 249, 252, 252, 253, 256, 257, 256, 259, 260, 260, 262, 264, 264, 267, 267, 268, 270, 271, 272, 274, 275, 274, 276, 278, 278, 281, 282, 282, 285, 285, 285, 288, 290, 290, 292, 293, 293, 295, 295, 296, 300, 300, 301, 303, 303, 305, 307, 307, 308, 310, 311, 311, 313, 314, 314, 318, 318, 319, 321, 322, 323, 325, 326, 326, 328, 329, 330, 333, 333, 333, 335, 337, 337, 340, 341, 341, 344, 345, 345, 347, 349, 349, 352, 352, 353, 354, 356, 356, 359, 360, 360, 363, 363, 363, 366, 368, 368, 370, 371, 371, 373, 374, 376, 378, 378, 379, 381, 381, 382, 385, 386, 387, 389, 389, 390, 391, 391, 393, 395, 396, 397, 399, 401, 400, 403, 404, 405, 406, 407, 409, 411, 410, 412, 414, 414, 415, 417, 419, 420, 421, 422, 422, 425, 426, 427, 428, 430, 431, 432, 433, 435, 436, 437, 438, 440, 441, 442, 443, 444, 445, 447, 448, 449, 451, 451, 453, 455, 456, 457, 458, 459, 461, 462, 463, 462, 465, 465, 468, 470, 470, 471, 473, 474, 475, 476, 477, 479, 481, 481, 483, 483, 484, 486, 488, 488, 490, 491, 492, 494, 494, 495, 497, 499, 499, 501, 502, 502, 504, 506, 507, 508, 510, 510, 513, 514, 514, 516, 517, 517, 519, 521, 521, 523, 524, 525, 527, 528, 528, 531, 532, 532, 534, 536, 536, 538, 540, 539, 541, 543, 543, 545, 547, 548, 549, 551, 551, 551, 554, 554, 556, 557, 557, 560, 561, 561, 563, 564, 565, 566, 569, 569, 570, 573, 573, 574, 576, 577, 578, 580, 579, 581, 584, 582, 585, 587, 588, 590, 591, 592, 593, 592, 594, 597, 597, 599, 601, 602, 603, 604, 604, 605, 607, 609, 611, 612, 613, 614, 616, 617, 616, 618, 619, 620, 623, 624, 625, 627, 628, 627, 629, 631, 632, 633, 635, 636, 637, 639, 638, 641, 643, 643, 644, 646, 647, 649, 650, 651, 653, 654, 654, 655, 657, 657, 660, 662, 660, 664, 665, 665, 668, 669, 669, 671, 673, 672, 675, 676, 676, 678, 680, 679, 682, 683, 683, 687, 688, 687, 690, 691, 689, 693, 694, 693, 695, 697, 697, 700, 702, 702, 705, 707, 705, 707, 710, 709, 711, 715, 714, 716, 717, 717, 720, 723, 722, 722, 726, 725, 726, 730, 729, 730, 734, 733, 733, 737, 737, 738, 742, 740, 740, 746, 745, 746, 750, 749, 749, 753, 752, 752, 757, 757, 755, 761, 760, 759, 763, 764, 764, 769, 768, 766, 771, 770, 770, 775, 776, 775, 780, 780, 779, 784, 785, 783, 786, 788, 787, 791, 793, 792, 795, 796, 795, 798, 800, 799, 802, 804, 802, 806, 808, 807, 809, 812, 811, 813, 816, 815, 816, 819, 819, 821, 824, 823, 824, 827, 827, 829, 832, 831, 831, 835, 833, 835, 839, 838, 839, 843, 842, 842, 847, 847, 846, 850, 851, 851, 855, 854, 855, 859, 858, 858, 862, 861, 862, 866, 866, 865, 868, 868, 869, 873, 873, 873, 877, 876, 877, 880, 880, 880, 883, 884, 885, 888, 887, 889, 891, 892, 892, 895, 895, 895, 898, 899, 899, 902, 902, 902, 906, 905, 906, 910, 908, 910, 913, 913, 914, 917, 917, 917, 920, 920, 921, 925, 924, 924, 927, 926, 928, 930, 931, 933, 935, 935, 936, 939, 938, 939, 942, 942, 943, 946, 945, 946, 949, 948, 950, 953, 952, 954, 958, 958, 958]

################################################################
################### jail_ex_download_list: ######################

[1, 1, 1, 1, 0, 0, 1, 1, 1, 0, 1, 1, 0, 1, 1, 0, 1, 1, 1, 1, 1, 0, 1, 0, 0, 1, 1, 0, 0, 0, 0, 1, 1, 1, 1, 1, 1, 0, 0, 0, 1, 1, 1, 0, 0, 1, 1, 1, 0, 0, 0, 0, 0, 1, 1, 1, 1, 0, 0, 0, 1, 0, 1, 1, 1, 1, 0, 1, 0, 0, 1, 1, 1, 0, 1, 1, 0, 0, 0, 1, 1, 1, 0, 1, 0, 0, 0, 0, 1, 0, 1, 1, 1, 0, 0, 1, 1, 0, 0, 1, 1, 0, 0, 1, 0, 0, 1, 1, 1, 0, 1, 1, 0, 0, 0, 1, 0, 0, 1, 1, 1, 0, 0, 0, 0, 1, 0, 1, 1, 0, 1, 0, 1, 0, 0, 0, 1, 1, 0, 1, 0, 1, 0, 0, 1, 1, 1, 0, 1, 1, 0, 0, 0, 0, 1, 1, 1, 1, 1, 1, 1, 0, 0, 0, 0, 0, 1, 1, 0, 0, 0, 1, 0, 0, 1, 0, 1, 1, 1, 1, 0, 1, 0, 0, 0, 0, 0, 0, 1, 1, 1, 0, 0, 1, 0, 0, 1, 1, 1, 0, 1, 0, 0, 0, 0, 1, 0, 1, 1, 1, 1, 0, 1, 0, 0, 0, 0, 0, 0, 0, 1, 1, 1, 1, 1, 1, 0, 1, 0, 1, 0, 1, 1, 1, 1, 1, 1, 1, 0, 1, 0, 0, 1, 0, 1, 0, 1, 1, 0, 1, 1, 1, 1, 0, 1, 1, 1, 0, 1, 1, 1, 1, 1, 1, 0, 0, 0, 0, 1, 1, 1, 1, 1, 1, 0, 0, 0, 1, 1, 1, 0, 1, 0, 1, 0, 1, 1, 1, 1, 0, 0, 0, 0, 0, 1, 1, 0, 1, 1, 0, 0, 0, 1, 0, 0, 1, 1, 1, 0, 0, 0, 0, 0, 0, 1, 1, 0, 1, 1, 1, 0, 1, 1, 0, 0, 1, 0, 0, 0, 1, 1, 0, 1, 1, 0, 0, 0, 1, 0, 1, 0, 1, 1, 0, 0, 0, 1, 1, 1, 1, 1, 1, 0, 0, 0, 0, 0, 1, 1, 1, 1, 0, 1, 0, 0, 0, 1, 1, 0, 1, 1, 1, 1, 0, 1, 0, 0, 1, 1, 1, 0, 1, 1, 0, 1, 0, 0, 0, 0, 1, 0, 1, 1, 1, 1, 0, 0, 0, 0, 0, 0, 1, 0, 1, 1, 1, 1, 0, 1, 0, 0, 0, 0, 0, 1, 1, 1, 1, 1, 1, 0, 0, 0, 0, 0, 0, 1, 1, 1, 1, 0, 0, 0, 1, 1, 1, 1, 1, 1, 0, 0, 1, 0, 0, 1, 0, 1, 0, 1, 1, 0, 1, 1, 1, 0, 0, 1, 0, 0, 1, 1, 1, 0, 1, 0, 1, 0, 1, 1, 0, 1, 0, 0, 0, 0, 1, 1, 1, 1, 1, 0, 0, 0, 0, 1, 1, 1, 1, 1, 0, 0, 0, 0, 1, 0, 0, 1, 1, 1, 1, 1, 0, 0, 1, 0, 0, 0, 0, 1, 0, 1, 1, 0, 1, 0, 0, 0, 1, 1, 1, 1, 0, 0, 0, 0, 0, 1, 1, 1, 1, 1, 1, 0, 1, 0, 0, 0, 1, 1, 1, 1, 0, 1, 0, 0, 1, 0, 1, 0, 1, 1, 1, 0, 0, 1, 0, 0, 1, 1, 1, 1, 1, 0, 0, 0, 1, 1, 0, 0, 0, 1, 1, 1, 1, 0, 0, 0, 1, 1, 0, 0, 0, 0, 1, 1, 1, 0, 0, 1, 1, 1, 0, 1, 0, 1, 0, 0, 1, 0, 0, 0, 0, 0, 0, 1, 1, 1, 1, 1, 1, 1, 1, 1, 1, 0, 0, 0, 1, 1, 1, 1, 1, 1, 0, 0, 1, 1, 1, 1, 0, 0, 1, 1, 1, 0, 0, 0, 1, 1, 1, 1, 0, 0, 1, 1, 1, 0, 0, 0, 0, 1, 1, 1, 0, 0, 0, 1, 1, 0, 0, 0, 1, 1, 1, 0, 0, 0, 0, 1, 1, 0, 0, 0, 1, 1, 1, 1, 1, 1, 1, 1, 0, 0, 0, 0, 0, 0, 0, 0, 0, 1, 1, 1, 0, 0, 1, 1, 1, 1, 1, 1, 0, 1, 0, 1, 0, 1, 1, 1, 0, 0, 1, 0, 0, 0, 0, 1, 0, 1, 1, 1, 1, 1, 1, 1, 0, 1, 0, 0, 1, 0, 0, 0, 1, 1, 0, 1, 1, 1, 0, 0, 1, 0, 0, 1, 1, 1, 0, 0, 1, 1, 0, 0, 1, 1, 0, 1, 1, 1, 1, 1, 0, 0, 0, 1, 1, 1, 0, 0, 1]

################################################################
################################################################
################### process_jail_download_list: ######################

[7, 7, 7, 6, 6, 6, 7, 7, 7, 7, 7, 7, 6, 6, 6, 6, 7, 7, 7, 7, 6, 6, 7, 6, 7, 7, 7, 6, 6, 6, 6, 7, 7, 6, 7, 7, 7, 6, 6, 6, 7, 7, 6, 6, 6, 7, 7, 7, 6, 6, 6, 6, 6, 6, 7, 7, 7, 6, 6, 6, 6, 6, 6, 7, 6, 7, 6, 6, 6, 6, 7, 6, 6, 6, 7, 7, 6, 6, 6, 7, 6, 7, 6, 7, 6, 6, 6, 6, 6, 6, 7, 7, 6, 6, 6, 7, 6, 6, 6, 7, 6, 6, 6, 6, 6, 6, 7, 6, 6, 6, 7, 7, 6, 6, 6, 6, 6, 6, 7, 7, 7, 6, 6, 6, 6, 6, 6, 6, 7, 6, 7, 6, 7, 6, 6, 6, 6, 7, 6, 7, 6, 6, 6, 6, 7, 6, 6, 6, 7, 7, 6, 6, 6, 6, 6, 6, 6, 6, 7, 7, 7, 6, 6, 6, 6, 6, 7, 7, 6, 6, 6, 6, 6, 6, 6, 6, 6, 7, 6, 7, 6, 7, 6, 6, 6, 6, 6, 6, 7, 7, 6, 6, 6, 6, 6, 6, 7, 6, 7, 6, 7, 6, 6, 6, 6, 6, 6, 6, 7, 6, 7, 6, 7, 6, 6, 6, 6, 6, 6, 6, 6, 6, 6, 7, 6, 7, 6, 7, 6, 6, 6, 6, 6, 6, 6, 7, 6, 7, 6, 6, 6, 6, 7, 6, 6, 6, 6, 6, 6, 6, 7, 6, 7, 6, 7, 6, 6, 6, 6, 6, 6, 7, 7, 7, 6, 6, 6, 6, 6, 6, 6, 7, 7, 7, 6, 6, 6, 7, 6, 7, 6, 7, 6, 6, 6, 6, 7, 7, 7, 6, 6, 6, 6, 6, 6, 6, 6, 7, 7, 6, 6, 6, 6, 6, 6, 7, 7, 7, 6, 6, 6, 6, 6, 6, 6, 6, 6, 7, 6, 6, 6, 7, 6, 6, 6, 7, 6, 6, 6, 6, 6, 6, 7, 7, 6, 6, 6, 7, 6, 6, 6, 7, 7, 6, 6, 6, 6, 6, 6, 7, 7, 7, 6, 6, 6, 6, 6, 6, 7, 6, 7, 6, 7, 6, 6, 6, 6, 6, 6, 6, 7, 6, 7, 6, 6, 6, 6, 7, 6, 6, 6, 6, 7, 6, 7, 6, 6, 6, 6, 6, 6, 6, 7, 6, 7, 6, 6, 6, 6, 6, 6, 6, 6, 6, 7, 6, 7, 6, 7, 6, 6, 6, 6, 6, 6, 6, 6, 7, 7, 7, 6, 6, 6, 6, 6, 6, 6, 7, 7, 7, 6, 6, 6, 6, 6, 6, 7, 7, 6, 6, 6, 6, 6, 6, 7, 6, 6, 6, 6, 6, 6, 7, 7, 6, 6, 6, 6, 6, 6, 7, 6, 7, 6, 7, 6, 6, 6, 6, 7, 6, 7, 6, 6, 6, 6, 6, 6, 7, 7, 7, 6, 6, 6, 6, 6, 6, 7, 7, 7, 6, 6, 6, 6, 6, 6, 6, 6, 6, 7, 7, 6, 6, 6, 7, 6, 6, 6, 6, 6, 6, 6, 7, 6, 7, 6, 6, 6, 6, 6, 7, 7, 6, 6, 6, 6, 6, 6, 6, 6, 7, 6, 7, 6, 7, 6, 6, 6, 6, 7, 6, 7, 6, 6, 6, 6, 7, 6, 6, 6, 7, 7, 6, 6, 6, 6, 6, 6, 6, 6, 7, 7, 7, 6, 6, 6, 7, 7, 6, 6, 6, 6, 7, 7, 7, 6, 6, 6, 7, 7, 6, 6, 6, 6, 7, 7, 6, 6, 6, 7, 6, 7, 6, 7, 6, 6, 6, 6, 7, 6, 6, 6, 6, 6, 6, 7, 7, 6, 6, 6, 6, 6, 7, 7, 7, 6, 6, 6, 7, 7, 6, 7, 7, 7, 6, 6, 6, 7, 7, 6, 6, 6, 7, 7, 7, 6, 6, 6, 6, 7, 7, 6, 6, 6, 7, 7, 7, 6, 6, 6, 6, 7, 7, 7, 6, 6, 6, 7, 7, 6, 6, 6, 7, 7, 7, 6, 6, 6, 6, 7, 7, 6, 6, 6, 6, 7, 7, 7, 7, 6, 7, 7, 6, 6, 6, 6, 6, 6, 6, 6, 6, 7, 7, 6, 6, 6, 6, 6, 6, 7, 6, 7, 6, 7, 6, 6, 6, 7, 7, 6, 6, 6, 7, 6, 6, 6, 6, 6, 6, 6, 6, 6, 6, 7, 6, 7, 6, 6, 6, 6, 7, 6, 6, 6, 6, 6, 6, 7, 7, 6, 6, 6, 6, 6, 6, 7, 7, 6, 6, 6, 7, 6, 6, 6, 6, 6, 6, 6, 6, 7, 7, 7, 6, 6, 6, 7, 7, 6, 6, 6, 7]

################################################################
################################################################
################### process_jail_list: ######################

[6, 6, 6, 5, 6, 6, 6, 6, 6, 7, 6, 6, 6, 5, 5, 6, 6, 6, 6, 6, 5, 6, 6, 6, 7, 6, 6, 6, 6, 6, 6, 6, 6, 5, 6, 6, 6, 6, 6, 6, 6, 6, 5, 6, 6, 6, 6, 6, 6, 6, 6, 6, 6, 5, 6, 6, 6, 6, 6, 6, 5, 6, 5, 6, 5, 6, 6, 5, 6, 6, 6, 5, 5, 6, 6, 6, 6, 6, 6, 6, 5, 6, 6, 6, 6, 6, 6, 6, 5, 6, 6, 6, 5, 6, 6, 6, 5, 6, 6, 6, 5, 6, 6, 5, 6, 6, 6, 5, 5, 6, 6, 6, 6, 6, 6, 5, 6, 6, 6, 6, 6, 6, 6, 6, 6, 5, 6, 5, 6, 6, 6, 6, 6, 6, 6, 6, 5, 6, 6, 6, 6, 5, 6, 6, 6, 5, 5, 6, 6, 6, 6, 6, 6, 6, 5, 5, 5, 5, 6, 6, 6, 6, 6, 6, 6, 6, 6, 6, 6, 6, 6, 5, 6, 6, 5, 6, 5, 6, 5, 6, 6, 6, 6, 6, 6, 6, 6, 6, 6, 6, 5, 6, 6, 5, 6, 6, 6, 5, 6, 6, 6, 6, 6, 6, 6, 5, 6, 5, 6, 5, 6, 6, 6, 6, 6, 6, 6, 6, 6, 6, 5, 5, 5, 6, 5, 6, 6, 6, 6, 5, 6, 5, 5, 5, 5, 6, 5, 6, 6, 5, 6, 6, 6, 6, 5, 6, 5, 5, 6, 5, 6, 5, 6, 6, 6, 5, 5, 6, 5, 5, 5, 6, 6, 6, 6, 6, 6, 6, 5, 5, 5, 6, 6, 6, 6, 6, 6, 6, 5, 6, 6, 6, 6, 5, 6, 5, 6, 6, 6, 6, 6, 6, 6, 6, 5, 5, 6, 6, 6, 6, 6, 6, 5, 6, 6, 6, 6, 6, 6, 6, 6, 6, 6, 6, 5, 5, 6, 6, 5, 5, 6, 6, 5, 6, 6, 6, 6, 6, 6, 5, 5, 6, 6, 6, 6, 6, 6, 6, 6, 5, 6, 6, 6, 6, 6, 6, 5, 5, 5, 6, 6, 6, 6, 6, 6, 6, 6, 5, 6, 5, 6, 6, 6, 6, 6, 6, 5, 5, 6, 5, 6, 5, 6, 6, 5, 6, 6, 6, 5, 5, 6, 5, 6, 6, 6, 6, 6, 6, 6, 5, 6, 5, 6, 5, 6, 6, 6, 6, 6, 6, 6, 5, 6, 5, 6, 5, 6, 6, 6, 6, 6, 6, 6, 6, 5, 5, 5, 6, 6, 6, 6, 6, 6, 6, 6, 6, 5, 6, 6, 6, 6, 6, 6, 5, 5, 5, 6, 6, 5, 6, 6, 5, 6, 6, 6, 6, 5, 6, 5, 5, 6, 6, 6, 5, 6, 6, 5, 6, 6, 6, 5, 6, 6, 6, 6, 5, 6, 5, 6, 6, 6, 6, 6, 6, 6, 5, 5, 6, 6, 6, 6, 6, 6, 6, 5, 5, 6, 6, 6, 6, 6, 6, 6, 5, 6, 6, 5, 5, 6, 6, 5, 6, 6, 6, 6, 6, 6, 6, 5, 6, 5, 6, 6, 6, 6, 6, 6, 5, 5, 6, 6, 6, 6, 6, 6, 6, 5, 5, 5, 6, 5, 6, 6, 6, 6, 6, 6, 5, 6, 5, 6, 6, 5, 6, 6, 6, 6, 5, 6, 6, 6, 5, 6, 6, 5, 6, 6, 5, 5, 6, 6, 6, 6, 6, 6, 6, 6, 6, 6, 6, 5, 6, 6, 6, 6, 6, 6, 6, 6, 6, 6, 6, 6, 6, 6, 5, 6, 6, 6, 5, 6, 6, 6, 6, 5, 6, 6, 6, 6, 6, 6, 6, 6, 6, 6, 6, 5, 5, 5, 5, 5, 6, 6, 6, 6, 6, 6, 6, 6, 5, 6, 6, 6, 6, 6, 5, 6, 6, 5, 6, 6, 6, 6, 6, 6, 6, 6, 5, 6, 6, 5, 6, 6, 6, 6, 6, 6, 6, 6, 6, 6, 6, 6, 6, 6, 6, 6, 6, 6, 6, 6, 6, 6, 6, 6, 6, 6, 6, 6, 6, 6, 6, 6, 5, 6, 6, 6, 6, 5, 6, 6, 6, 6, 6, 6, 6, 6, 6, 6, 6, 6, 6, 5, 6, 6, 5, 5, 5, 6, 5, 6, 6, 6, 6, 5, 6, 6, 6, 5, 6, 6, 6, 6, 6, 6, 6, 5, 6, 5, 5, 5, 5, 6, 5, 6, 6, 5, 6, 6, 6, 6, 6, 6, 5, 5, 6, 6, 6, 5, 6, 6, 5, 6, 6, 6, 6, 5, 6, 6, 6, 5, 6, 6, 5, 5, 6, 5, 5, 6, 6, 6, 6, 6, 6, 6, 6, 5, 6, 6, 6]

################################################################
