Numero total de amostras 770

Tempo total de processamento: 0:20:43

############## TEMPOS DE PROCESSAMENTO DO EXERCICIO NO JAIL  ####################
Soma 4509 segundos
Media 5.855844155844156 segundos
Desvio padr達o 0.4156026781701599 segundos
Minimo 5 segundos
Maximo 7 segundos

95% 5.0 segundos
99% 5.0 segundos

############## TEMPOS DE PROCESSAMENTO DO EXERCICIO NO JAIL COM DOWNLOAD  ################
Soma 4959 segundos
Media 6.44025974025974 segundos
Desvio padr達o 0.5118745128941095 segundos
Minimo 6 segundos
Maximo 8 segundos

95% 6.0 segundos
99% 6.0 segundos

################### TEMPOS DE DOWNLOAD DO EXERCICIO NO JAIL #######################
Soma 450 segundos
Media 0.5844155844155844 segundos
Desvio padr達o 0.4980650703498294 segundos
Minimo 0 segundos
Maximo 2 segundos

95% 0.0 segundos
99% 0.0 segundos

############################ TEMPOS DE ESPERA NA FILA ############################
Soma 226174
Media 293.7324675324675 segundos
Desvio padr達o 168.32528376227842 segundos
Minimo 2 segundos
Maximo 582 segundos

95% 9.305499999999999 segundos
99% 9.6131 segundos

################### queue_wait_time_list: ######################

[4, 4, 3, 2, 9, 7, 7, 6, 13, 12, 11, 10, 15, 15, 15, 13, 19, 19, 18, 17, 21, 21, 22, 21, 25, 23, 24, 23, 28, 28, 28, 27, 30, 30, 30, 30, 33, 33, 34, 33, 36, 36, 38, 37, 39, 40, 40, 40, 42, 42, 44, 43, 45, 45, 46, 45, 49, 49, 50, 49, 51, 51, 52, 52, 55, 55, 56, 55, 57, 57, 59, 58, 61, 61, 61, 61, 63, 64, 65, 64, 66, 67, 67, 66, 69, 70, 70, 69, 72, 72, 73, 73, 75, 76, 76, 75, 77, 78, 79, 79, 81, 81, 82, 81, 83, 83, 85, 84, 86, 87, 87, 86, 89, 90, 90, 90, 92, 92, 93, 93, 95, 96, 96, 96, 98, 98, 98, 99, 101, 101, 102, 101, 103, 105, 105, 105, 107, 107, 107, 107, 109, 110, 111, 110, 112, 113, 113, 114, 115, 116, 117, 116, 118, 119, 119, 119, 121, 122, 122, 122, 124, 125, 126, 125, 127, 129, 128, 128, 130, 132, 131, 131, 132, 134, 134, 134, 136, 137, 137, 137, 138, 139, 140, 140, 141, 142, 142, 142, 144, 146, 146, 145, 147, 148, 148, 147, 150, 152, 151, 151, 153, 154, 154, 154, 156, 157, 157, 157, 158, 160, 159, 160, 162, 163, 162, 162, 164, 166, 165, 165, 167, 168, 168, 167, 170, 172, 171, 171, 173, 174, 173, 174, 176, 178, 177, 176, 178, 180, 180, 179, 182, 183, 183, 182, 184, 186, 186, 185, 187, 189, 188, 187, 191, 192, 192, 191, 193, 194, 194, 194, 197, 198, 198, 197, 199, 200, 202, 201, 201, 202, 204, 202, 205, 206, 208, 207, 208, 209, 210, 210, 211, 213, 214, 213, 214, 215, 217, 217, 217, 219, 220, 219, 220, 221, 223, 223, 223, 224, 226, 226, 225, 228, 230, 229, 229, 230, 232, 232, 232, 234, 236, 235, 235, 236, 238, 238, 238, 239, 242, 241, 241, 242, 245, 245, 244, 245, 248, 247, 247, 247, 252, 250, 250, 251, 254, 254, 254, 254, 258, 258, 257, 257, 260, 261, 259, 260, 264, 264, 264, 263, 268, 268, 267, 266, 270, 271, 270, 270, 274, 274, 274, 273, 276, 277, 278, 277, 280, 280, 280, 279, 282, 284, 284, 282, 285, 286, 287, 286, 289, 289, 290, 289, 291, 292, 293, 292, 294, 295, 296, 296, 297, 297, 300, 299, 300, 301, 302, 301, 303, 304, 306, 305, 306, 306, 308, 307, 309, 310, 312, 311, 312, 312, 315, 315, 315, 315, 319, 318, 318, 319, 322, 321, 322, 322, 325, 324, 324, 325, 328, 327, 328, 328, 331, 330, 331, 331, 335, 334, 333, 333, 337, 336, 337, 336, 341, 340, 339, 339, 344, 343, 343, 342, 347, 346, 345, 345, 350, 350, 349, 348, 353, 353, 352, 352, 357, 356, 356, 355, 359, 359, 360, 359, 363, 362, 362, 361, 366, 366, 366, 365, 368, 368, 368, 368, 371, 371, 372, 371, 373, 374, 375, 375, 377, 377, 378, 378, 379, 379, 382, 381, 383, 382, 385, 384, 386, 386, 388, 387, 388, 388, 391, 390, 392, 391, 394, 393, 393, 394, 398, 397, 397, 397, 400, 399, 399, 399, 404, 403, 403, 403, 407, 406, 405, 406, 410, 410, 409, 409, 413, 413, 412, 412, 417, 416, 415, 415, 420, 419, 419, 418, 422, 422, 421, 422, 426, 427, 426, 425, 428, 429, 429, 428, 432, 432, 432, 431, 434, 436, 436, 435, 437, 439, 439, 438, 441, 442, 443, 442, 444, 444, 445, 445, 447, 448, 447, 447, 449, 450, 450, 450, 452, 454, 455, 454, 455, 457, 458, 457, 458, 459, 460, 460, 462, 463, 464, 463, 464, 465, 466, 465, 467, 468, 469, 469, 470, 471, 473, 472, 473, 474, 475, 475, 476, 477, 477, 478, 479, 480, 480, 480, 482, 483, 484, 484, 485, 485, 486, 487, 488, 489, 489, 489, 490, 491, 493, 492, 493, 494, 495, 495, 496, 496, 497, 497, 499, 500, 500, 500, 502, 503, 503, 503, 504, 505, 506, 507, 508, 508, 509, 509, 510, 511, 513, 513, 512, 514, 515, 515, 516, 518, 518, 519, 519, 520, 521, 521, 522, 523, 524, 525, 525, 526, 527, 528, 528, 529, 530, 530, 530, 532, 533, 534, 534, 535, 535, 536, 536, 538, 539, 539, 539, 540, 541, 542, 543, 543, 544, 545, 545, 546, 547, 548, 548, 549, 550, 551, 550, 551, 553, 554, 554, 555, 555, 556, 557, 558, 559, 560, 559, 560, 561, 563, 562, 562, 564, 565, 565, 565, 566, 568, 568, 569, 570, 571, 570, 572, 573, 574, 574, 574, 575, 577, 577, 577, 579, 580, 579, 580, 581, 582]

################################################################
################### jail_ex_download_list: ######################

[1, 1, 2, 2, 1, 1, 1, 1, 0, 1, 1, 1, 1, 1, 1, 1, 0, 0, 1, 1, 1, 1, 0, 0, 0, 1, 1, 1, 1, 0, 0, 0, 1, 1, 1, 1, 1, 1, 0, 1, 0, 0, 0, 0, 1, 0, 1, 0, 0, 0, 0, 0, 1, 1, 1, 1, 0, 0, 0, 1, 1, 1, 1, 1, 0, 0, 0, 0, 1, 1, 0, 1, 0, 0, 1, 0, 1, 1, 0, 0, 1, 0, 1, 1, 0, 1, 1, 1, 0, 1, 0, 0, 1, 0, 1, 1, 1, 1, 1, 0, 0, 1, 0, 0, 1, 1, 0, 1, 1, 0, 1, 1, 0, 0, 1, 0, 0, 1, 0, 1, 1, 0, 1, 0, 0, 1, 1, 1, 1, 1, 0, 1, 1, 0, 0, 0, 0, 1, 1, 1, 0, 0, 0, 0, 1, 0, 1, 0, 1, 1, 0, 1, 0, 0, 0, 1, 1, 1, 1, 0, 0, 1, 0, 1, 0, 0, 1, 0, 1, 0, 1, 1, 1, 0, 0, 1, 0, 1, 0, 0, 1, 1, 1, 0, 1, 1, 1, 1, 0, 0, 0, 1, 0, 1, 1, 1, 1, 0, 1, 0, 0, 0, 0, 1, 1, 1, 0, 0, 1, 0, 0, 0, 0, 1, 1, 1, 0, 1, 1, 1, 1, 1, 0, 1, 1, 0, 0, 0, 0, 1, 1, 0, 0, 0, 1, 1, 1, 1, 1, 1, 0, 1, 0, 0, 0, 1, 0, 1, 1, 0, 1, 1, 0, 0, 0, 0, 0, 1, 1, 1, 0, 0, 1, 1, 0, 1, 0, 0, 1, 1, 1, 1, 0, 0, 0, 0, 1, 1, 1, 0, 1, 0, 1, 1, 1, 1, 0, 1, 1, 0, 1, 1, 0, 0, 0, 1, 1, 1, 1, 0, 1, 0, 1, 1, 1, 1, 1, 0, 0, 0, 0, 0, 0, 0, 1, 1, 1, 1, 1, 1, 1, 0, 0, 0, 1, 1, 1, 1, 0, 1, 1, 1, 1, 0, 1, 1, 1, 1, 1, 1, 1, 1, 1, 1, 1, 1, 1, 1, 0, 0, 0, 1, 1, 1, 1, 1, 1, 1, 1, 0, 1, 1, 1, 1, 0, 0, 0, 1, 1, 1, 0, 0, 1, 1, 1, 0, 0, 0, 0, 1, 1, 1, 0, 0, 1, 1, 1, 0, 1, 0, 0, 1, 0, 1, 1, 0, 1, 1, 0, 0, 0, 1, 1, 1, 1, 1, 1, 0, 1, 1, 1, 1, 0, 0, 0, 1, 0, 0, 1, 0, 1, 1, 0, 0, 0, 0, 1, 1, 1, 1, 0, 0, 1, 1, 1, 1, 0, 0, 1, 1, 1, 1, 0, 1, 1, 0, 1, 1, 1, 1, 0, 1, 1, 1, 1, 1, 1, 1, 1, 1, 1, 1, 1, 1, 0, 1, 1, 1, 1, 1, 0, 0, 0, 1, 1, 1, 0, 0, 0, 0, 0, 0, 1, 1, 1, 1, 1, 1, 1, 0, 0, 0, 1, 0, 1, 0, 1, 1, 1, 1, 0, 1, 0, 0, 0, 0, 1, 1, 1, 1, 0, 0, 0, 1, 1, 1, 0, 0, 1, 1, 1, 1, 1, 1, 1, 1, 1, 1, 1, 1, 0, 0, 1, 1, 0, 0, 0, 0, 1, 1, 1, 1, 0, 1, 1, 0, 0, 1, 0, 1, 1, 1, 1, 0, 1, 0, 0, 0, 1, 1, 1, 1, 0, 1, 1, 1, 1, 0, 1, 0, 1, 0, 0, 0, 1, 1, 0, 0, 0, 0, 1, 1, 0, 0, 1, 0, 0, 1, 1, 1, 1, 0, 0, 0, 0, 1, 1, 1, 1, 1, 1, 0, 0, 0, 0, 0, 1, 1, 1, 1, 1, 1, 1, 0, 0, 0, 0, 1, 1, 1, 1, 0, 0, 1, 1, 0, 0, 0, 1, 1, 1, 1, 0, 0, 0, 1, 1, 1, 1, 0, 0, 1, 1, 1, 0, 1, 1, 1, 0, 0, 0, 1, 1, 1, 0, 0, 1, 1, 1, 0, 1, 1, 1, 1, 0, 0, 0, 1, 1, 1, 1, 0, 0, 0, 1, 1, 1, 1, 0, 0, 1, 0, 0, 0, 0, 1, 1, 1, 1, 0, 0, 0, 0, 0, 1, 0, 0, 1, 1, 1, 0, 0, 0, 0, 1, 1, 1, 0, 0, 1, 1, 0, 0, 0, 0, 1, 1, 1, 1, 0, 0, 1, 1, 0, 0, 0, 1, 1, 1, 1, 0, 0, 1, 1, 1, 0, 0, 0, 1, 1, 0, 0, 1, 1, 1, 1, 0, 1, 1, 1, 0, 0, 0, 0, 1, 0, 0, 1, 0, 1, 1, 0, 1, 1, 0, 1, 1, 0, 1, 1]

################################################################
################################################################
################### process_jail_download_list: ######################

[8, 8, 8, 8, 7, 7, 7, 7, 6, 7, 7, 7, 7, 7, 7, 7, 6, 6, 7, 7, 7, 6, 6, 6, 6, 7, 7, 7, 6, 6, 6, 6, 6, 6, 7, 7, 7, 7, 7, 7, 6, 7, 6, 7, 7, 6, 7, 6, 6, 6, 6, 6, 7, 7, 7, 7, 6, 6, 6, 6, 7, 7, 7, 7, 6, 6, 6, 6, 7, 7, 6, 7, 6, 6, 7, 6, 6, 7, 6, 6, 7, 6, 6, 6, 6, 6, 7, 7, 6, 7, 6, 6, 6, 6, 6, 7, 7, 6, 7, 6, 6, 6, 6, 6, 6, 7, 6, 6, 7, 6, 6, 7, 6, 6, 7, 6, 6, 7, 6, 7, 7, 6, 6, 6, 6, 6, 7, 6, 6, 7, 6, 7, 7, 6, 6, 6, 6, 7, 7, 7, 6, 6, 6, 6, 6, 6, 7, 6, 7, 7, 6, 6, 6, 6, 6, 7, 7, 7, 7, 6, 6, 7, 6, 7, 6, 6, 6, 6, 6, 6, 7, 6, 7, 6, 6, 7, 6, 6, 6, 6, 6, 6, 6, 6, 7, 7, 7, 6, 6, 6, 6, 6, 6, 7, 6, 7, 7, 6, 7, 6, 6, 6, 6, 7, 6, 7, 6, 6, 7, 6, 6, 6, 6, 6, 6, 6, 6, 6, 7, 6, 6, 7, 6, 7, 7, 6, 6, 6, 6, 7, 7, 6, 6, 6, 6, 6, 7, 6, 7, 7, 6, 6, 6, 6, 6, 7, 6, 6, 7, 6, 7, 7, 6, 6, 6, 6, 7, 7, 7, 7, 6, 6, 7, 7, 6, 6, 6, 6, 7, 7, 7, 7, 6, 6, 6, 7, 6, 7, 7, 6, 7, 6, 7, 7, 6, 7, 6, 6, 7, 6, 7, 7, 6, 6, 6, 7, 6, 7, 7, 6, 7, 6, 6, 7, 7, 7, 7, 6, 6, 6, 6, 6, 6, 6, 7, 7, 7, 7, 7, 7, 6, 6, 6, 6, 7, 6, 7, 7, 6, 7, 7, 6, 7, 6, 7, 7, 7, 7, 6, 6, 6, 6, 7, 7, 7, 7, 7, 7, 6, 6, 6, 7, 7, 7, 7, 7, 7, 7, 6, 6, 7, 7, 7, 6, 6, 6, 6, 7, 7, 7, 6, 6, 7, 7, 7, 6, 6, 6, 6, 7, 7, 7, 6, 6, 7, 6, 7, 6, 7, 6, 6, 7, 6, 6, 7, 6, 7, 7, 6, 6, 6, 6, 6, 7, 7, 7, 7, 6, 7, 7, 7, 7, 7, 7, 6, 7, 6, 6, 7, 6, 7, 7, 6, 6, 6, 6, 7, 7, 7, 7, 6, 6, 7, 6, 6, 6, 6, 6, 7, 6, 7, 7, 6, 7, 6, 6, 7, 6, 7, 7, 6, 7, 6, 7, 7, 6, 7, 7, 7, 7, 7, 6, 7, 7, 6, 7, 7, 7, 7, 6, 6, 6, 6, 7, 7, 7, 6, 6, 6, 6, 6, 6, 7, 7, 6, 7, 7, 7, 7, 6, 7, 6, 6, 6, 7, 6, 7, 6, 7, 7, 6, 7, 6, 6, 6, 6, 7, 7, 7, 6, 6, 6, 6, 7, 7, 7, 6, 6, 6, 6, 6, 6, 7, 7, 7, 7, 7, 7, 6, 6, 7, 7, 7, 7, 6, 6, 6, 6, 7, 7, 7, 7, 6, 7, 6, 6, 6, 7, 6, 7, 7, 8, 8, 7, 6, 6, 6, 6, 7, 6, 7, 7, 6, 7, 7, 7, 6, 7, 7, 7, 7, 6, 7, 7, 7, 7, 6, 6, 6, 6, 7, 6, 6, 6, 7, 6, 6, 7, 7, 7, 7, 6, 6, 6, 6, 6, 6, 7, 7, 7, 7, 6, 6, 6, 6, 6, 6, 6, 6, 7, 7, 7, 7, 6, 6, 6, 6, 7, 7, 6, 6, 6, 6, 7, 6, 6, 6, 6, 7, 7, 7, 6, 6, 6, 6, 7, 7, 6, 6, 6, 6, 6, 6, 6, 6, 7, 7, 6, 6, 6, 6, 7, 6, 6, 6, 6, 6, 6, 6, 6, 7, 7, 7, 6, 6, 6, 6, 7, 7, 7, 6, 6, 6, 6, 7, 7, 6, 7, 6, 6, 7, 6, 6, 6, 6, 7, 7, 7, 7, 6, 6, 6, 6, 6, 6, 6, 6, 7, 7, 7, 6, 6, 6, 6, 7, 6, 6, 6, 6, 7, 7, 6, 6, 6, 6, 7, 7, 6, 6, 6, 6, 7, 6, 6, 6, 6, 7, 7, 6, 6, 6, 6, 7, 7, 6, 6, 6, 6, 6, 6, 6, 6, 7, 6, 6, 6, 6, 7, 6, 7, 6, 6, 6, 6, 7, 6, 6, 7, 6, 6, 7, 6, 6, 7, 6, 6, 7, 6, 6, 7]

################################################################
################################################################
################### process_jail_list: ######################

[7, 7, 6, 6, 6, 6, 6, 6, 6, 6, 6, 6, 6, 6, 6, 6, 6, 6, 6, 6, 6, 5, 6, 6, 6, 6, 6, 6, 5, 6, 6, 6, 5, 5, 6, 6, 6, 6, 7, 6, 6, 7, 6, 7, 6, 6, 6, 6, 6, 6, 6, 6, 6, 6, 6, 6, 6, 6, 6, 5, 6, 6, 6, 6, 6, 6, 6, 6, 6, 6, 6, 6, 6, 6, 6, 6, 5, 6, 6, 6, 6, 6, 5, 5, 6, 5, 6, 6, 6, 6, 6, 6, 5, 6, 5, 6, 6, 5, 6, 6, 6, 5, 6, 6, 5, 6, 6, 5, 6, 6, 5, 6, 6, 6, 6, 6, 6, 6, 6, 6, 6, 6, 5, 6, 6, 5, 6, 5, 5, 6, 6, 6, 6, 6, 6, 6, 6, 6, 6, 6, 6, 6, 6, 6, 5, 6, 6, 6, 6, 6, 6, 5, 6, 6, 6, 6, 6, 6, 6, 6, 6, 6, 6, 6, 6, 6, 5, 6, 5, 6, 6, 5, 6, 6, 6, 6, 6, 5, 6, 6, 5, 5, 5, 6, 6, 6, 6, 5, 6, 6, 6, 5, 6, 6, 5, 6, 6, 6, 6, 6, 6, 6, 6, 6, 5, 6, 6, 6, 6, 6, 6, 6, 6, 5, 5, 5, 6, 5, 6, 5, 5, 6, 6, 6, 6, 6, 6, 6, 6, 6, 6, 6, 6, 6, 5, 5, 6, 5, 6, 6, 6, 5, 6, 6, 6, 6, 6, 5, 6, 6, 6, 6, 6, 6, 6, 6, 7, 6, 6, 6, 6, 6, 6, 6, 6, 5, 6, 6, 6, 6, 6, 6, 6, 6, 6, 7, 5, 6, 6, 6, 6, 6, 6, 6, 5, 6, 6, 5, 6, 6, 6, 6, 6, 6, 6, 6, 5, 6, 6, 6, 6, 6, 5, 6, 6, 6, 6, 6, 6, 6, 6, 6, 6, 6, 6, 6, 6, 6, 6, 6, 5, 6, 6, 6, 6, 5, 6, 6, 6, 6, 6, 5, 6, 6, 6, 6, 6, 6, 5, 5, 5, 5, 6, 6, 6, 6, 6, 6, 6, 6, 6, 6, 6, 6, 6, 6, 6, 6, 5, 6, 6, 6, 6, 5, 6, 6, 6, 6, 6, 6, 6, 6, 6, 6, 6, 6, 6, 6, 6, 6, 6, 6, 6, 6, 6, 5, 6, 6, 6, 6, 6, 6, 6, 5, 6, 6, 6, 6, 6, 6, 6, 5, 5, 6, 6, 6, 6, 6, 6, 6, 6, 6, 7, 7, 6, 6, 6, 6, 6, 6, 6, 6, 6, 6, 6, 6, 6, 6, 6, 6, 6, 6, 6, 5, 5, 5, 6, 6, 6, 5, 6, 6, 6, 6, 5, 6, 6, 5, 6, 6, 6, 6, 5, 6, 6, 5, 6, 6, 6, 6, 6, 5, 6, 6, 6, 6, 6, 6, 6, 5, 6, 6, 6, 6, 6, 6, 6, 6, 6, 6, 6, 6, 6, 6, 5, 6, 6, 6, 6, 6, 7, 6, 5, 6, 6, 6, 6, 5, 6, 6, 6, 6, 6, 6, 6, 6, 6, 6, 6, 5, 6, 6, 6, 6, 6, 6, 6, 6, 5, 5, 5, 5, 6, 6, 6, 6, 6, 6, 5, 5, 7, 7, 6, 6, 6, 6, 6, 6, 6, 6, 6, 6, 6, 6, 5, 6, 6, 6, 6, 6, 6, 7, 7, 7, 5, 6, 6, 6, 6, 5, 6, 6, 6, 6, 6, 6, 5, 7, 6, 7, 6, 6, 7, 7, 6, 6, 6, 6, 6, 6, 6, 5, 6, 6, 6, 6, 6, 6, 6, 6, 6, 6, 6, 6, 6, 5, 5, 6, 6, 6, 6, 6, 6, 6, 6, 6, 5, 5, 5, 6, 6, 6, 6, 6, 6, 6, 6, 6, 6, 5, 5, 6, 6, 6, 5, 6, 6, 6, 6, 6, 6, 5, 6, 6, 6, 6, 6, 5, 5, 6, 6, 5, 5, 5, 6, 6, 6, 5, 6, 6, 6, 6, 5, 5, 6, 6, 5, 5, 5, 6, 6, 6, 6, 5, 6, 6, 6, 6, 6, 6, 5, 6, 6, 6, 6, 6, 5, 6, 6, 6, 6, 6, 6, 6, 6, 6, 6, 6, 6, 6, 6, 6, 6, 6, 5, 6, 6, 6, 6, 6, 6, 6, 6, 6, 6, 5, 5, 6, 6, 6, 6, 6, 6, 6, 6, 6, 6, 5, 5, 6, 6, 6, 5, 6, 6, 6, 6, 6, 5, 5, 6, 6, 6, 6, 5, 6, 6, 6, 5, 5, 6, 6, 6, 5, 5, 5, 6, 6, 5, 6, 6, 6, 6, 6, 6, 6, 6, 6, 6, 5, 6, 6, 5, 6, 6, 5, 6, 6, 5, 6]

################################################################
