Numero total de amostras 770

Tempo total de processamento: 0:20:25

############## TEMPOS DE PROCESSAMENTO DO EXERCICIO NO JAIL  ####################
Soma 4428 segundos
Media 5.750649350649351 segundos
Desvio padr達o 0.4356286326866744 segundos
Minimo 5 segundos
Maximo 7 segundos

95% 5.0 segundos
99% 5.0 segundos

############## TEMPOS DE PROCESSAMENTO DO EXERCICIO NO JAIL COM DOWNLOAD  ################
Soma 4900 segundos
Media 6.363636363636363 segundos
Desvio padr達o 0.5021794295437705 segundos
Minimo 6 segundos
Maximo 9 segundos

95% 6.0 segundos
99% 6.0 segundos

################### TEMPOS DE DOWNLOAD DO EXERCICIO NO JAIL #######################
Soma 472 segundos
Media 0.612987012987013 segundos
Desvio padr達o 0.5028104518411368 segundos
Minimo 0 segundos
Maximo 3 segundos

95% 0.0 segundos
99% 0.0 segundos

############################ TEMPOS DE ESPERA NA FILA ############################
Soma 221476
Media 287.63116883116885 segundos
Desvio padr達o 163.03086016508132 segundos
Minimo 5 segundos
Maximo 569 segundos

95% 11.305499999999999 segundos
99% 11.6131 segundos

################### queue_wait_time_list: ######################

[6, 6, 5, 5, 11, 11, 10, 9, 14, 14, 13, 12, 17, 16, 16, 15, 20, 19, 19, 18, 23, 21, 21, 18, 24, 22, 23, 22, 26, 26, 27, 26, 30, 30, 29, 29, 34, 33, 33, 34, 39, 37, 35, 34, 40, 40, 40, 38, 42, 43, 42, 37, 42, 44, 44, 44, 49, 50, 49, 48, 52, 53, 53, 52, 56, 56, 56, 55, 59, 58, 59, 58, 62, 62, 62, 60, 63, 63, 65, 64, 66, 65, 67, 67, 68, 69, 70, 69, 72, 73, 73, 72, 74, 75, 75, 72, 75, 76, 78, 77, 79, 80, 81, 79, 80, 82, 85, 85, 86, 86, 89, 86, 88, 89, 90, 90, 91, 92, 95, 94, 94, 95, 97, 97, 97, 97, 99, 99, 100, 98, 101, 100, 101, 102, 106, 106, 107, 107, 109, 109, 109, 110, 112, 112, 112, 112, 115, 115, 116, 116, 118, 118, 118, 118, 121, 121, 121, 121, 124, 124, 124, 125, 127, 127, 127, 127, 129, 129, 130, 130, 132, 132, 133, 132, 135, 136, 135, 136, 138, 138, 138, 138, 141, 141, 141, 141, 144, 143, 144, 144, 147, 147, 147, 146, 149, 149, 150, 150, 152, 152, 152, 152, 154, 155, 156, 155, 158, 157, 158, 157, 161, 160, 161, 160, 163, 163, 164, 163, 165, 165, 167, 164, 166, 167, 170, 168, 171, 169, 172, 172, 174, 174, 175, 174, 177, 177, 179, 178, 179, 180, 182, 182, 183, 182, 184, 182, 184, 185, 188, 187, 188, 188, 191, 191, 191, 191, 194, 193, 194, 192, 197, 197, 195, 196, 199, 199, 199, 198, 202, 202, 202, 202, 206, 205, 205, 204, 208, 205, 206, 207, 210, 211, 211, 211, 215, 214, 213, 213, 217, 217, 215, 216, 221, 220, 219, 219, 222, 223, 222, 222, 225, 226, 226, 225, 230, 228, 229, 228, 232, 233, 231, 231, 234, 235, 235, 234, 238, 238, 238, 238, 241, 241, 241, 240, 243, 243, 244, 243, 246, 246, 246, 246, 250, 249, 249, 249, 252, 251, 252, 252, 255, 255, 255, 254, 257, 258, 258, 257, 261, 261, 261, 261, 264, 264, 265, 264, 266, 267, 268, 267, 270, 270, 271, 269, 272, 272, 274, 273, 276, 276, 277, 276, 279, 279, 280, 279, 281, 281, 283, 282, 284, 284, 286, 285, 286, 287, 289, 289, 290, 290, 292, 291, 292, 293, 296, 295, 295, 296, 298, 297, 297, 299, 302, 301, 301, 300, 304, 304, 304, 305, 306, 306, 307, 307, 310, 309, 310, 310, 314, 313, 312, 313, 317, 316, 316, 316, 320, 319, 319, 319, 323, 322, 321, 321, 326, 325, 325, 325, 329, 329, 328, 327, 332, 332, 331, 331, 335, 335, 334, 333, 338, 338, 338, 337, 341, 340, 341, 340, 344, 344, 344, 343, 346, 346, 347, 346, 349, 349, 349, 348, 352, 352, 352, 351, 355, 355, 355, 354, 358, 358, 358, 357, 360, 362, 361, 361, 364, 364, 364, 363, 366, 366, 368, 367, 369, 369, 370, 369, 373, 373, 374, 373, 375, 375, 376, 376, 377, 377, 380, 379, 381, 381, 382, 382, 384, 384, 386, 385, 387, 387, 389, 388, 388, 389, 391, 391, 392, 392, 395, 394, 395, 395, 397, 397, 398, 398, 401, 400, 400, 400, 403, 402, 404, 404, 406, 406, 406, 406, 410, 409, 409, 409, 413, 412, 413, 412, 416, 415, 415, 415, 419, 419, 418, 417, 422, 421, 420, 420, 424, 424, 423, 423, 427, 427, 426, 427, 431, 430, 429, 429, 433, 433, 432, 432, 436, 436, 435, 434, 438, 439, 439, 438, 442, 442, 442, 441, 444, 445, 445, 444, 447, 448, 448, 448, 450, 451, 451, 450, 452, 454, 455, 454, 455, 456, 457, 456, 457, 459, 461, 460, 461, 462, 463, 462, 463, 464, 465, 465, 466, 468, 469, 468, 469, 470, 472, 471, 472, 473, 474, 474, 475, 476, 478, 477, 477, 478, 481, 480, 480, 482, 484, 483, 483, 484, 487, 486, 486, 487, 490, 489, 489, 490, 493, 492, 491, 493, 496, 496, 495, 496, 499, 499, 499, 499, 502, 502, 501, 501, 505, 505, 504, 505, 508, 508, 507, 507, 510, 511, 511, 510, 513, 514, 514, 512, 516, 517, 517, 516, 519, 520, 520, 519, 522, 524, 522, 522, 524, 526, 525, 525, 524, 527, 524, 525, 527, 530, 529, 529, 532, 534, 534, 532, 535, 538, 537, 536, 535, 537, 538, 538, 540, 542, 543, 542, 543, 546, 546, 545, 545, 548, 548, 547, 550, 552, 551, 551, 552, 554, 554, 553, 555, 557, 557, 557, 558, 560, 559, 559, 561, 563, 562, 562, 563, 566, 566, 565, 566, 569, 568, 568]

################################################################
################### jail_ex_download_list: ######################

[3, 2, 2, 2, 1, 0, 0, 1, 1, 0, 1, 1, 0, 0, 0, 0, 1, 1, 1, 1, 1, 1, 1, 1, 0, 0, 0, 0, 1, 1, 1, 1, 0, 0, 1, 1, 1, 1, 1, 1, 0, 1, 1, 1, 0, 1, 0, 0, 1, 1, 1, 1, 1, 0, 0, 0, 0, 0, 1, 1, 0, 1, 0, 0, 1, 1, 1, 1, 0, 0, 1, 1, 0, 1, 1, 1, 0, 1, 0, 0, 1, 1, 1, 1, 1, 0, 0, 0, 0, 0, 1, 1, 0, 1, 1, 1, 0, 1, 0, 0, 1, 1, 1, 1, 1, 0, 1, 1, 0, 0, 1, 1, 0, 1, 0, 0, 1, 1, 1, 1, 1, 1, 1, 1, 0, 0, 1, 0, 0, 0, 0, 1, 1, 1, 0, 1, 0, 0, 1, 0, 1, 1, 1, 1, 1, 1, 0, 0, 0, 1, 1, 1, 1, 1, 1, 1, 0, 1, 0, 0, 0, 0, 1, 1, 1, 1, 1, 1, 1, 1, 1, 1, 0, 1, 0, 0, 0, 0, 0, 0, 1, 0, 1, 1, 1, 1, 0, 1, 0, 1, 0, 0, 0, 1, 1, 0, 1, 0, 1, 0, 1, 0, 1, 1, 0, 0, 0, 1, 1, 1, 1, 1, 1, 1, 1, 0, 0, 0, 1, 1, 1, 1, 1, 1, 0, 0, 0, 1, 1, 1, 1, 0, 1, 1, 1, 0, 1, 1, 1, 1, 0, 0, 0, 1, 1, 1, 1, 0, 1, 1, 1, 0, 1, 1, 1, 1, 1, 1, 0, 1, 1, 1, 0, 0, 1, 1, 1, 0, 0, 1, 1, 1, 1, 1, 0, 1, 1, 1, 0, 0, 1, 0, 0, 0, 0, 1, 1, 1, 1, 1, 1, 1, 0, 1, 1, 0, 0, 1, 0, 1, 1, 1, 0, 0, 0, 1, 1, 1, 0, 0, 1, 1, 1, 1, 1, 1, 1, 1, 1, 0, 0, 0, 0, 0, 1, 0, 1, 1, 1, 1, 1, 1, 0, 1, 1, 0, 0, 1, 0, 1, 1, 1, 1, 1, 1, 1, 1, 1, 0, 0, 1, 1, 1, 1, 0, 0, 1, 0, 1, 1, 0, 0, 0, 0, 1, 1, 1, 1, 0, 0, 0, 0, 0, 1, 1, 1, 0, 1, 0, 0, 1, 1, 1, 1, 1, 0, 1, 1, 0, 1, 1, 1, 0, 0, 0, 1, 1, 1, 1, 1, 1, 1, 0, 0, 0, 1, 1, 1, 1, 0, 1, 1, 0, 0, 1, 1, 1, 1, 0, 0, 1, 0, 1, 1, 0, 0, 0, 0, 1, 1, 1, 1, 1, 1, 1, 1, 1, 1, 1, 0, 0, 1, 0, 1, 1, 0, 1, 1, 1, 1, 1, 1, 0, 0, 0, 1, 1, 1, 0, 0, 0, 0, 0, 0, 0, 0, 1, 1, 1, 1, 1, 0, 1, 1, 0, 0, 0, 0, 1, 1, 1, 1, 1, 0, 1, 1, 0, 0, 1, 1, 0, 1, 1, 1, 1, 1, 1, 1, 0, 0, 0, 0, 1, 1, 1, 1, 1, 1, 0, 0, 0, 0, 1, 1, 1, 0, 0, 0, 1, 1, 1, 1, 1, 1, 1, 0, 0, 0, 0, 1, 0, 0, 1, 1, 1, 1, 0, 0, 1, 1, 1, 1, 0, 0, 0, 0, 0, 1, 1, 1, 1, 1, 0, 0, 0, 1, 1, 1, 0, 0, 0, 0, 1, 0, 0, 1, 1, 1, 1, 1, 1, 1, 1, 0, 0, 0, 0, 1, 1, 1, 0, 0, 0, 1, 1, 1, 1, 1, 1, 1, 1, 1, 0, 1, 0, 0, 0, 1, 1, 1, 0, 0, 0, 0, 0, 0, 1, 1, 1, 0, 0, 0, 1, 1, 1, 1, 1, 1, 0, 0, 0, 0, 1, 1, 1, 1, 1, 1, 1, 0, 0, 0, 0, 0, 1, 1, 1, 1, 1, 0, 1, 1, 0, 0, 1, 1, 1, 1, 1, 0, 0, 0, 0, 0, 1, 1, 1, 1, 1, 0, 1, 1, 1, 1, 1, 0, 0, 1, 1, 0, 1, 0, 0, 1, 1, 1, 1, 1, 0, 0, 0, 0, 0, 1, 1, 1, 1, 0, 0, 1, 1, 1, 1, 1, 1, 1, 0, 0, 0, 1, 1, 1, 0, 0, 0, 0, 1, 0, 1, 1, 1, 1, 1, 0, 1, 1, 0, 0, 0, 1, 1, 1, 0, 0, 1, 1, 1, 0, 0, 0, 1, 1, 1, 0, 1, 1, 1, 1, 1, 1, 1, 1, 0, 0, 1, 0, 0, 1, 0, 1, 1, 1, 0, 0, 0, 0, 0, 0, 0, 1, 1, 1, 1, 0, 0, 1, 1, 1, 1, 0]

################################################################
################################################################
################### process_jail_download_list: ######################

[9, 8, 9, 8, 6, 6, 6, 6, 7, 6, 7, 7, 6, 6, 6, 6, 7, 7, 7, 7, 7, 7, 7, 7, 6, 6, 6, 6, 7, 7, 6, 6, 6, 6, 6, 7, 7, 7, 7, 6, 6, 6, 7, 7, 6, 7, 6, 6, 6, 7, 7, 7, 7, 6, 6, 6, 6, 6, 7, 7, 6, 6, 6, 6, 7, 7, 7, 7, 6, 6, 6, 6, 6, 6, 7, 7, 6, 6, 6, 6, 6, 7, 7, 7, 7, 6, 6, 6, 6, 6, 6, 6, 6, 6, 7, 7, 6, 6, 6, 6, 6, 7, 7, 7, 7, 6, 6, 6, 6, 6, 7, 7, 6, 6, 6, 6, 6, 6, 6, 6, 7, 7, 6, 7, 6, 6, 7, 6, 6, 6, 6, 6, 7, 7, 6, 7, 6, 6, 6, 6, 6, 6, 7, 7, 7, 7, 6, 6, 6, 6, 6, 6, 7, 6, 7, 7, 6, 7, 6, 6, 6, 6, 6, 6, 6, 6, 6, 6, 7, 6, 7, 7, 6, 7, 6, 6, 6, 6, 6, 6, 6, 6, 7, 6, 7, 6, 6, 7, 6, 6, 6, 6, 6, 7, 6, 6, 6, 6, 6, 6, 7, 6, 7, 6, 6, 6, 6, 6, 6, 6, 6, 7, 7, 7, 6, 6, 6, 6, 6, 6, 7, 7, 7, 6, 6, 6, 6, 7, 6, 6, 6, 6, 7, 7, 6, 6, 7, 7, 7, 6, 6, 6, 6, 7, 6, 6, 6, 6, 7, 7, 6, 6, 6, 6, 7, 6, 7, 7, 6, 7, 6, 6, 6, 6, 7, 7, 6, 6, 6, 6, 7, 6, 6, 6, 6, 7, 6, 7, 6, 6, 7, 6, 6, 6, 6, 6, 6, 6, 7, 7, 7, 7, 6, 7, 7, 6, 6, 7, 6, 7, 7, 6, 6, 6, 6, 7, 6, 6, 6, 6, 7, 7, 6, 6, 7, 6, 7, 7, 7, 6, 6, 6, 6, 6, 6, 6, 6, 6, 7, 6, 6, 7, 6, 6, 7, 6, 6, 7, 6, 6, 6, 6, 6, 6, 7, 7, 7, 7, 6, 6, 7, 7, 6, 7, 6, 6, 7, 6, 7, 7, 6, 6, 6, 6, 7, 7, 7, 7, 6, 6, 6, 6, 6, 6, 7, 7, 6, 6, 6, 6, 6, 7, 7, 7, 7, 6, 6, 6, 6, 7, 7, 7, 6, 6, 6, 6, 6, 6, 7, 7, 7, 6, 6, 6, 6, 7, 6, 6, 7, 6, 7, 7, 6, 6, 7, 7, 6, 7, 6, 6, 7, 6, 7, 7, 6, 6, 6, 6, 6, 6, 7, 7, 7, 7, 7, 7, 6, 6, 7, 6, 6, 7, 6, 7, 7, 6, 6, 6, 7, 7, 7, 6, 6, 6, 6, 7, 7, 7, 6, 6, 6, 6, 6, 6, 6, 6, 6, 7, 6, 6, 7, 6, 7, 7, 6, 6, 6, 6, 6, 7, 7, 7, 7, 6, 6, 6, 6, 6, 7, 7, 6, 6, 6, 6, 7, 7, 7, 7, 6, 6, 6, 6, 6, 6, 7, 7, 7, 7, 6, 6, 6, 6, 7, 7, 6, 6, 6, 6, 6, 6, 6, 7, 7, 7, 7, 6, 6, 6, 6, 6, 6, 6, 7, 7, 6, 6, 6, 6, 7, 7, 7, 7, 6, 6, 6, 6, 6, 6, 7, 7, 7, 6, 6, 6, 6, 7, 7, 7, 6, 6, 6, 6, 6, 6, 6, 6, 6, 6, 6, 7, 7, 7, 7, 6, 6, 6, 6, 7, 7, 6, 6, 6, 6, 6, 6, 7, 7, 7, 7, 6, 7, 7, 6, 6, 6, 6, 6, 7, 7, 7, 6, 6, 6, 6, 6, 6, 7, 7, 6, 6, 6, 6, 6, 6, 7, 7, 7, 7, 6, 6, 6, 6, 6, 6, 6, 7, 7, 7, 7, 6, 6, 6, 6, 6, 6, 7, 6, 6, 7, 6, 6, 6, 6, 6, 6, 7, 7, 7, 7, 6, 6, 6, 6, 6, 7, 7, 6, 6, 6, 6, 6, 7, 7, 7, 7, 6, 6, 7, 7, 6, 6, 6, 6, 6, 7, 7, 7, 7, 6, 6, 6, 6, 6, 7, 7, 6, 6, 6, 6, 6, 6, 7, 6, 7, 7, 7, 6, 6, 6, 7, 7, 7, 6, 6, 6, 6, 6, 6, 6, 7, 6, 6, 7, 6, 7, 6, 6, 6, 6, 7, 6, 6, 6, 6, 7, 7, 6, 6, 6, 6, 6, 6, 6, 6, 6, 6, 6, 6, 7, 7, 6, 7, 6, 6, 7, 6, 6, 6, 6, 7, 7, 7, 6, 6, 6, 6, 6, 6, 6, 7, 7, 6, 6, 6, 6, 7, 6, 6, 6, 6]

################################################################
################################################################
################### process_jail_list: ######################

[6, 6, 7, 6, 5, 6, 6, 5, 6, 6, 6, 6, 6, 6, 6, 6, 6, 6, 6, 6, 6, 6, 6, 6, 6, 6, 6, 6, 6, 6, 5, 5, 6, 6, 5, 6, 6, 6, 6, 5, 6, 5, 6, 6, 6, 6, 6, 6, 5, 6, 6, 6, 6, 6, 6, 6, 6, 6, 6, 6, 6, 5, 6, 6, 6, 6, 6, 6, 6, 6, 5, 5, 6, 5, 6, 6, 6, 5, 6, 6, 5, 6, 6, 6, 6, 6, 6, 6, 6, 6, 5, 5, 6, 5, 6, 6, 6, 5, 6, 6, 5, 6, 6, 6, 6, 6, 5, 5, 6, 6, 6, 6, 6, 5, 6, 6, 5, 5, 5, 5, 6, 6, 5, 6, 6, 6, 6, 6, 6, 6, 6, 5, 6, 6, 6, 6, 6, 6, 5, 6, 5, 5, 6, 6, 6, 6, 6, 6, 6, 5, 5, 5, 6, 5, 6, 6, 6, 6, 6, 6, 6, 6, 5, 5, 5, 5, 5, 5, 6, 5, 6, 6, 6, 6, 6, 6, 6, 6, 6, 6, 5, 6, 6, 5, 6, 5, 6, 6, 6, 5, 6, 6, 6, 6, 5, 6, 5, 6, 5, 6, 6, 6, 6, 5, 6, 6, 6, 5, 5, 5, 5, 6, 6, 6, 5, 6, 6, 6, 5, 5, 6, 6, 6, 5, 6, 6, 6, 6, 5, 5, 5, 6, 6, 6, 5, 6, 6, 6, 6, 5, 6, 6, 6, 6, 5, 5, 5, 6, 6, 6, 5, 6, 5, 5, 6, 5, 6, 6, 6, 6, 5, 5, 6, 6, 6, 6, 5, 6, 6, 5, 6, 5, 5, 5, 6, 6, 5, 6, 6, 6, 6, 6, 6, 6, 6, 5, 5, 5, 6, 6, 6, 6, 6, 6, 6, 6, 6, 6, 6, 6, 6, 5, 6, 6, 6, 6, 5, 5, 6, 6, 6, 6, 5, 5, 6, 5, 6, 6, 6, 6, 6, 6, 6, 6, 5, 6, 5, 5, 6, 5, 5, 6, 6, 5, 6, 6, 6, 6, 6, 5, 5, 5, 5, 5, 6, 6, 6, 6, 6, 6, 6, 6, 5, 6, 6, 6, 6, 6, 6, 6, 6, 6, 6, 6, 6, 6, 6, 6, 6, 6, 6, 6, 6, 5, 6, 6, 6, 5, 6, 6, 5, 6, 6, 6, 6, 6, 5, 5, 6, 6, 6, 6, 6, 6, 6, 5, 5, 5, 6, 6, 6, 5, 6, 6, 6, 6, 5, 5, 6, 6, 6, 6, 6, 6, 6, 6, 5, 6, 6, 6, 6, 6, 6, 6, 6, 6, 6, 6, 5, 5, 6, 6, 6, 6, 6, 6, 5, 5, 6, 6, 6, 6, 6, 6, 6, 6, 5, 5, 6, 6, 6, 5, 6, 6, 6, 6, 6, 6, 6, 6, 6, 6, 6, 6, 6, 6, 5, 6, 5, 5, 6, 6, 6, 6, 6, 6, 6, 6, 5, 6, 6, 6, 6, 6, 5, 5, 6, 6, 6, 6, 6, 5, 5, 5, 6, 6, 6, 6, 6, 6, 6, 6, 5, 5, 6, 6, 6, 6, 6, 6, 6, 6, 6, 6, 5, 6, 6, 6, 5, 5, 5, 6, 6, 6, 6, 6, 6, 6, 6, 5, 6, 6, 6, 6, 5, 5, 6, 6, 6, 6, 6, 6, 6, 6, 6, 6, 6, 5, 6, 6, 6, 5, 6, 6, 6, 6, 6, 6, 6, 6, 6, 6, 5, 6, 6, 5, 5, 5, 5, 6, 6, 6, 6, 6, 6, 6, 6, 6, 6, 5, 6, 6, 6, 5, 5, 6, 6, 6, 6, 5, 6, 6, 6, 5, 6, 6, 6, 6, 6, 6, 6, 6, 6, 6, 6, 6, 6, 6, 5, 6, 6, 6, 5, 5, 6, 6, 6, 6, 6, 6, 6, 6, 5, 5, 5, 6, 6, 6, 6, 6, 6, 6, 6, 6, 5, 6, 5, 5, 6, 6, 5, 5, 6, 6, 5, 6, 6, 6, 6, 6, 6, 6, 6, 6, 6, 6, 5, 5, 5, 6, 5, 6, 6, 6, 6, 6, 6, 6, 6, 6, 5, 6, 6, 5, 6, 6, 6, 6, 6, 6, 6, 6, 6, 6, 6, 5, 5, 6, 6, 5, 5, 6, 5, 6, 6, 6, 6, 6, 6, 6, 6, 6, 6, 6, 6, 6, 5, 6, 5, 6, 5, 5, 6, 6, 6, 5, 6, 6, 6, 6, 5, 5, 6, 6, 6, 6, 5, 6, 6, 6, 5, 5, 5, 6, 5, 5, 5, 5, 6, 6, 5, 6, 6, 6, 6, 6, 6, 5, 6, 6, 6, 6, 6, 6, 6, 6, 6, 6, 6, 6, 6, 5, 5, 6, 6, 6, 5, 5, 5, 6]

################################################################
