Numero total de amostras 770

Tempo total de processamento: 0:20:42

############## TEMPOS DE PROCESSAMENTO DO EXERCICIO NO JAIL  ####################
Soma 4512 segundos
Media 5.85974025974026 segundos
Desvio padr達o 0.43671136423486917 segundos
Minimo 5 segundos
Maximo 7 segundos

95% 5.0 segundos
99% 5.0 segundos

############## TEMPOS DE PROCESSAMENTO DO EXERCICIO NO JAIL COM DOWNLOAD  ################
Soma 4963 segundos
Media 6.445454545454545 segundos
Desvio padr達o 0.5124541042599281 segundos
Minimo 6 segundos
Maximo 8 segundos

95% 6.0 segundos
99% 6.0 segundos

################### TEMPOS DE DOWNLOAD DO EXERCICIO NO JAIL #######################
Soma 451 segundos
Media 0.5857142857142857 segundos
Desvio padr達o 0.5056086176198966 segundos
Minimo 0 segundos
Maximo 2 segundos

95% 0.0 segundos
99% 0.0 segundos

############################ TEMPOS DE ESPERA NA FILA ############################
Soma 228804
Media 297.14805194805194 segundos
Desvio padr達o 166.68567168642824 segundos
Minimo 3 segundos
Maximo 585 segundos

95% 10.0 segundos
99% 10.0 segundos

################### queue_wait_time_list: ######################

[6, 5, 4, 3, 10, 9, 9, 8, 14, 13, 12, 10, 14, 14, 14, 14, 20, 20, 20, 19, 23, 22, 22, 22, 26, 25, 26, 25, 29, 28, 28, 27, 32, 32, 31, 30, 35, 34, 34, 33, 39, 38, 38, 37, 42, 41, 41, 41, 46, 45, 45, 44, 49, 48, 48, 47, 52, 51, 51, 50, 55, 54, 55, 54, 58, 58, 56, 56, 63, 62, 59, 59, 64, 64, 64, 64, 69, 68, 68, 67, 72, 71, 70, 68, 73, 72, 73, 72, 78, 77, 77, 76, 82, 81, 79, 79, 84, 82, 82, 81, 86, 86, 87, 86, 91, 90, 90, 89, 93, 92, 93, 92, 92, 93, 93, 93, 97, 97, 98, 97, 101, 101, 102, 102, 104, 105, 105, 105, 108, 107, 109, 108, 111, 111, 113, 112, 114, 114, 115, 115, 117, 117, 119, 118, 119, 120, 122, 121, 122, 122, 124, 124, 126, 126, 128, 127, 128, 128, 130, 130, 132, 132, 133, 133, 134, 134, 137, 136, 137, 137, 139, 138, 140, 141, 142, 141, 143, 143, 144, 144, 145, 146, 148, 147, 149, 148, 150, 150, 152, 152, 153, 153, 154, 154, 156, 156, 157, 157, 159, 158, 160, 161, 163, 162, 161, 162, 165, 164, 166, 166, 169, 168, 169, 169, 171, 170, 171, 172, 175, 174, 174, 174, 178, 177, 177, 177, 178, 178, 179, 179, 184, 183, 183, 183, 188, 187, 184, 184, 190, 190, 189, 189, 193, 194, 193, 192, 197, 196, 196, 195, 200, 200, 199, 198, 202, 202, 201, 201, 205, 205, 204, 204, 208, 207, 207, 207, 211, 211, 210, 209, 213, 214, 214, 213, 217, 216, 216, 215, 220, 220, 219, 218, 222, 222, 222, 222, 226, 226, 224, 224, 228, 228, 228, 225, 228, 229, 231, 230, 234, 234, 234, 233, 237, 237, 238, 237, 241, 241, 241, 240, 243, 243, 244, 243, 246, 247, 247, 246, 245, 246, 248, 247, 250, 251, 253, 253, 255, 255, 257, 256, 257, 257, 260, 259, 259, 261, 263, 262, 262, 263, 266, 265, 266, 266, 269, 268, 269, 269, 272, 272, 272, 272, 275, 275, 275, 276, 278, 278, 278, 278, 281, 280, 281, 282, 284, 283, 283, 284, 286, 287, 287, 287, 289, 289, 289, 289, 293, 292, 292, 293, 295, 295, 295, 296, 299, 298, 298, 298, 301, 301, 301, 301, 303, 304, 303, 304, 306, 306, 307, 307, 310, 309, 306, 307, 311, 311, 311, 312, 315, 315, 314, 316, 319, 318, 318, 319, 322, 322, 321, 321, 324, 324, 324, 325, 328, 327, 327, 327, 330, 330, 330, 331, 333, 333, 333, 333, 336, 336, 336, 336, 339, 339, 338, 338, 342, 342, 341, 342, 344, 344, 344, 345, 348, 347, 347, 347, 350, 350, 350, 351, 354, 353, 353, 353, 357, 357, 357, 357, 359, 359, 359, 360, 363, 362, 363, 363, 365, 364, 366, 366, 368, 368, 368, 369, 371, 370, 372, 372, 374, 373, 374, 374, 376, 377, 378, 378, 380, 379, 380, 381, 383, 382, 383, 383, 386, 385, 386, 387, 389, 388, 389, 389, 392, 392, 393, 393, 396, 395, 395, 395, 400, 399, 398, 399, 402, 401, 401, 402, 406, 405, 404, 404, 409, 408, 408, 408, 412, 412, 411, 410, 415, 415, 414, 413, 418, 418, 417, 416, 421, 421, 420, 419, 423, 423, 422, 423, 427, 426, 426, 425, 429, 429, 429, 428, 432, 433, 432, 431, 435, 436, 436, 435, 438, 439, 439, 438, 441, 442, 442, 441, 444, 445, 444, 445, 447, 448, 448, 447, 449, 450, 451, 450, 452, 454, 453, 453, 455, 457, 456, 456, 458, 459, 458, 458, 461, 463, 462, 462, 463, 466, 465, 465, 467, 470, 469, 468, 469, 472, 473, 472, 473, 476, 475, 474, 475, 479, 479, 478, 479, 482, 482, 481, 482, 485, 486, 485, 485, 487, 488, 488, 488, 491, 492, 491, 490, 493, 496, 495, 494, 496, 498, 497, 496, 500, 502, 502, 501, 502, 504, 504, 504, 506, 508, 508, 507, 508, 510, 512, 511, 511, 514, 514, 513, 514, 517, 518, 517, 517, 519, 520, 519, 519, 523, 524, 523, 523, 525, 526, 526, 526, 528, 529, 529, 529, 531, 533, 532, 532, 534, 535, 535, 535, 538, 538, 538, 538, 540, 540, 540, 540, 543, 544, 543, 544, 545, 546, 547, 547, 548, 549, 549, 549, 551, 553, 552, 552, 554, 555, 554, 555, 557, 558, 558, 558, 559, 560, 560, 561, 562, 564, 563, 564, 565, 566, 567, 567, 568, 569, 569, 569, 570, 572, 572, 573, 574, 575, 575, 575, 577, 579, 578, 578, 580, 581, 581, 582, 583, 585, 584, 585]

################################################################
################### jail_ex_download_list: ######################

[2, 2, 2, 2, 1, 1, 1, 1, 1, 1, 1, 1, 1, 1, 1, 1, 0, 0, 1, 0, 1, 1, 1, 0, 0, 0, 0, 0, 1, 1, 1, 1, 0, 0, 1, 1, 1, 1, 1, 1, 1, 1, 1, 1, 0, 0, 1, 1, 1, 1, 0, 0, 0, 0, 1, 1, 2, 1, 1, 1, 1, 1, 1, 1, 0, 0, 1, 1, 0, 0, 1, 1, 1, 1, 1, 1, 1, 1, 0, 0, 0, 0, 1, 1, 1, 1, 1, 1, 1, 1, 1, 1, 0, 1, 1, 1, 1, 1, 1, 1, 0, 0, 0, 0, 0, 1, 1, 1, 0, 1, 0, 0, 1, 0, 1, 1, 0, 1, 1, 1, 0, 0, 0, 0, 1, 1, 1, 1, 0, 1, 0, 0, 1, 1, 0, 0, 0, 0, 1, 1, 0, 0, 0, 0, 0, 1, 0, 1, 1, 1, 1, 1, 0, 0, 0, 0, 1, 1, 1, 1, 0, 0, 1, 0, 1, 1, 0, 0, 1, 1, 0, 1, 0, 0, 1, 1, 1, 0, 1, 0, 1, 1, 0, 0, 0, 1, 1, 1, 0, 0, 1, 0, 1, 1, 0, 0, 1, 1, 1, 1, 0, 0, 0, 0, 1, 1, 1, 1, 1, 1, 0, 0, 0, 0, 1, 1, 0, 0, 0, 0, 1, 0, 1, 1, 1, 1, 0, 0, 0, 1, 1, 1, 1, 0, 1, 0, 1, 1, 0, 0, 1, 1, 1, 0, 0, 0, 0, 1, 0, 0, 1, 0, 1, 1, 1, 0, 1, 1, 1, 1, 1, 0, 0, 1, 0, 0, 0, 0, 1, 1, 1, 1, 0, 0, 0, 1, 1, 1, 0, 0, 1, 1, 1, 1, 1, 1, 0, 0, 1, 1, 0, 0, 0, 0, 1, 1, 0, 0, 0, 0, 1, 1, 1, 1, 0, 0, 0, 0, 1, 1, 1, 1, 1, 1, 1, 0, 1, 1, 1, 0, 1, 1, 0, 1, 1, 1, 0, 1, 1, 1, 1, 1, 0, 0, 1, 0, 1, 1, 1, 0, 0, 0, 1, 1, 1, 1, 0, 0, 0, 0, 1, 1, 1, 1, 1, 0, 1, 0, 1, 1, 0, 1, 1, 0, 0, 1, 1, 0, 0, 0, 0, 1, 1, 1, 0, 1, 0, 1, 1, 0, 1, 0, 0, 1, 0, 1, 0, 1, 0, 0, 1, 0, 1, 0, 1, 0, 1, 1, 0, 1, 0, 1, 0, 1, 1, 0, 1, 1, 1, 1, 1, 0, 0, 1, 0, 1, 0, 0, 1, 1, 1, 1, 1, 0, 0, 1, 1, 1, 1, 0, 1, 0, 1, 1, 0, 1, 0, 1, 0, 1, 0, 0, 1, 1, 1, 0, 1, 0, 1, 1, 0, 0, 0, 1, 1, 1, 1, 0, 1, 0, 1, 1, 1, 1, 1, 0, 0, 0, 1, 0, 1, 1, 0, 1, 0, 0, 1, 1, 1, 1, 1, 0, 1, 0, 0, 0, 0, 0, 1, 1, 1, 1, 1, 0, 0, 0, 0, 0, 0, 1, 1, 1, 1, 1, 0, 0, 1, 0, 1, 1, 0, 0, 1, 1, 0, 0, 1, 1, 1, 1, 0, 0, 1, 0, 1, 1, 0, 0, 1, 1, 1, 1, 0, 1, 1, 0, 1, 0, 1, 1, 0, 1, 1, 1, 0, 0, 0, 1, 1, 1, 1, 1, 1, 1, 1, 0, 0, 1, 0, 0, 0, 1, 1, 1, 1, 0, 1, 1, 0, 1, 0, 1, 1, 0, 0, 0, 1, 1, 1, 1, 0, 0, 1, 0, 0, 0, 0, 0, 1, 1, 0, 1, 1, 0, 1, 0, 0, 1, 1, 1, 1, 1, 1, 1, 1, 0, 0, 0, 1, 0, 0, 1, 1, 0, 0, 0, 1, 1, 0, 0, 0, 0, 1, 1, 1, 1, 1, 1, 0, 0, 0, 0, 1, 0, 0, 0, 0, 1, 1, 1, 1, 0, 1, 1, 1, 1, 0, 0, 0, 1, 1, 1, 1, 1, 1, 0, 0, 1, 1, 1, 1, 0, 0, 0, 0, 1, 1, 0, 0, 1, 0, 1, 1, 0, 0, 0, 0, 1, 1, 1, 1, 1, 0, 0, 0, 0, 1, 1, 1, 1, 1, 1, 0, 0, 0, 0, 1, 1, 1, 0, 0, 0, 0, 1, 1, 1, 0, 1, 1, 1, 1, 0, 1, 0, 1, 0, 0, 0, 1, 1, 0, 1, 0, 0, 1, 1, 0, 0, 1, 0, 1, 1, 0, 1, 1, 1, 1, 1, 1, 0, 1, 0, 0, 0, 0, 0, 1, 1, 0, 1, 1, 1, 1, 0, 0, 1, 0, 1, 1, 0, 1, 1, 0, 1, 0, 1, 1, 0, 1, 0]

################################################################
################################################################
################### process_jail_download_list: ######################

[8, 8, 8, 8, 7, 7, 7, 7, 6, 6, 7, 7, 7, 7, 7, 7, 6, 6, 6, 6, 7, 7, 7, 6, 6, 6, 6, 6, 7, 7, 6, 6, 6, 6, 7, 7, 7, 7, 7, 7, 7, 7, 7, 7, 7, 7, 7, 7, 7, 7, 6, 6, 6, 6, 7, 7, 7, 7, 7, 7, 7, 7, 6, 6, 7, 7, 7, 7, 6, 6, 7, 7, 7, 7, 7, 7, 7, 7, 6, 6, 6, 6, 7, 7, 7, 7, 6, 6, 7, 7, 7, 7, 6, 6, 7, 7, 7, 7, 7, 7, 6, 6, 6, 6, 6, 6, 7, 7, 6, 7, 6, 6, 7, 6, 7, 7, 6, 7, 7, 7, 6, 6, 6, 6, 7, 6, 7, 7, 6, 7, 7, 7, 7, 7, 6, 6, 6, 6, 7, 7, 6, 6, 6, 6, 6, 6, 6, 6, 7, 7, 7, 7, 6, 6, 6, 6, 7, 7, 6, 7, 6, 6, 7, 6, 6, 6, 6, 6, 7, 7, 6, 6, 6, 6, 6, 7, 6, 6, 7, 6, 7, 6, 6, 6, 6, 7, 6, 7, 6, 6, 7, 6, 6, 6, 6, 6, 7, 7, 7, 7, 6, 6, 6, 6, 6, 6, 7, 7, 7, 7, 6, 6, 6, 6, 7, 7, 6, 6, 6, 6, 6, 6, 7, 7, 7, 6, 6, 6, 6, 7, 7, 7, 6, 6, 7, 7, 7, 6, 7, 6, 7, 7, 7, 6, 7, 7, 6, 7, 6, 6, 6, 6, 6, 6, 6, 6, 6, 7, 7, 6, 7, 6, 6, 7, 6, 6, 6, 6, 7, 7, 7, 6, 6, 6, 6, 7, 6, 6, 6, 6, 7, 7, 6, 7, 6, 6, 6, 6, 7, 7, 6, 6, 7, 7, 7, 7, 6, 6, 6, 6, 7, 7, 7, 7, 6, 6, 6, 6, 7, 7, 6, 7, 6, 6, 6, 6, 7, 7, 7, 6, 6, 6, 6, 6, 7, 7, 6, 6, 7, 7, 6, 7, 6, 6, 6, 6, 7, 7, 7, 6, 6, 6, 7, 7, 7, 7, 6, 6, 6, 6, 6, 7, 6, 7, 7, 6, 7, 6, 6, 7, 6, 6, 6, 6, 6, 7, 7, 6, 6, 6, 6, 6, 7, 6, 6, 7, 6, 7, 7, 6, 7, 6, 6, 6, 6, 7, 6, 7, 6, 6, 6, 6, 6, 6, 7, 6, 7, 6, 6, 6, 6, 7, 6, 6, 6, 6, 6, 7, 7, 6, 7, 6, 6, 7, 6, 6, 6, 6, 6, 7, 7, 6, 7, 6, 6, 7, 6, 7, 6, 6, 7, 6, 7, 6, 6, 6, 6, 7, 6, 6, 6, 6, 6, 7, 6, 6, 7, 6, 7, 6, 6, 6, 6, 7, 6, 7, 7, 6, 7, 6, 6, 7, 7, 7, 6, 6, 6, 6, 7, 6, 7, 7, 6, 6, 6, 6, 6, 7, 6, 7, 7, 6, 7, 6, 6, 6, 6, 6, 6, 7, 7, 7, 7, 6, 6, 6, 6, 6, 6, 6, 7, 7, 6, 7, 6, 6, 7, 6, 7, 7, 7, 7, 7, 7, 6, 6, 7, 7, 6, 7, 6, 6, 7, 6, 7, 7, 6, 6, 7, 7, 7, 7, 6, 7, 7, 6, 7, 6, 6, 6, 6, 7, 7, 7, 6, 6, 6, 6, 6, 6, 6, 7, 7, 6, 7, 6, 6, 7, 6, 6, 6, 7, 7, 7, 7, 6, 7, 7, 6, 7, 7, 7, 6, 6, 6, 6, 7, 7, 6, 7, 6, 6, 7, 6, 6, 6, 6, 6, 6, 7, 6, 7, 7, 6, 6, 6, 6, 6, 6, 6, 6, 7, 7, 7, 6, 7, 7, 6, 7, 7, 7, 7, 6, 6, 7, 7, 7, 7, 6, 6, 6, 6, 7, 7, 7, 7, 7, 7, 6, 6, 7, 7, 7, 6, 6, 6, 6, 7, 7, 7, 6, 6, 6, 6, 7, 6, 6, 6, 6, 7, 7, 8, 8, 6, 6, 6, 6, 7, 7, 7, 7, 6, 6, 7, 7, 6, 7, 6, 6, 7, 6, 7, 7, 6, 6, 6, 6, 6, 7, 7, 7, 7, 6, 6, 6, 6, 6, 6, 7, 7, 7, 7, 6, 6, 6, 6, 7, 7, 7, 6, 6, 6, 6, 6, 6, 6, 6, 7, 6, 7, 6, 6, 7, 6, 6, 6, 6, 6, 7, 7, 6, 6, 6, 6, 6, 7, 6, 6, 7, 6, 6, 6, 6, 6, 6, 7, 6, 7, 7, 6, 7, 6, 6, 6, 6, 6, 6, 6, 6, 7, 7, 7, 7, 6, 6, 7, 6, 6, 7, 6, 7, 7, 6, 6, 6, 7, 7, 6, 6, 6]

################################################################
################################################################
################### process_jail_list: ######################

[6, 6, 6, 6, 6, 6, 6, 6, 5, 5, 6, 6, 6, 6, 6, 6, 6, 6, 5, 6, 6, 6, 6, 6, 6, 6, 6, 6, 6, 6, 5, 5, 6, 6, 6, 6, 6, 6, 6, 6, 6, 6, 6, 6, 7, 7, 6, 6, 6, 6, 6, 6, 6, 6, 6, 6, 5, 6, 6, 6, 6, 6, 5, 5, 7, 7, 6, 6, 6, 6, 6, 6, 6, 6, 6, 6, 6, 6, 6, 6, 6, 6, 6, 6, 6, 6, 5, 5, 6, 6, 6, 6, 6, 5, 6, 6, 6, 6, 6, 6, 6, 6, 6, 6, 6, 5, 6, 6, 6, 6, 6, 6, 6, 6, 6, 6, 6, 6, 6, 6, 6, 6, 6, 6, 6, 5, 6, 6, 6, 6, 7, 7, 6, 6, 6, 6, 6, 6, 6, 6, 6, 6, 6, 6, 6, 5, 6, 5, 6, 6, 6, 6, 6, 6, 6, 6, 6, 6, 5, 6, 6, 6, 6, 6, 5, 5, 6, 6, 6, 6, 6, 5, 6, 6, 5, 6, 5, 6, 6, 6, 6, 5, 6, 6, 6, 6, 5, 6, 6, 6, 6, 6, 5, 5, 6, 6, 6, 6, 6, 6, 6, 6, 6, 6, 5, 5, 6, 6, 6, 6, 6, 6, 6, 6, 6, 6, 6, 6, 6, 6, 5, 6, 6, 6, 6, 5, 6, 6, 6, 6, 6, 6, 5, 6, 6, 7, 6, 5, 7, 6, 6, 6, 6, 6, 7, 7, 6, 6, 6, 6, 5, 6, 5, 5, 5, 6, 5, 6, 6, 5, 6, 6, 6, 6, 6, 6, 6, 6, 6, 6, 6, 5, 6, 6, 6, 6, 5, 5, 6, 6, 6, 6, 5, 6, 5, 5, 6, 6, 6, 6, 6, 6, 7, 7, 6, 6, 6, 6, 6, 6, 6, 6, 6, 6, 6, 6, 6, 6, 6, 6, 5, 6, 5, 5, 5, 6, 6, 6, 6, 6, 5, 5, 6, 5, 6, 6, 6, 5, 6, 6, 5, 6, 6, 6, 5, 6, 6, 6, 6, 6, 6, 6, 6, 6, 6, 6, 6, 6, 6, 6, 5, 6, 5, 6, 6, 6, 6, 6, 5, 6, 6, 5, 5, 6, 6, 6, 6, 6, 6, 6, 6, 5, 6, 5, 6, 6, 6, 6, 6, 6, 6, 6, 6, 5, 6, 6, 6, 6, 6, 6, 5, 6, 5, 6, 6, 6, 6, 5, 6, 5, 6, 6, 6, 5, 5, 6, 5, 6, 6, 5, 6, 6, 6, 6, 6, 5, 6, 6, 5, 6, 6, 5, 6, 6, 6, 6, 5, 6, 5, 6, 6, 6, 6, 5, 6, 5, 6, 6, 6, 5, 6, 6, 5, 6, 5, 6, 6, 6, 6, 5, 6, 6, 6, 6, 5, 6, 6, 6, 6, 6, 5, 6, 6, 6, 5, 6, 6, 6, 6, 6, 6, 6, 6, 5, 6, 6, 5, 6, 5, 6, 6, 6, 6, 6, 6, 6, 6, 6, 5, 6, 6, 6, 6, 6, 6, 6, 6, 6, 6, 5, 6, 6, 5, 6, 6, 6, 6, 6, 6, 6, 7, 7, 6, 6, 6, 6, 6, 6, 5, 6, 6, 6, 6, 6, 6, 6, 6, 6, 6, 6, 6, 6, 6, 6, 6, 6, 6, 6, 5, 5, 6, 6, 6, 6, 6, 6, 6, 5, 5, 5, 5, 6, 6, 5, 6, 6, 6, 6, 6, 6, 6, 6, 6, 6, 6, 6, 6, 6, 6, 6, 7, 6, 5, 6, 6, 6, 6, 6, 5, 6, 6, 6, 6, 6, 6, 6, 6, 6, 5, 6, 6, 6, 6, 6, 5, 6, 6, 5, 5, 5, 5, 6, 6, 6, 5, 7, 7, 6, 6, 7, 7, 6, 5, 6, 7, 7, 6, 6, 6, 6, 6, 6, 6, 6, 6, 6, 6, 6, 6, 6, 7, 7, 6, 6, 6, 6, 6, 6, 6, 6, 5, 6, 5, 5, 6, 5, 6, 6, 6, 6, 6, 7, 7, 5, 5, 6, 6, 6, 6, 6, 6, 6, 6, 7, 7, 5, 6, 6, 6, 6, 6, 6, 6, 6, 6, 6, 6, 5, 6, 6, 6, 6, 6, 6, 6, 6, 5, 5, 6, 6, 6, 6, 6, 6, 6, 6, 6, 6, 6, 6, 6, 6, 6, 5, 5, 5, 6, 6, 5, 6, 5, 6, 6, 6, 5, 6, 6, 6, 6, 6, 6, 5, 6, 6, 5, 6, 6, 6, 6, 6, 5, 5, 6, 5, 5, 6, 5, 6, 6, 6, 6, 6, 6, 6, 6, 6, 5, 5, 6, 6, 6, 6, 6, 6, 6, 6, 6, 5, 6, 6, 6, 6, 6, 5, 6, 6, 6, 6, 5, 6]

################################################################
