Numero total de amostras 770

Tempo total de processamento: 0:20:55

############## TEMPOS DE PROCESSAMENTO DO EXERCICIO NO JAIL  ####################
Soma 4546 segundos
Media 5.903896103896104 segundos
Desvio padr達o 0.38289449852120805 segundos
Minimo 5 segundos
Maximo 7 segundos

95% 5.0 segundos
99% 5.0 segundos

############## TEMPOS DE PROCESSAMENTO DO EXERCICIO NO JAIL COM DOWNLOAD  ################
Soma 5009 segundos
Media 6.505194805194805 segundos
Desvio padr達o 0.5153226460999009 segundos
Minimo 6 segundos
Maximo 8 segundos

95% 6.0 segundos
99% 6.0 segundos

################### TEMPOS DE DOWNLOAD DO EXERCICIO NO JAIL #######################
Soma 463 segundos
Media 0.6012987012987013 segundos
Desvio padr達o 0.4896310581603219 segundos
Minimo 0 segundos
Maximo 1 segundos

95% 0.0 segundos
99% 0.0 segundos

############################ TEMPOS DE ESPERA NA FILA ############################
Soma 228839
Media 297.1935064935065 segundos
Desvio padr達o 170.84668515357342 segundos
Minimo 4 segundos
Maximo 596 segundos

95% 9.305499999999999 segundos
99% 9.6131 segundos

################### queue_wait_time_list: ######################

[5, 6, 5, 4, 8, 9, 9, 8, 11, 13, 12, 10, 13, 14, 14, 14, 16, 17, 17, 17, 19, 21, 20, 20, 22, 24, 23, 22, 26, 26, 26, 24, 27, 29, 28, 27, 30, 33, 32, 31, 33, 36, 36, 36, 37, 39, 39, 38, 39, 43, 43, 42, 43, 45, 45, 44, 46, 49, 49, 48, 48, 51, 51, 51, 52, 55, 55, 54, 54, 57, 59, 58, 57, 60, 61, 60, 59, 63, 65, 64, 63, 66, 68, 67, 66, 68, 72, 71, 70, 71, 74, 74, 73, 75, 77, 77, 76, 78, 81, 81, 80, 81, 83, 83, 82, 84, 86, 87, 86, 86, 89, 89, 90, 89, 92, 93, 92, 91, 94, 96, 95, 95, 97, 98, 98, 98, 100, 102, 101, 101, 103, 104, 104, 104, 107, 107, 107, 107, 109, 111, 109, 110, 112, 113, 112, 112, 114, 115, 116, 116, 118, 119, 117, 117, 119, 121, 120, 121, 123, 125, 124, 123, 126, 127, 127, 127, 129, 131, 131, 130, 133, 135, 134, 133, 135, 139, 138, 137, 139, 142, 141, 140, 142, 145, 145, 144, 144, 147, 148, 145, 144, 148, 149, 149, 150, 154, 155, 154, 153, 156, 158, 157, 156, 157, 158, 158, 158, 162, 164, 163, 162, 166, 167, 166, 165, 168, 170, 168, 167, 169, 173, 173, 172, 174, 177, 177, 175, 177, 179, 179, 178, 181, 183, 183, 182, 183, 185, 186, 186, 186, 189, 189, 188, 189, 191, 193, 192, 192, 194, 195, 195, 194, 197, 198, 195, 196, 198, 199, 199, 200, 203, 204, 204, 203, 205, 207, 207, 207, 209, 208, 209, 209, 211, 213, 212, 212, 214, 215, 215, 215, 217, 218, 218, 218, 220, 219, 220, 221, 223, 224, 222, 223, 225, 227, 226, 227, 228, 229, 229, 229, 232, 232, 232, 232, 234, 235, 234, 235, 237, 238, 238, 238, 239, 240, 241, 241, 243, 244, 244, 243, 245, 246, 247, 246, 248, 249, 250, 249, 251, 252, 253, 251, 254, 255, 255, 255, 256, 258, 258, 257, 260, 260, 261, 261, 263, 264, 265, 264, 266, 267, 268, 267, 269, 269, 271, 270, 272, 272, 275, 274, 275, 275, 278, 277, 279, 279, 281, 280, 280, 281, 284, 284, 285, 285, 287, 286, 287, 287, 291, 290, 290, 291, 294, 293, 293, 294, 297, 296, 296, 296, 300, 300, 299, 299, 304, 303, 302, 302, 307, 307, 306, 306, 310, 310, 309, 308, 314, 313, 313, 312, 316, 316, 315, 315, 319, 320, 319, 318, 322, 324, 323, 322, 325, 326, 326, 325, 329, 329, 329, 328, 331, 332, 332, 331, 334, 335, 336, 335, 336, 338, 339, 338, 340, 341, 342, 341, 342, 343, 345, 344, 345, 347, 348, 347, 348, 350, 352, 351, 351, 352, 355, 355, 354, 356, 358, 356, 357, 358, 361, 361, 361, 362, 365, 364, 363, 365, 369, 368, 367, 367, 371, 370, 370, 371, 374, 374, 373, 373, 377, 378, 377, 377, 380, 380, 379, 379, 382, 384, 383, 382, 386, 387, 386, 386, 389, 390, 389, 389, 392, 393, 392, 392, 395, 397, 396, 395, 397, 400, 399, 399, 400, 402, 402, 401, 403, 406, 406, 405, 406, 408, 409, 408, 410, 412, 413, 410, 411, 414, 415, 415, 414, 417, 419, 418, 418, 420, 423, 422, 422, 423, 425, 424, 424, 427, 429, 428, 427, 429, 431, 431, 431, 432, 435, 434, 433, 434, 439, 438, 437, 438, 441, 440, 439, 441, 444, 444, 443, 443, 443, 443, 443, 443, 448, 448, 448, 447, 451, 453, 453, 452, 455, 456, 455, 455, 458, 457, 456, 456, 460, 462, 461, 461, 463, 464, 463, 463, 466, 468, 467, 467, 470, 472, 473, 472, 473, 472, 474, 474, 476, 478, 478, 476, 477, 480, 482, 481, 481, 485, 486, 486, 486, 488, 489, 488, 487, 489, 492, 491, 490, 493, 495, 494, 494, 496, 500, 498, 498, 500, 502, 502, 501, 502, 505, 504, 504, 506, 507, 507, 507, 508, 511, 511, 511, 511, 514, 515, 514, 515, 517, 518, 517, 518, 521, 523, 521, 521, 523, 526, 525, 525, 527, 530, 528, 528, 530, 533, 533, 532, 533, 535, 535, 534, 537, 539, 539, 538, 539, 541, 542, 542, 542, 545, 545, 544, 545, 547, 548, 548, 548, 550, 551, 550, 550, 554, 555, 554, 554, 556, 558, 557, 557, 560, 561, 560, 560, 563, 563, 563, 563, 565, 567, 566, 566, 569, 571, 570, 569, 572, 572, 571, 572, 575, 576, 575, 575, 578, 579, 578, 579, 581, 582, 581, 581, 583, 585, 584, 585, 587, 588, 587, 587, 589, 592, 591, 591, 592, 595, 594, 593, 596]

################################################################
################### jail_ex_download_list: ######################

[1, 1, 1, 1, 1, 1, 0, 0, 1, 0, 0, 1, 0, 0, 0, 1, 0, 1, 1, 0, 1, 0, 0, 1, 1, 1, 1, 1, 0, 1, 0, 0, 1, 1, 1, 1, 0, 0, 1, 1, 0, 0, 0, 0, 1, 1, 1, 1, 1, 0, 0, 0, 0, 1, 1, 1, 1, 0, 0, 0, 1, 1, 1, 1, 0, 0, 1, 1, 1, 0, 0, 0, 1, 1, 1, 1, 1, 1, 1, 1, 1, 0, 1, 1, 1, 1, 0, 1, 1, 1, 0, 1, 1, 0, 1, 0, 1, 1, 0, 0, 0, 0, 1, 1, 1, 0, 1, 1, 1, 1, 0, 1, 0, 1, 0, 0, 1, 1, 1, 1, 1, 1, 1, 1, 0, 0, 1, 0, 1, 1, 1, 1, 0, 1, 0, 1, 0, 0, 0, 0, 1, 0, 1, 1, 1, 1, 1, 1, 0, 0, 0, 0, 0, 0, 1, 1, 1, 1, 1, 0, 0, 1, 0, 1, 1, 1, 1, 1, 1, 1, 0, 1, 1, 1, 0, 1, 1, 1, 0, 0, 1, 1, 0, 1, 0, 0, 1, 1, 0, 0, 0, 0, 1, 1, 1, 0, 1, 1, 1, 0, 0, 0, 0, 0, 1, 1, 1, 1, 1, 1, 1, 0, 0, 0, 1, 1, 1, 1, 1, 1, 0, 1, 1, 0, 0, 0, 0, 1, 1, 1, 1, 0, 1, 1, 1, 1, 1, 0, 0, 1, 0, 1, 1, 0, 0, 0, 0, 1, 1, 1, 0, 0, 0, 0, 0, 0, 0, 0, 1, 1, 1, 1, 0, 1, 1, 1, 0, 0, 0, 1, 0, 0, 0, 0, 1, 1, 1, 0, 0, 1, 1, 0, 0, 0, 0, 1, 1, 1, 0, 0, 1, 1, 1, 0, 0, 0, 1, 1, 1, 0, 0, 1, 1, 1, 0, 0, 1, 1, 0, 0, 0, 0, 1, 1, 1, 0, 0, 0, 0, 1, 1, 1, 1, 1, 1, 1, 0, 0, 0, 0, 0, 0, 0, 0, 0, 1, 1, 1, 1, 1, 0, 1, 1, 1, 1, 0, 0, 0, 0, 1, 1, 1, 0, 1, 1, 1, 1, 0, 1, 1, 1, 1, 0, 0, 0, 0, 1, 1, 1, 1, 0, 0, 0, 0, 1, 1, 0, 0, 1, 1, 1, 0, 0, 0, 0, 0, 1, 1, 1, 1, 1, 1, 1, 1, 1, 1, 1, 1, 0, 1, 1, 0, 1, 1, 1, 1, 0, 1, 0, 0, 0, 1, 1, 1, 1, 1, 1, 1, 0, 0, 1, 1, 1, 1, 0, 0, 0, 1, 1, 1, 0, 0, 1, 1, 1, 1, 0, 0, 1, 0, 1, 1, 0, 0, 0, 0, 0, 1, 1, 1, 1, 0, 1, 1, 1, 1, 0, 0, 1, 1, 0, 0, 1, 0, 1, 1, 1, 1, 1, 1, 0, 0, 1, 1, 1, 1, 0, 0, 0, 0, 1, 1, 1, 0, 1, 1, 1, 1, 0, 0, 0, 0, 1, 1, 1, 1, 1, 1, 1, 0, 1, 0, 0, 1, 1, 1, 1, 0, 0, 1, 1, 1, 0, 0, 1, 1, 1, 0, 0, 0, 1, 1, 1, 1, 1, 0, 1, 1, 1, 1, 0, 0, 0, 0, 0, 0, 1, 1, 1, 1, 1, 1, 1, 1, 1, 0, 0, 0, 0, 1, 1, 1, 1, 0, 0, 0, 1, 0, 1, 1, 0, 0, 1, 1, 1, 1, 0, 0, 0, 0, 0, 1, 1, 0, 1, 1, 1, 1, 1, 1, 1, 1, 0, 1, 1, 0, 1, 0, 0, 1, 1, 1, 1, 0, 1, 0, 0, 1, 0, 1, 0, 0, 1, 1, 1, 1, 0, 1, 1, 1, 0, 0, 0, 0, 1, 1, 0, 0, 0, 0, 1, 1, 1, 1, 1, 1, 1, 0, 0, 0, 0, 1, 1, 1, 1, 1, 1, 1, 0, 0, 1, 1, 1, 1, 0, 1, 1, 0, 0, 0, 0, 1, 1, 1, 1, 0, 1, 1, 1, 1, 1, 0, 0, 1, 0, 1, 1, 0, 1, 1, 1, 0, 1, 1, 1, 1, 1, 1, 1, 1, 1, 0, 1, 1, 0, 0, 0, 0, 1, 1, 1, 1, 0, 1, 1, 1, 1, 1, 0, 0, 1, 0, 1, 1, 0, 1, 1, 1, 1, 1, 1, 1, 1, 0, 1, 1, 1, 1, 0, 0, 0, 1, 1, 1, 1, 0, 0, 0, 1, 1, 1, 1, 1, 0, 0, 0, 1, 0, 0, 1, 0, 0, 1, 1, 1, 0, 0, 1, 0, 1, 1, 1, 1, 1, 0, 0, 0, 0, 1, 1, 1, 1, 1, 1, 1, 1, 1, 1, 1, 0]

################################################################
################################################################
################### process_jail_download_list: ######################

[7, 7, 8, 8, 6, 7, 6, 6, 7, 6, 6, 6, 6, 6, 6, 7, 6, 7, 7, 6, 6, 6, 6, 6, 7, 6, 7, 7, 6, 7, 6, 6, 7, 7, 7, 7, 6, 6, 7, 7, 6, 6, 6, 6, 6, 7, 7, 7, 7, 6, 6, 6, 6, 7, 7, 7, 6, 6, 6, 6, 7, 7, 7, 7, 6, 6, 7, 7, 6, 6, 6, 6, 6, 6, 7, 7, 7, 7, 7, 7, 7, 6, 7, 7, 7, 6, 6, 6, 6, 7, 6, 7, 7, 6, 7, 7, 7, 7, 6, 6, 6, 6, 6, 7, 7, 6, 7, 7, 6, 6, 6, 7, 6, 6, 6, 6, 6, 7, 6, 6, 7, 7, 7, 7, 6, 6, 6, 6, 7, 6, 7, 6, 6, 7, 6, 7, 6, 6, 6, 6, 6, 6, 6, 6, 7, 7, 7, 7, 6, 6, 6, 6, 6, 6, 6, 7, 7, 6, 7, 6, 6, 7, 6, 7, 7, 6, 7, 7, 7, 7, 6, 7, 7, 7, 7, 7, 7, 7, 6, 6, 7, 7, 6, 6, 7, 7, 7, 7, 6, 6, 6, 6, 7, 7, 6, 7, 7, 7, 7, 6, 6, 6, 6, 6, 7, 7, 7, 7, 7, 7, 7, 6, 6, 6, 6, 6, 7, 7, 7, 7, 6, 7, 7, 6, 6, 6, 6, 7, 7, 7, 7, 6, 6, 7, 7, 6, 7, 6, 6, 7, 6, 7, 7, 6, 6, 6, 7, 7, 7, 7, 6, 6, 6, 6, 6, 6, 6, 6, 7, 6, 6, 6, 6, 7, 7, 6, 6, 6, 6, 7, 6, 6, 6, 6, 7, 6, 6, 6, 6, 7, 7, 6, 6, 6, 6, 7, 6, 6, 6, 6, 7, 7, 6, 6, 6, 6, 7, 6, 6, 6, 6, 7, 6, 6, 6, 6, 7, 7, 6, 6, 6, 6, 7, 7, 7, 6, 6, 6, 6, 6, 6, 6, 7, 7, 7, 7, 6, 6, 6, 6, 6, 6, 6, 6, 6, 6, 7, 6, 7, 7, 6, 7, 7, 7, 7, 6, 6, 6, 6, 6, 7, 7, 6, 7, 7, 7, 7, 6, 7, 7, 7, 7, 6, 6, 6, 6, 7, 7, 7, 7, 6, 6, 6, 6, 7, 7, 6, 7, 7, 7, 7, 6, 6, 6, 6, 6, 7, 7, 6, 6, 7, 7, 7, 7, 7, 7, 7, 7, 6, 7, 7, 6, 7, 7, 6, 7, 6, 7, 6, 6, 6, 7, 7, 7, 7, 7, 7, 7, 6, 6, 7, 7, 7, 6, 6, 6, 6, 7, 7, 7, 6, 6, 7, 7, 6, 7, 6, 6, 7, 6, 7, 7, 6, 6, 6, 6, 6, 7, 7, 7, 6, 6, 7, 7, 7, 6, 7, 7, 6, 7, 6, 6, 7, 6, 7, 7, 7, 7, 7, 7, 6, 6, 7, 7, 7, 7, 6, 6, 6, 6, 6, 7, 7, 6, 7, 7, 7, 7, 6, 6, 6, 6, 6, 7, 7, 7, 7, 7, 7, 6, 6, 6, 6, 7, 7, 7, 7, 6, 6, 7, 7, 7, 6, 6, 7, 7, 6, 6, 6, 6, 6, 7, 7, 7, 7, 6, 7, 7, 7, 7, 7, 7, 6, 6, 6, 6, 6, 6, 7, 7, 7, 7, 7, 7, 7, 6, 6, 6, 6, 7, 7, 7, 6, 6, 6, 6, 7, 6, 7, 7, 6, 6, 7, 7, 7, 7, 6, 6, 6, 6, 6, 7, 7, 6, 6, 6, 6, 6, 7, 7, 7, 7, 6, 7, 7, 6, 6, 6, 6, 6, 7, 8, 8, 7, 7, 7, 6, 7, 6, 7, 6, 6, 7, 6, 7, 7, 6, 7, 7, 7, 6, 6, 7, 7, 7, 7, 6, 6, 6, 6, 7, 7, 6, 7, 7, 7, 7, 6, 6, 6, 6, 6, 7, 7, 7, 7, 7, 7, 6, 6, 7, 7, 7, 7, 6, 7, 7, 6, 6, 6, 6, 7, 7, 7, 7, 6, 6, 7, 7, 6, 7, 6, 6, 7, 6, 7, 7, 7, 7, 8, 8, 6, 6, 7, 7, 7, 7, 7, 7, 7, 7, 6, 7, 7, 6, 6, 6, 6, 7, 7, 7, 7, 6, 6, 7, 7, 6, 7, 6, 6, 7, 6, 7, 7, 6, 6, 6, 6, 6, 7, 7, 7, 7, 6, 7, 7, 7, 7, 6, 6, 6, 7, 7, 7, 6, 6, 6, 6, 7, 7, 7, 7, 6, 6, 6, 6, 7, 6, 6, 6, 6, 7, 7, 7, 7, 6, 6, 6, 6, 6, 7, 7, 7, 7, 6, 6, 6, 6, 7, 7, 7, 6, 7, 7, 6, 7, 6, 6, 7, 6]

################################################################
################################################################
################### process_jail_list: ######################

[6, 6, 7, 7, 5, 6, 6, 6, 6, 6, 6, 5, 6, 6, 6, 6, 6, 6, 6, 6, 5, 6, 6, 5, 6, 5, 6, 6, 6, 6, 6, 6, 6, 6, 6, 6, 6, 6, 6, 6, 6, 6, 6, 6, 5, 6, 6, 6, 6, 6, 6, 6, 6, 6, 6, 6, 5, 6, 6, 6, 6, 6, 6, 6, 6, 6, 6, 6, 5, 6, 6, 6, 5, 5, 6, 6, 6, 6, 6, 6, 6, 6, 6, 6, 6, 5, 6, 5, 5, 6, 6, 6, 6, 6, 6, 7, 6, 6, 6, 6, 6, 6, 5, 6, 6, 6, 6, 6, 5, 5, 6, 6, 6, 5, 6, 6, 5, 6, 5, 5, 6, 6, 6, 6, 6, 6, 5, 6, 6, 5, 6, 5, 6, 6, 6, 6, 6, 6, 6, 6, 5, 6, 5, 5, 6, 6, 6, 6, 6, 6, 6, 6, 6, 6, 5, 6, 6, 5, 6, 6, 6, 6, 6, 6, 6, 5, 6, 6, 6, 6, 6, 6, 6, 6, 7, 6, 6, 6, 6, 6, 6, 6, 6, 5, 7, 7, 6, 6, 6, 6, 6, 6, 6, 6, 5, 7, 6, 6, 6, 6, 6, 6, 6, 6, 6, 6, 6, 6, 6, 6, 6, 6, 6, 6, 5, 5, 6, 6, 6, 6, 6, 6, 6, 6, 6, 6, 6, 6, 6, 6, 6, 6, 5, 6, 6, 5, 6, 6, 6, 6, 6, 6, 6, 6, 6, 6, 7, 6, 6, 6, 6, 6, 6, 6, 6, 6, 6, 6, 6, 5, 5, 5, 6, 6, 6, 5, 6, 6, 6, 6, 6, 6, 6, 6, 6, 5, 5, 6, 6, 6, 6, 6, 6, 6, 6, 6, 5, 5, 6, 6, 6, 6, 5, 6, 6, 6, 6, 5, 5, 6, 6, 6, 5, 5, 6, 6, 6, 6, 6, 6, 6, 6, 6, 6, 6, 6, 6, 6, 6, 5, 5, 5, 6, 6, 6, 6, 6, 6, 6, 6, 6, 6, 6, 6, 6, 5, 6, 5, 6, 6, 6, 6, 6, 6, 6, 6, 6, 6, 6, 5, 6, 6, 6, 6, 6, 6, 6, 6, 6, 6, 6, 6, 6, 6, 6, 6, 6, 6, 6, 6, 6, 6, 6, 6, 6, 6, 6, 7, 6, 6, 6, 6, 6, 6, 6, 6, 6, 6, 5, 5, 6, 6, 6, 6, 6, 6, 6, 6, 6, 6, 6, 6, 6, 6, 5, 6, 6, 6, 6, 6, 6, 6, 6, 6, 6, 6, 6, 6, 6, 6, 6, 6, 6, 5, 6, 6, 6, 6, 6, 6, 6, 6, 6, 6, 5, 6, 6, 6, 6, 6, 6, 6, 6, 6, 6, 6, 6, 6, 6, 6, 5, 6, 6, 6, 6, 5, 7, 7, 5, 6, 6, 6, 6, 6, 6, 6, 6, 6, 6, 6, 6, 6, 6, 6, 6, 6, 6, 6, 6, 6, 5, 6, 6, 6, 6, 6, 6, 6, 6, 6, 6, 6, 5, 6, 6, 6, 6, 6, 6, 6, 5, 6, 6, 6, 6, 6, 6, 6, 6, 6, 6, 6, 6, 6, 6, 6, 5, 6, 6, 6, 5, 6, 6, 6, 6, 6, 6, 6, 6, 6, 7, 7, 6, 6, 6, 6, 5, 5, 6, 6, 6, 6, 6, 6, 6, 6, 6, 6, 6, 6, 6, 6, 5, 6, 6, 6, 6, 6, 6, 6, 6, 6, 6, 6, 6, 6, 6, 6, 6, 6, 6, 6, 6, 6, 5, 5, 5, 5, 6, 6, 6, 6, 6, 6, 6, 6, 5, 6, 6, 5, 6, 7, 7, 7, 6, 7, 6, 6, 6, 6, 6, 6, 6, 5, 6, 6, 6, 6, 6, 6, 6, 6, 7, 7, 6, 6, 6, 6, 6, 6, 6, 6, 5, 6, 6, 6, 6, 6, 6, 6, 6, 5, 6, 6, 6, 6, 6, 6, 6, 6, 6, 6, 6, 6, 6, 6, 6, 6, 6, 6, 6, 6, 6, 6, 6, 6, 5, 6, 6, 5, 6, 6, 6, 6, 6, 6, 6, 7, 6, 7, 7, 6, 5, 6, 6, 6, 6, 6, 6, 6, 6, 6, 6, 6, 6, 6, 6, 6, 6, 6, 6, 6, 6, 5, 6, 6, 5, 6, 6, 6, 6, 6, 6, 6, 6, 5, 5, 5, 5, 6, 6, 6, 6, 6, 6, 6, 6, 6, 6, 6, 6, 6, 6, 6, 5, 6, 6, 6, 6, 6, 6, 6, 5, 6, 6, 6, 6, 6, 6, 5, 6, 7, 6, 6, 6, 6, 6, 5, 6, 5, 6, 6, 6, 6, 6, 6, 6, 6, 6, 6, 6, 5, 6, 6, 5, 6, 5, 5, 6, 6]

################################################################
