Numero total de amostras 770

Tempo total de processamento: 0:20:14

############## TEMPOS DE PROCESSAMENTO DO EXERCICIO NO JAIL  ####################
Soma 4431 segundos
Media 5.754545454545455 segundos
Desvio padr達o 0.43035637740162275 segundos
Minimo 5 segundos
Maximo 6 segundos

95% 5.0 segundos
99% 5.0 segundos

############## TEMPOS DE PROCESSAMENTO DO EXERCICIO NO JAIL COM DOWNLOAD  ################
Soma 4853 segundos
Media 6.302597402597403 segundos
Desvio padr達o 0.47055480544599526 segundos
Minimo 6 segundos
Maximo 8 segundos

95% 6.0 segundos
99% 6.0 segundos

################### TEMPOS DE DOWNLOAD DO EXERCICIO NO JAIL #######################
Soma 422 segundos
Media 0.548051948051948 segundos
Desvio padr達o 0.5080163586716704 segundos
Minimo 0 segundos
Maximo 2 segundos

95% 0.0 segundos
99% 0.0 segundos

############################ TEMPOS DE ESPERA NA FILA ############################
Soma 218001
Media 283.1181818181818 segundos
Desvio padr達o 159.06133034863828 segundos
Minimo 6 segundos
Maximo 559 segundos

95% 13.3055 segundos
99% 13.6131 segundos

################### queue_wait_time_list: ######################

[8, 7, 7, 6, 13, 12, 11, 10, 15, 16, 14, 14, 18, 18, 17, 16, 21, 21, 21, 20, 23, 24, 23, 23, 26, 27, 26, 25, 29, 29, 30, 29, 32, 32, 32, 31, 34, 35, 36, 35, 37, 37, 38, 37, 41, 41, 42, 41, 43, 43, 44, 44, 46, 46, 48, 47, 48, 49, 51, 50, 52, 52, 53, 52, 54, 55, 57, 56, 57, 57, 59, 58, 60, 60, 62, 61, 62, 62, 64, 65, 65, 66, 67, 67, 68, 68, 71, 70, 71, 71, 73, 72, 73, 74, 76, 76, 77, 77, 79, 78, 80, 80, 82, 81, 82, 82, 85, 85, 85, 85, 88, 87, 88, 88, 92, 91, 91, 91, 94, 93, 93, 94, 98, 97, 96, 96, 100, 99, 100, 100, 103, 102, 102, 102, 106, 106, 105, 105, 109, 108, 107, 107, 113, 112, 111, 111, 115, 114, 113, 114, 118, 118, 117, 116, 120, 120, 120, 119, 124, 123, 122, 122, 126, 127, 126, 125, 129, 129, 128, 127, 132, 133, 132, 131, 134, 135, 134, 134, 137, 138, 138, 137, 139, 140, 141, 140, 143, 143, 144, 143, 145, 146, 147, 146, 148, 148, 149, 148, 151, 152, 153, 152, 153, 154, 155, 155, 156, 157, 159, 158, 159, 159, 162, 161, 162, 162, 165, 164, 164, 166, 168, 167, 167, 168, 170, 169, 170, 171, 174, 173, 172, 173, 176, 176, 176, 176, 180, 179, 178, 178, 183, 182, 181, 181, 185, 185, 184, 185, 189, 188, 187, 187, 191, 190, 191, 190, 194, 194, 193, 192, 196, 197, 196, 195, 199, 199, 198, 197, 203, 202, 201, 201, 205, 205, 204, 204, 208, 208, 207, 206, 210, 210, 210, 209, 213, 213, 212, 212, 216, 216, 216, 215, 219, 218, 218, 217, 222, 222, 221, 220, 224, 224, 223, 223, 227, 227, 226, 225, 229, 229, 229, 228, 233, 232, 231, 231, 235, 235, 235, 234, 238, 238, 237, 236, 241, 241, 241, 240, 243, 243, 243, 243, 246, 247, 247, 246, 249, 249, 250, 249, 252, 252, 252, 251, 254, 255, 256, 255, 257, 257, 258, 257, 260, 260, 261, 260, 262, 262, 263, 263, 265, 266, 266, 265, 268, 268, 269, 269, 271, 271, 271, 271, 273, 274, 275, 274, 276, 277, 277, 276, 280, 280, 280, 279, 282, 282, 282, 282, 285, 285, 285, 285, 287, 287, 288, 288, 291, 291, 291, 290, 293, 294, 294, 293, 296, 296, 297, 296, 299, 299, 300, 299, 302, 302, 303, 303, 305, 305, 306, 305, 307, 307, 309, 308, 311, 311, 312, 311, 313, 314, 315, 314, 316, 316, 318, 317, 319, 319, 321, 320, 322, 322, 324, 324, 325, 325, 327, 326, 327, 327, 331, 330, 330, 330, 333, 332, 332, 333, 337, 336, 336, 336, 339, 338, 339, 339, 343, 342, 342, 342, 345, 345, 345, 345, 348, 347, 347, 347, 352, 351, 350, 350, 354, 353, 353, 354, 358, 357, 356, 356, 360, 359, 359, 359, 363, 362, 361, 361, 365, 366, 365, 364, 368, 368, 367, 366, 372, 371, 370, 370, 374, 374, 373, 373, 377, 377, 376, 375, 380, 379, 379, 379, 383, 382, 382, 381, 385, 386, 386, 385, 388, 388, 388, 387, 391, 391, 392, 391, 393, 393, 394, 394, 396, 396, 397, 396, 399, 398, 401, 400, 402, 401, 403, 402, 404, 405, 407, 406, 407, 407, 409, 408, 410, 410, 413, 412, 412, 412, 415, 415, 416, 415, 419, 418, 418, 418, 422, 421, 421, 421, 425, 424, 423, 424, 428, 427, 427, 426, 430, 429, 430, 429, 434, 433, 432, 431, 436, 437, 436, 435, 440, 439, 438, 438, 443, 442, 442, 441, 445, 445, 444, 444, 448, 448, 448, 447, 450, 451, 451, 450, 453, 453, 454, 453, 456, 456, 457, 456, 459, 458, 460, 460, 462, 462, 463, 462, 464, 464, 467, 466, 467, 467, 469, 468, 469, 470, 472, 471, 473, 472, 475, 474, 476, 475, 478, 477, 478, 477, 480, 480, 481, 481, 484, 483, 483, 483, 487, 487, 487, 486, 490, 489, 489, 490, 494, 493, 493, 492, 496, 495, 495, 495, 500, 499, 498, 497, 502, 501, 500, 500, 506, 505, 504, 503, 508, 508, 507, 506, 509, 507, 507, 503, 508, 506, 505, 505, 510, 511, 511, 511, 515, 515, 515, 515, 518, 518, 519, 518, 522, 521, 523, 522, 526, 525, 526, 526, 530, 530, 531, 531, 533, 533, 534, 533, 535, 535, 538, 537, 539, 538, 540, 539, 541, 541, 543, 543, 544, 544, 545, 545, 547, 547, 549, 548, 549, 549, 551, 551, 553, 552, 554, 553, 555, 554, 557, 556, 558, 557, 559, 559]

################################################################
################### jail_ex_download_list: ######################

[2, 2, 2, 2, 0, 1, 1, 1, 0, 1, 1, 1, 1, 1, 1, 1, 1, 1, 0, 0, 1, 0, 0, 0, 1, 0, 1, 1, 0, 0, 0, 0, 0, 1, 1, 1, 1, 1, 0, 0, 1, 1, 1, 1, 0, 0, 0, 0, 0, 0, 1, 1, 1, 1, 0, 0, 1, 0, 0, 0, 0, 0, 1, 1, 0, 0, 0, 0, 0, 1, 1, 1, 1, 1, 1, 1, 1, 1, 1, 0, 1, 0, 1, 0, 0, 0, 0, 0, 0, 1, 1, 1, 1, 1, 1, 0, 0, 0, 0, 0, 0, 1, 1, 1, 1, 1, 0, 0, 1, 1, 1, 1, 0, 0, 0, 0, 0, 0, 1, 1, 1, 1, 0, 0, 1, 1, 0, 0, 0, 0, 1, 1, 0, 0, 0, 0, 1, 0, 1, 1, 1, 1, 0, 1, 1, 0, 0, 1, 1, 0, 1, 0, 0, 1, 1, 1, 1, 1, 0, 1, 1, 0, 0, 0, 0, 0, 0, 1, 1, 1, 0, 0, 0, 1, 1, 0, 1, 1, 1, 0, 0, 0, 1, 1, 1, 1, 0, 1, 0, 0, 0, 1, 0, 0, 0, 1, 1, 1, 0, 0, 0, 0, 1, 0, 1, 1, 1, 1, 0, 0, 0, 1, 1, 1, 0, 1, 0, 0, 0, 0, 1, 1, 1, 0, 1, 1, 1, 0, 0, 0, 1, 0, 1, 1, 0, 1, 0, 1, 1, 1, 1, 1, 1, 1, 1, 1, 1, 0, 0, 1, 1, 0, 0, 1, 0, 0, 0, 0, 0, 0, 1, 0, 0, 1, 1, 1, 1, 1, 0, 1, 1, 0, 0, 0, 0, 1, 1, 0, 1, 1, 1, 0, 1, 1, 1, 1, 1, 0, 0, 1, 0, 0, 0, 1, 0, 0, 0, 0, 0, 1, 0, 0, 0, 1, 1, 0, 1, 1, 1, 1, 1, 1, 0, 1, 1, 0, 0, 1, 1, 1, 0, 0, 1, 1, 1, 0, 0, 0, 1, 1, 1, 1, 1, 0, 0, 0, 0, 0, 1, 1, 0, 0, 1, 1, 0, 0, 0, 0, 0, 1, 0, 0, 1, 1, 0, 1, 1, 1, 1, 1, 1, 0, 1, 1, 0, 0, 1, 0, 0, 1, 1, 0, 1, 1, 0, 1, 1, 0, 0, 1, 0, 0, 0, 1, 1, 1, 1, 1, 1, 1, 1, 0, 1, 1, 1, 0, 0, 0, 0, 1, 0, 1, 1, 1, 1, 1, 0, 0, 1, 1, 1, 1, 0, 0, 0, 0, 1, 1, 1, 1, 1, 1, 1, 1, 0, 0, 0, 0, 0, 1, 1, 1, 0, 1, 0, 0, 1, 1, 1, 1, 0, 0, 0, 0, 0, 0, 1, 1, 1, 1, 0, 0, 1, 1, 1, 1, 1, 1, 0, 0, 0, 0, 1, 1, 1, 1, 0, 0, 0, 0, 1, 1, 0, 1, 1, 1, 1, 1, 1, 1, 1, 1, 1, 1, 0, 0, 0, 0, 0, 0, 1, 1, 1, 0, 1, 1, 1, 1, 1, 0, 0, 1, 1, 1, 1, 1, 0, 1, 1, 0, 0, 0, 0, 1, 1, 1, 1, 1, 0, 1, 0, 0, 0, 1, 1, 1, 0, 0, 0, 0, 0, 0, 1, 1, 1, 0, 0, 0, 1, 0, 0, 0, 1, 1, 1, 1, 0, 1, 0, 0, 0, 1, 1, 1, 0, 0, 0, 0, 0, 0, 1, 1, 1, 1, 0, 0, 1, 1, 1, 1, 0, 1, 0, 0, 0, 0, 1, 1, 1, 0, 0, 0, 1, 0, 1, 1, 0, 1, 1, 1, 0, 1, 1, 1, 1, 1, 1, 1, 1, 1, 0, 1, 1, 1, 0, 1, 0, 0, 0, 0, 1, 1, 0, 0, 0, 0, 1, 0, 1, 1, 1, 1, 0, 0, 0, 1, 1, 1, 0, 1, 0, 0, 0, 0, 1, 1, 1, 0, 0, 0, 1, 0, 1, 1, 1, 1, 1, 1, 0, 1, 0, 0, 0, 1, 1, 1, 1, 1, 1, 0, 1, 0, 1, 1, 1, 1, 0, 0, 0, 1, 1, 1, 1, 0, 0, 0, 0, 0, 1, 1, 0, 0, 0, 0, 0, 1, 1, 1, 1, 1, 0, 0, 1, 1, 0, 1, 1, 1, 0, 1, 0, 0, 1, 1, 1, 1, 1, 0, 0, 0, 1, 0, 1, 1, 0, 1, 0, 0, 0, 1, 1, 1, 0, 1, 1, 1, 0, 0, 0, 0, 1, 0, 1, 1, 1, 0, 0, 0, 0, 1, 1, 1, 0, 1, 1, 0, 1, 0, 1, 0, 1, 0, 0, 1, 1, 0, 0, 1, 0, 0, 0, 1, 0, 1, 0, 1, 0, 1, 1, 0]

################################################################
################################################################
################### process_jail_download_list: ######################

[8, 8, 8, 8, 6, 7, 7, 7, 6, 6, 6, 6, 6, 6, 7, 7, 6, 7, 6, 6, 6, 6, 6, 6, 7, 6, 7, 7, 6, 6, 6, 6, 6, 6, 7, 7, 6, 6, 6, 6, 7, 7, 7, 7, 6, 6, 6, 6, 6, 6, 7, 7, 6, 7, 6, 6, 7, 6, 6, 6, 6, 6, 7, 7, 6, 6, 6, 6, 6, 6, 6, 6, 6, 6, 6, 7, 6, 7, 6, 6, 7, 6, 7, 6, 6, 6, 6, 6, 6, 6, 6, 7, 7, 7, 7, 6, 6, 6, 6, 6, 6, 6, 7, 7, 6, 6, 6, 6, 7, 7, 7, 7, 6, 6, 6, 6, 6, 6, 7, 7, 6, 6, 6, 6, 7, 7, 6, 6, 6, 6, 7, 7, 6, 6, 6, 6, 6, 6, 7, 7, 7, 7, 6, 6, 6, 6, 6, 7, 7, 6, 6, 6, 6, 6, 7, 6, 6, 7, 6, 7, 7, 6, 6, 6, 6, 6, 6, 7, 7, 7, 6, 6, 6, 6, 6, 6, 7, 7, 6, 6, 6, 6, 7, 6, 7, 7, 6, 6, 6, 6, 6, 6, 6, 6, 6, 7, 7, 7, 6, 6, 6, 6, 6, 6, 7, 7, 7, 6, 6, 6, 6, 6, 7, 7, 6, 7, 6, 6, 6, 6, 6, 6, 6, 6, 7, 7, 6, 6, 6, 6, 7, 6, 7, 7, 6, 6, 6, 6, 6, 6, 6, 7, 7, 7, 7, 6, 6, 6, 6, 6, 7, 6, 6, 7, 6, 6, 6, 6, 6, 6, 6, 6, 6, 6, 7, 6, 6, 7, 6, 7, 7, 6, 6, 6, 6, 6, 6, 6, 6, 6, 6, 6, 6, 7, 7, 6, 7, 6, 6, 6, 6, 6, 6, 7, 6, 6, 6, 6, 6, 6, 6, 6, 6, 6, 6, 6, 6, 6, 6, 6, 6, 7, 6, 6, 7, 6, 6, 7, 6, 6, 6, 6, 7, 7, 6, 6, 6, 6, 6, 7, 7, 7, 7, 6, 6, 6, 6, 6, 6, 6, 6, 6, 7, 7, 6, 6, 6, 6, 6, 6, 6, 6, 6, 6, 6, 6, 6, 7, 6, 6, 7, 6, 6, 7, 6, 6, 6, 6, 6, 6, 7, 6, 6, 7, 6, 6, 7, 6, 6, 6, 6, 6, 6, 6, 6, 6, 6, 7, 6, 6, 6, 6, 7, 7, 7, 6, 6, 6, 6, 6, 6, 6, 7, 7, 6, 6, 6, 6, 7, 7, 7, 7, 6, 6, 6, 6, 6, 6, 6, 6, 7, 7, 7, 7, 6, 6, 6, 6, 6, 6, 7, 7, 6, 6, 6, 6, 7, 7, 7, 7, 6, 6, 6, 6, 6, 6, 7, 7, 6, 6, 6, 6, 6, 6, 7, 7, 7, 7, 6, 6, 6, 6, 7, 7, 7, 7, 6, 6, 6, 6, 6, 6, 6, 6, 7, 7, 6, 6, 6, 6, 7, 7, 7, 7, 6, 6, 6, 6, 6, 6, 6, 6, 6, 6, 6, 7, 7, 6, 6, 6, 6, 6, 7, 6, 6, 7, 6, 7, 7, 6, 6, 6, 6, 6, 7, 6, 7, 7, 6, 6, 6, 6, 6, 7, 7, 7, 6, 6, 6, 6, 6, 6, 7, 7, 6, 6, 6, 6, 6, 6, 6, 6, 7, 6, 7, 7, 6, 6, 6, 6, 6, 7, 7, 7, 6, 6, 6, 6, 6, 6, 7, 7, 6, 6, 6, 6, 7, 6, 7, 7, 6, 7, 6, 6, 6, 6, 7, 7, 6, 6, 6, 6, 7, 6, 6, 6, 6, 6, 7, 7, 6, 6, 7, 6, 7, 7, 6, 6, 6, 6, 6, 6, 7, 7, 6, 7, 6, 6, 6, 6, 7, 7, 6, 6, 6, 6, 6, 6, 7, 7, 7, 6, 6, 6, 6, 6, 7, 7, 6, 7, 6, 6, 6, 6, 7, 7, 6, 6, 6, 6, 6, 6, 6, 6, 7, 6, 7, 7, 6, 6, 6, 6, 6, 6, 6, 7, 6, 7, 7, 6, 6, 6, 7, 7, 7, 6, 6, 6, 6, 7, 7, 7, 7, 6, 6, 6, 6, 6, 7, 7, 6, 6, 6, 6, 6, 6, 7, 7, 7, 7, 6, 6, 6, 6, 6, 6, 7, 7, 6, 6, 6, 6, 6, 7, 7, 7, 6, 6, 6, 6, 7, 6, 7, 7, 6, 6, 6, 6, 6, 6, 6, 6, 6, 7, 7, 7, 6, 6, 6, 6, 6, 6, 7, 7, 7, 6, 6, 6, 6, 6, 6, 7, 6, 7, 6, 6, 6, 6, 7, 6, 6, 6, 6, 6, 7, 6, 6, 6, 6, 6, 6, 6, 6, 6, 6, 7, 6, 6, 6, 6]

################################################################
################################################################
################### process_jail_list: ######################

[6, 6, 6, 6, 6, 6, 6, 6, 6, 5, 5, 5, 5, 5, 6, 6, 5, 6, 6, 6, 5, 6, 6, 6, 6, 6, 6, 6, 6, 6, 6, 6, 6, 5, 6, 6, 5, 5, 6, 6, 6, 6, 6, 6, 6, 6, 6, 6, 6, 6, 6, 6, 5, 6, 6, 6, 6, 6, 6, 6, 6, 6, 6, 6, 6, 6, 6, 6, 6, 5, 5, 5, 5, 5, 5, 6, 5, 6, 5, 6, 6, 6, 6, 6, 6, 6, 6, 6, 6, 5, 5, 6, 6, 6, 6, 6, 6, 6, 6, 6, 6, 5, 6, 6, 5, 5, 6, 6, 6, 6, 6, 6, 6, 6, 6, 6, 6, 6, 6, 6, 5, 5, 6, 6, 6, 6, 6, 6, 6, 6, 6, 6, 6, 6, 6, 6, 5, 6, 6, 6, 6, 6, 6, 5, 5, 6, 6, 6, 6, 6, 5, 6, 6, 5, 6, 5, 5, 6, 6, 6, 6, 6, 6, 6, 6, 6, 6, 6, 6, 6, 6, 6, 6, 5, 5, 6, 6, 6, 5, 6, 6, 6, 6, 5, 6, 6, 6, 5, 6, 6, 6, 5, 6, 6, 6, 6, 6, 6, 6, 6, 6, 6, 5, 6, 6, 6, 6, 5, 6, 6, 6, 5, 6, 6, 6, 6, 6, 6, 6, 6, 5, 5, 5, 6, 6, 6, 5, 6, 6, 6, 6, 6, 6, 6, 6, 5, 6, 5, 5, 5, 5, 6, 6, 6, 6, 5, 5, 6, 6, 5, 6, 6, 6, 6, 6, 6, 6, 6, 6, 6, 5, 6, 6, 5, 6, 5, 5, 6, 6, 6, 6, 6, 6, 6, 6, 5, 5, 6, 5, 5, 5, 6, 5, 6, 6, 5, 6, 6, 6, 5, 6, 6, 6, 6, 6, 6, 6, 6, 6, 5, 6, 6, 6, 5, 5, 6, 5, 5, 5, 5, 5, 6, 6, 5, 6, 6, 6, 6, 5, 5, 6, 6, 6, 6, 5, 6, 6, 6, 5, 6, 6, 6, 6, 6, 6, 6, 6, 6, 5, 5, 6, 6, 6, 6, 6, 6, 6, 6, 6, 5, 6, 6, 5, 5, 6, 5, 5, 6, 5, 5, 6, 6, 5, 6, 6, 6, 5, 6, 6, 5, 6, 6, 5, 6, 6, 5, 6, 6, 6, 5, 6, 6, 6, 5, 5, 5, 5, 6, 5, 5, 5, 6, 6, 6, 6, 6, 6, 6, 6, 5, 6, 5, 6, 6, 5, 5, 6, 6, 6, 6, 6, 6, 6, 6, 6, 6, 5, 5, 5, 5, 6, 6, 6, 6, 6, 6, 6, 6, 6, 5, 6, 6, 6, 5, 6, 6, 6, 6, 6, 6, 6, 6, 6, 6, 6, 6, 6, 6, 5, 5, 6, 6, 5, 5, 6, 6, 6, 6, 6, 6, 6, 6, 6, 6, 6, 6, 6, 6, 6, 6, 5, 5, 6, 5, 6, 6, 5, 5, 5, 5, 6, 6, 6, 6, 6, 6, 6, 6, 6, 6, 5, 5, 5, 6, 5, 6, 6, 5, 5, 6, 6, 5, 6, 5, 5, 6, 6, 6, 6, 6, 6, 6, 6, 5, 6, 5, 6, 6, 6, 5, 6, 6, 6, 6, 6, 6, 6, 6, 6, 6, 6, 6, 6, 6, 5, 6, 6, 6, 5, 6, 6, 6, 6, 5, 6, 6, 6, 5, 6, 6, 6, 6, 6, 6, 6, 6, 6, 6, 6, 6, 6, 6, 5, 5, 6, 6, 6, 5, 6, 6, 6, 6, 6, 6, 6, 6, 6, 6, 5, 6, 6, 6, 6, 6, 5, 5, 6, 5, 6, 6, 6, 5, 6, 5, 6, 6, 5, 5, 5, 5, 6, 5, 6, 6, 6, 6, 6, 6, 6, 6, 6, 6, 6, 6, 6, 6, 5, 6, 6, 6, 6, 5, 6, 6, 6, 5, 6, 6, 6, 6, 6, 6, 6, 6, 6, 6, 5, 6, 6, 6, 5, 6, 5, 5, 6, 5, 6, 6, 6, 5, 6, 6, 6, 5, 5, 6, 5, 6, 6, 6, 5, 6, 6, 6, 6, 5, 6, 6, 6, 6, 6, 6, 6, 6, 6, 6, 6, 6, 6, 6, 6, 6, 6, 6, 6, 5, 6, 6, 6, 6, 6, 6, 5, 5, 6, 5, 6, 6, 6, 5, 6, 6, 5, 6, 6, 6, 5, 6, 6, 6, 6, 6, 6, 6, 6, 5, 6, 6, 6, 5, 5, 5, 6, 6, 6, 6, 6, 6, 6, 6, 5, 6, 6, 6, 6, 6, 6, 6, 6, 5, 5, 6, 6, 6, 5, 6, 5, 6, 6, 6, 5, 6, 6, 5, 6, 6, 6, 5, 6, 6, 6, 5, 6, 5, 6, 6, 6, 5, 5, 6]

################################################################
