Numero total de amostras 770

Tempo total de processamento: 0:16:44

############## TEMPOS DE PROCESSAMENTO DO EXERCICIO NO JAIL  ####################
Soma 4413 segundos
Media 5.731168831168831 segundos
Desvio padr達o 0.4462716371151533 segundos
Minimo 5 segundos
Maximo 7 segundos

95% 5.0 segundos
99% 5.0 segundos

############## TEMPOS DE PROCESSAMENTO DO EXERCICIO NO JAIL COM DOWNLOAD  ################
Soma 4969 segundos
Media 6.453246753246753 segundos
Desvio padr達o 0.5182599296658491 segundos
Minimo 6 segundos
Maximo 9 segundos

95% 6.0 segundos
99% 6.0 segundos

################### TEMPOS DE DOWNLOAD DO EXERCICIO NO JAIL #######################
Soma 556 segundos
Media 0.7220779220779221 segundos
Desvio padr達o 0.4760834196856454 segundos
Minimo 0 segundos
Maximo 3 segundos

95% 0.0 segundos
99% 0.0 segundos

############################ TEMPOS DE ESPERA NA FILA ############################
Soma 135118
Media 175.47792207792207 segundos
Desvio padr達o 95.96381978313781 segundos
Minimo 0 segundos
Maximo 341 segundos

95% 11.0 segundos
99% 11.0 segundos

################### queue_wait_time_list: ######################

[0, 6, 8, 8, 8, 7, 9, 12, 12, 11, 11, 11, 15, 14, 13, 12, 12, 17, 16, 16, 15, 15, 19, 18, 18, 18, 17, 21, 20, 20, 20, 19, 24, 23, 23, 23, 22, 25, 24, 26, 25, 24, 28, 27, 27, 27, 25, 31, 30, 30, 29, 28, 33, 33, 32, 32, 31, 35, 35, 34, 35, 34, 39, 38, 37, 36, 37, 41, 41, 40, 39, 38, 43, 43, 43, 42, 41, 45, 45, 44, 44, 44, 47, 47, 47, 46, 45, 48, 49, 49, 49, 48, 51, 50, 50, 52, 51, 53, 53, 53, 53, 52, 56, 56, 55, 56, 55, 57, 57, 57, 58, 57, 59, 59, 59, 61, 59, 61, 62, 61, 63, 62, 63, 64, 63, 64, 64, 65, 65, 65, 66, 66, 68, 68, 67, 68, 68, 70, 70, 70, 71, 70, 71, 72, 72, 69, 69, 71, 71, 69, 72, 72, 74, 74, 74, 77, 76, 79, 79, 78, 79, 78, 80, 80, 79, 81, 81, 82, 83, 82, 83, 82, 85, 86, 85, 86, 85, 86, 86, 86, 87, 87, 88, 90, 89, 90, 90, 90, 92, 91, 92, 91, 93, 95, 94, 94, 93, 94, 97, 96, 96, 96, 97, 99, 98, 97, 97, 99, 101, 101, 100, 100, 100, 103, 103, 102, 102, 102, 105, 105, 104, 103, 105, 107, 107, 106, 105, 106, 109, 109, 109, 108, 108, 111, 111, 111, 110, 111, 114, 113, 113, 112, 114, 116, 116, 116, 115, 115, 118, 119, 119, 118, 118, 120, 120, 120, 120, 120, 123, 123, 122, 122, 122, 125, 125, 123, 124, 124, 126, 127, 127, 127, 127, 129, 128, 128, 128, 129, 132, 131, 131, 131, 131, 133, 133, 133, 133, 133, 136, 135, 135, 136, 136, 138, 137, 137, 137, 138, 141, 140, 140, 140, 139, 143, 142, 142, 142, 141, 145, 144, 143, 144, 144, 148, 147, 146, 146, 145, 150, 149, 148, 147, 148, 152, 152, 151, 150, 150, 154, 153, 154, 153, 152, 156, 156, 155, 154, 154, 158, 158, 157, 157, 156, 159, 160, 160, 159, 158, 162, 161, 161, 162, 161, 164, 164, 164, 164, 163, 165, 166, 166, 166, 165, 168, 167, 167, 169, 168, 170, 170, 169, 170, 170, 172, 172, 172, 172, 172, 174, 174, 174, 175, 174, 176, 175, 175, 176, 176, 179, 178, 178, 178, 177, 180, 180, 180, 181, 180, 182, 182, 183, 184, 183, 185, 184, 184, 186, 186, 188, 187, 186, 188, 187, 189, 189, 189, 190, 190, 191, 190, 190, 193, 192, 192, 193, 192, 194, 193, 195, 195, 194, 196, 196, 197, 196, 197, 198, 198, 199, 199, 198, 200, 199, 202, 201, 201, 202, 202, 203, 203, 203, 205, 204, 205, 205, 206, 207, 206, 208, 207, 207, 208, 207, 210, 209, 210, 211, 210, 212, 212, 212, 213, 212, 214, 214, 213, 215, 215, 217, 216, 216, 217, 216, 218, 218, 217, 220, 219, 221, 220, 220, 223, 222, 224, 223, 222, 224, 223, 226, 225, 224, 227, 226, 227, 226, 227, 230, 229, 230, 229, 228, 231, 230, 232, 231, 230, 233, 232, 233, 233, 233, 236, 235, 236, 235, 234, 239, 238, 238, 238, 237, 240, 239, 239, 241, 240, 242, 242, 242, 242, 241, 245, 244, 244, 245, 244, 246, 246, 246, 247, 246, 249, 248, 248, 249, 248, 252, 251, 250, 251, 250, 254, 254, 253, 254, 253, 256, 256, 256, 256, 255, 258, 258, 257, 258, 257, 259, 261, 260, 260, 259, 262, 262, 262, 263, 262, 264, 264, 263, 264, 264, 266, 267, 266, 266, 265, 268, 269, 268, 269, 268, 270, 270, 270, 271, 270, 272, 273, 272, 273, 272, 274, 275, 274, 275, 275, 276, 278, 277, 278, 277, 278, 280, 279, 279, 279, 281, 282, 281, 281, 280, 282, 285, 284, 283, 283, 284, 286, 286, 286, 285, 287, 288, 288, 287, 287, 289, 291, 290, 289, 289, 290, 292, 292, 292, 291, 293, 294, 293, 293, 294, 295, 296, 296, 295, 295, 297, 299, 298, 297, 297, 298, 300, 299, 300, 300, 301, 302, 301, 301, 301, 303, 305, 304, 304, 303, 304, 307, 305, 306, 306, 307, 309, 308, 307, 308, 309, 312, 311, 310, 310, 310, 313, 313, 312, 312, 312, 315, 315, 315, 314, 315, 318, 317, 316, 317, 316, 320, 320, 319, 318, 318, 323, 322, 321, 321, 321, 324, 324, 323, 323, 323, 327, 326, 325, 325, 324, 329, 328, 327, 327, 326, 330, 329, 330, 329, 328, 332, 332, 331, 331, 331, 334, 334, 333, 333, 332, 337, 336, 336, 335, 335, 338, 338, 337, 337, 337, 341, 341, 340]

################################################################
################### jail_ex_download_list: ######################

[1, 1, 3, 3, 2, 2, 0, 1, 0, 1, 1, 1, 0, 1, 1, 1, 1, 1, 1, 1, 1, 0, 0, 0, 1, 1, 1, 1, 1, 1, 0, 1, 1, 1, 1, 0, 0, 1, 1, 0, 1, 1, 1, 1, 1, 1, 1, 1, 1, 1, 1, 1, 1, 1, 1, 1, 1, 2, 1, 1, 1, 1, 0, 1, 1, 1, 1, 1, 1, 1, 1, 1, 0, 1, 1, 1, 1, 1, 0, 1, 1, 0, 1, 1, 1, 1, 1, 1, 1, 1, 1, 1, 0, 1, 1, 0, 0, 1, 1, 1, 1, 1, 0, 0, 1, 1, 1, 0, 0, 0, 1, 1, 0, 1, 1, 1, 1, 1, 0, 1, 0, 0, 1, 1, 1, 0, 1, 1, 1, 0, 1, 1, 0, 1, 1, 1, 0, 1, 1, 0, 0, 1, 1, 0, 1, 1, 1, 0, 1, 1, 0, 1, 1, 1, 1, 0, 1, 0, 0, 0, 1, 1, 0, 1, 1, 0, 1, 1, 1, 1, 1, 1, 0, 1, 1, 0, 1, 1, 1, 1, 0, 1, 1, 0, 0, 1, 1, 1, 1, 1, 0, 1, 1, 1, 1, 0, 1, 1, 0, 0, 1, 1, 0, 1, 1, 1, 1, 1, 1, 0, 1, 0, 1, 0, 1, 1, 1, 0, 1, 0, 0, 1, 1, 1, 1, 1, 1, 1, 0, 0, 0, 1, 1, 1, 1, 1, 1, 1, 0, 1, 1, 1, 0, 0, 1, 1, 1, 1, 1, 0, 0, 0, 1, 1, 1, 1, 1, 1, 0, 0, 1, 1, 1, 1, 0, 1, 1, 1, 1, 1, 0, 0, 1, 1, 1, 1, 1, 1, 0, 0, 0, 0, 1, 1, 1, 1, 1, 1, 1, 1, 1, 1, 0, 1, 1, 1, 1, 0, 1, 1, 0, 0, 1, 0, 0, 1, 1, 1, 1, 1, 1, 1, 0, 0, 1, 1, 0, 1, 0, 1, 1, 1, 0, 1, 1, 1, 1, 1, 0, 1, 1, 0, 1, 1, 0, 1, 1, 1, 1, 1, 1, 1, 1, 1, 1, 0, 1, 1, 0, 1, 1, 1, 1, 1, 0, 0, 0, 1, 1, 1, 0, 1, 1, 0, 1, 1, 0, 0, 1, 0, 1, 1, 1, 1, 1, 0, 1, 0, 0, 1, 1, 0, 0, 1, 1, 1, 1, 1, 0, 0, 1, 1, 1, 1, 1, 1, 1, 1, 1, 0, 0, 1, 1, 1, 1, 1, 0, 0, 0, 1, 1, 1, 1, 0, 1, 0, 1, 0, 1, 1, 1, 0, 1, 1, 0, 1, 0, 1, 1, 1, 1, 1, 0, 0, 1, 1, 1, 1, 1, 0, 1, 0, 1, 0, 0, 0, 1, 0, 1, 1, 1, 0, 1, 1, 0, 0, 0, 1, 1, 1, 1, 1, 1, 1, 1, 0, 0, 0, 1, 1, 1, 1, 1, 1, 0, 1, 0, 1, 0, 0, 0, 1, 1, 1, 1, 1, 1, 1, 1, 1, 1, 0, 0, 0, 0, 1, 1, 1, 0, 0, 1, 1, 1, 1, 1, 1, 0, 0, 0, 0, 1, 1, 1, 1, 1, 1, 1, 1, 1, 0, 0, 1, 1, 0, 1, 1, 0, 1, 1, 1, 1, 1, 1, 1, 0, 0, 1, 0, 0, 1, 1, 1, 1, 1, 0, 1, 1, 1, 1, 1, 1, 1, 2, 1, 0, 0, 1, 1, 1, 1, 1, 1, 1, 1, 1, 1, 0, 0, 0, 1, 1, 1, 1, 1, 0, 0, 1, 0, 0, 1, 1, 0, 1, 1, 0, 0, 1, 1, 1, 1, 1, 1, 1, 1, 1, 1, 0, 1, 1, 0, 0, 0, 1, 0, 1, 1, 1, 1, 1, 1, 1, 1, 1, 1, 1, 0, 1, 1, 1, 0, 1, 1, 0, 1, 1, 1, 0, 1, 1, 1, 1, 0, 0, 0, 1, 1, 1, 1, 1, 0, 1, 0, 1, 0, 1, 0, 0, 0, 0, 1, 0, 1, 0, 1, 0, 1, 0, 1, 1, 0, 0, 0, 1, 0, 1, 1, 1, 0, 1, 1, 1, 1, 1, 1, 1, 1, 1, 1, 1, 1, 1, 1, 1, 0, 0, 1, 1, 1, 1, 1, 0, 0, 1, 1, 1, 1, 0, 0, 0, 1, 0, 1, 1, 1, 1, 1, 1, 1, 1, 1, 1, 0, 1, 1, 1, 1, 1, 0, 1, 1, 1, 1, 1, 1, 1, 0, 0, 1, 0, 1, 1, 0, 0, 1, 1, 0, 1, 0, 1, 1, 0, 1, 1, 1, 0, 1, 1, 1, 0, 1, 1, 1, 0, 1, 1, 0, 1, 1, 1, 0, 1, 0, 1, 1, 1, 1, 1, 0, 0, 1]

################################################################
################################################################
################### process_jail_download_list: ######################

[7, 7, 9, 8, 8, 8, 6, 7, 6, 6, 6, 6, 6, 6, 7, 7, 7, 7, 7, 7, 7, 6, 6, 6, 7, 6, 7, 7, 7, 8, 6, 7, 6, 6, 7, 6, 6, 7, 7, 6, 6, 6, 7, 7, 7, 7, 7, 7, 7, 6, 7, 7, 6, 7, 7, 7, 7, 8, 7, 7, 6, 7, 6, 7, 7, 7, 6, 7, 7, 6, 7, 7, 6, 7, 6, 6, 7, 6, 6, 7, 7, 6, 6, 6, 6, 7, 7, 7, 6, 6, 7, 7, 6, 7, 7, 6, 6, 7, 7, 6, 7, 7, 6, 6, 7, 6, 6, 6, 6, 6, 7, 7, 6, 7, 6, 7, 7, 7, 6, 6, 6, 6, 6, 6, 7, 6, 6, 7, 7, 6, 6, 7, 6, 6, 7, 7, 6, 6, 7, 6, 6, 6, 7, 6, 6, 7, 7, 6, 6, 6, 6, 6, 7, 7, 7, 6, 7, 6, 6, 6, 7, 6, 6, 7, 7, 6, 6, 7, 7, 7, 7, 7, 6, 6, 6, 6, 6, 6, 7, 7, 6, 7, 6, 6, 6, 7, 6, 7, 7, 7, 6, 6, 6, 7, 7, 6, 7, 7, 6, 6, 6, 6, 6, 6, 7, 7, 7, 6, 7, 6, 6, 6, 7, 6, 7, 7, 6, 6, 6, 6, 6, 6, 6, 7, 7, 7, 7, 7, 6, 6, 6, 6, 6, 7, 6, 7, 7, 7, 6, 7, 7, 7, 6, 6, 7, 7, 7, 7, 7, 6, 6, 6, 6, 7, 7, 6, 7, 7, 6, 6, 6, 6, 6, 6, 6, 7, 7, 7, 7, 6, 6, 6, 6, 7, 7, 7, 7, 7, 6, 6, 6, 6, 6, 7, 7, 7, 7, 7, 6, 6, 6, 6, 6, 7, 7, 7, 7, 6, 7, 7, 6, 6, 6, 6, 6, 6, 6, 7, 7, 7, 7, 7, 6, 6, 6, 6, 6, 7, 6, 7, 7, 6, 6, 7, 6, 7, 7, 6, 6, 7, 6, 6, 6, 6, 6, 6, 7, 7, 6, 6, 7, 6, 6, 7, 6, 6, 7, 7, 6, 7, 7, 7, 7, 6, 6, 6, 6, 6, 7, 6, 6, 7, 7, 6, 7, 6, 6, 6, 6, 6, 7, 6, 7, 7, 6, 6, 7, 6, 6, 6, 6, 6, 6, 7, 7, 7, 6, 6, 6, 6, 6, 7, 7, 6, 7, 7, 7, 7, 7, 6, 6, 7, 7, 7, 7, 6, 6, 6, 6, 6, 7, 7, 6, 6, 6, 6, 7, 6, 6, 7, 6, 6, 6, 6, 6, 6, 6, 7, 7, 6, 7, 6, 6, 6, 7, 6, 7, 6, 7, 6, 7, 6, 7, 6, 6, 6, 6, 6, 6, 7, 7, 6, 6, 7, 6, 6, 6, 6, 6, 6, 7, 7, 7, 7, 7, 6, 6, 6, 6, 7, 6, 7, 7, 7, 6, 7, 6, 6, 6, 6, 6, 7, 7, 7, 7, 6, 7, 7, 7, 7, 7, 6, 6, 6, 6, 6, 7, 7, 6, 6, 7, 7, 7, 7, 7, 6, 6, 6, 6, 6, 6, 6, 6, 6, 7, 7, 7, 7, 7, 6, 6, 7, 7, 6, 7, 7, 6, 6, 6, 7, 7, 6, 7, 7, 6, 6, 7, 6, 6, 7, 7, 6, 6, 6, 6, 6, 7, 7, 7, 7, 7, 7, 7, 6, 6, 6, 6, 7, 7, 7, 7, 7, 7, 7, 6, 6, 6, 6, 6, 7, 7, 6, 7, 7, 6, 6, 7, 6, 6, 7, 7, 6, 6, 6, 6, 6, 6, 7, 7, 6, 6, 7, 6, 6, 7, 7, 6, 6, 7, 6, 6, 6, 7, 6, 7, 7, 6, 6, 6, 7, 6, 7, 7, 7, 7, 6, 6, 7, 7, 6, 6, 7, 6, 6, 6, 6, 6, 7, 7, 6, 7, 6, 6, 6, 7, 6, 7, 6, 7, 6, 7, 6, 7, 6, 6, 6, 6, 6, 6, 6, 6, 7, 6, 6, 6, 7, 6, 6, 7, 6, 6, 6, 7, 6, 6, 6, 6, 6, 6, 7, 7, 7, 6, 6, 6, 6, 6, 7, 7, 7, 6, 6, 6, 6, 6, 7, 7, 7, 7, 6, 6, 6, 7, 7, 7, 7, 6, 6, 6, 6, 6, 6, 6, 7, 7, 6, 7, 7, 6, 6, 7, 6, 7, 7, 7, 6, 6, 6, 6, 6, 7, 7, 6, 7, 7, 6, 6, 7, 6, 6, 7, 6, 6, 6, 6, 6, 6, 6, 6, 7, 6, 6, 6, 7, 6, 6, 7, 7, 6, 6, 7, 6, 6, 6, 7, 6, 7, 6, 7, 6, 6, 6, 7, 7, 7, 7, 7, 6, 6, 6]

################################################################
################################################################
################### process_jail_list: ######################

[6, 6, 6, 5, 6, 6, 6, 6, 6, 5, 5, 5, 6, 5, 6, 6, 6, 6, 6, 6, 6, 6, 6, 6, 6, 5, 6, 6, 6, 7, 6, 6, 5, 5, 6, 6, 6, 6, 6, 6, 5, 5, 6, 6, 6, 6, 6, 6, 6, 5, 6, 6, 5, 6, 6, 6, 6, 6, 6, 6, 5, 6, 6, 6, 6, 6, 5, 6, 6, 5, 6, 6, 6, 6, 5, 5, 6, 5, 6, 6, 6, 6, 5, 5, 5, 6, 6, 6, 5, 5, 6, 6, 6, 6, 6, 6, 6, 6, 6, 5, 6, 6, 6, 6, 6, 5, 5, 6, 6, 6, 6, 6, 6, 6, 5, 6, 6, 6, 6, 5, 6, 6, 5, 5, 6, 6, 5, 6, 6, 6, 5, 6, 6, 5, 6, 6, 6, 5, 6, 6, 6, 5, 6, 6, 5, 6, 6, 6, 5, 5, 6, 5, 6, 6, 6, 6, 6, 6, 6, 6, 6, 5, 6, 6, 6, 6, 5, 6, 6, 6, 6, 6, 6, 5, 5, 6, 5, 5, 6, 6, 6, 6, 5, 6, 6, 6, 5, 6, 6, 6, 6, 5, 5, 6, 6, 6, 6, 6, 6, 6, 5, 5, 6, 5, 6, 6, 6, 5, 6, 6, 5, 6, 6, 6, 6, 6, 5, 6, 5, 6, 6, 5, 5, 6, 6, 6, 6, 6, 6, 6, 6, 5, 5, 6, 5, 6, 6, 6, 6, 6, 6, 6, 6, 6, 6, 6, 6, 6, 6, 6, 6, 6, 5, 6, 6, 5, 6, 6, 6, 6, 5, 5, 5, 5, 6, 6, 6, 6, 6, 5, 6, 6, 5, 6, 6, 6, 6, 6, 6, 6, 6, 6, 5, 6, 6, 6, 6, 6, 5, 5, 5, 5, 6, 6, 6, 6, 6, 6, 6, 6, 6, 6, 5, 6, 6, 5, 5, 6, 6, 6, 6, 6, 6, 6, 5, 5, 6, 6, 6, 6, 6, 5, 6, 6, 5, 6, 6, 5, 6, 6, 5, 6, 5, 5, 6, 5, 6, 6, 5, 5, 6, 5, 5, 6, 5, 6, 6, 6, 6, 6, 6, 6, 6, 5, 6, 6, 6, 5, 6, 5, 6, 6, 6, 6, 6, 5, 6, 6, 5, 6, 6, 5, 6, 6, 5, 6, 6, 6, 6, 5, 5, 6, 6, 6, 6, 6, 5, 5, 6, 6, 5, 6, 6, 5, 6, 6, 6, 6, 6, 6, 6, 6, 6, 6, 6, 5, 6, 6, 6, 5, 6, 6, 5, 6, 5, 6, 6, 6, 5, 6, 5, 6, 5, 5, 6, 5, 6, 6, 6, 5, 6, 5, 6, 6, 6, 5, 6, 5, 6, 6, 6, 6, 6, 6, 6, 6, 5, 6, 5, 6, 6, 6, 5, 6, 6, 6, 6, 5, 5, 5, 6, 6, 6, 6, 6, 6, 6, 6, 5, 6, 5, 6, 6, 6, 6, 6, 6, 5, 6, 6, 6, 6, 6, 6, 6, 5, 6, 6, 6, 6, 6, 6, 6, 6, 6, 5, 6, 6, 6, 6, 6, 6, 6, 6, 6, 5, 6, 6, 6, 6, 5, 5, 5, 5, 6, 6, 6, 6, 6, 6, 6, 6, 6, 6, 6, 6, 6, 5, 5, 6, 6, 5, 6, 6, 6, 6, 6, 6, 6, 6, 6, 5, 5, 5, 6, 5, 6, 6, 6, 6, 6, 6, 5, 5, 6, 6, 5, 6, 6, 6, 6, 6, 6, 6, 5, 5, 6, 6, 6, 6, 6, 5, 6, 6, 6, 6, 6, 6, 6, 6, 6, 6, 5, 5, 6, 6, 5, 6, 6, 5, 5, 6, 5, 5, 6, 6, 6, 5, 6, 6, 6, 6, 6, 6, 6, 6, 5, 5, 5, 6, 5, 6, 6, 6, 6, 6, 5, 6, 6, 6, 5, 6, 6, 5, 5, 5, 6, 6, 6, 5, 6, 6, 6, 6, 6, 5, 6, 5, 6, 6, 6, 6, 6, 6, 5, 6, 6, 6, 6, 5, 6, 6, 6, 5, 6, 6, 6, 5, 6, 6, 6, 6, 6, 6, 5, 5, 5, 6, 5, 6, 6, 6, 5, 5, 5, 5, 5, 6, 6, 6, 5, 5, 5, 6, 6, 6, 6, 6, 6, 5, 6, 6, 6, 6, 6, 6, 6, 6, 6, 5, 6, 5, 5, 6, 6, 5, 6, 6, 5, 5, 6, 6, 6, 6, 6, 5, 5, 6, 5, 5, 6, 6, 5, 6, 6, 6, 6, 6, 6, 5, 6, 6, 6, 5, 5, 6, 5, 6, 5, 6, 6, 5, 5, 6, 6, 5, 6, 6, 6, 5, 6, 5, 6, 5, 6, 6, 6, 5, 6, 6, 5, 6, 6, 6, 6, 6, 6, 6, 6, 5]

################################################################
