Numero total de amostras 769

Tempo total de processamento: 0:16:54

############## TEMPOS DE PROCESSAMENTO DO EXERCICIO NO JAIL  ####################
Soma 4571 segundos
Media 5.94408322496749 segundos
Desvio padr達o 0.3927092033950976 segundos
Minimo 5 segundos
Maximo 7 segundos

95% 5.0 segundos
99% 5.0 segundos

############## TEMPOS DE PROCESSAMENTO DO EXERCICIO NO JAIL COM DOWNLOAD  ################
Soma 5045 segundos
Media 6.560468140442133 segundos
Desvio padr達o 0.539033271673154 segundos
Minimo 6 segundos
Maximo 8 segundos

95% 6.0 segundos
99% 6.0 segundos

################### TEMPOS DE DOWNLOAD DO EXERCICIO NO JAIL #######################
Soma 474 segundos
Media 0.6163849154746424 segundos
Desvio padr達o 0.5020550097891482 segundos
Minimo 0 segundos
Maximo 2 segundos

95% 0.0 segundos
99% 0.0 segundos

############################ TEMPOS DE ESPERA NA FILA ############################
Soma 136839
Media 177.9440832249675 segundos
Desvio padr達o 100.51614906630283 segundos
Minimo 1 segundos
Maximo 352 segundos

95% 7.295999999999999 segundos
99% 7.603199999999999 segundos

################### queue_wait_time_list: ######################

[2, 2, 1, 7, 6, 6, 5, 5, 10, 10, 9, 8, 8, 12, 14, 13, 12, 11, 15, 16, 15, 15, 14, 17, 17, 17, 16, 16, 19, 20, 19, 19, 18, 22, 23, 22, 22, 21, 23, 24, 24, 24, 23, 26, 27, 26, 26, 26, 28, 29, 29, 29, 28, 28, 30, 29, 31, 31, 32, 29, 29, 31, 31, 30, 32, 33, 34, 34, 36, 37, 36, 39, 39, 39, 40, 39, 42, 40, 42, 42, 42, 44, 44, 44, 44, 44, 47, 46, 46, 47, 47, 49, 49, 49, 49, 49, 51, 50, 51, 51, 51, 54, 53, 53, 54, 53, 55, 53, 53, 54, 55, 58, 56, 57, 57, 54, 57, 56, 56, 57, 58, 61, 61, 62, 62, 62, 58, 57, 54, 55, 55, 58, 59, 59, 59, 59, 61, 62, 63, 63, 64, 66, 67, 68, 69, 70, 72, 72, 69, 66, 66, 69, 70, 71, 71, 70, 71, 73, 72, 73, 74, 77, 78, 79, 79, 79, 81, 81, 82, 82, 82, 84, 84, 85, 84, 84, 87, 86, 86, 85, 86, 89, 89, 89, 88, 88, 91, 91, 91, 90, 90, 93, 93, 92, 93, 93, 95, 95, 94, 94, 95, 98, 97, 97, 96, 96, 99, 99, 99, 99, 99, 101, 101, 101, 101, 101, 104, 104, 103, 103, 103, 106, 106, 106, 106, 105, 108, 108, 107, 108, 108, 110, 110, 110, 110, 109, 113, 112, 112, 112, 111, 114, 114, 114, 115, 114, 115, 115, 115, 116, 115, 113, 112, 112, 114, 114, 117, 118, 118, 121, 120, 120, 120, 121, 123, 123, 124, 124, 124, 127, 126, 127, 127, 127, 129, 128, 128, 128, 129, 132, 131, 131, 131, 131, 135, 134, 133, 133, 133, 137, 137, 136, 136, 136, 140, 139, 138, 137, 139, 142, 142, 141, 140, 141, 144, 145, 144, 144, 144, 147, 146, 146, 146, 146, 150, 149, 148, 147, 148, 151, 152, 151, 150, 150, 154, 154, 154, 153, 153, 156, 157, 156, 155, 155, 159, 159, 159, 158, 157, 160, 161, 161, 160, 160, 162, 163, 163, 163, 163, 165, 166, 166, 165, 164, 167, 168, 168, 168, 167, 169, 169, 170, 170, 169, 171, 172, 172, 172, 171, 173, 174, 174, 174, 172, 175, 177, 176, 174, 174, 176, 177, 178, 178, 177, 179, 180, 180, 180, 179, 182, 182, 182, 182, 181, 183, 184, 183, 184, 184, 185, 186, 186, 186, 185, 187, 188, 188, 189, 188, 189, 191, 191, 191, 189, 187, 185, 186, 188, 186, 185, 185, 185, 186, 185, 186, 188, 189, 189, 189, 190, 192, 193, 193, 194, 194, 196, 198, 199, 200, 201, 203, 202, 202, 201, 201, 204, 204, 203, 201, 200, 203, 203, 204, 204, 205, 207, 209, 210, 210, 209, 210, 210, 209, 210, 210, 212, 213, 215, 214, 214, 217, 215, 215, 214, 215, 215, 213, 213, 214, 213, 216, 217, 217, 218, 218, 221, 222, 222, 224, 222, 224, 225, 226, 227, 226, 228, 227, 227, 227, 227, 230, 229, 228, 229, 229, 229, 230, 231, 234, 231, 230, 229, 229, 232, 232, 233, 233, 234, 238, 237, 238, 239, 240, 242, 241, 241, 241, 241, 244, 244, 244, 244, 244, 247, 246, 246, 247, 246, 251, 250, 249, 248, 249, 253, 253, 252, 251, 250, 255, 256, 255, 254, 253, 257, 257, 257, 256, 256, 258, 259, 258, 257, 257, 260, 261, 262, 262, 261, 263, 263, 265, 264, 263, 266, 266, 267, 267, 267, 269, 268, 269, 269, 268, 270, 271, 271, 272, 271, 272, 272, 273, 275, 274, 274, 274, 275, 277, 276, 277, 277, 277, 279, 278, 279, 278, 279, 280, 280, 281, 281, 281, 284, 283, 281, 281, 283, 287, 286, 285, 284, 286, 289, 288, 288, 287, 287, 291, 291, 290, 289, 290, 293, 292, 293, 292, 292, 295, 295, 294, 294, 295, 297, 297, 297, 296, 296, 299, 300, 300, 299, 299, 301, 301, 302, 302, 301, 303, 303, 304, 303, 302, 306, 306, 307, 306, 305, 307, 307, 309, 309, 306, 308, 308, 309, 310, 309, 312, 312, 312, 312, 312, 314, 314, 315, 315, 314, 315, 316, 317, 319, 318, 318, 319, 319, 321, 320, 321, 320, 321, 320, 320, 321, 322, 323, 325, 325, 324, 325, 326, 327, 327, 327, 327, 328, 329, 328, 328, 329, 331, 331, 331, 330, 331, 332, 334, 333, 333, 333, 335, 335, 335, 334, 336, 337, 337, 337, 337, 338, 339, 340, 340, 339, 340, 341, 341, 342, 341, 342, 343, 343, 343, 342, 345, 346, 346, 346, 345, 346, 347, 348, 349, 348, 348, 350, 350, 352, 351, 351, 352]

################################################################
################### jail_ex_download_list: ######################

[2, 1, 1, 1, 2, 2, 2, 1, 1, 1, 1, 2, 2, 1, 0, 1, 1, 1, 0, 1, 1, 1, 1, 0, 1, 0, 1, 0, 1, 1, 1, 1, 1, 0, 0, 1, 1, 1, 1, 1, 1, 1, 1, 0, 0, 1, 1, 1, 1, 0, 0, 1, 1, 1, 1, 0, 0, 0, 0, 0, 1, 1, 1, 1, 0, 0, 1, 1, 0, 1, 1, 1, 0, 1, 0, 1, 1, 1, 0, 0, 0, 0, 0, 1, 1, 1, 0, 0, 1, 1, 1, 1, 0, 0, 0, 0, 1, 1, 1, 1, 1, 0, 0, 0, 0, 0, 1, 1, 1, 1, 1, 1, 1, 0, 0, 0, 0, 1, 1, 1, 1, 1, 1, 1, 0, 0, 0, 1, 1, 1, 1, 1, 0, 0, 0, 0, 1, 1, 1, 1, 1, 0, 0, 0, 0, 0, 1, 1, 0, 1, 0, 0, 1, 0, 0, 1, 1, 0, 1, 1, 0, 0, 1, 0, 1, 1, 1, 1, 1, 0, 0, 0, 1, 0, 1, 1, 0, 1, 1, 1, 0, 0, 0, 0, 0, 1, 1, 1, 1, 1, 1, 0, 0, 1, 0, 0, 1, 1, 1, 0, 1, 0, 1, 0, 1, 1, 0, 0, 1, 0, 0, 1, 1, 0, 1, 1, 1, 0, 1, 1, 0, 0, 1, 0, 0, 1, 1, 0, 1, 1, 0, 1, 1, 0, 0, 1, 0, 1, 1, 1, 1, 0, 0, 1, 1, 1, 1, 1, 0, 0, 0, 0, 1, 1, 1, 1, 1, 1, 1, 0, 0, 0, 0, 0, 1, 1, 1, 1, 1, 1, 1, 0, 0, 0, 1, 1, 1, 1, 1, 1, 1, 0, 0, 0, 1, 1, 1, 1, 1, 0, 1, 1, 1, 1, 0, 1, 1, 1, 1, 1, 0, 0, 1, 1, 1, 1, 1, 0, 0, 1, 1, 0, 0, 1, 0, 1, 1, 1, 0, 1, 1, 1, 1, 1, 0, 1, 1, 1, 1, 1, 0, 1, 1, 0, 0, 1, 0, 1, 1, 1, 0, 1, 1, 0, 1, 1, 1, 1, 0, 0, 0, 0, 1, 1, 0, 1, 1, 1, 1, 0, 1, 1, 1, 1, 1, 0, 0, 0, 1, 0, 1, 1, 1, 1, 0, 0, 1, 1, 0, 1, 0, 0, 1, 0, 1, 1, 0, 0, 1, 0, 1, 1, 0, 1, 0, 0, 1, 1, 0, 1, 0, 1, 1, 1, 1, 1, 1, 1, 1, 1, 0, 0, 0, 1, 1, 1, 1, 1, 0, 0, 1, 1, 0, 1, 1, 0, 0, 1, 0, 0, 1, 1, 1, 1, 1, 1, 0, 0, 0, 0, 1, 1, 1, 1, 0, 0, 1, 1, 1, 1, 1, 1, 1, 0, 0, 1, 0, 0, 0, 1, 1, 1, 1, 0, 0, 0, 1, 0, 1, 1, 0, 0, 0, 1, 0, 0, 1, 1, 1, 1, 1, 0, 0, 0, 0, 1, 1, 1, 0, 0, 1, 0, 0, 1, 1, 1, 1, 1, 1, 1, 0, 0, 0, 1, 1, 1, 1, 1, 1, 1, 1, 0, 0, 0, 0, 1, 1, 1, 0, 0, 0, 0, 0, 1, 1, 1, 1, 1, 1, 1, 0, 0, 0, 1, 1, 1, 0, 1, 0, 1, 1, 1, 1, 0, 1, 1, 1, 1, 0, 0, 1, 1, 1, 1, 1, 0, 0, 1, 1, 0, 0, 0, 1, 1, 0, 1, 0, 0, 1, 1, 0, 1, 1, 1, 0, 0, 0, 0, 0, 1, 0, 1, 1, 0, 0, 1, 1, 1, 1, 0, 0, 1, 1, 1, 1, 1, 1, 1, 1, 1, 1, 0, 0, 0, 1, 0, 1, 1, 1, 0, 1, 1, 1, 0, 0, 0, 0, 1, 1, 1, 1, 0, 1, 0, 0, 1, 1, 0, 1, 1, 0, 0, 1, 1, 1, 1, 0, 0, 0, 0, 0, 1, 1, 1, 1, 1, 0, 0, 1, 1, 0, 0, 0, 0, 0, 1, 1, 1, 1, 1, 1, 0, 0, 0, 0, 1, 1, 1, 1, 0, 0, 0, 0, 1, 1, 1, 1, 1, 1, 1, 1, 0, 0, 1, 1, 1, 1, 1, 0, 1, 1, 1, 0, 1, 0, 0, 0, 0, 1, 1, 1, 1, 1, 1, 1, 0, 1, 0, 0, 0, 0, 0, 1, 1, 1, 1, 1, 1, 0, 1, 0, 1, 0, 1, 0, 1, 0, 1, 0, 1, 0, 1, 1, 1, 1, 1, 0, 1, 0, 0, 0, 0, 0, 0, 1, 1, 1, 1, 1, 1, 1, 1, 0, 0, 1, 1, 1, 1, 1, 1, 0, 0, 1, 0, 0, 0, 0, 0, 1]

################################################################
################################################################
################### process_jail_download_list: ######################

[8, 7, 8, 7, 8, 8, 8, 7, 7, 8, 8, 8, 8, 7, 6, 7, 7, 6, 6, 6, 7, 6, 6, 6, 7, 6, 7, 6, 7, 7, 7, 7, 7, 6, 6, 6, 6, 6, 7, 7, 7, 7, 7, 6, 6, 7, 7, 7, 6, 6, 6, 7, 7, 7, 7, 6, 6, 6, 6, 6, 7, 7, 7, 7, 7, 6, 7, 8, 7, 7, 7, 7, 6, 7, 6, 7, 7, 7, 6, 6, 6, 7, 7, 7, 7, 7, 6, 7, 7, 7, 7, 7, 6, 6, 6, 6, 7, 7, 7, 7, 7, 6, 6, 6, 6, 6, 6, 6, 7, 7, 7, 7, 7, 6, 6, 6, 6, 7, 7, 7, 7, 7, 6, 6, 6, 6, 6, 7, 7, 7, 7, 6, 6, 6, 6, 6, 7, 7, 7, 7, 7, 6, 6, 7, 6, 6, 7, 7, 6, 7, 6, 6, 6, 6, 6, 7, 7, 6, 7, 6, 6, 6, 6, 6, 7, 7, 7, 7, 7, 6, 6, 7, 6, 6, 6, 7, 6, 7, 7, 7, 6, 6, 6, 6, 6, 6, 7, 7, 6, 7, 7, 6, 6, 6, 6, 6, 7, 6, 7, 6, 6, 6, 7, 6, 7, 7, 6, 6, 7, 6, 6, 7, 7, 6, 7, 7, 7, 6, 7, 7, 6, 6, 7, 6, 6, 7, 6, 6, 7, 7, 6, 7, 6, 6, 6, 6, 6, 7, 6, 7, 7, 6, 6, 7, 7, 7, 7, 6, 6, 6, 6, 6, 7, 7, 8, 8, 7, 7, 7, 6, 6, 6, 6, 6, 7, 7, 7, 7, 7, 7, 7, 6, 6, 6, 7, 7, 7, 7, 7, 7, 7, 6, 6, 6, 7, 7, 7, 7, 7, 7, 7, 7, 6, 7, 6, 7, 7, 7, 6, 6, 6, 6, 7, 7, 7, 6, 7, 6, 6, 7, 7, 6, 6, 7, 6, 7, 7, 7, 6, 7, 7, 7, 7, 7, 6, 7, 7, 7, 7, 7, 6, 7, 7, 6, 6, 7, 6, 6, 7, 6, 6, 7, 7, 7, 7, 7, 7, 7, 6, 7, 6, 6, 7, 7, 6, 6, 6, 6, 6, 6, 7, 7, 7, 7, 7, 6, 6, 6, 6, 6, 7, 6, 6, 7, 6, 6, 7, 6, 6, 6, 6, 6, 7, 6, 7, 6, 6, 6, 6, 6, 7, 6, 6, 7, 6, 6, 7, 7, 6, 6, 6, 6, 7, 7, 7, 7, 7, 7, 7, 6, 6, 6, 6, 7, 7, 7, 7, 7, 6, 6, 7, 7, 6, 7, 7, 6, 6, 6, 6, 6, 6, 7, 7, 7, 7, 7, 6, 6, 6, 6, 7, 7, 7, 6, 6, 6, 6, 7, 7, 7, 6, 7, 7, 7, 6, 7, 6, 7, 6, 7, 7, 7, 7, 6, 6, 6, 7, 6, 6, 7, 6, 6, 6, 7, 6, 6, 7, 7, 7, 7, 7, 6, 6, 7, 7, 7, 7, 7, 6, 6, 6, 6, 6, 7, 7, 7, 7, 7, 7, 7, 6, 6, 6, 7, 7, 7, 7, 7, 7, 7, 6, 6, 6, 7, 7, 7, 7, 7, 6, 6, 6, 6, 6, 7, 7, 7, 7, 7, 7, 7, 6, 7, 6, 8, 8, 8, 6, 7, 6, 7, 7, 7, 6, 7, 7, 7, 7, 7, 6, 6, 7, 7, 7, 6, 7, 7, 7, 7, 7, 6, 7, 6, 7, 6, 6, 7, 6, 6, 7, 7, 7, 8, 8, 7, 6, 6, 6, 6, 6, 7, 6, 7, 7, 6, 6, 7, 7, 7, 6, 6, 6, 7, 7, 7, 7, 6, 7, 7, 7, 6, 7, 6, 6, 6, 7, 6, 7, 7, 7, 6, 7, 7, 7, 6, 6, 6, 6, 6, 7, 7, 6, 6, 7, 6, 6, 7, 7, 6, 7, 7, 6, 6, 7, 7, 7, 7, 6, 6, 6, 6, 6, 7, 7, 7, 7, 7, 6, 6, 7, 7, 6, 6, 6, 6, 6, 6, 7, 7, 7, 7, 7, 6, 6, 6, 7, 7, 7, 7, 6, 6, 6, 6, 6, 7, 7, 7, 7, 7, 6, 7, 7, 6, 6, 7, 7, 7, 6, 7, 6, 7, 7, 7, 6, 7, 6, 6, 6, 6, 6, 6, 7, 6, 7, 7, 7, 6, 7, 6, 6, 6, 6, 6, 6, 7, 6, 7, 6, 7, 6, 7, 6, 7, 6, 7, 6, 7, 6, 7, 6, 6, 6, 7, 6, 7, 7, 7, 6, 7, 6, 6, 6, 6, 6, 6, 6, 6, 6, 7, 7, 7, 7, 7, 6, 6, 6, 7, 7, 6, 7, 7, 7, 7, 7, 6, 6, 7, 7, 7, 7]

################################################################
################################################################
################### process_jail_list: ######################

[6, 6, 7, 6, 6, 6, 6, 6, 6, 7, 7, 6, 6, 6, 6, 6, 6, 5, 6, 5, 6, 5, 5, 6, 6, 6, 6, 6, 6, 6, 6, 6, 6, 6, 6, 5, 5, 5, 6, 6, 6, 6, 6, 6, 6, 6, 6, 6, 5, 6, 6, 6, 6, 6, 6, 6, 6, 6, 6, 6, 6, 6, 6, 6, 7, 6, 6, 7, 7, 6, 6, 6, 6, 6, 6, 6, 6, 6, 6, 6, 6, 7, 7, 6, 6, 6, 6, 7, 6, 6, 6, 6, 6, 6, 6, 6, 6, 6, 6, 6, 6, 6, 6, 6, 6, 6, 5, 5, 6, 6, 6, 6, 6, 6, 6, 6, 6, 6, 6, 6, 6, 6, 5, 5, 6, 6, 6, 6, 6, 6, 6, 5, 6, 6, 6, 6, 6, 6, 6, 6, 6, 6, 6, 7, 6, 6, 6, 6, 6, 6, 6, 6, 5, 6, 6, 6, 6, 6, 6, 5, 6, 6, 5, 6, 6, 6, 6, 6, 6, 6, 6, 7, 5, 6, 5, 6, 6, 6, 6, 6, 6, 6, 6, 6, 6, 5, 6, 6, 5, 6, 6, 6, 6, 5, 6, 6, 6, 5, 6, 6, 5, 6, 6, 6, 6, 6, 6, 6, 6, 6, 6, 6, 6, 6, 6, 6, 6, 6, 6, 6, 6, 6, 6, 6, 6, 6, 5, 6, 6, 6, 6, 6, 5, 6, 6, 5, 6, 6, 5, 6, 6, 6, 6, 6, 6, 6, 6, 5, 6, 6, 6, 6, 6, 6, 7, 7, 6, 6, 6, 6, 6, 6, 6, 6, 6, 6, 6, 6, 6, 6, 6, 6, 6, 6, 6, 6, 6, 6, 6, 6, 6, 6, 6, 6, 6, 6, 6, 6, 6, 7, 6, 6, 5, 6, 6, 6, 6, 6, 5, 5, 6, 6, 6, 6, 6, 5, 6, 6, 6, 6, 6, 6, 6, 6, 6, 6, 6, 6, 6, 6, 6, 6, 6, 6, 6, 6, 6, 6, 6, 6, 6, 6, 6, 6, 6, 6, 6, 5, 6, 5, 6, 6, 6, 7, 6, 6, 6, 6, 6, 7, 6, 6, 6, 6, 6, 5, 5, 5, 5, 6, 6, 6, 6, 6, 6, 6, 6, 6, 5, 6, 6, 5, 5, 6, 6, 6, 6, 5, 6, 5, 6, 6, 6, 6, 6, 5, 6, 6, 5, 6, 6, 5, 6, 6, 6, 6, 6, 6, 6, 5, 6, 5, 6, 6, 6, 6, 6, 6, 6, 5, 6, 6, 6, 6, 6, 6, 6, 6, 6, 6, 6, 6, 6, 6, 6, 6, 6, 5, 6, 6, 5, 6, 6, 6, 6, 6, 6, 6, 6, 6, 6, 6, 6, 5, 6, 6, 5, 6, 6, 6, 5, 6, 6, 7, 6, 6, 6, 7, 6, 6, 6, 6, 6, 6, 6, 6, 6, 6, 5, 6, 6, 6, 6, 6, 6, 6, 6, 6, 6, 6, 6, 6, 6, 7, 7, 6, 6, 6, 6, 6, 5, 6, 6, 6, 6, 6, 6, 6, 6, 6, 6, 6, 6, 6, 6, 6, 6, 6, 6, 6, 5, 6, 6, 7, 7, 6, 6, 6, 6, 6, 6, 6, 6, 6, 6, 6, 6, 6, 6, 6, 6, 7, 6, 7, 7, 7, 6, 6, 6, 6, 6, 6, 5, 7, 6, 6, 6, 6, 6, 6, 6, 6, 6, 5, 6, 7, 7, 6, 6, 6, 7, 6, 6, 5, 6, 6, 6, 6, 6, 6, 7, 7, 7, 6, 6, 6, 6, 6, 6, 6, 6, 6, 6, 6, 6, 6, 6, 6, 5, 6, 6, 6, 6, 6, 6, 5, 6, 6, 6, 5, 6, 6, 6, 6, 6, 6, 6, 6, 6, 6, 6, 6, 6, 6, 6, 6, 6, 5, 6, 6, 5, 6, 6, 6, 6, 6, 6, 6, 6, 6, 6, 6, 6, 6, 6, 6, 6, 6, 6, 6, 6, 6, 6, 6, 6, 6, 6, 6, 6, 6, 6, 6, 6, 6, 6, 5, 6, 6, 6, 6, 6, 6, 6, 6, 7, 6, 6, 6, 5, 6, 6, 6, 6, 6, 6, 6, 6, 6, 5, 6, 6, 6, 6, 6, 6, 6, 5, 6, 6, 6, 6, 6, 6, 6, 6, 6, 6, 6, 5, 5, 6, 5, 6, 6, 6, 6, 6, 6, 6, 6, 6, 6, 5, 6, 5, 6, 5, 6, 6, 6, 6, 6, 6, 6, 6, 6, 6, 6, 6, 5, 6, 6, 5, 6, 6, 6, 6, 6, 6, 6, 6, 6, 6, 6, 5, 5, 5, 6, 6, 6, 6, 6, 6, 6, 5, 6, 6, 5, 6, 6, 7, 7, 6, 6, 6, 7, 7, 7, 6]

################################################################
