Numero total de amostras 770

Tempo total de processamento: 0:17:07

############## TEMPOS DE PROCESSAMENTO DO EXERCICIO NO JAIL  ####################
Soma 4598 segundos
Media 5.9714285714285715 segundos
Desvio padr達o 0.400278196393894 segundos
Minimo 5 segundos
Maximo 7 segundos

95% 5.0 segundos
99% 5.0 segundos

############## TEMPOS DE PROCESSAMENTO DO EXERCICIO NO JAIL COM DOWNLOAD  ################
Soma 5101 segundos
Media 6.624675324675325 segundos
Desvio padr達o 0.5128620594161074 segundos
Minimo 6 segundos
Maximo 8 segundos

95% 6.0 segundos
99% 6.0 segundos

################### TEMPOS DE DOWNLOAD DO EXERCICIO NO JAIL #######################
Soma 503 segundos
Media 0.6532467532467533 segundos
Desvio padr達o 0.47865732546022033 segundos
Minimo 0 segundos
Maximo 2 segundos

95% 0.0 segundos
99% 0.0 segundos

############################ TEMPOS DE ESPERA NA FILA ############################
Soma 141638
Media 183.94545454545454 segundos
Desvio padr達o 102.72032202666092 segundos
Minimo 0 segundos
Maximo 365 segundos

95% 10.0 segundos
99% 10.0 segundos

################### queue_wait_time_list: ######################

[0, 1, 7, 6, 9, 9, 8, 10, 10, 12, 11, 10, 13, 12, 15, 14, 13, 15, 15, 17, 17, 16, 17, 16, 19, 20, 19, 20, 19, 22, 22, 21, 23, 22, 24, 25, 24, 25, 24, 25, 25, 24, 24, 23, 25, 27, 26, 29, 29, 30, 32, 31, 32, 33, 33, 34, 33, 35, 34, 34, 36, 35, 36, 36, 36, 38, 37, 40, 39, 39, 40, 39, 41, 40, 41, 43, 42, 44, 43, 43, 45, 45, 46, 45, 45, 48, 47, 48, 48, 44, 47, 46, 48, 46, 47, 49, 48, 51, 50, 51, 54, 54, 56, 53, 51, 53, 53, 56, 56, 57, 60, 59, 61, 60, 59, 60, 61, 63, 62, 62, 64, 63, 65, 64, 64, 67, 66, 68, 67, 66, 69, 69, 70, 69, 69, 71, 70, 73, 72, 71, 74, 73, 74, 74, 73, 77, 76, 77, 77, 76, 78, 79, 80, 79, 79, 81, 80, 81, 81, 80, 83, 82, 84, 83, 82, 86, 85, 86, 85, 85, 88, 87, 88, 88, 87, 90, 89, 90, 89, 90, 93, 92, 92, 91, 91, 95, 95, 95, 94, 94, 98, 97, 97, 97, 97, 100, 99, 100, 99, 98, 103, 102, 102, 101, 101, 104, 103, 105, 104, 103, 106, 106, 107, 106, 105, 109, 108, 110, 109, 108, 110, 111, 112, 112, 111, 113, 112, 114, 114, 113, 115, 114, 116, 115, 115, 116, 117, 118, 118, 117, 119, 118, 120, 120, 119, 121, 121, 122, 121, 121, 123, 123, 125, 124, 123, 125, 126, 127, 126, 126, 127, 127, 129, 128, 128, 130, 129, 131, 130, 130, 132, 132, 134, 133, 132, 134, 133, 136, 135, 135, 136, 136, 137, 137, 137, 138, 138, 139, 139, 138, 139, 140, 142, 141, 141, 142, 141, 143, 142, 143, 144, 144, 146, 145, 144, 146, 146, 149, 148, 147, 148, 148, 151, 150, 150, 150, 150, 152, 152, 151, 152, 152, 155, 154, 153, 154, 155, 157, 157, 156, 156, 156, 159, 158, 158, 159, 158, 161, 160, 160, 161, 161, 164, 163, 162, 163, 162, 167, 166, 165, 165, 165, 169, 168, 168, 167, 167, 171, 171, 170, 169, 170, 174, 174, 173, 172, 171, 175, 175, 175, 175, 174, 177, 178, 177, 177, 176, 180, 180, 179, 179, 178, 181, 183, 182, 181, 180, 184, 184, 185, 184, 183, 186, 187, 187, 186, 186, 189, 190, 189, 189, 188, 190, 193, 192, 192, 191, 193, 195, 194, 194, 193, 195, 197, 197, 196, 195, 197, 200, 199, 199, 198, 199, 201, 202, 202, 201, 201, 203, 203, 203, 203, 203, 206, 206, 206, 205, 205, 208, 208, 209, 208, 208, 210, 209, 211, 211, 210, 212, 212, 213, 212, 212, 215, 215, 216, 215, 214, 216, 217, 218, 219, 218, 219, 219, 221, 221, 221, 222, 222, 223, 224, 223, 223, 224, 226, 226, 225, 225, 226, 228, 229, 228, 228, 229, 230, 231, 231, 231, 231, 232, 233, 232, 232, 234, 235, 235, 235, 235, 235, 236, 238, 237, 237, 238, 239, 239, 238, 240, 240, 242, 242, 241, 241, 242, 243, 245, 243, 243, 244, 245, 246, 246, 246, 247, 248, 249, 248, 247, 249, 250, 252, 251, 250, 250, 252, 255, 254, 253, 253, 254, 257, 257, 257, 256, 257, 260, 260, 259, 258, 259, 262, 262, 261, 260, 261, 264, 262, 262, 251, 251, 254, 255, 254, 254, 255, 260, 259, 259, 260, 261, 265, 266, 266, 266, 267, 270, 272, 268, 267, 268, 272, 271, 268, 268, 269, 273, 274, 275, 275, 274, 277, 279, 275, 275, 276, 278, 280, 281, 280, 280, 283, 284, 283, 283, 283, 285, 286, 286, 286, 285, 287, 290, 289, 289, 288, 289, 291, 290, 292, 291, 292, 294, 293, 294, 293, 295, 297, 296, 296, 295, 297, 300, 300, 300, 299, 300, 303, 302, 302, 301, 302, 306, 305, 305, 304, 304, 308, 308, 308, 307, 306, 311, 310, 310, 311, 310, 314, 313, 312, 312, 312, 317, 317, 316, 315, 314, 319, 318, 317, 317, 314, 319, 318, 318, 319, 319, 324, 324, 322, 322, 321, 325, 327, 326, 324, 324, 328, 329, 328, 326, 326, 329, 331, 330, 329, 327, 331, 333, 332, 332, 331, 335, 337, 336, 336, 335, 337, 338, 338, 338, 338, 340, 341, 340, 341, 340, 341, 343, 343, 344, 343, 343, 345, 345, 346, 345, 346, 347, 347, 348, 347, 348, 349, 349, 351, 350, 349, 351, 352, 353, 352, 352, 353, 353, 355, 355, 354, 356, 355, 358, 357, 356, 358, 358, 360, 360, 359, 360, 360, 363, 363, 362, 362, 362, 365, 365, 365, 365, 365]

################################################################
################### jail_ex_download_list: ######################

[2, 1, 0, 0, 1, 1, 1, 1, 0, 1, 1, 1, 1, 1, 0, 1, 1, 0, 0, 1, 1, 1, 1, 1, 0, 1, 1, 1, 1, 0, 1, 1, 1, 1, 1, 0, 0, 1, 1, 0, 1, 1, 1, 1, 1, 1, 1, 1, 0, 0, 0, 0, 1, 0, 1, 1, 1, 0, 0, 1, 0, 0, 1, 1, 1, 1, 1, 0, 0, 0, 1, 1, 1, 1, 1, 1, 1, 0, 0, 0, 1, 1, 1, 1, 1, 0, 0, 1, 1, 1, 1, 0, 1, 1, 1, 1, 1, 1, 1, 0, 0, 0, 0, 0, 1, 1, 1, 1, 1, 0, 0, 1, 0, 0, 1, 1, 0, 1, 1, 1, 1, 1, 0, 0, 1, 1, 1, 0, 0, 1, 0, 0, 1, 1, 0, 1, 1, 1, 1, 1, 1, 1, 1, 1, 1, 1, 1, 1, 1, 1, 1, 0, 0, 1, 0, 1, 1, 1, 0, 1, 1, 1, 0, 0, 1, 1, 1, 0, 1, 0, 0, 0, 1, 0, 1, 1, 1, 0, 1, 0, 0, 1, 1, 1, 1, 1, 1, 1, 1, 1, 0, 0, 1, 1, 1, 1, 1, 0, 0, 1, 0, 0, 1, 1, 1, 1, 1, 1, 1, 1, 1, 0, 0, 0, 0, 0, 1, 0, 1, 1, 1, 0, 1, 0, 0, 0, 1, 0, 1, 1, 1, 1, 0, 1, 0, 1, 0, 1, 0, 0, 0, 1, 0, 0, 1, 0, 0, 1, 1, 0, 1, 1, 0, 0, 1, 0, 0, 1, 1, 0, 1, 1, 0, 1, 1, 0, 1, 1, 1, 0, 1, 0, 0, 1, 1, 0, 1, 1, 1, 0, 0, 0, 1, 0, 1, 1, 0, 1, 0, 1, 1, 1, 0, 1, 0, 0, 1, 1, 1, 1, 0, 0, 0, 0, 1, 1, 1, 0, 0, 1, 0, 0, 1, 1, 0, 0, 0, 1, 0, 0, 1, 1, 1, 1, 1, 0, 0, 1, 0, 1, 1, 1, 0, 1, 1, 0, 1, 1, 1, 1, 1, 0, 1, 1, 1, 0, 1, 1, 1, 1, 1, 0, 0, 1, 1, 1, 1, 0, 1, 1, 1, 0, 0, 0, 1, 1, 1, 0, 1, 1, 0, 1, 1, 0, 0, 1, 1, 0, 1, 1, 0, 1, 1, 1, 1, 1, 1, 0, 1, 1, 1, 1, 1, 1, 0, 1, 1, 0, 1, 1, 1, 1, 1, 1, 1, 1, 1, 0, 1, 1, 1, 1, 0, 1, 0, 1, 1, 0, 0, 1, 1, 1, 0, 1, 0, 0, 0, 1, 1, 1, 1, 1, 1, 1, 0, 1, 1, 1, 1, 1, 0, 1, 0, 0, 1, 1, 0, 1, 1, 1, 1, 1, 1, 0, 0, 1, 1, 1, 1, 1, 1, 0, 0, 1, 1, 0, 1, 0, 0, 1, 1, 0, 0, 0, 1, 0, 1, 1, 1, 0, 1, 1, 1, 1, 0, 0, 0, 0, 1, 1, 1, 0, 1, 1, 0, 0, 1, 0, 0, 1, 1, 0, 1, 1, 0, 0, 1, 1, 1, 1, 0, 1, 1, 1, 1, 1, 0, 0, 0, 1, 1, 1, 1, 1, 0, 0, 1, 0, 1, 0, 1, 1, 1, 1, 1, 0, 1, 1, 1, 0, 1, 0, 1, 1, 1, 1, 0, 0, 0, 0, 1, 1, 0, 1, 1, 0, 0, 1, 1, 1, 1, 1, 0, 0, 1, 1, 0, 1, 1, 0, 0, 1, 1, 1, 1, 1, 1, 1, 1, 1, 1, 1, 0, 1, 1, 0, 0, 1, 1, 1, 1, 0, 0, 1, 1, 0, 1, 1, 1, 1, 1, 0, 0, 1, 1, 1, 1, 1, 0, 0, 0, 0, 0, 0, 0, 0, 1, 1, 1, 0, 0, 1, 1, 1, 0, 0, 0, 1, 1, 1, 1, 1, 0, 0, 1, 1, 0, 1, 1, 1, 1, 0, 1, 1, 1, 1, 0, 1, 1, 1, 1, 1, 1, 1, 1, 0, 0, 1, 1, 1, 1, 1, 1, 0, 0, 1, 1, 0, 1, 1, 1, 1, 0, 1, 1, 0, 0, 0, 0, 0, 1, 1, 1, 0, 0, 1, 1, 0, 1, 1, 1, 1, 1, 0, 1, 1, 1, 0, 1, 1, 1, 1, 0, 1, 1, 1, 1, 1, 1, 1, 1, 1, 0, 0, 1, 1, 1, 1, 1, 1, 0, 0, 1, 0, 1, 1, 1, 0, 1, 0, 0, 0, 1, 1, 1, 0, 0, 1, 1, 0, 1, 1, 0, 1, 1, 1, 1, 1, 0, 1, 0, 1, 1, 1, 1, 1, 1, 1, 0, 0, 0, 0, 0, 1, 1, 0, 1, 1, 1, 1]

################################################################
################################################################
################### process_jail_download_list: ######################

[8, 7, 7, 6, 7, 7, 7, 7, 6, 7, 7, 7, 7, 7, 6, 7, 7, 6, 6, 7, 7, 7, 7, 7, 7, 7, 7, 7, 7, 6, 7, 7, 7, 7, 7, 6, 6, 7, 7, 6, 7, 7, 7, 7, 7, 7, 7, 7, 6, 6, 6, 6, 7, 6, 6, 7, 7, 6, 6, 6, 6, 6, 7, 7, 7, 6, 6, 6, 6, 6, 7, 7, 7, 7, 7, 7, 7, 6, 6, 6, 7, 7, 7, 7, 7, 7, 6, 7, 7, 7, 7, 6, 7, 7, 7, 7, 7, 7, 7, 6, 6, 6, 6, 6, 7, 7, 7, 7, 7, 6, 6, 7, 6, 6, 7, 7, 6, 7, 7, 6, 7, 7, 7, 7, 7, 7, 7, 6, 6, 7, 6, 6, 7, 7, 6, 7, 7, 6, 7, 7, 7, 7, 7, 7, 7, 6, 7, 7, 6, 7, 7, 6, 6, 7, 6, 6, 6, 7, 6, 6, 7, 7, 6, 6, 7, 7, 7, 6, 7, 6, 6, 6, 7, 6, 7, 7, 7, 6, 6, 6, 7, 7, 7, 7, 7, 7, 7, 7, 7, 7, 6, 6, 7, 7, 6, 7, 7, 6, 6, 7, 6, 6, 7, 7, 6, 6, 7, 7, 7, 7, 7, 6, 7, 7, 7, 6, 7, 6, 7, 7, 7, 6, 7, 6, 6, 6, 6, 6, 6, 7, 6, 7, 6, 7, 6, 7, 6, 7, 6, 6, 6, 7, 6, 6, 7, 6, 6, 7, 7, 6, 7, 7, 6, 6, 7, 6, 6, 7, 7, 6, 7, 6, 6, 6, 7, 6, 7, 7, 7, 6, 6, 6, 6, 6, 7, 6, 7, 6, 7, 6, 6, 6, 6, 6, 6, 6, 6, 7, 6, 7, 7, 6, 6, 6, 6, 6, 7, 7, 7, 6, 6, 6, 7, 7, 7, 7, 7, 6, 6, 7, 6, 6, 6, 7, 6, 6, 6, 7, 6, 6, 7, 7, 6, 7, 7, 6, 6, 7, 6, 6, 7, 6, 6, 6, 7, 6, 7, 7, 7, 6, 7, 6, 7, 7, 7, 6, 7, 7, 7, 7, 6, 6, 6, 7, 7, 7, 7, 7, 7, 7, 7, 6, 6, 6, 6, 7, 7, 6, 7, 7, 6, 6, 7, 6, 6, 7, 7, 6, 7, 7, 6, 6, 7, 7, 6, 7, 7, 6, 7, 7, 7, 7, 7, 7, 6, 7, 7, 6, 7, 7, 7, 7, 7, 7, 7, 6, 6, 6, 6, 7, 7, 7, 7, 7, 6, 7, 7, 6, 6, 7, 7, 7, 6, 6, 6, 6, 6, 6, 7, 7, 7, 7, 7, 6, 6, 7, 7, 7, 7, 6, 6, 7, 6, 6, 7, 7, 6, 7, 7, 7, 7, 7, 6, 6, 6, 8, 7, 8, 7, 7, 7, 7, 6, 7, 7, 6, 8, 7, 6, 6, 7, 6, 6, 6, 7, 6, 7, 7, 7, 7, 7, 7, 7, 7, 6, 6, 6, 6, 6, 7, 7, 6, 7, 7, 6, 6, 7, 6, 6, 7, 7, 6, 6, 7, 6, 7, 7, 7, 6, 7, 6, 7, 7, 7, 6, 6, 6, 6, 6, 7, 7, 7, 7, 6, 6, 6, 7, 7, 7, 6, 7, 7, 7, 7, 7, 6, 8, 7, 8, 7, 7, 7, 7, 7, 7, 6, 6, 6, 6, 6, 7, 7, 6, 6, 7, 6, 6, 7, 7, 6, 6, 7, 6, 6, 7, 7, 6, 7, 7, 6, 6, 6, 7, 7, 7, 7, 7, 7, 7, 7, 7, 7, 6, 7, 7, 6, 6, 7, 6, 6, 7, 6, 6, 7, 7, 6, 7, 7, 6, 7, 7, 6, 6, 7, 7, 7, 7, 8, 7, 7, 7, 6, 6, 6, 7, 7, 7, 7, 7, 7, 7, 7, 7, 7, 6, 6, 6, 7, 7, 7, 7, 7, 7, 7, 7, 7, 7, 7, 7, 7, 7, 6, 7, 7, 7, 7, 6, 7, 7, 6, 8, 8, 7, 7, 7, 6, 6, 7, 8, 8, 7, 7, 7, 6, 6, 7, 7, 7, 7, 7, 7, 7, 6, 7, 7, 6, 6, 6, 7, 7, 7, 7, 7, 7, 7, 7, 7, 6, 7, 7, 7, 7, 7, 6, 7, 7, 7, 7, 7, 6, 7, 7, 6, 6, 7, 7, 7, 7, 7, 6, 7, 7, 6, 6, 7, 7, 7, 6, 7, 6, 6, 6, 7, 6, 7, 7, 7, 6, 6, 6, 7, 7, 6, 7, 7, 6, 6, 7, 6, 6, 7, 7, 6, 7, 6, 7, 7, 7, 6, 7, 6, 7, 7, 7, 7, 7, 7, 7, 6, 6, 7, 7, 7, 7, 7, 6, 7, 7, 7, 7]

################################################################
################################################################
################### process_jail_list: ######################

[6, 6, 7, 6, 6, 6, 6, 6, 6, 6, 6, 6, 6, 6, 6, 6, 6, 6, 6, 6, 6, 6, 6, 6, 7, 6, 6, 6, 6, 6, 6, 6, 6, 6, 6, 6, 6, 6, 6, 6, 6, 6, 6, 6, 6, 6, 6, 6, 6, 6, 6, 6, 6, 6, 5, 6, 6, 6, 6, 5, 6, 6, 6, 6, 6, 5, 5, 6, 6, 6, 6, 6, 6, 6, 6, 6, 6, 6, 6, 6, 6, 6, 6, 6, 6, 7, 6, 6, 6, 6, 6, 6, 6, 6, 6, 6, 6, 6, 6, 6, 6, 6, 6, 6, 6, 6, 6, 6, 6, 6, 6, 6, 6, 6, 6, 6, 6, 6, 6, 5, 6, 6, 7, 7, 6, 6, 6, 6, 6, 6, 6, 6, 6, 6, 6, 6, 6, 5, 6, 6, 6, 6, 6, 6, 6, 5, 6, 6, 5, 6, 6, 6, 6, 6, 6, 5, 5, 6, 6, 5, 6, 6, 6, 6, 6, 6, 6, 6, 6, 6, 6, 6, 6, 6, 6, 6, 6, 6, 5, 6, 7, 6, 6, 6, 6, 6, 6, 6, 6, 6, 6, 6, 6, 6, 5, 6, 6, 6, 6, 6, 6, 6, 6, 6, 5, 5, 6, 6, 6, 6, 6, 6, 7, 7, 7, 6, 6, 6, 6, 6, 6, 6, 6, 6, 6, 6, 5, 6, 5, 6, 5, 6, 6, 6, 6, 6, 6, 6, 6, 6, 6, 6, 6, 6, 6, 6, 6, 6, 6, 6, 6, 6, 6, 6, 6, 6, 6, 6, 6, 6, 6, 5, 6, 5, 6, 6, 6, 6, 6, 6, 5, 6, 6, 5, 6, 6, 6, 5, 6, 6, 6, 6, 5, 6, 5, 5, 6, 6, 6, 6, 6, 5, 6, 5, 6, 6, 6, 6, 6, 5, 6, 6, 7, 7, 6, 6, 6, 6, 6, 6, 6, 6, 5, 6, 6, 6, 6, 6, 6, 6, 6, 6, 5, 6, 6, 6, 6, 6, 6, 5, 6, 5, 6, 5, 6, 6, 6, 6, 6, 5, 6, 6, 6, 6, 6, 6, 6, 6, 6, 6, 5, 6, 6, 6, 6, 6, 6, 7, 6, 6, 6, 6, 6, 6, 5, 6, 6, 6, 6, 6, 6, 5, 6, 6, 6, 6, 6, 6, 6, 6, 6, 5, 6, 6, 5, 6, 6, 6, 6, 6, 6, 6, 6, 6, 6, 6, 6, 6, 6, 6, 6, 6, 6, 6, 6, 5, 5, 6, 5, 6, 6, 6, 7, 6, 6, 6, 6, 6, 6, 6, 6, 6, 6, 5, 6, 6, 6, 5, 6, 6, 6, 6, 6, 5, 6, 6, 6, 6, 6, 5, 6, 6, 6, 6, 6, 6, 6, 6, 6, 6, 6, 6, 5, 6, 6, 7, 6, 7, 6, 6, 6, 7, 6, 6, 6, 6, 7, 7, 6, 5, 6, 6, 6, 6, 6, 6, 6, 6, 6, 7, 6, 6, 6, 6, 6, 6, 6, 6, 5, 6, 6, 6, 6, 6, 6, 6, 6, 6, 6, 6, 6, 6, 5, 6, 6, 7, 6, 6, 5, 6, 6, 6, 6, 6, 5, 5, 6, 6, 6, 6, 6, 6, 6, 5, 6, 6, 6, 7, 6, 6, 6, 6, 6, 6, 6, 6, 7, 6, 7, 7, 6, 7, 6, 6, 6, 5, 6, 6, 6, 6, 6, 6, 6, 5, 6, 6, 6, 6, 6, 5, 5, 6, 6, 6, 6, 6, 6, 6, 6, 6, 6, 5, 6, 6, 6, 6, 6, 6, 6, 6, 6, 6, 6, 6, 6, 6, 6, 6, 5, 5, 6, 6, 6, 6, 6, 6, 6, 6, 5, 6, 6, 6, 6, 6, 6, 6, 6, 7, 7, 7, 7, 6, 6, 6, 7, 7, 6, 6, 6, 7, 7, 6, 6, 6, 6, 6, 6, 6, 6, 6, 6, 6, 7, 7, 6, 6, 7, 6, 6, 6, 6, 6, 6, 6, 6, 6, 6, 6, 6, 5, 7, 7, 6, 6, 6, 6, 6, 6, 7, 7, 6, 6, 6, 6, 6, 6, 6, 7, 6, 6, 6, 6, 6, 6, 6, 6, 6, 6, 7, 7, 6, 6, 6, 7, 7, 6, 6, 6, 6, 6, 6, 6, 6, 6, 6, 6, 6, 7, 6, 5, 6, 6, 6, 5, 6, 6, 6, 6, 6, 5, 6, 6, 6, 6, 6, 6, 6, 5, 6, 5, 6, 6, 6, 6, 6, 6, 6, 6, 5, 6, 7, 7, 5, 6, 6, 6, 6, 6, 5, 6, 6, 6, 6, 6, 5, 6, 6, 6, 6, 6, 6, 6, 6, 6, 6, 6, 6, 6, 6, 6, 7, 7, 7, 6, 6, 6, 6, 6, 6, 6]

################################################################
