Numero total de amostras 770

Tempo total de processamento: 0:16:32

############## TEMPOS DE PROCESSAMENTO DO EXERCICIO NO JAIL  ####################
Soma 4447 segundos
Media 5.775324675324676 segundos
Desvio padr達o 0.4560291185040664 segundos
Minimo 5 segundos
Maximo 7 segundos

95% 5.0 segundos
99% 5.0 segundos

############## TEMPOS DE PROCESSAMENTO DO EXERCICIO NO JAIL COM DOWNLOAD  ################
Soma 4908 segundos
Media 6.374025974025974 segundos
Desvio padr達o 0.4944897927859642 segundos
Minimo 6 segundos
Maximo 8 segundos

95% 6.0 segundos
99% 6.0 segundos

################### TEMPOS DE DOWNLOAD DO EXERCICIO NO JAIL #######################
Soma 461 segundos
Media 0.5987012987012987 segundos
Desvio padr達o 0.5006472450980705 segundos
Minimo 0 segundos
Maximo 2 segundos

95% 0.0 segundos
99% 0.0 segundos

############################ TEMPOS DE ESPERA NA FILA ############################
Soma 130023
Media 168.86103896103896 segundos
Desvio padr達o 92.99984730589917 segundos
Minimo 1 segundos
Maximo 329 segundos

95% 10.305499999999999 segundos
99% 10.6131 segundos

################### queue_wait_time_list: ######################

[1, 6, 9, 8, 7, 7, 9, 13, 12, 11, 10, 11, 15, 13, 14, 13, 12, 16, 16, 16, 15, 14, 19, 18, 18, 18, 17, 21, 20, 20, 19, 18, 23, 22, 22, 22, 21, 24, 23, 23, 24, 23, 27, 26, 26, 25, 24, 29, 28, 28, 28, 27, 31, 31, 30, 30, 29, 33, 32, 31, 33, 32, 35, 34, 34, 34, 33, 37, 37, 36, 37, 36, 39, 38, 38, 39, 38, 41, 41, 40, 40, 40, 44, 43, 42, 42, 41, 45, 46, 45, 45, 44, 47, 47, 46, 46, 46, 49, 50, 49, 48, 48, 52, 52, 51, 51, 50, 53, 53, 54, 53, 52, 55, 56, 55, 54, 54, 57, 58, 57, 57, 56, 59, 60, 60, 59, 58, 61, 62, 61, 62, 61, 63, 65, 64, 63, 62, 65, 67, 66, 66, 65, 67, 69, 68, 68, 67, 69, 71, 70, 70, 70, 71, 74, 73, 72, 71, 72, 76, 75, 74, 73, 74, 77, 76, 76, 76, 77, 80, 79, 78, 77, 79, 82, 81, 81, 80, 80, 84, 84, 83, 82, 82, 86, 85, 85, 85, 85, 89, 88, 87, 86, 86, 91, 90, 90, 89, 88, 93, 92, 92, 92, 91, 96, 95, 94, 94, 94, 98, 98, 97, 96, 95, 100, 100, 99, 99, 98, 102, 102, 101, 101, 100, 104, 104, 103, 103, 102, 105, 106, 106, 105, 104, 107, 108, 108, 107, 106, 109, 110, 109, 109, 109, 112, 112, 111, 111, 110, 113, 115, 114, 114, 113, 115, 117, 116, 117, 116, 117, 119, 118, 118, 118, 120, 122, 121, 121, 120, 121, 123, 123, 123, 122, 123, 126, 125, 125, 124, 125, 128, 127, 127, 126, 127, 130, 130, 129, 128, 129, 132, 131, 131, 130, 131, 134, 134, 133, 132, 133, 136, 136, 135, 134, 134, 137, 138, 137, 137, 136, 140, 139, 138, 139, 139, 142, 141, 141, 140, 140, 144, 144, 143, 142, 142, 145, 145, 145, 145, 144, 148, 147, 146, 146, 147, 150, 149, 148, 148, 148, 151, 152, 151, 150, 150, 153, 153, 152, 152, 152, 156, 156, 155, 154, 154, 158, 158, 158, 157, 156, 159, 159, 159, 159, 158, 161, 162, 161, 161, 161, 164, 164, 164, 163, 162, 165, 166, 166, 166, 165, 167, 167, 167, 167, 167, 169, 170, 169, 170, 169, 172, 172, 172, 172, 171, 173, 173, 174, 174, 173, 175, 176, 175, 175, 176, 178, 178, 177, 177, 177, 179, 180, 179, 180, 179, 181, 181, 180, 182, 181, 183, 184, 183, 183, 182, 186, 186, 185, 185, 184, 187, 188, 188, 188, 187, 189, 191, 190, 190, 190, 192, 194, 193, 192, 192, 193, 196, 195, 194, 194, 195, 198, 197, 197, 196, 197, 200, 199, 199, 198, 199, 203, 202, 201, 200, 201, 204, 204, 204, 203, 203, 207, 206, 205, 205, 205, 209, 208, 208, 207, 206, 212, 211, 210, 209, 209, 214, 213, 213, 212, 211, 216, 216, 215, 214, 214, 219, 219, 218, 217, 216, 220, 221, 220, 220, 219, 222, 222, 221, 222, 221, 224, 224, 224, 224, 223, 227, 226, 226, 226, 225, 228, 228, 228, 228, 227, 230, 230, 230, 229, 230, 232, 232, 232, 231, 231, 233, 234, 234, 233, 233, 236, 235, 235, 236, 235, 238, 237, 237, 237, 237, 240, 240, 239, 239, 239, 241, 242, 241, 241, 241, 244, 243, 243, 243, 244, 246, 245, 245, 245, 245, 247, 248, 247, 247, 248, 249, 249, 249, 249, 250, 252, 251, 251, 250, 251, 254, 253, 253, 253, 253, 255, 256, 256, 255, 256, 257, 257, 257, 256, 258, 260, 260, 260, 259, 259, 262, 262, 262, 261, 261, 263, 263, 265, 264, 264, 265, 265, 267, 266, 265, 268, 267, 269, 268, 267, 269, 269, 272, 271, 270, 271, 271, 273, 274, 273, 274, 273, 275, 275, 274, 275, 275, 278, 278, 277, 277, 276, 280, 280, 279, 279, 279, 281, 281, 280, 281, 281, 283, 284, 283, 282, 283, 285, 287, 286, 285, 285, 286, 289, 289, 288, 287, 289, 290, 290, 289, 289, 291, 292, 292, 291, 290, 292, 295, 295, 294, 293, 294, 296, 297, 295, 295, 297, 298, 298, 298, 298, 299, 300, 301, 300, 299, 300, 303, 303, 303, 302, 302, 304, 304, 305, 304, 305, 307, 307, 307, 306, 306, 309, 309, 310, 309, 308, 310, 311, 312, 311, 311, 312, 313, 314, 314, 313, 315, 315, 316, 315, 314, 317, 317, 318, 318, 317, 318, 319, 319, 320, 319, 320, 321, 322, 321, 321, 322, 323, 324, 324, 323, 324, 324, 326, 326, 325, 326, 326, 327, 329, 328, 328, 329]

################################################################
################### jail_ex_download_list: ######################

[1, 1, 2, 2, 2, 2, 0, 0, 1, 1, 1, 0, 1, 1, 0, 0, 1, 1, 1, 1, 1, 1, 0, 0, 0, 0, 1, 0, 1, 1, 1, 1, 1, 1, 1, 0, 0, 1, 1, 1, 1, 1, 0, 0, 0, 1, 1, 1, 1, 0, 0, 0, 0, 0, 1, 1, 1, 1, 1, 1, 0, 0, 1, 1, 0, 1, 1, 1, 0, 0, 0, 0, 1, 1, 1, 1, 1, 1, 0, 0, 1, 1, 0, 1, 1, 1, 1, 0, 0, 0, 0, 1, 1, 1, 1, 1, 1, 1, 1, 1, 1, 0, 0, 1, 1, 0, 0, 0, 1, 0, 0, 1, 1, 0, 0, 1, 1, 1, 1, 1, 0, 0, 0, 0, 0, 1, 1, 0, 1, 1, 0, 0, 1, 0, 0, 1, 1, 1, 1, 1, 0, 0, 0, 0, 0, 1, 1, 0, 1, 1, 0, 0, 0, 0, 0, 1, 1, 1, 1, 1, 1, 1, 1, 1, 1, 1, 1, 0, 0, 0, 1, 1, 0, 1, 1, 0, 0, 1, 0, 0, 1, 1, 1, 1, 1, 1, 1, 1, 0, 0, 1, 1, 1, 1, 1, 1, 1, 1, 0, 0, 1, 1, 1, 1, 1, 1, 1, 1, 1, 0, 0, 1, 1, 0, 1, 1, 1, 1, 0, 0, 0, 1, 1, 1, 1, 1, 0, 0, 1, 1, 0, 0, 1, 1, 0, 0, 1, 1, 1, 0, 1, 1, 1, 0, 1, 1, 1, 1, 0, 0, 1, 1, 1, 1, 0, 0, 0, 0, 1, 1, 1, 1, 0, 0, 0, 0, 0, 0, 0, 1, 1, 1, 1, 1, 0, 0, 0, 0, 1, 1, 1, 0, 1, 0, 0, 0, 1, 1, 0, 0, 1, 1, 1, 0, 0, 0, 0, 0, 0, 1, 0, 1, 1, 1, 1, 1, 1, 0, 1, 0, 1, 1, 0, 0, 0, 1, 0, 1, 0, 1, 0, 1, 1, 1, 1, 1, 1, 0, 1, 0, 1, 1, 0, 0, 0, 1, 1, 1, 0, 1, 0, 0, 1, 1, 1, 1, 1, 0, 1, 0, 1, 0, 1, 0, 0, 1, 0, 0, 1, 1, 1, 1, 1, 1, 1, 0, 1, 0, 0, 0, 0, 0, 1, 1, 0, 1, 0, 0, 0, 1, 1, 1, 1, 1, 1, 0, 1, 0, 0, 0, 0, 0, 0, 1, 1, 1, 0, 1, 1, 1, 0, 1, 1, 0, 0, 0, 1, 1, 0, 0, 1, 1, 0, 0, 1, 1, 1, 0, 1, 1, 0, 0, 0, 1, 0, 1, 1, 1, 1, 0, 0, 0, 1, 1, 1, 0, 0, 0, 0, 0, 0, 0, 1, 0, 0, 1, 1, 1, 1, 1, 1, 1, 1, 1, 1, 1, 1, 1, 1, 0, 1, 1, 1, 1, 0, 1, 1, 1, 1, 0, 1, 1, 1, 1, 1, 1, 1, 1, 1, 1, 1, 1, 1, 1, 0, 1, 1, 1, 1, 1, 1, 1, 1, 1, 1, 0, 0, 1, 1, 1, 1, 0, 1, 1, 1, 1, 1, 1, 1, 1, 1, 1, 0, 0, 0, 0, 1, 1, 0, 1, 0, 0, 1, 1, 1, 0, 0, 0, 1, 0, 1, 0, 0, 1, 1, 1, 1, 0, 1, 1, 0, 1, 0, 0, 1, 0, 1, 1, 0, 0, 1, 0, 1, 1, 1, 1, 1, 1, 1, 1, 0, 1, 0, 0, 0, 0, 1, 1, 0, 1, 1, 0, 1, 1, 0, 1, 0, 0, 1, 0, 0, 1, 1, 1, 1, 1, 1, 1, 0, 1, 1, 0, 0, 0, 0, 1, 1, 1, 1, 0, 0, 0, 1, 1, 1, 1, 0, 1, 1, 1, 1, 0, 0, 0, 0, 1, 1, 0, 0, 0, 0, 1, 1, 1, 1, 0, 1, 0, 1, 1, 1, 0, 1, 0, 0, 0, 0, 1, 1, 1, 0, 1, 0, 0, 0, 0, 1, 0, 1, 1, 0, 0, 0, 1, 1, 1, 0, 1, 1, 1, 1, 1, 1, 0, 0, 0, 0, 1, 0, 0, 0, 1, 0, 1, 0, 1, 1, 1, 1, 1, 1, 1, 1, 0, 0, 1, 1, 1, 0, 1, 1, 1, 0, 1, 1, 0, 0, 0, 1, 0, 1, 1, 0, 0, 0, 0, 0, 1, 1, 1, 1, 1, 0, 0, 1, 1, 1, 1, 0, 1, 0, 0, 1, 1, 1, 1, 1, 0, 1, 0, 0, 0, 0, 0, 1, 0, 1, 1, 0, 1, 1, 0, 0, 0, 0, 1, 1, 1, 1, 0, 0, 1, 1, 1, 0, 0, 0, 0, 0, 1, 0, 1, 1, 0, 1, 0, 0, 0, 0, 0]

################################################################
################################################################
################### process_jail_download_list: ######################

[6, 6, 8, 8, 8, 8, 6, 6, 6, 7, 7, 6, 6, 6, 6, 6, 6, 7, 7, 7, 7, 7, 6, 6, 6, 6, 6, 6, 6, 6, 7, 7, 6, 6, 6, 6, 6, 7, 7, 7, 6, 6, 6, 6, 6, 7, 7, 7, 7, 6, 6, 6, 6, 6, 6, 7, 7, 6, 6, 7, 6, 6, 6, 7, 6, 7, 7, 7, 6, 6, 6, 6, 6, 7, 7, 6, 6, 6, 6, 6, 6, 6, 6, 7, 7, 7, 7, 6, 6, 6, 6, 6, 6, 7, 7, 6, 7, 7, 6, 6, 7, 6, 6, 6, 7, 6, 6, 6, 7, 6, 6, 6, 6, 6, 6, 7, 7, 7, 7, 7, 6, 6, 6, 6, 6, 7, 7, 6, 7, 7, 6, 6, 6, 6, 6, 7, 7, 7, 7, 7, 6, 6, 6, 6, 6, 7, 7, 6, 7, 7, 6, 6, 6, 6, 6, 6, 6, 6, 6, 6, 7, 7, 7, 7, 7, 6, 6, 6, 6, 6, 7, 7, 6, 7, 7, 6, 6, 6, 6, 6, 7, 7, 7, 7, 7, 6, 6, 6, 6, 6, 7, 7, 6, 7, 7, 6, 7, 7, 7, 7, 7, 7, 7, 7, 7, 6, 6, 6, 7, 6, 6, 7, 7, 6, 7, 7, 6, 6, 6, 6, 6, 7, 7, 6, 7, 6, 6, 6, 6, 7, 6, 6, 6, 6, 6, 6, 7, 7, 7, 6, 6, 6, 6, 6, 7, 7, 7, 7, 6, 7, 7, 7, 7, 6, 6, 6, 6, 7, 7, 7, 7, 7, 6, 6, 6, 6, 6, 6, 6, 7, 7, 7, 7, 6, 6, 6, 6, 6, 7, 7, 7, 6, 6, 6, 6, 6, 6, 6, 6, 6, 7, 7, 7, 6, 6, 6, 6, 6, 6, 6, 6, 6, 7, 6, 7, 6, 6, 6, 7, 6, 6, 7, 6, 6, 6, 7, 6, 6, 6, 6, 6, 6, 7, 6, 7, 6, 6, 6, 7, 6, 6, 6, 6, 6, 6, 7, 7, 6, 6, 6, 6, 6, 7, 6, 7, 7, 7, 6, 7, 6, 7, 6, 7, 6, 6, 6, 6, 6, 6, 6, 7, 6, 7, 7, 7, 6, 6, 6, 6, 6, 6, 6, 7, 7, 6, 6, 6, 6, 6, 6, 7, 6, 7, 7, 7, 6, 7, 6, 6, 6, 6, 6, 6, 6, 6, 7, 6, 6, 7, 7, 6, 6, 6, 6, 6, 6, 6, 7, 6, 6, 6, 6, 6, 6, 6, 7, 7, 6, 6, 7, 6, 6, 6, 6, 6, 7, 7, 7, 7, 6, 7, 7, 7, 7, 7, 7, 7, 6, 7, 6, 6, 6, 6, 6, 6, 7, 7, 7, 6, 6, 6, 6, 7, 7, 7, 7, 7, 6, 6, 6, 6, 6, 7, 7, 6, 7, 7, 6, 6, 6, 6, 6, 7, 7, 6, 7, 7, 6, 6, 7, 7, 7, 7, 7, 6, 7, 6, 7, 7, 7, 7, 7, 7, 7, 7, 6, 6, 6, 7, 7, 6, 6, 6, 6, 6, 6, 6, 7, 7, 7, 7, 6, 6, 6, 6, 6, 7, 6, 6, 6, 6, 6, 7, 6, 7, 6, 6, 6, 6, 6, 6, 6, 6, 6, 6, 7, 6, 6, 7, 6, 6, 6, 6, 6, 7, 6, 7, 6, 6, 6, 6, 6, 6, 6, 6, 7, 6, 7, 7, 7, 6, 6, 6, 6, 6, 6, 7, 6, 6, 7, 6, 6, 7, 6, 6, 7, 6, 6, 6, 6, 6, 6, 6, 7, 6, 6, 7, 7, 6, 7, 6, 6, 6, 6, 6, 7, 7, 7, 7, 6, 6, 6, 6, 6, 6, 6, 6, 7, 7, 7, 6, 6, 7, 7, 6, 7, 6, 6, 6, 6, 6, 6, 7, 7, 7, 6, 7, 6, 7, 7, 7, 6, 6, 6, 6, 6, 6, 7, 7, 7, 6, 6, 6, 6, 6, 6, 7, 6, 6, 6, 6, 6, 6, 7, 7, 6, 6, 6, 7, 7, 7, 7, 6, 6, 7, 7, 6, 7, 6, 6, 6, 6, 6, 6, 6, 6, 6, 6, 7, 7, 7, 7, 6, 6, 6, 6, 6, 7, 6, 6, 7, 7, 6, 6, 7, 6, 6, 6, 7, 6, 7, 7, 6, 6, 6, 6, 6, 7, 7, 7, 7, 7, 6, 6, 6, 7, 7, 6, 6, 6, 6, 6, 7, 6, 7, 7, 7, 6, 7, 6, 6, 6, 6, 6, 6, 6, 7, 7, 6, 7, 6, 6, 6, 6, 6, 6, 6, 6, 6, 6, 6, 7, 7, 7, 6, 6, 6, 6, 6, 6, 6, 7, 7, 6, 7, 6, 6, 6, 6, 6]

################################################################
################################################################
################### process_jail_list: ######################

[5, 5, 6, 6, 6, 6, 6, 6, 5, 6, 6, 6, 5, 5, 6, 6, 5, 6, 6, 6, 6, 6, 6, 6, 6, 6, 5, 6, 5, 5, 6, 6, 5, 5, 5, 6, 6, 6, 6, 6, 5, 5, 6, 6, 6, 6, 6, 6, 6, 6, 6, 6, 6, 6, 5, 6, 6, 5, 5, 6, 6, 6, 5, 6, 6, 6, 6, 6, 6, 6, 6, 6, 5, 6, 6, 5, 5, 5, 6, 6, 5, 5, 6, 6, 6, 6, 6, 6, 6, 6, 6, 5, 5, 6, 6, 5, 6, 6, 5, 5, 6, 6, 6, 5, 6, 6, 6, 6, 6, 6, 6, 5, 5, 6, 6, 6, 6, 6, 6, 6, 6, 6, 6, 6, 6, 6, 6, 6, 6, 6, 6, 6, 5, 6, 6, 6, 6, 6, 6, 6, 6, 6, 6, 6, 6, 6, 6, 6, 6, 6, 6, 6, 6, 6, 6, 5, 5, 5, 5, 5, 6, 6, 6, 6, 6, 5, 5, 6, 6, 6, 6, 6, 6, 6, 6, 6, 6, 5, 6, 6, 6, 6, 6, 6, 6, 5, 5, 5, 6, 6, 6, 6, 5, 6, 6, 5, 6, 6, 7, 7, 6, 6, 6, 6, 6, 5, 5, 5, 6, 6, 6, 6, 6, 6, 6, 6, 5, 5, 6, 6, 6, 6, 6, 5, 6, 5, 6, 6, 5, 6, 6, 6, 5, 5, 6, 6, 6, 6, 6, 6, 5, 5, 5, 6, 6, 6, 6, 6, 6, 7, 6, 6, 6, 5, 6, 6, 6, 7, 6, 6, 6, 6, 6, 6, 6, 6, 6, 6, 6, 6, 6, 6, 6, 5, 6, 6, 6, 6, 6, 6, 6, 6, 5, 6, 6, 6, 5, 5, 6, 6, 6, 6, 6, 6, 6, 6, 6, 6, 6, 5, 6, 5, 6, 5, 6, 5, 5, 6, 6, 6, 5, 6, 6, 6, 6, 6, 6, 5, 6, 5, 6, 5, 6, 5, 6, 5, 5, 6, 6, 6, 5, 5, 6, 6, 6, 6, 6, 5, 6, 5, 6, 6, 6, 5, 6, 6, 6, 6, 6, 6, 6, 6, 6, 6, 6, 5, 6, 6, 5, 5, 6, 5, 6, 6, 6, 6, 5, 6, 6, 6, 6, 6, 6, 6, 6, 5, 6, 6, 6, 5, 6, 5, 6, 6, 6, 6, 6, 6, 6, 6, 6, 6, 6, 5, 5, 6, 6, 5, 6, 6, 6, 5, 5, 6, 6, 6, 5, 6, 6, 6, 5, 5, 6, 6, 5, 6, 6, 6, 5, 6, 6, 6, 6, 5, 6, 6, 6, 6, 6, 6, 7, 7, 6, 6, 6, 7, 7, 6, 7, 6, 6, 6, 5, 6, 6, 6, 6, 6, 5, 5, 5, 5, 6, 6, 6, 6, 6, 5, 5, 6, 5, 5, 6, 6, 6, 6, 6, 5, 5, 6, 5, 5, 6, 6, 5, 6, 6, 5, 5, 6, 6, 6, 6, 6, 6, 6, 5, 6, 6, 6, 6, 6, 6, 6, 6, 6, 6, 5, 6, 6, 5, 6, 5, 5, 5, 5, 5, 6, 6, 6, 6, 5, 6, 6, 6, 6, 6, 5, 6, 5, 6, 6, 6, 5, 6, 6, 6, 6, 5, 6, 5, 6, 6, 5, 5, 6, 5, 6, 6, 5, 6, 5, 6, 6, 6, 6, 6, 5, 6, 6, 5, 6, 5, 5, 5, 6, 5, 6, 6, 6, 6, 5, 6, 6, 6, 6, 6, 5, 6, 6, 5, 6, 6, 5, 6, 6, 6, 6, 5, 6, 6, 5, 5, 6, 5, 5, 6, 6, 6, 6, 5, 6, 6, 6, 6, 6, 6, 6, 6, 6, 6, 6, 5, 5, 5, 5, 6, 6, 6, 6, 5, 6, 7, 7, 6, 6, 5, 6, 6, 6, 6, 5, 6, 6, 6, 6, 6, 6, 6, 6, 6, 6, 5, 6, 6, 6, 6, 6, 6, 6, 6, 5, 6, 6, 6, 6, 6, 6, 5, 5, 6, 6, 6, 6, 6, 5, 6, 5, 6, 6, 6, 6, 5, 6, 7, 7, 6, 6, 6, 6, 6, 5, 6, 5, 6, 5, 5, 5, 6, 6, 6, 6, 5, 6, 6, 5, 5, 6, 6, 5, 6, 6, 6, 5, 6, 6, 6, 6, 6, 6, 6, 6, 6, 6, 6, 6, 6, 6, 6, 6, 6, 6, 6, 6, 5, 6, 6, 5, 6, 5, 6, 6, 6, 5, 6, 6, 6, 6, 6, 6, 6, 6, 6, 6, 5, 6, 6, 6, 6, 6, 5, 6, 6, 6, 6, 5, 5, 5, 5, 6, 6, 6, 6, 6, 6, 6, 6, 6, 6, 5, 6, 6, 6, 6, 6, 6, 6, 6, 6, 6]

################################################################
