Numero total de amostras 770

Tempo total de processamento: 0:16:59

############## TEMPOS DE PROCESSAMENTO DO EXERCICIO NO JAIL  ####################
Soma 4574 segundos
Media 5.94025974025974 segundos
Desvio padr達o 0.3935386382653229 segundos
Minimo 5 segundos
Maximo 7 segundos

95% 5.0 segundos
99% 5.0 segundos

############## TEMPOS DE PROCESSAMENTO DO EXERCICIO NO JAIL COM DOWNLOAD  ################
Soma 5054 segundos
Media 6.5636363636363635 segundos
Desvio padr達o 0.5164587437563248 segundos
Minimo 6 segundos
Maximo 8 segundos

95% 6.0 segundos
99% 6.0 segundos

################### TEMPOS DE DOWNLOAD DO EXERCICIO NO JAIL #######################
Soma 480 segundos
Media 0.6233766233766234 segundos
Desvio padr達o 0.48721208051687864 segundos
Minimo 0 segundos
Maximo 2 segundos

95% 0.0 segundos
99% 0.0 segundos

############################ TEMPOS DE ESPERA NA FILA ############################
Soma 140811
Media 182.87142857142857 segundos
Desvio padr達o 101.13596526156141 segundos
Minimo 0 segundos
Maximo 356 segundos

95% 8.0 segundos
99% 8.0 segundos

################### queue_wait_time_list: ######################

[1, 0, 6, 6, 8, 7, 7, 8, 8, 10, 10, 10, 11, 10, 13, 13, 12, 13, 13, 15, 14, 14, 16, 15, 17, 18, 17, 19, 18, 19, 20, 20, 22, 21, 22, 23, 22, 23, 23, 24, 26, 25, 26, 25, 26, 28, 28, 29, 28, 28, 31, 30, 32, 31, 31, 33, 32, 34, 33, 33, 36, 35, 36, 36, 35, 37, 37, 39, 38, 37, 40, 39, 40, 41, 40, 42, 41, 43, 42, 41, 44, 44, 45, 45, 44, 46, 45, 48, 48, 47, 48, 48, 49, 50, 50, 51, 50, 52, 52, 52, 52, 53, 54, 55, 54, 55, 54, 55, 58, 57, 57, 56, 58, 59, 58, 58, 58, 61, 62, 61, 61, 60, 63, 65, 64, 65, 64, 65, 67, 67, 68, 67, 67, 69, 68, 69, 69, 70, 72, 71, 72, 71, 71, 74, 74, 75, 74, 74, 76, 75, 77, 76, 76, 78, 78, 78, 75, 77, 78, 75, 78, 75, 76, 79, 79, 80, 80, 79, 82, 82, 82, 82, 82, 85, 82, 83, 83, 83, 87, 87, 87, 88, 86, 91, 90, 91, 90, 89, 93, 93, 93, 91, 91, 95, 95, 96, 96, 95, 101, 100, 100, 100, 99, 104, 103, 100, 100, 99, 102, 102, 103, 104, 104, 108, 107, 108, 108, 107, 111, 110, 110, 110, 109, 113, 112, 111, 112, 112, 116, 115, 114, 115, 114, 117, 116, 116, 117, 116, 120, 119, 117, 119, 115, 119, 118, 118, 120, 119, 123, 123, 123, 123, 122, 126, 125, 125, 126, 125, 128, 128, 127, 128, 128, 132, 131, 131, 131, 130, 133, 134, 134, 134, 133, 135, 136, 136, 136, 136, 138, 139, 138, 138, 137, 140, 141, 140, 141, 140, 141, 143, 143, 142, 140, 142, 144, 144, 145, 145, 146, 148, 147, 147, 147, 148, 151, 150, 150, 149, 150, 153, 152, 153, 152, 151, 155, 155, 155, 154, 154, 157, 156, 157, 154, 154, 158, 153, 144, 144, 145, 150, 150, 151, 151, 151, 155, 155, 157, 157, 157, 162, 162, 164, 164, 164, 169, 168, 164, 163, 163, 167, 165, 165, 165, 165, 170, 170, 172, 172, 172, 176, 176, 178, 177, 175, 179, 178, 180, 180, 179, 181, 181, 182, 181, 180, 183, 183, 184, 184, 183, 185, 184, 186, 186, 185, 187, 187, 188, 189, 188, 189, 189, 191, 190, 190, 191, 192, 193, 193, 191, 193, 194, 194, 195, 195, 196, 196, 197, 198, 197, 198, 199, 199, 200, 200, 200, 200, 202, 203, 202, 202, 202, 203, 204, 204, 205, 205, 205, 206, 206, 206, 206, 207, 208, 208, 208, 208, 209, 211, 211, 211, 211, 211, 212, 212, 214, 213, 214, 215, 215, 215, 215, 216, 217, 217, 217, 217, 218, 219, 219, 220, 219, 220, 221, 221, 221, 222, 222, 223, 223, 223, 223, 225, 226, 225, 226, 225, 226, 227, 227, 228, 228, 228, 230, 229, 230, 230, 231, 232, 232, 232, 231, 232, 234, 234, 234, 234, 235, 236, 236, 237, 236, 236, 239, 238, 238, 237, 238, 241, 240, 240, 240, 241, 242, 243, 243, 242, 243, 245, 244, 244, 244, 245, 247, 247, 247, 246, 247, 248, 249, 250, 249, 249, 251, 251, 252, 251, 252, 254, 253, 255, 254, 254, 256, 255, 257, 256, 257, 257, 257, 259, 259, 259, 260, 259, 261, 262, 262, 262, 262, 263, 263, 263, 263, 263, 265, 265, 265, 266, 266, 267, 268, 268, 269, 268, 270, 269, 269, 270, 271, 272, 272, 272, 272, 273, 273, 274, 274, 275, 275, 276, 277, 277, 277, 277, 279, 278, 279, 280, 280, 281, 281, 282, 282, 281, 283, 283, 284, 284, 284, 285, 284, 287, 287, 285, 287, 287, 288, 288, 288, 290, 289, 290, 291, 290, 291, 291, 292, 291, 291, 293, 292, 293, 294, 293, 295, 296, 296, 297, 297, 297, 298, 299, 300, 299, 300, 299, 300, 301, 301, 302, 302, 303, 303, 304, 303, 304, 305, 305, 305, 305, 306, 307, 308, 307, 308, 308, 309, 309, 309, 311, 311, 311, 312, 311, 312, 313, 314, 315, 314, 315, 315, 315, 317, 316, 317, 317, 316, 319, 318, 319, 318, 317, 320, 320, 320, 321, 321, 324, 324, 323, 324, 324, 326, 325, 325, 326, 326, 329, 328, 327, 328, 329, 332, 331, 330, 330, 331, 335, 334, 333, 332, 333, 336, 337, 336, 335, 335, 338, 338, 338, 338, 337, 341, 341, 340, 339, 339, 342, 343, 343, 342, 342, 345, 345, 345, 345, 344, 347, 347, 347, 347, 347, 349, 349, 350, 349, 347, 351, 351, 352, 351, 351, 353, 353, 353, 354, 353, 355, 355, 356]

################################################################
################### jail_ex_download_list: ######################

[1, 1, 1, 1, 2, 1, 1, 1, 0, 1, 0, 0, 1, 1, 0, 0, 0, 1, 1, 0, 1, 1, 0, 0, 1, 1, 1, 0, 0, 0, 1, 1, 0, 0, 0, 1, 1, 1, 1, 0, 1, 1, 1, 1, 0, 0, 0, 1, 1, 1, 0, 0, 1, 1, 0, 1, 1, 1, 1, 1, 0, 0, 1, 0, 0, 1, 1, 0, 1, 1, 0, 1, 1, 0, 0, 1, 1, 0, 1, 1, 0, 1, 1, 1, 1, 0, 1, 0, 1, 1, 1, 0, 1, 0, 0, 1, 1, 0, 1, 0, 1, 0, 1, 1, 1, 0, 0, 1, 0, 0, 0, 0, 1, 1, 1, 1, 1, 0, 1, 1, 1, 1, 1, 1, 1, 0, 0, 1, 0, 0, 0, 0, 1, 1, 1, 1, 1, 0, 1, 1, 1, 1, 1, 1, 0, 0, 0, 0, 1, 1, 0, 1, 1, 1, 0, 1, 1, 0, 1, 1, 0, 0, 0, 1, 1, 1, 0, 1, 1, 1, 0, 0, 0, 0, 0, 1, 1, 1, 1, 1, 1, 0, 1, 1, 1, 1, 0, 1, 1, 1, 1, 1, 0, 1, 1, 1, 1, 1, 0, 0, 1, 1, 1, 0, 0, 0, 1, 1, 1, 1, 1, 1, 1, 1, 1, 0, 0, 0, 0, 0, 1, 1, 1, 1, 1, 0, 1, 1, 0, 0, 1, 0, 0, 1, 1, 1, 1, 1, 0, 1, 1, 0, 0, 1, 1, 1, 1, 1, 1, 1, 1, 1, 1, 1, 0, 0, 1, 1, 1, 1, 1, 0, 0, 0, 1, 1, 1, 1, 0, 0, 0, 1, 1, 1, 1, 0, 0, 0, 0, 1, 1, 1, 1, 1, 1, 1, 1, 1, 1, 1, 1, 1, 0, 0, 1, 1, 1, 1, 1, 1, 1, 1, 0, 0, 1, 1, 1, 1, 0, 0, 0, 1, 1, 1, 0, 0, 1, 1, 1, 1, 1, 0, 0, 0, 1, 1, 1, 1, 1, 0, 0, 1, 1, 1, 1, 1, 1, 1, 1, 1, 1, 0, 1, 1, 1, 1, 1, 1, 0, 1, 0, 1, 1, 1, 0, 1, 1, 1, 1, 1, 1, 1, 1, 1, 0, 1, 0, 1, 1, 1, 0, 0, 1, 1, 1, 0, 1, 1, 1, 0, 1, 1, 1, 1, 1, 0, 1, 1, 1, 1, 1, 0, 1, 0, 0, 1, 1, 1, 1, 1, 0, 1, 1, 1, 0, 0, 0, 1, 1, 1, 0, 1, 1, 0, 0, 0, 0, 0, 1, 1, 1, 1, 0, 1, 0, 0, 1, 1, 0, 0, 1, 1, 1, 1, 1, 1, 0, 0, 0, 1, 0, 1, 1, 1, 0, 1, 0, 0, 0, 0, 0, 1, 1, 0, 1, 1, 0, 0, 1, 0, 1, 0, 0, 0, 0, 0, 1, 1, 1, 1, 1, 0, 0, 1, 0, 1, 0, 1, 1, 1, 0, 1, 0, 1, 0, 1, 0, 1, 0, 1, 1, 1, 0, 1, 1, 0, 0, 1, 0, 0, 1, 1, 0, 1, 0, 1, 1, 0, 1, 1, 0, 0, 1, 0, 0, 1, 1, 0, 1, 1, 0, 0, 1, 0, 1, 1, 0, 1, 1, 1, 1, 1, 0, 0, 1, 1, 1, 0, 1, 0, 0, 1, 1, 1, 1, 1, 0, 1, 1, 1, 1, 1, 1, 1, 0, 0, 0, 1, 1, 1, 1, 1, 0, 1, 0, 1, 1, 1, 0, 1, 0, 0, 0, 1, 0, 1, 1, 0, 0, 1, 0, 0, 1, 1, 1, 1, 1, 0, 0, 1, 0, 1, 1, 1, 0, 1, 0, 1, 0, 1, 0, 0, 0, 1, 0, 1, 1, 1, 1, 1, 1, 0, 0, 1, 1, 0, 0, 1, 0, 0, 1, 1, 0, 1, 1, 0, 0, 1, 0, 0, 1, 1, 0, 1, 1, 0, 0, 1, 0, 1, 1, 1, 0, 1, 0, 1, 1, 0, 1, 0, 0, 0, 1, 0, 1, 1, 1, 1, 0, 1, 0, 1, 0, 1, 0, 1, 0, 1, 1, 0, 0, 1, 1, 1, 1, 1, 0, 0, 0, 0, 0, 0, 1, 1, 0, 0, 1, 1, 1, 0, 0, 0, 1, 1, 1, 1, 1, 0, 0, 0, 0, 0, 1, 1, 1, 0, 1, 1, 1, 1, 1, 0, 1, 1, 1, 1, 1, 0, 1, 1, 1, 0, 0, 0, 0, 1, 1, 1, 1, 0, 0, 1, 0, 0, 1, 1, 1, 1, 1, 1, 1, 0, 0, 0, 0, 0, 1, 1, 1, 1, 0, 0, 1, 1, 0, 1, 1, 0, 0, 1, 1, 1, 1, 1, 0, 0, 0, 0, 1, 1]

################################################################
################################################################
################### process_jail_download_list: ######################

[7, 7, 6, 7, 8, 7, 7, 7, 6, 7, 7, 7, 7, 7, 6, 6, 6, 7, 7, 6, 7, 7, 7, 7, 7, 7, 7, 7, 7, 7, 7, 7, 6, 6, 6, 7, 7, 7, 7, 7, 7, 7, 7, 7, 6, 7, 7, 7, 7, 7, 6, 6, 7, 7, 6, 7, 7, 6, 7, 7, 6, 6, 7, 6, 6, 7, 7, 6, 7, 7, 6, 6, 7, 6, 6, 7, 7, 6, 7, 7, 6, 6, 7, 7, 7, 6, 7, 6, 7, 7, 7, 6, 7, 6, 7, 6, 7, 6, 7, 6, 7, 6, 6, 7, 7, 6, 6, 7, 6, 6, 6, 6, 7, 7, 7, 7, 7, 6, 7, 7, 8, 8, 7, 7, 7, 7, 7, 6, 6, 6, 6, 6, 7, 7, 7, 7, 7, 6, 6, 7, 7, 7, 7, 7, 6, 6, 6, 6, 6, 7, 6, 6, 7, 7, 6, 8, 8, 7, 7, 7, 7, 6, 6, 7, 7, 7, 6, 7, 7, 7, 6, 6, 6, 6, 6, 6, 7, 6, 7, 7, 7, 7, 7, 7, 7, 7, 6, 7, 7, 7, 7, 7, 6, 7, 7, 7, 7, 7, 7, 7, 7, 7, 7, 6, 6, 6, 7, 7, 7, 7, 7, 7, 7, 7, 7, 6, 6, 6, 6, 6, 7, 7, 7, 7, 7, 6, 7, 7, 6, 6, 6, 6, 6, 7, 7, 7, 7, 7, 6, 6, 6, 6, 6, 6, 7, 7, 6, 6, 7, 7, 7, 7, 7, 6, 6, 6, 7, 7, 8, 8, 8, 7, 7, 6, 7, 7, 7, 7, 6, 6, 7, 7, 7, 7, 7, 6, 6, 6, 6, 6, 6, 7, 7, 6, 7, 7, 6, 7, 7, 6, 6, 7, 6, 6, 7, 7, 6, 7, 7, 7, 7, 7, 6, 6, 7, 7, 7, 7, 6, 7, 7, 7, 7, 7, 6, 6, 7, 7, 7, 7, 7, 6, 6, 6, 7, 7, 7, 7, 6, 6, 6, 7, 7, 7, 7, 7, 7, 7, 7, 7, 7, 6, 6, 7, 7, 6, 7, 7, 6, 7, 6, 7, 7, 7, 6, 7, 7, 7, 7, 7, 6, 7, 7, 7, 6, 7, 6, 6, 6, 6, 6, 6, 7, 7, 7, 6, 6, 6, 6, 6, 7, 7, 7, 7, 6, 6, 7, 6, 7, 7, 7, 6, 7, 6, 6, 7, 6, 7, 7, 7, 6, 7, 7, 7, 6, 7, 6, 6, 7, 7, 6, 7, 7, 6, 6, 6, 6, 6, 6, 6, 7, 6, 6, 7, 6, 6, 6, 6, 6, 6, 6, 7, 7, 7, 7, 7, 6, 6, 6, 7, 6, 7, 7, 7, 6, 7, 6, 6, 6, 6, 6, 7, 7, 6, 7, 6, 6, 6, 7, 6, 7, 6, 6, 6, 6, 6, 7, 7, 6, 7, 6, 6, 6, 7, 6, 7, 6, 7, 6, 7, 6, 7, 6, 7, 6, 6, 6, 7, 6, 6, 7, 7, 6, 7, 7, 6, 6, 7, 6, 6, 6, 6, 6, 6, 6, 7, 7, 6, 7, 7, 6, 6, 7, 6, 6, 7, 7, 6, 7, 7, 6, 6, 6, 6, 7, 7, 6, 7, 7, 7, 7, 7, 7, 6, 7, 7, 7, 6, 6, 6, 6, 7, 6, 7, 6, 7, 6, 7, 6, 7, 7, 7, 6, 7, 6, 6, 6, 7, 6, 7, 6, 6, 6, 7, 6, 7, 7, 7, 6, 7, 6, 6, 6, 7, 6, 7, 7, 6, 6, 6, 6, 6, 7, 7, 7, 7, 7, 6, 6, 7, 6, 7, 7, 7, 6, 7, 7, 7, 6, 7, 6, 6, 6, 7, 6, 6, 7, 7, 6, 6, 7, 6, 6, 7, 7, 6, 6, 6, 6, 6, 7, 7, 6, 7, 7, 6, 6, 7, 6, 6, 7, 7, 6, 7, 6, 6, 6, 7, 6, 7, 6, 6, 6, 6, 6, 7, 7, 6, 7, 6, 6, 6, 6, 6, 6, 7, 6, 7, 6, 7, 6, 7, 6, 6, 7, 7, 6, 7, 7, 6, 6, 7, 7, 7, 7, 7, 6, 6, 6, 6, 6, 6, 7, 7, 7, 7, 7, 7, 7, 6, 6, 6, 7, 7, 7, 7, 7, 6, 6, 6, 6, 6, 7, 7, 6, 6, 7, 7, 7, 7, 7, 6, 7, 7, 7, 6, 7, 6, 7, 7, 7, 6, 6, 6, 7, 7, 6, 7, 7, 6, 6, 7, 6, 6, 7, 7, 7, 7, 7, 7, 7, 6, 6, 6, 7, 6, 7, 6, 6, 7, 6, 6, 7, 7, 6, 7, 7, 6, 6, 7, 7, 7, 7, 6, 6, 6, 6, 6, 7, 6]

################################################################
################################################################
################### process_jail_list: ######################

[6, 6, 5, 6, 6, 6, 6, 6, 6, 6, 7, 7, 6, 6, 6, 6, 6, 6, 6, 6, 6, 6, 7, 7, 6, 6, 6, 7, 7, 7, 6, 6, 6, 6, 6, 6, 6, 6, 6, 7, 6, 6, 6, 6, 6, 7, 7, 6, 6, 6, 6, 6, 6, 6, 6, 6, 6, 5, 6, 6, 6, 6, 6, 6, 6, 6, 6, 6, 6, 6, 6, 5, 6, 6, 6, 6, 6, 6, 6, 6, 6, 5, 6, 6, 6, 6, 6, 6, 6, 6, 6, 6, 6, 6, 7, 5, 6, 6, 6, 6, 6, 6, 5, 6, 6, 6, 6, 6, 6, 6, 6, 6, 6, 6, 6, 6, 6, 6, 6, 6, 7, 7, 6, 6, 6, 7, 7, 5, 6, 6, 6, 6, 6, 6, 6, 6, 6, 6, 5, 6, 6, 6, 6, 6, 6, 6, 6, 6, 5, 6, 6, 5, 6, 6, 6, 7, 7, 7, 6, 6, 7, 6, 6, 6, 6, 6, 6, 6, 6, 6, 6, 6, 6, 6, 6, 5, 6, 5, 6, 6, 6, 7, 6, 6, 6, 6, 6, 6, 6, 6, 6, 6, 6, 6, 6, 6, 6, 6, 7, 7, 6, 6, 6, 6, 6, 6, 6, 6, 6, 6, 6, 6, 6, 6, 6, 6, 6, 6, 6, 6, 6, 6, 6, 6, 6, 6, 6, 6, 6, 6, 5, 6, 6, 6, 6, 6, 6, 6, 6, 5, 5, 6, 6, 5, 6, 6, 5, 5, 6, 6, 6, 6, 6, 5, 6, 6, 6, 6, 7, 7, 7, 7, 7, 6, 6, 6, 6, 6, 6, 6, 7, 6, 6, 6, 6, 6, 6, 6, 6, 5, 5, 6, 6, 5, 6, 6, 5, 6, 6, 5, 5, 6, 6, 6, 6, 6, 5, 6, 6, 6, 6, 6, 6, 6, 6, 6, 6, 6, 6, 7, 7, 6, 6, 6, 6, 6, 6, 6, 6, 6, 6, 6, 6, 6, 6, 6, 6, 6, 5, 6, 6, 6, 6, 6, 6, 6, 6, 6, 6, 6, 6, 6, 5, 6, 6, 5, 6, 6, 6, 6, 6, 6, 6, 6, 6, 6, 6, 6, 6, 6, 5, 6, 6, 6, 6, 6, 6, 5, 5, 5, 6, 6, 6, 6, 6, 6, 5, 5, 5, 6, 6, 6, 6, 6, 5, 6, 6, 5, 6, 6, 6, 6, 6, 6, 6, 6, 5, 6, 6, 6, 6, 6, 6, 6, 6, 7, 6, 5, 6, 6, 6, 6, 6, 6, 6, 6, 6, 6, 5, 5, 6, 5, 6, 6, 6, 6, 5, 5, 6, 6, 5, 6, 6, 6, 6, 6, 6, 6, 6, 6, 6, 6, 6, 6, 6, 6, 6, 6, 6, 6, 6, 6, 6, 6, 6, 5, 6, 6, 6, 6, 6, 6, 6, 6, 6, 6, 6, 6, 5, 6, 5, 6, 6, 6, 6, 6, 6, 6, 5, 6, 6, 6, 6, 6, 6, 5, 6, 6, 6, 5, 6, 6, 6, 6, 6, 6, 6, 6, 6, 6, 5, 5, 6, 5, 6, 6, 6, 6, 6, 6, 6, 6, 6, 6, 6, 6, 6, 6, 6, 6, 6, 6, 5, 6, 6, 6, 6, 6, 6, 6, 6, 6, 7, 6, 6, 6, 6, 6, 5, 6, 6, 6, 5, 6, 5, 6, 6, 6, 5, 6, 6, 6, 5, 6, 6, 6, 6, 6, 5, 6, 5, 5, 6, 6, 6, 6, 6, 6, 6, 6, 6, 6, 6, 6, 6, 6, 6, 6, 6, 5, 6, 6, 6, 6, 6, 6, 6, 6, 6, 6, 6, 6, 6, 6, 6, 6, 7, 6, 6, 6, 6, 6, 6, 6, 6, 5, 6, 6, 5, 5, 6, 6, 6, 6, 6, 6, 6, 5, 6, 6, 6, 6, 6, 6, 6, 6, 6, 6, 6, 6, 6, 6, 6, 6, 5, 6, 6, 6, 6, 6, 5, 5, 6, 5, 6, 6, 6, 6, 6, 6, 6, 6, 5, 6, 5, 6, 5, 6, 6, 6, 6, 6, 6, 5, 7, 6, 6, 6, 6, 6, 6, 6, 6, 6, 6, 6, 6, 6, 6, 6, 6, 6, 6, 6, 7, 7, 6, 6, 6, 6, 6, 6, 6, 6, 6, 6, 6, 6, 6, 6, 6, 6, 6, 6, 5, 6, 6, 6, 6, 6, 6, 6, 6, 6, 6, 5, 6, 6, 6, 6, 6, 6, 6, 6, 7, 6, 5, 6, 6, 6, 6, 6, 6, 6, 6, 6, 6, 6, 6, 6, 6, 6, 6, 6, 7, 6, 6, 5, 5, 6, 6, 6, 6, 6, 6, 6, 6, 6, 6, 6, 6, 6, 6, 5, 6, 6, 6, 6, 6, 5]

################################################################
