Numero total de amostras 770

Tempo total de processamento: 0:14:21

############## TEMPOS DE PROCESSAMENTO DO EXERCICIO NO JAIL  ####################
Soma 4637 segundos
Media 6.022077922077922 segundos
Desvio padr達o 0.4212299173596281 segundos
Minimo 5 segundos
Maximo 7 segundos

95% 5.0 segundos
99% 5.0 segundos

############## TEMPOS DE PROCESSAMENTO DO EXERCICIO NO JAIL COM DOWNLOAD  ################
Soma 5136 segundos
Media 6.67012987012987 segundos
Desvio padr達o 0.5274454326586313 segundos
Minimo 6 segundos
Maximo 8 segundos

95% 6.0 segundos
99% 6.0 segundos

################### TEMPOS DE DOWNLOAD DO EXERCICIO NO JAIL #######################
Soma 499 segundos
Media 0.6480519480519481 segundos
Desvio padr達o 0.48566740519642765 segundos
Minimo 0 segundos
Maximo 2 segundos

95% 0.0 segundos
99% 0.0 segundos

############################ TEMPOS DE ESPERA NA FILA ############################
Soma 77810
Media 101.05194805194805 segundos
Desvio padr達o 56.20810037844319 segundos
Minimo 1 segundos
Maximo 201 segundos

95% 6.0 segundos
99% 6.0 segundos

################### queue_wait_time_list: ######################

[2, 2, 2, 1, 6, 6, 5, 4, 6, 6, 8, 7, 7, 6, 8, 7, 8, 9, 9, 8, 10, 9, 9, 9, 10, 9, 12, 11, 11, 11, 12, 11, 14, 13, 13, 11, 13, 12, 15, 14, 13, 12, 13, 13, 17, 16, 15, 15, 15, 15, 18, 17, 18, 17, 17, 16, 19, 19, 19, 18, 18, 18, 21, 20, 20, 20, 20, 19, 23, 22, 22, 21, 20, 21, 24, 24, 24, 23, 22, 22, 26, 25, 26, 25, 24, 23, 27, 27, 27, 27, 26, 25, 28, 28, 29, 28, 28, 27, 30, 29, 30, 30, 29, 29, 31, 30, 31, 32, 31, 30, 33, 32, 32, 32, 33, 32, 34, 33, 34, 34, 34, 34, 36, 35, 35, 36, 36, 35, 38, 37, 36, 37, 38, 37, 40, 40, 39, 39, 40, 39, 42, 41, 41, 41, 42, 41, 43, 42, 41, 42, 43, 39, 42, 42, 42, 41, 44, 44, 46, 46, 45, 44, 46, 46, 47, 48, 47, 46, 47, 46, 48, 49, 48, 48, 49, 48, 49, 51, 50, 49, 51, 50, 50, 51, 51, 51, 53, 52, 52, 52, 52, 52, 55, 54, 53, 54, 53, 53, 56, 55, 54, 55, 55, 54, 57, 56, 57, 57, 56, 55, 60, 59, 58, 57, 57, 57, 61, 61, 60, 60, 59, 59, 63, 63, 62, 62, 61, 61, 64, 64, 64, 63, 63, 62, 65, 66, 65, 64, 64, 63, 66, 67, 66, 66, 66, 65, 67, 69, 67, 67, 68, 67, 69, 69, 69, 69, 69, 68, 70, 71, 70, 70, 71, 70, 72, 72, 72, 71, 72, 71, 73, 73, 73, 72, 72, 73, 74, 74, 74, 73, 74, 73, 75, 76, 75, 75, 76, 75, 76, 78, 76, 77, 78, 77, 77, 78, 78, 78, 80, 79, 79, 80, 79, 79, 82, 81, 80, 82, 81, 80, 83, 82, 82, 84, 83, 79, 82, 81, 81, 85, 85, 84, 86, 85, 84, 86, 87, 86, 86, 86, 85, 88, 89, 88, 89, 89, 88, 90, 91, 90, 91, 91, 90, 91, 92, 91, 93, 92, 91, 92, 93, 92, 94, 94, 93, 94, 95, 94, 94, 96, 95, 95, 97, 96, 96, 97, 97, 97, 99, 98, 98, 98, 97, 98, 100, 99, 99, 100, 99, 98, 101, 101, 100, 101, 101, 100, 103, 103, 102, 103, 102, 102, 105, 104, 104, 105, 104, 104, 106, 105, 105, 107, 106, 105, 108, 107, 106, 108, 108, 107, 110, 109, 108, 109, 107, 108, 111, 111, 110, 110, 110, 109, 113, 113, 112, 112, 112, 111, 113, 114, 114, 113, 113, 113, 115, 115, 116, 115, 115, 114, 116, 117, 116, 116, 115, 111, 112, 114, 109, 107, 105, 105, 108, 111, 111, 110, 110, 110, 113, 115, 115, 115, 115, 115, 118, 121, 121, 123, 123, 123, 123, 125, 125, 123, 124, 123, 124, 123, 123, 123, 124, 123, 123, 126, 126, 128, 127, 124, 124, 126, 126, 125, 125, 123, 123, 124, 125, 124, 126, 125, 125, 128, 127, 127, 130, 129, 129, 131, 130, 131, 134, 133, 133, 134, 133, 131, 134, 135, 135, 135, 135, 135, 138, 137, 137, 138, 136, 136, 138, 139, 138, 139, 138, 138, 141, 141, 141, 141, 139, 139, 143, 143, 143, 143, 141, 140, 144, 145, 144, 145, 144, 142, 145, 146, 145, 146, 145, 145, 147, 147, 147, 147, 147, 146, 147, 149, 148, 149, 148, 148, 149, 150, 150, 149, 149, 149, 150, 151, 151, 152, 150, 148, 150, 150, 151, 151, 152, 151, 152, 154, 154, 155, 153, 153, 154, 155, 155, 155, 154, 155, 155, 156, 157, 157, 156, 156, 157, 157, 158, 159, 158, 157, 158, 159, 159, 160, 159, 159, 160, 160, 161, 162, 161, 161, 161, 162, 162, 164, 163, 161, 162, 163, 163, 164, 165, 164, 164, 164, 164, 166, 167, 166, 165, 166, 165, 167, 167, 167, 166, 168, 167, 169, 168, 168, 168, 169, 168, 170, 170, 170, 169, 170, 170, 171, 172, 172, 171, 170, 170, 173, 172, 175, 174, 174, 173, 176, 176, 177, 176, 176, 175, 176, 177, 178, 177, 177, 177, 178, 178, 180, 179, 180, 180, 178, 179, 182, 180, 181, 180, 180, 180, 183, 183, 183, 182, 182, 183, 185, 184, 185, 185, 184, 184, 187, 186, 187, 186, 186, 186, 189, 188, 188, 188, 187, 187, 189, 189, 187, 187, 187, 188, 190, 190, 191, 191, 189, 187, 190, 190, 192, 193, 192, 190, 194, 193, 193, 194, 194, 193, 196, 195, 194, 195, 195, 194, 197, 196, 196, 196, 197, 196, 199, 198, 198, 198, 197, 197, 201, 200, 200]

################################################################
################### jail_ex_download_list: ######################

[2, 1, 1, 1, 0, 1, 1, 1, 1, 1, 0, 1, 1, 1, 1, 1, 1, 0, 0, 0, 1, 1, 1, 1, 1, 1, 1, 1, 1, 0, 1, 1, 1, 1, 0, 1, 0, 1, 0, 0, 1, 1, 0, 1, 1, 1, 1, 0, 1, 0, 0, 1, 0, 1, 0, 1, 1, 0, 1, 1, 1, 0, 0, 1, 0, 1, 0, 1, 0, 0, 1, 1, 1, 1, 1, 0, 1, 1, 1, 1, 1, 1, 0, 1, 1, 1, 1, 0, 1, 1, 1, 1, 0, 0, 0, 1, 0, 1, 0, 0, 1, 1, 1, 0, 1, 1, 0, 0, 0, 0, 0, 0, 0, 1, 1, 1, 1, 1, 0, 0, 0, 0, 1, 1, 1, 0, 0, 0, 1, 1, 1, 1, 1, 1, 0, 0, 1, 1, 1, 1, 0, 0, 0, 0, 0, 0, 1, 1, 1, 0, 1, 1, 0, 1, 1, 1, 1, 1, 0, 1, 1, 1, 0, 0, 0, 0, 1, 1, 1, 1, 1, 1, 1, 0, 1, 1, 1, 0, 0, 1, 1, 1, 1, 1, 1, 0, 1, 1, 0, 1, 1, 1, 0, 0, 1, 0, 1, 0, 1, 1, 1, 0, 0, 0, 1, 1, 0, 0, 1, 1, 1, 1, 1, 1, 1, 1, 1, 1, 1, 2, 2, 1, 0, 0, 1, 0, 1, 1, 1, 1, 0, 1, 0, 0, 1, 0, 1, 1, 1, 1, 1, 1, 1, 0, 1, 1, 1, 0, 0, 1, 0, 0, 0, 1, 0, 0, 1, 1, 1, 0, 1, 1, 0, 0, 0, 1, 0, 0, 1, 1, 0, 1, 0, 1, 1, 0, 1, 0, 1, 1, 1, 1, 0, 1, 0, 0, 1, 1, 1, 0, 1, 0, 0, 0, 1, 1, 1, 1, 0, 0, 0, 1, 1, 1, 0, 0, 1, 1, 1, 1, 1, 1, 0, 1, 1, 1, 1, 1, 1, 0, 1, 1, 0, 1, 1, 1, 0, 0, 1, 1, 1, 0, 0, 0, 1, 1, 1, 0, 0, 0, 1, 0, 0, 1, 0, 0, 0, 1, 1, 1, 1, 1, 0, 1, 1, 0, 1, 1, 1, 1, 1, 1, 0, 0, 1, 0, 0, 0, 0, 0, 0, 1, 1, 0, 1, 1, 1, 1, 1, 0, 0, 0, 0, 0, 0, 1, 0, 0, 1, 1, 1, 1, 0, 0, 1, 1, 1, 0, 1, 1, 0, 1, 1, 1, 1, 1, 1, 0, 1, 1, 1, 1, 1, 0, 1, 0, 1, 1, 1, 1, 1, 1, 0, 1, 1, 1, 1, 1, 1, 0, 0, 1, 1, 0, 0, 1, 0, 0, 1, 1, 1, 1, 1, 0, 0, 0, 1, 0, 0, 1, 1, 1, 1, 0, 1, 1, 1, 0, 0, 1, 1, 1, 1, 1, 1, 0, 1, 0, 1, 1, 1, 1, 0, 1, 1, 1, 0, 0, 1, 0, 0, 0, 1, 1, 1, 0, 0, 0, 0, 1, 1, 1, 1, 1, 0, 1, 0, 1, 1, 1, 1, 0, 1, 1, 1, 1, 1, 1, 1, 1, 0, 1, 1, 0, 0, 1, 1, 0, 0, 1, 1, 0, 0, 1, 1, 0, 1, 1, 1, 1, 1, 1, 0, 0, 1, 1, 1, 1, 1, 1, 0, 1, 1, 1, 1, 1, 0, 0, 0, 1, 1, 1, 1, 0, 1, 0, 1, 1, 0, 1, 0, 1, 1, 1, 1, 0, 1, 0, 1, 0, 0, 1, 1, 1, 1, 1, 1, 0, 0, 0, 1, 0, 0, 1, 1, 1, 1, 1, 1, 0, 1, 0, 1, 0, 0, 1, 1, 1, 1, 1, 1, 1, 0, 0, 0, 0, 1, 1, 1, 0, 0, 1, 0, 1, 1, 1, 1, 0, 1, 1, 1, 1, 1, 0, 0, 0, 0, 1, 1, 1, 1, 0, 0, 1, 1, 1, 0, 1, 1, 0, 0, 0, 1, 1, 1, 1, 1, 1, 1, 0, 0, 0, 1, 1, 1, 1, 1, 0, 0, 1, 1, 1, 0, 1, 0, 1, 1, 1, 1, 1, 1, 0, 0, 1, 1, 0, 0, 1, 1, 1, 1, 1, 0, 1, 1, 1, 1, 0, 0, 1, 1, 0, 0, 1, 0, 1, 1, 1, 1, 0, 1, 1, 1, 1, 1, 1, 0, 1, 1, 1, 1, 1, 1, 1, 1, 0, 1, 1, 0, 1, 1, 1, 0, 0, 0, 1, 0, 0, 1, 1, 0, 0, 1, 1, 1, 1, 1, 1, 1, 0, 0, 1, 1, 0, 0, 1, 0, 1, 1, 0, 0, 0, 0, 0, 0, 1, 1, 1, 1, 0, 1, 1, 1, 1, 1, 1, 1, 1, 1, 1]

################################################################
################################################################
################### process_jail_download_list: ######################

[8, 7, 7, 7, 6, 6, 7, 7, 7, 7, 6, 7, 7, 7, 7, 7, 6, 6, 6, 6, 7, 7, 7, 7, 7, 7, 7, 7, 7, 6, 7, 7, 7, 7, 6, 6, 6, 6, 6, 6, 6, 7, 6, 7, 7, 7, 8, 7, 7, 6, 6, 7, 6, 6, 6, 7, 7, 6, 7, 7, 7, 6, 7, 7, 7, 7, 6, 7, 6, 7, 7, 7, 7, 6, 7, 6, 7, 7, 7, 7, 6, 7, 6, 7, 7, 7, 7, 6, 7, 6, 7, 7, 7, 7, 6, 7, 6, 7, 6, 6, 7, 7, 7, 6, 7, 7, 6, 6, 7, 7, 6, 6, 7, 7, 7, 7, 7, 7, 6, 7, 7, 7, 7, 7, 6, 6, 7, 7, 8, 8, 8, 7, 7, 7, 7, 7, 7, 7, 7, 7, 6, 6, 6, 6, 6, 6, 7, 7, 7, 6, 7, 7, 6, 7, 7, 7, 7, 7, 6, 7, 7, 7, 6, 6, 6, 6, 6, 7, 7, 7, 7, 7, 7, 6, 7, 7, 6, 6, 6, 7, 7, 7, 7, 6, 7, 6, 7, 7, 6, 7, 6, 7, 6, 6, 6, 6, 7, 6, 7, 7, 7, 7, 6, 6, 8, 8, 7, 6, 6, 7, 6, 7, 7, 7, 7, 7, 7, 7, 7, 8, 8, 7, 6, 6, 7, 6, 7, 7, 6, 7, 6, 6, 6, 6, 7, 6, 6, 7, 7, 7, 6, 7, 7, 6, 7, 7, 7, 6, 7, 7, 6, 6, 6, 7, 6, 6, 7, 7, 7, 6, 7, 7, 6, 6, 6, 6, 6, 6, 6, 7, 6, 7, 6, 6, 7, 6, 7, 6, 7, 7, 7, 7, 6, 7, 6, 7, 7, 7, 6, 6, 6, 6, 7, 7, 7, 7, 7, 6, 7, 7, 6, 7, 7, 7, 6, 6, 7, 7, 7, 7, 7, 7, 6, 7, 7, 7, 7, 7, 7, 6, 7, 7, 6, 7, 7, 7, 7, 7, 7, 7, 7, 7, 7, 7, 7, 7, 7, 6, 7, 7, 7, 6, 6, 6, 6, 6, 6, 7, 7, 7, 7, 7, 6, 7, 7, 6, 7, 7, 7, 7, 7, 7, 7, 7, 7, 6, 6, 7, 6, 6, 6, 7, 7, 6, 7, 7, 7, 7, 7, 6, 7, 7, 6, 6, 6, 7, 7, 7, 7, 7, 7, 7, 6, 6, 7, 7, 7, 6, 7, 7, 6, 7, 7, 7, 7, 7, 7, 6, 6, 7, 6, 7, 7, 6, 7, 6, 7, 7, 7, 7, 7, 7, 6, 7, 7, 6, 6, 7, 7, 6, 6, 7, 7, 6, 6, 7, 6, 7, 7, 7, 7, 8, 8, 7, 6, 7, 7, 7, 7, 7, 7, 7, 7, 6, 7, 7, 7, 6, 6, 7, 6, 8, 8, 8, 6, 6, 7, 6, 7, 7, 7, 7, 6, 7, 7, 7, 6, 6, 6, 6, 7, 7, 7, 6, 7, 6, 6, 6, 7, 7, 7, 7, 7, 7, 6, 7, 6, 6, 7, 7, 7, 6, 6, 7, 7, 7, 7, 7, 7, 6, 6, 7, 7, 6, 6, 7, 7, 6, 6, 7, 7, 6, 6, 7, 7, 6, 7, 7, 7, 7, 7, 7, 6, 6, 7, 7, 7, 7, 7, 6, 6, 7, 7, 7, 7, 7, 6, 6, 6, 7, 7, 7, 7, 6, 7, 6, 7, 7, 6, 7, 6, 7, 6, 7, 7, 6, 7, 6, 7, 6, 6, 7, 7, 7, 6, 7, 7, 6, 6, 6, 7, 6, 6, 7, 6, 7, 6, 7, 7, 6, 7, 6, 6, 6, 6, 6, 7, 7, 7, 7, 6, 7, 6, 7, 7, 6, 7, 6, 6, 6, 6, 7, 6, 7, 7, 7, 7, 7, 7, 7, 7, 7, 7, 6, 6, 6, 6, 6, 7, 7, 7, 6, 6, 7, 7, 7, 6, 7, 6, 6, 6, 6, 6, 6, 7, 7, 6, 7, 7, 6, 6, 6, 7, 7, 7, 6, 7, 6, 7, 7, 7, 7, 6, 7, 6, 8, 8, 8, 8, 8, 8, 7, 7, 7, 7, 6, 7, 7, 7, 7, 7, 7, 6, 7, 7, 8, 8, 6, 7, 7, 7, 6, 6, 7, 6, 7, 7, 7, 7, 6, 7, 6, 6, 7, 7, 7, 6, 7, 7, 7, 7, 7, 7, 7, 7, 6, 7, 7, 7, 6, 7, 7, 6, 6, 6, 7, 6, 6, 7, 7, 6, 6, 6, 7, 7, 7, 7, 7, 7, 6, 6, 7, 7, 7, 7, 7, 7, 7, 7, 6, 6, 6, 6, 6, 6, 7, 7, 7, 7, 6, 7, 7, 7, 7, 7, 7, 7, 7, 7, 6]

################################################################
################################################################
################### process_jail_list: ######################

[6, 6, 6, 6, 6, 5, 6, 6, 6, 6, 6, 6, 6, 6, 6, 6, 5, 6, 6, 6, 6, 6, 6, 6, 6, 6, 6, 6, 6, 6, 6, 6, 6, 6, 6, 5, 6, 5, 6, 6, 5, 6, 6, 6, 6, 6, 7, 7, 6, 6, 6, 6, 6, 5, 6, 6, 6, 6, 6, 6, 6, 6, 7, 6, 7, 6, 6, 6, 6, 7, 6, 6, 6, 5, 6, 6, 6, 6, 6, 6, 5, 6, 6, 6, 6, 6, 6, 6, 6, 5, 6, 6, 7, 7, 6, 6, 6, 6, 6, 6, 6, 6, 6, 6, 6, 6, 6, 6, 7, 7, 6, 6, 7, 6, 6, 6, 6, 6, 6, 7, 7, 7, 6, 6, 5, 6, 7, 7, 7, 7, 7, 6, 6, 6, 7, 7, 6, 6, 6, 6, 6, 6, 6, 6, 6, 6, 6, 6, 6, 6, 6, 6, 6, 6, 6, 6, 6, 6, 6, 6, 6, 6, 6, 6, 6, 6, 5, 6, 6, 6, 6, 6, 6, 6, 6, 6, 5, 6, 6, 6, 6, 6, 6, 5, 6, 6, 6, 6, 6, 6, 5, 6, 6, 6, 5, 6, 6, 6, 6, 6, 6, 7, 6, 6, 7, 7, 7, 6, 5, 6, 5, 6, 6, 6, 6, 6, 6, 6, 6, 6, 6, 6, 6, 6, 6, 6, 6, 6, 5, 6, 6, 5, 6, 6, 6, 6, 5, 6, 6, 6, 5, 6, 6, 6, 6, 6, 6, 6, 7, 6, 6, 6, 6, 6, 6, 6, 6, 6, 6, 6, 6, 6, 6, 6, 6, 5, 6, 6, 5, 6, 6, 6, 6, 5, 6, 6, 6, 6, 6, 6, 6, 6, 6, 6, 6, 7, 6, 6, 5, 6, 5, 6, 7, 7, 6, 6, 6, 5, 7, 7, 6, 6, 6, 6, 6, 6, 6, 6, 6, 6, 6, 6, 6, 6, 6, 6, 6, 6, 6, 6, 6, 6, 6, 6, 6, 6, 7, 7, 6, 6, 6, 7, 7, 7, 6, 6, 6, 6, 7, 7, 6, 6, 6, 5, 6, 6, 6, 6, 6, 6, 6, 6, 6, 6, 6, 6, 6, 6, 6, 6, 6, 6, 7, 7, 6, 6, 6, 7, 6, 6, 6, 6, 6, 6, 6, 6, 6, 6, 6, 6, 7, 7, 6, 6, 6, 6, 7, 7, 6, 6, 6, 6, 6, 6, 6, 6, 6, 6, 6, 6, 6, 6, 6, 6, 6, 6, 6, 6, 5, 6, 5, 6, 6, 6, 6, 6, 6, 6, 6, 6, 6, 6, 6, 6, 6, 5, 5, 6, 6, 6, 6, 6, 6, 6, 6, 6, 6, 7, 6, 6, 6, 7, 7, 7, 6, 7, 6, 7, 7, 6, 6, 6, 6, 6, 6, 6, 6, 6, 6, 6, 5, 7, 7, 7, 5, 6, 6, 6, 6, 6, 6, 6, 6, 6, 6, 6, 6, 6, 5, 6, 7, 7, 6, 5, 6, 6, 6, 6, 7, 6, 6, 6, 6, 6, 6, 6, 6, 5, 6, 6, 6, 6, 5, 6, 6, 6, 6, 6, 6, 5, 6, 6, 6, 6, 6, 6, 6, 6, 6, 6, 6, 6, 6, 6, 6, 6, 6, 6, 6, 6, 6, 6, 6, 6, 6, 6, 6, 6, 6, 5, 6, 6, 6, 6, 6, 6, 6, 6, 6, 6, 6, 6, 6, 6, 6, 6, 6, 6, 6, 6, 6, 6, 5, 6, 6, 6, 6, 6, 6, 6, 6, 6, 6, 6, 5, 6, 6, 6, 6, 6, 6, 6, 6, 6, 5, 6, 5, 6, 6, 6, 6, 6, 5, 6, 6, 5, 6, 6, 6, 6, 5, 6, 6, 7, 7, 6, 6, 5, 5, 6, 6, 6, 6, 6, 6, 6, 6, 7, 6, 6, 6, 6, 6, 6, 6, 6, 6, 5, 6, 6, 6, 6, 6, 6, 6, 6, 6, 6, 5, 6, 6, 6, 5, 5, 6, 6, 5, 6, 6, 6, 6, 6, 6, 6, 6, 5, 6, 6, 7, 6, 6, 6, 6, 6, 6, 7, 7, 7, 7, 7, 7, 7, 7, 6, 6, 6, 7, 6, 6, 6, 6, 6, 6, 6, 6, 7, 7, 6, 7, 6, 6, 6, 6, 6, 6, 6, 6, 6, 6, 6, 6, 5, 5, 6, 6, 6, 6, 6, 6, 6, 6, 6, 6, 6, 6, 6, 6, 6, 7, 5, 6, 6, 6, 6, 6, 6, 6, 6, 6, 6, 6, 6, 5, 6, 6, 6, 6, 6, 6, 6, 6, 6, 6, 7, 7, 6, 7, 6, 6, 6, 6, 6, 6, 6, 6, 6, 6, 6, 6, 6, 6, 6, 6, 6, 6, 6, 6, 6, 6, 5]

################################################################
