Numero total de amostras 770

Tempo total de processamento: 0:14:28

############## TEMPOS DE PROCESSAMENTO DO EXERCICIO NO JAIL  ####################
Soma 4674 segundos
Media 6.07012987012987 segundos
Desvio padr達o 0.553868317385892 segundos
Minimo 5 segundos
Maximo 8 segundos

95% 5.0 segundos
99% 5.0 segundos

############## TEMPOS DE PROCESSAMENTO DO EXERCICIO NO JAIL COM DOWNLOAD  ################
Soma 5167 segundos
Media 6.71038961038961 segundos
Desvio padr達o 0.6609879295485955 segundos
Minimo 6 segundos
Maximo 10 segundos

95% 6.0 segundos
99% 6.0 segundos

################### TEMPOS DE DOWNLOAD DO EXERCICIO NO JAIL #######################
Soma 493 segundos
Media 0.6402597402597403 segundos
Desvio padr達o 0.5062620183623261 segundos
Minimo 0 segundos
Maximo 2 segundos

95% 0.0 segundos
99% 0.0 segundos

############################ TEMPOS DE ESPERA NA FILA ############################
Soma 84699
Media 109.99870129870129 segundos
Desvio padr達o 57.57916062754923 segundos
Minimo 1 segundos
Maximo 207 segundos

95% 7.305499999999999 segundos
99% 7.613099999999999 segundos

################### queue_wait_time_list: ######################

[1, 1, 1, 8, 7, 6, 7, 6, 5, 10, 10, 9, 10, 9, 8, 11, 10, 9, 12, 12, 11, 12, 11, 11, 14, 14, 13, 14, 14, 12, 15, 15, 14, 16, 16, 15, 17, 16, 15, 17, 17, 16, 18, 17, 16, 18, 19, 17, 19, 19, 18, 19, 21, 20, 21, 20, 19, 21, 23, 22, 22, 22, 21, 22, 23, 23, 23, 24, 23, 24, 25, 24, 26, 26, 25, 25, 26, 26, 26, 27, 27, 27, 27, 27, 27, 29, 28, 28, 29, 29, 29, 30, 29, 27, 29, 28, 29, 33, 32, 31, 33, 32, 31, 35, 34, 33, 33, 32, 34, 36, 35, 35, 35, 34, 35, 38, 38, 36, 36, 36, 36, 39, 40, 40, 39, 38, 37, 41, 41, 41, 41, 40, 39, 43, 43, 41, 42, 42, 41, 44, 45, 44, 44, 43, 43, 46, 47, 46, 45, 45, 44, 49, 51, 50, 50, 49, 48, 52, 53, 54, 54, 54, 53, 53, 55, 57, 57, 58, 57, 56, 58, 59, 60, 60, 60, 60, 60, 62, 62, 64, 63, 63, 63, 65, 64, 67, 67, 66, 65, 66, 66, 68, 68, 67, 66, 67, 66, 68, 68, 69, 68, 69, 68, 69, 70, 69, 69, 70, 70, 71, 71, 70, 71, 71, 70, 72, 73, 72, 71, 73, 73, 74, 74, 73, 72, 73, 73, 75, 76, 75, 74, 75, 74, 75, 77, 76, 76, 76, 75, 77, 79, 78, 77, 78, 77, 78, 80, 79, 79, 79, 79, 80, 81, 80, 80, 80, 80, 81, 83, 82, 81, 81, 81, 83, 84, 84, 83, 82, 82, 83, 86, 85, 85, 84, 83, 84, 87, 87, 87, 86, 84, 84, 87, 86, 87, 86, 87, 87, 90, 90, 91, 90, 89, 88, 91, 91, 92, 91, 90, 90, 93, 92, 93, 92, 92, 92, 94, 94, 94, 94, 94, 93, 95, 95, 96, 96, 96, 95, 97, 97, 97, 97, 97, 96, 98, 99, 99, 99, 99, 98, 99, 99, 99, 100, 101, 100, 100, 101, 101, 101, 103, 102, 102, 103, 103, 102, 104, 104, 104, 104, 104, 104, 105, 105, 105, 105, 106, 106, 107, 106, 107, 107, 107, 107, 108, 107, 107, 109, 109, 109, 110, 109, 109, 109, 110, 110, 111, 109, 109, 111, 111, 112, 113, 112, 111, 113, 114, 113, 115, 114, 113, 114, 114, 112, 115, 115, 115, 115, 116, 115, 117, 117, 116, 117, 117, 117, 118, 118, 117, 118, 118, 118, 119, 118, 118, 117, 118, 117, 118, 118, 119, 119, 120, 120, 121, 121, 120, 121, 122, 122, 123, 124, 123, 123, 122, 123, 125, 126, 125, 125, 125, 125, 127, 128, 127, 126, 125, 127, 127, 129, 129, 127, 128, 128, 129, 129, 130, 129, 128, 130, 131, 132, 131, 131, 130, 130, 132, 133, 133, 132, 131, 130, 133, 135, 134, 134, 132, 132, 134, 135, 136, 136, 135, 134, 135, 137, 137, 138, 137, 136, 137, 138, 138, 139, 138, 137, 138, 140, 139, 141, 140, 139, 140, 142, 141, 141, 141, 141, 140, 144, 143, 141, 142, 141, 142, 145, 144, 144, 144, 143, 143, 146, 146, 145, 145, 144, 144, 147, 148, 147, 147, 146, 146, 149, 148, 148, 149, 148, 148, 150, 151, 150, 151, 150, 150, 152, 152, 152, 153, 152, 151, 152, 151, 152, 154, 154, 153, 155, 154, 155, 155, 155, 154, 155, 157, 156, 157, 157, 156, 157, 158, 158, 158, 159, 158, 159, 160, 159, 159, 160, 159, 159, 159, 159, 160, 162, 161, 161, 161, 162, 163, 164, 163, 163, 163, 163, 163, 165, 165, 164, 165, 164, 165, 167, 166, 165, 167, 166, 167, 168, 168, 167, 168, 168, 168, 170, 169, 169, 170, 170, 170, 171, 171, 170, 171, 172, 172, 173, 173, 172, 172, 172, 174, 175, 175, 174, 174, 174, 174, 175, 177, 176, 175, 175, 175, 178, 178, 177, 177, 177, 177, 178, 180, 179, 179, 178, 179, 180, 181, 181, 180, 180, 180, 180, 182, 182, 182, 182, 182, 182, 184, 184, 183, 183, 183, 184, 186, 185, 184, 184, 184, 185, 187, 188, 187, 186, 185, 186, 189, 189, 188, 188, 187, 187, 189, 189, 190, 189, 188, 189, 190, 191, 190, 191, 190, 190, 191, 192, 193, 193, 192, 191, 193, 193, 193, 194, 193, 193, 194, 192, 194, 195, 196, 195, 195, 196, 196, 196, 196, 196, 197, 198, 198, 198, 198, 197, 198, 199, 200, 200, 200, 199, 198, 200, 201, 202, 202, 201, 200, 201, 203, 203, 202, 201, 201, 203, 203, 205, 205, 205, 204, 204, 204, 205, 207, 206, 205, 206, 206, 206]

################################################################
################### jail_ex_download_list: ######################

[1, 2, 2, 1, 1, 1, 2, 1, 1, 1, 0, 0, 1, 1, 1, 1, 0, 0, 1, 0, 0, 1, 1, 1, 1, 0, 1, 1, 1, 1, 1, 1, 1, 0, 0, 0, 0, 0, 1, 0, 1, 1, 0, 1, 1, 1, 1, 1, 1, 0, 0, 0, 1, 1, 0, 1, 1, 0, 0, 0, 1, 1, 1, 1, 1, 1, 1, 1, 1, 0, 0, 1, 0, 1, 1, 1, 1, 0, 0, 0, 0, 0, 1, 1, 1, 0, 0, 1, 0, 0, 0, 1, 1, 1, 1, 1, 1, 0, 0, 0, 0, 1, 1, 1, 1, 1, 1, 1, 0, 1, 1, 1, 1, 1, 1, 1, 1, 1, 1, 1, 1, 1, 1, 0, 1, 1, 1, 0, 1, 1, 1, 1, 1, 0, 0, 1, 1, 1, 1, 1, 0, 0, 0, 0, 1, 0, 1, 1, 2, 1, 2, 1, 1, 1, 2, 2, 2, 0, 1, 0, 1, 1, 1, 2, 1, 0, 1, 0, 0, 1, 0, 0, 1, 1, 0, 1, 1, 0, 1, 0, 2, 1, 1, 0, 1, 0, 0, 0, 1, 1, 0, 0, 1, 1, 1, 1, 1, 1, 1, 0, 0, 0, 1, 1, 0, 1, 1, 1, 0, 0, 1, 1, 0, 1, 1, 1, 0, 0, 1, 0, 0, 0, 1, 1, 0, 1, 1, 0, 0, 0, 1, 0, 1, 1, 1, 1, 0, 1, 0, 0, 0, 0, 1, 0, 1, 1, 1, 1, 0, 1, 0, 0, 1, 1, 1, 1, 1, 1, 0, 1, 1, 0, 0, 0, 1, 1, 1, 1, 1, 0, 0, 1, 0, 0, 1, 1, 1, 1, 0, 0, 1, 1, 0, 1, 1, 1, 0, 1, 0, 0, 1, 1, 1, 1, 1, 1, 0, 1, 1, 1, 0, 1, 1, 1, 1, 1, 0, 0, 1, 1, 0, 0, 1, 1, 0, 0, 0, 0, 0, 0, 1, 1, 1, 1, 0, 0, 0, 0, 1, 1, 0, 1, 1, 0, 0, 1, 1, 0, 0, 1, 1, 1, 1, 0, 0, 1, 1, 0, 0, 1, 1, 1, 1, 1, 1, 1, 0, 0, 0, 0, 0, 0, 1, 1, 1, 1, 1, 0, 0, 0, 0, 0, 0, 1, 1, 1, 1, 1, 1, 0, 0, 1, 1, 1, 1, 0, 0, 1, 1, 1, 1, 0, 0, 0, 0, 0, 1, 1, 0, 1, 1, 1, 1, 0, 0, 0, 1, 0, 1, 0, 1, 1, 0, 0, 1, 1, 0, 0, 1, 1, 0, 0, 0, 1, 0, 0, 1, 1, 1, 1, 1, 1, 1, 1, 1, 1, 0, 1, 1, 0, 1, 1, 0, 1, 1, 1, 1, 0, 0, 0, 1, 1, 1, 1, 1, 1, 1, 1, 1, 0, 0, 0, 1, 0, 0, 1, 1, 1, 1, 1, 1, 1, 0, 1, 1, 1, 1, 0, 1, 1, 0, 0, 0, 1, 1, 0, 0, 0, 0, 0, 0, 1, 1, 0, 1, 1, 1, 1, 1, 0, 1, 1, 0, 1, 1, 1, 0, 0, 1, 0, 0, 1, 1, 1, 0, 1, 1, 0, 1, 1, 1, 0, 1, 1, 1, 1, 1, 1, 0, 0, 1, 1, 1, 0, 1, 1, 1, 0, 1, 1, 1, 1, 0, 0, 0, 0, 1, 1, 0, 0, 1, 1, 1, 0, 0, 0, 1, 1, 1, 0, 1, 1, 1, 1, 0, 1, 0, 1, 1, 0, 1, 0, 1, 0, 0, 0, 0, 1, 1, 1, 1, 1, 1, 1, 0, 0, 1, 1, 1, 1, 0, 0, 1, 0, 1, 1, 1, 1, 0, 1, 0, 1, 0, 1, 1, 1, 0, 1, 0, 1, 1, 1, 1, 1, 1, 0, 1, 1, 1, 0, 0, 1, 1, 1, 1, 0, 0, 1, 1, 1, 1, 1, 0, 0, 0, 0, 0, 0, 0, 1, 0, 0, 1, 1, 1, 0, 1, 1, 1, 0, 1, 1, 1, 1, 0, 1, 0, 1, 1, 1, 1, 1, 1, 0, 0, 1, 1, 1, 0, 0, 1, 1, 1, 1, 1, 1, 0, 0, 0, 1, 0, 1, 1, 0, 1, 1, 1, 1, 0, 1, 1, 0, 0, 1, 1, 1, 1, 1, 1, 0, 1, 0, 1, 1, 1, 1, 1, 1, 0, 0, 0, 1, 0, 1, 1, 1, 1, 0, 1, 1, 0, 1, 0, 0, 1, 1, 1, 1, 1, 1, 0, 0, 0, 0, 1, 1, 1, 1, 0, 0, 1, 1, 1, 1, 1, 0, 1, 1, 1, 1, 0, 1, 0, 1, 1, 0, 1, 0, 1, 0, 0, 1, 1, 0, 0, 1, 1, 0, 0, 0]

################################################################
################################################################
################### process_jail_download_list: ######################

[8, 8, 8, 7, 8, 8, 8, 8, 8, 7, 7, 7, 8, 8, 8, 6, 6, 6, 7, 6, 7, 7, 7, 7, 7, 6, 6, 7, 7, 7, 7, 7, 7, 6, 6, 6, 6, 6, 6, 6, 7, 7, 6, 7, 7, 7, 7, 7, 7, 6, 6, 7, 7, 7, 6, 7, 7, 6, 6, 7, 7, 7, 7, 7, 7, 6, 7, 7, 7, 6, 6, 7, 6, 7, 7, 7, 6, 6, 6, 7, 7, 6, 7, 7, 7, 6, 6, 6, 7, 6, 6, 7, 8, 8, 7, 7, 6, 7, 7, 7, 6, 6, 8, 7, 7, 7, 7, 7, 6, 6, 7, 7, 6, 7, 7, 7, 7, 8, 8, 7, 6, 7, 7, 6, 7, 7, 7, 7, 7, 7, 7, 7, 7, 6, 7, 7, 7, 7, 7, 7, 7, 7, 6, 7, 7, 8, 9, 9, 10, 9, 9, 8, 7, 9, 10, 9, 10, 7, 8, 8, 8, 9, 9, 8, 8, 8, 8, 7, 8, 9, 7, 8, 7, 9, 8, 8, 8, 8, 8, 8, 9, 8, 7, 6, 7, 6, 6, 6, 6, 6, 6, 6, 6, 7, 7, 7, 6, 6, 7, 6, 6, 6, 7, 7, 6, 6, 7, 6, 6, 6, 7, 7, 6, 7, 7, 7, 6, 6, 7, 6, 6, 6, 7, 7, 6, 7, 6, 6, 6, 6, 7, 6, 7, 7, 7, 7, 6, 7, 6, 6, 6, 6, 7, 6, 7, 7, 7, 7, 6, 6, 6, 6, 7, 7, 7, 7, 7, 6, 6, 7, 7, 6, 6, 6, 7, 6, 7, 7, 6, 6, 6, 7, 7, 7, 7, 6, 7, 6, 6, 6, 7, 7, 7, 8, 8, 8, 7, 6, 6, 6, 7, 7, 7, 7, 7, 6, 6, 6, 7, 7, 6, 7, 6, 7, 7, 7, 6, 6, 7, 7, 7, 6, 7, 7, 6, 6, 6, 6, 7, 7, 7, 7, 7, 7, 6, 6, 6, 6, 7, 7, 6, 7, 7, 7, 7, 7, 7, 7, 7, 6, 6, 7, 7, 6, 6, 7, 7, 6, 6, 6, 7, 7, 7, 7, 7, 7, 6, 6, 6, 6, 6, 7, 7, 7, 7, 7, 7, 6, 6, 6, 6, 6, 6, 7, 7, 7, 7, 7, 6, 7, 7, 6, 7, 7, 7, 6, 6, 7, 7, 7, 7, 6, 7, 6, 6, 6, 6, 7, 6, 7, 6, 7, 7, 6, 6, 6, 7, 6, 6, 6, 7, 7, 6, 6, 7, 6, 6, 6, 7, 7, 6, 6, 6, 6, 6, 7, 7, 7, 7, 7, 7, 7, 7, 7, 7, 7, 7, 7, 7, 6, 6, 7, 6, 7, 7, 7, 7, 6, 6, 6, 7, 7, 6, 7, 7, 7, 6, 7, 7, 6, 6, 6, 7, 6, 6, 6, 7, 7, 6, 7, 7, 7, 6, 6, 7, 7, 7, 6, 6, 7, 6, 7, 7, 7, 7, 6, 6, 6, 6, 6, 6, 7, 7, 7, 7, 7, 7, 7, 7, 6, 7, 7, 6, 7, 7, 6, 6, 6, 7, 6, 6, 7, 7, 7, 6, 7, 7, 6, 6, 6, 6, 6, 7, 7, 7, 7, 7, 7, 6, 6, 7, 7, 7, 6, 7, 7, 7, 7, 7, 7, 7, 7, 7, 7, 6, 6, 6, 7, 7, 7, 7, 7, 7, 7, 7, 6, 7, 6, 7, 6, 7, 7, 7, 7, 6, 7, 6, 7, 7, 6, 7, 6, 6, 6, 6, 6, 6, 6, 7, 7, 7, 7, 6, 7, 7, 7, 7, 7, 7, 7, 6, 6, 7, 6, 7, 6, 7, 7, 6, 6, 7, 7, 7, 7, 7, 7, 6, 7, 6, 7, 7, 7, 7, 7, 7, 6, 7, 7, 6, 7, 7, 7, 7, 7, 7, 6, 7, 7, 7, 7, 7, 7, 6, 6, 7, 7, 6, 6, 6, 7, 6, 6, 7, 7, 7, 6, 7, 7, 7, 6, 7, 7, 7, 7, 6, 7, 6, 7, 7, 7, 7, 7, 7, 6, 6, 7, 7, 6, 6, 6, 7, 7, 7, 7, 7, 6, 6, 7, 7, 7, 6, 7, 7, 6, 6, 7, 7, 6, 6, 6, 7, 6, 6, 7, 6, 7, 6, 7, 7, 6, 6, 6, 7, 7, 7, 6, 7, 6, 6, 6, 6, 7, 6, 6, 7, 7, 8, 7, 6, 7, 6, 6, 6, 6, 7, 7, 7, 7, 7, 7, 6, 6, 7, 7, 7, 7, 6, 6, 6, 7, 7, 7, 7, 7, 7, 6, 7, 7, 7, 7, 6, 7, 6, 7, 7, 6, 6, 6, 7, 6, 6, 7, 7, 6, 6, 7, 7, 6, 6, 6]

################################################################
################################################################
################### process_jail_list: ######################

[7, 6, 6, 6, 7, 7, 6, 7, 7, 6, 7, 7, 7, 7, 7, 5, 6, 6, 6, 6, 7, 6, 6, 6, 6, 6, 5, 6, 6, 6, 6, 6, 6, 6, 6, 6, 6, 6, 5, 6, 6, 6, 6, 6, 6, 6, 6, 6, 6, 6, 6, 7, 6, 6, 6, 6, 6, 6, 6, 7, 6, 6, 6, 6, 6, 5, 6, 6, 6, 6, 6, 6, 6, 6, 6, 6, 5, 6, 6, 7, 7, 6, 6, 6, 6, 6, 6, 5, 7, 6, 6, 6, 7, 7, 6, 6, 5, 7, 7, 7, 6, 5, 7, 6, 6, 6, 6, 6, 6, 5, 6, 6, 5, 6, 6, 6, 6, 7, 7, 6, 5, 6, 6, 6, 6, 6, 6, 7, 6, 6, 6, 6, 6, 6, 7, 6, 6, 6, 6, 6, 7, 7, 6, 7, 6, 8, 8, 8, 8, 8, 7, 7, 6, 8, 8, 7, 8, 7, 7, 8, 7, 8, 8, 6, 7, 8, 7, 7, 8, 8, 7, 8, 6, 8, 8, 7, 7, 8, 7, 8, 7, 7, 6, 6, 6, 6, 6, 6, 5, 5, 6, 6, 5, 6, 6, 6, 5, 5, 6, 6, 6, 6, 6, 6, 6, 5, 6, 5, 6, 6, 6, 6, 6, 6, 6, 6, 6, 6, 6, 6, 6, 6, 6, 6, 6, 6, 5, 6, 6, 6, 6, 6, 6, 6, 6, 6, 6, 6, 6, 6, 6, 6, 6, 6, 6, 6, 6, 6, 6, 5, 6, 6, 6, 6, 6, 6, 6, 5, 6, 6, 6, 6, 6, 6, 6, 5, 6, 6, 5, 6, 6, 6, 7, 7, 6, 5, 6, 5, 6, 6, 6, 6, 7, 7, 7, 7, 7, 5, 6, 6, 6, 6, 6, 6, 6, 5, 6, 5, 6, 6, 6, 6, 5, 6, 6, 6, 6, 6, 6, 6, 7, 6, 6, 6, 6, 6, 6, 6, 7, 7, 6, 6, 6, 6, 6, 6, 6, 6, 6, 6, 6, 6, 6, 7, 7, 6, 6, 7, 7, 5, 5, 6, 6, 6, 6, 6, 6, 6, 6, 5, 6, 6, 6, 6, 6, 6, 6, 6, 6, 6, 6, 7, 6, 6, 6, 6, 6, 6, 6, 6, 6, 6, 6, 6, 6, 6, 6, 6, 5, 7, 7, 5, 6, 6, 6, 6, 6, 6, 6, 6, 6, 6, 7, 6, 6, 6, 5, 6, 6, 6, 5, 6, 6, 6, 6, 6, 6, 6, 5, 6, 6, 6, 6, 6, 6, 5, 6, 6, 6, 6, 6, 6, 6, 5, 6, 7, 6, 6, 6, 6, 6, 6, 6, 6, 6, 6, 7, 6, 6, 6, 5, 6, 6, 6, 6, 6, 6, 6, 6, 6, 6, 6, 5, 6, 6, 6, 5, 6, 6, 6, 6, 6, 6, 6, 6, 5, 6, 6, 5, 6, 6, 6, 6, 5, 6, 6, 6, 6, 5, 6, 6, 7, 7, 6, 6, 6, 6, 6, 6, 6, 6, 6, 6, 7, 6, 6, 6, 6, 6, 6, 6, 6, 6, 6, 6, 5, 6, 6, 6, 6, 6, 6, 6, 6, 6, 6, 6, 6, 5, 5, 5, 6, 6, 6, 6, 6, 6, 6, 6, 6, 6, 6, 6, 6, 6, 6, 6, 7, 6, 6, 6, 6, 7, 7, 6, 6, 5, 6, 7, 7, 6, 6, 6, 7, 7, 6, 6, 5, 6, 6, 6, 6, 6, 6, 6, 6, 6, 6, 6, 6, 6, 6, 5, 6, 6, 6, 6, 5, 6, 6, 6, 6, 5, 6, 7, 7, 6, 6, 6, 6, 6, 6, 6, 6, 6, 5, 6, 6, 6, 5, 7, 6, 7, 6, 6, 6, 6, 6, 6, 6, 6, 6, 6, 6, 6, 6, 6, 6, 5, 7, 7, 6, 6, 6, 6, 6, 7, 6, 6, 6, 6, 6, 6, 6, 7, 7, 6, 6, 6, 6, 6, 6, 6, 6, 6, 6, 6, 6, 6, 6, 6, 6, 6, 6, 6, 6, 6, 6, 6, 6, 6, 6, 6, 6, 6, 6, 6, 5, 6, 6, 6, 6, 6, 6, 6, 5, 6, 7, 7, 6, 6, 6, 6, 6, 5, 6, 6, 5, 6, 5, 6, 6, 6, 6, 5, 6, 5, 6, 6, 6, 5, 6, 6, 6, 6, 5, 6, 5, 6, 6, 6, 6, 6, 5, 6, 6, 7, 7, 5, 6, 6, 5, 6, 6, 6, 6, 6, 6, 6, 6, 6, 6, 7, 7, 6, 6, 5, 5, 6, 7, 6, 6, 6, 6, 6, 6, 6, 6, 6, 6, 6, 6, 6, 6, 6, 6, 5, 6, 6, 6, 6, 6, 6, 6, 6, 6, 6, 6, 6, 6]

################################################################
