Numero total de amostras 770

Tempo total de processamento: 0:12:07

############## TEMPOS DE PROCESSAMENTO DO EXERCICIO NO JAIL  ####################
Soma 4556 segundos
Media 5.916883116883117 segundos
Desvio padr達o 0.47356141619621583 segundos
Minimo 5 segundos
Maximo 7 segundos

95% 5.0 segundos
99% 5.0 segundos

############## TEMPOS DE PROCESSAMENTO DO EXERCICIO NO JAIL COM DOWNLOAD  ################
Soma 5081 segundos
Media 6.5987012987012985 segundos
Desvio padr達o 0.6595932446893856 segundos
Minimo 6 segundos
Maximo 11 segundos

95% 6.0 segundos
99% 6.0 segundos

################### TEMPOS DE DOWNLOAD DO EXERCICIO NO JAIL #######################
Soma 525 segundos
Media 0.6818181818181818 segundos
Desvio padr達o 0.5641283985574843 segundos
Minimo 0 segundos
Maximo 4 segundos

95% 0.0 segundos
99% 0.0 segundos

############################ TEMPOS DE ESPERA NA FILA ############################
Soma 29947
Media 38.89220779220779 segundos
Desvio padr達o 17.390624927971793 segundos
Minimo 2 segundos
Maximo 72 segundos

95% 7.0 segundos
99% 7.0 segundos

################### queue_wait_time_list: ######################

[7, 6, 5, 4, 2, 2, 2, 11, 10, 8, 8, 7, 7, 6, 11, 11, 10, 10, 9, 8, 7, 11, 11, 10, 10, 9, 9, 8, 11, 11, 11, 11, 10, 9, 7, 11, 11, 10, 12, 11, 10, 9, 12, 12, 12, 12, 12, 11, 10, 13, 13, 12, 12, 13, 13, 12, 14, 13, 12, 13, 14, 14, 13, 14, 14, 13, 13, 15, 15, 14, 15, 14, 13, 14, 15, 15, 14, 14, 13, 12, 14, 15, 16, 15, 15, 14, 13, 14, 16, 17, 16, 15, 16, 15, 15, 16, 18, 17, 16, 17, 16, 15, 16, 18, 18, 17, 17, 16, 16, 17, 19, 18, 18, 18, 17, 16, 17, 19, 19, 18, 18, 17, 17, 17, 20, 19, 19, 19, 18, 17, 18, 20, 20, 20, 18, 19, 18, 18, 20, 21, 20, 20, 19, 18, 19, 21, 21, 21, 20, 20, 19, 18, 21, 22, 22, 21, 20, 19, 19, 21, 23, 23, 22, 22, 21, 19, 22, 24, 23, 24, 23, 22, 21, 22, 23, 22, 24, 22, 22, 21, 23, 24, 24, 24, 23, 23, 22, 23, 24, 24, 25, 22, 21, 20, 20, 22, 22, 23, 23, 24, 23, 24, 25, 25, 26, 25, 25, 24, 24, 25, 24, 27, 26, 26, 25, 25, 25, 25, 28, 26, 27, 26, 25, 25, 25, 28, 27, 28, 27, 26, 26, 27, 30, 29, 28, 28, 27, 26, 27, 31, 30, 29, 28, 28, 27, 28, 33, 32, 31, 30, 30, 29, 28, 33, 33, 32, 32, 31, 30, 29, 33, 33, 33, 33, 32, 31, 31, 32, 33, 33, 32, 33, 32, 32, 34, 34, 33, 33, 34, 35, 34, 34, 34, 34, 33, 34, 34, 34, 35, 34, 34, 34, 35, 35, 35, 35, 35, 33, 34, 35, 35, 35, 34, 35, 34, 34, 35, 35, 35, 36, 35, 35, 34, 36, 36, 35, 37, 36, 35, 34, 36, 36, 36, 37, 35, 36, 35, 37, 36, 36, 37, 37, 36, 36, 37, 37, 37, 38, 37, 36, 36, 37, 37, 37, 38, 37, 37, 36, 37, 37, 37, 38, 34, 35, 36, 38, 38, 38, 38, 38, 38, 37, 38, 39, 38, 39, 38, 38, 36, 37, 38, 38, 38, 38, 38, 38, 39, 39, 39, 40, 39, 39, 38, 39, 39, 39, 41, 40, 40, 39, 40, 39, 40, 39, 39, 40, 39, 40, 40, 39, 42, 41, 41, 41, 41, 41, 40, 43, 42, 41, 41, 41, 40, 40, 44, 43, 42, 41, 42, 41, 41, 44, 44, 43, 42, 42, 42, 41, 45, 45, 44, 43, 43, 44, 43, 45, 45, 45, 44, 44, 44, 43, 45, 46, 45, 43, 44, 44, 44, 46, 46, 46, 45, 44, 44, 43, 46, 46, 46, 45, 45, 44, 44, 45, 47, 46, 46, 45, 45, 45, 47, 47, 46, 46, 45, 45, 44, 47, 48, 46, 46, 45, 46, 46, 48, 48, 48, 47, 46, 47, 46, 48, 48, 48, 47, 47, 47, 46, 48, 49, 49, 48, 48, 47, 46, 49, 49, 50, 49, 48, 47, 45, 48, 49, 49, 50, 49, 50, 48, 50, 50, 51, 50, 50, 49, 49, 50, 50, 51, 51, 50, 51, 48, 49, 50, 51, 51, 51, 51, 50, 51, 51, 52, 51, 52, 51, 51, 51, 51, 52, 52, 51, 52, 51, 51, 51, 52, 52, 52, 52, 51, 51, 51, 53, 53, 53, 52, 52, 52, 52, 53, 53, 53, 52, 52, 52, 52, 52, 53, 53, 54, 53, 52, 52, 54, 54, 53, 54, 52, 53, 53, 54, 54, 54, 54, 54, 53, 53, 54, 54, 54, 54, 55, 54, 53, 55, 54, 54, 54, 54, 55, 54, 55, 55, 54, 55, 55, 55, 54, 55, 55, 55, 56, 56, 56, 55, 56, 55, 55, 55, 56, 57, 56, 56, 57, 57, 56, 57, 58, 57, 55, 58, 57, 57, 57, 58, 56, 57, 58, 57, 58, 58, 59, 58, 57, 58, 58, 58, 57, 59, 59, 58, 60, 59, 58, 59, 61, 59, 59, 60, 59, 59, 59, 62, 61, 60, 60, 60, 59, 60, 62, 61, 60, 63, 61, 60, 59, 58, 58, 58, 61, 61, 61, 61, 62, 62, 61, 63, 62, 63, 63, 63, 64, 63, 65, 64, 65, 64, 63, 64, 63, 66, 65, 65, 64, 63, 65, 64, 67, 66, 66, 64, 64, 66, 65, 68, 67, 67, 67, 66, 67, 66, 67, 67, 67, 67, 67, 67, 66, 70, 69, 69, 69, 68, 68, 67, 71, 71, 70, 70, 69, 69, 68, 72, 71, 71, 71, 70, 69, 69, 72, 71, 71, 72, 71, 70, 69, 72, 72, 72]

################################################################
################### jail_ex_download_list: ######################

[3, 4, 3, 3, 4, 4, 3, 1, 1, 2, 1, 1, 1, 1, 0, 0, 1, 0, 0, 1, 1, 0, 1, 1, 1, 1, 0, 0, 0, 0, 1, 1, 1, 1, 1, 1, 0, 1, 0, 1, 1, 1, 0, 1, 1, 1, 1, 1, 1, 1, 0, 1, 1, 1, 0, 0, 0, 1, 1, 0, 1, 0, 0, 1, 0, 1, 1, 0, 0, 0, 0, 0, 1, 0, 1, 1, 1, 1, 1, 1, 0, 1, 1, 1, 1, 1, 1, 1, 0, 0, 0, 1, 1, 1, 1, 1, 0, 0, 0, 1, 1, 1, 1, 1, 0, 0, 1, 1, 0, 0, 0, 1, 1, 0, 0, 1, 1, 1, 0, 1, 1, 1, 0, 1, 0, 1, 1, 1, 1, 1, 0, 0, 0, 0, 1, 0, 1, 1, 1, 1, 1, 0, 1, 1, 0, 0, 1, 1, 1, 0, 1, 1, 1, 1, 1, 1, 1, 1, 1, 1, 1, 0, 2, 1, 0, 1, 1, 0, 1, 0, 0, 1, 1, 1, 1, 1, 1, 1, 1, 1, 0, 1, 0, 1, 1, 1, 1, 0, 1, 0, 1, 1, 1, 1, 1, 0, 1, 0, 0, 0, 0, 0, 1, 1, 1, 1, 1, 1, 1, 0, 1, 1, 1, 1, 1, 0, 1, 1, 0, 0, 0, 0, 1, 1, 1, 0, 0, 0, 1, 1, 1, 0, 1, 1, 1, 0, 1, 1, 1, 2, 2, 2, 2, 1, 1, 0, 0, 0, 2, 2, 1, 1, 1, 0, 0, 1, 1, 1, 1, 1, 1, 1, 0, 0, 1, 1, 1, 1, 1, 1, 0, 1, 1, 1, 0, 0, 1, 1, 1, 0, 0, 1, 0, 0, 1, 1, 1, 1, 0, 1, 1, 0, 0, 0, 0, 0, 0, 1, 1, 1, 0, 1, 1, 0, 1, 1, 1, 1, 0, 1, 1, 1, 1, 0, 0, 1, 0, 0, 1, 1, 1, 0, 0, 1, 1, 0, 1, 0, 1, 0, 1, 0, 1, 1, 1, 0, 1, 0, 0, 0, 1, 1, 1, 0, 0, 1, 1, 1, 1, 1, 0, 1, 1, 1, 0, 0, 0, 1, 1, 0, 0, 0, 1, 0, 1, 0, 1, 0, 1, 1, 1, 0, 1, 1, 1, 0, 0, 1, 0, 1, 1, 1, 1, 1, 0, 1, 0, 0, 0, 0, 0, 1, 0, 1, 1, 1, 0, 0, 0, 1, 1, 1, 1, 0, 0, 1, 1, 1, 1, 1, 0, 1, 1, 0, 1, 1, 1, 1, 0, 0, 1, 1, 1, 1, 1, 1, 1, 1, 0, 1, 1, 1, 1, 1, 1, 1, 1, 0, 0, 0, 1, 1, 1, 0, 1, 1, 1, 0, 1, 0, 0, 0, 0, 1, 1, 1, 1, 1, 0, 1, 0, 1, 0, 1, 0, 1, 0, 1, 0, 1, 1, 1, 1, 0, 1, 1, 1, 1, 0, 1, 1, 1, 0, 1, 0, 0, 0, 0, 1, 1, 1, 1, 1, 1, 1, 0, 0, 0, 1, 0, 1, 1, 0, 1, 1, 0, 1, 0, 1, 1, 1, 1, 1, 1, 1, 1, 1, 0, 0, 0, 0, 0, 1, 1, 1, 1, 1, 1, 1, 0, 1, 0, 0, 1, 1, 1, 1, 0, 1, 1, 0, 0, 0, 1, 1, 1, 0, 0, 0, 1, 0, 1, 0, 1, 1, 1, 1, 1, 1, 1, 1, 1, 1, 0, 0, 0, 0, 0, 0, 0, 0, 0, 0, 1, 1, 1, 0, 1, 1, 1, 0, 0, 1, 1, 0, 0, 1, 1, 1, 0, 0, 1, 1, 0, 1, 1, 1, 1, 1, 1, 0, 1, 1, 1, 1, 0, 1, 1, 0, 1, 0, 0, 0, 1, 1, 0, 1, 1, 1, 1, 1, 0, 1, 0, 0, 0, 0, 2, 1, 1, 1, 0, 0, 0, 1, 1, 1, 1, 0, 0, 1, 0, 0, 0, 0, 1, 1, 1, 1, 1, 0, 1, 1, 1, 1, 1, 1, 0, 1, 1, 1, 1, 0, 0, 1, 0, 1, 1, 1, 1, 1, 0, 1, 0, 1, 1, 1, 1, 1, 0, 1, 1, 1, 1, 1, 1, 1, 0, 0, 0, 0, 1, 1, 1, 0, 1, 1, 1, 1, 1, 1, 1, 0, 0, 1, 1, 0, 0, 1, 1, 1, 0, 0, 1, 1, 1, 1, 1, 0, 0, 1, 1, 0, 1, 1, 1, 1, 0, 1, 1, 1, 1, 0, 0, 1, 0, 0, 1, 1, 1, 0, 1, 1, 1, 1, 1, 1, 1, 1, 1, 1, 1, 1, 0, 0, 0, 0, 0, 1, 0, 1, 1, 1, 0, 0, 0, 1, 1, 1, 1]

################################################################
################################################################
################### process_jail_download_list: ######################

[10, 10, 10, 10, 11, 11, 10, 7, 7, 8, 7, 7, 7, 7, 6, 6, 6, 6, 6, 7, 7, 6, 7, 7, 7, 7, 6, 6, 6, 6, 6, 7, 7, 7, 7, 7, 6, 7, 6, 7, 7, 7, 6, 7, 6, 6, 7, 7, 7, 7, 6, 6, 7, 8, 7, 6, 6, 7, 7, 6, 7, 6, 6, 7, 6, 6, 7, 6, 6, 6, 6, 6, 6, 6, 6, 7, 7, 7, 7, 7, 6, 7, 7, 7, 6, 7, 7, 7, 6, 7, 7, 7, 7, 7, 6, 6, 6, 7, 7, 6, 6, 7, 7, 7, 6, 6, 7, 7, 6, 6, 6, 7, 7, 6, 6, 7, 6, 7, 6, 6, 7, 7, 6, 7, 6, 7, 7, 7, 6, 7, 6, 6, 6, 6, 7, 6, 6, 7, 7, 7, 7, 6, 7, 7, 6, 6, 7, 7, 7, 6, 6, 6, 6, 6, 7, 7, 8, 8, 7, 7, 7, 6, 8, 7, 7, 7, 6, 6, 6, 6, 6, 6, 6, 7, 6, 7, 6, 6, 7, 7, 6, 6, 6, 7, 7, 7, 7, 6, 7, 6, 7, 7, 7, 7, 7, 6, 7, 6, 6, 6, 6, 6, 7, 6, 7, 7, 7, 7, 7, 6, 6, 7, 7, 7, 7, 6, 6, 7, 7, 7, 7, 7, 7, 7, 7, 7, 7, 6, 7, 7, 6, 6, 7, 7, 7, 6, 7, 7, 7, 8, 8, 8, 8, 8, 8, 7, 6, 7, 7, 8, 7, 7, 7, 6, 6, 7, 7, 7, 7, 7, 6, 6, 6, 6, 7, 7, 7, 7, 7, 6, 6, 7, 8, 8, 6, 6, 7, 6, 6, 6, 6, 7, 6, 6, 7, 7, 7, 7, 6, 7, 6, 6, 6, 6, 6, 6, 6, 6, 6, 6, 6, 7, 7, 6, 7, 6, 7, 7, 6, 7, 7, 6, 7, 6, 6, 7, 6, 6, 7, 6, 7, 6, 6, 6, 7, 6, 7, 6, 7, 6, 7, 6, 7, 6, 6, 6, 7, 6, 6, 6, 6, 6, 6, 6, 6, 6, 6, 7, 7, 7, 6, 6, 7, 7, 6, 6, 6, 6, 7, 6, 6, 6, 6, 6, 7, 6, 6, 6, 7, 7, 6, 6, 7, 7, 7, 6, 6, 7, 6, 7, 7, 7, 7, 7, 6, 7, 6, 6, 6, 7, 6, 7, 6, 7, 7, 7, 7, 7, 6, 6, 7, 7, 6, 6, 6, 6, 7, 7, 7, 7, 6, 7, 7, 6, 6, 7, 7, 7, 6, 7, 7, 7, 7, 7, 7, 7, 7, 7, 6, 6, 7, 7, 7, 6, 6, 6, 7, 6, 6, 6, 7, 7, 7, 6, 7, 7, 6, 6, 6, 6, 6, 6, 6, 7, 6, 7, 6, 7, 6, 7, 6, 7, 6, 7, 6, 6, 6, 6, 6, 6, 6, 7, 7, 6, 7, 7, 7, 7, 6, 7, 7, 6, 6, 6, 6, 6, 6, 6, 7, 7, 7, 6, 7, 7, 7, 6, 6, 6, 7, 6, 7, 7, 6, 6, 6, 6, 6, 6, 7, 7, 8, 8, 7, 7, 7, 6, 7, 6, 6, 6, 6, 6, 7, 6, 7, 7, 6, 6, 6, 6, 7, 6, 6, 7, 7, 7, 6, 6, 6, 7, 6, 6, 6, 7, 6, 6, 6, 6, 6, 6, 6, 7, 6, 6, 6, 6, 7, 7, 7, 7, 7, 7, 7, 6, 6, 6, 6, 6, 6, 6, 6, 6, 6, 7, 7, 6, 6, 7, 7, 6, 6, 6, 7, 7, 6, 6, 7, 7, 7, 6, 6, 6, 6, 6, 6, 7, 7, 6, 7, 6, 6, 7, 7, 6, 7, 6, 7, 6, 6, 6, 6, 6, 6, 6, 7, 6, 7, 7, 7, 7, 6, 6, 6, 6, 7, 7, 6, 8, 7, 7, 7, 6, 6, 6, 7, 7, 7, 7, 6, 6, 7, 6, 6, 6, 6, 7, 7, 6, 7, 7, 7, 6, 7, 7, 7, 7, 7, 6, 7, 7, 7, 7, 6, 6, 7, 6, 7, 7, 7, 7, 7, 6, 7, 6, 6, 6, 8, 8, 8, 7, 7, 8, 8, 7, 7, 7, 7, 6, 6, 6, 6, 6, 7, 7, 6, 7, 7, 7, 7, 7, 7, 6, 6, 6, 7, 7, 6, 6, 6, 7, 7, 7, 7, 7, 7, 8, 7, 7, 7, 7, 8, 8, 7, 7, 7, 7, 7, 6, 7, 7, 6, 6, 7, 7, 7, 7, 7, 7, 7, 7, 7, 7, 7, 7, 7, 7, 7, 7, 7, 7, 7, 7, 6, 6, 6, 6, 7, 7, 7, 6, 6, 7, 7, 6, 6, 6, 7, 6, 6, 6]

################################################################
################################################################
################### process_jail_list: ######################

[7, 6, 7, 7, 7, 7, 7, 6, 6, 6, 6, 6, 6, 6, 6, 6, 5, 6, 6, 6, 6, 6, 6, 6, 6, 6, 6, 6, 6, 6, 5, 6, 6, 6, 6, 6, 6, 6, 6, 6, 6, 6, 6, 6, 5, 5, 6, 6, 6, 6, 6, 5, 6, 7, 7, 6, 6, 6, 6, 6, 6, 6, 6, 6, 6, 5, 6, 6, 6, 6, 6, 6, 5, 6, 5, 6, 6, 6, 6, 6, 6, 6, 6, 6, 5, 6, 6, 6, 6, 7, 7, 6, 6, 6, 5, 5, 6, 7, 7, 5, 5, 6, 6, 6, 6, 6, 6, 6, 6, 6, 6, 6, 6, 6, 6, 6, 5, 6, 6, 5, 6, 6, 6, 6, 6, 6, 6, 6, 5, 6, 6, 6, 6, 6, 6, 6, 5, 6, 6, 6, 6, 6, 6, 6, 6, 6, 6, 6, 6, 6, 5, 5, 5, 5, 6, 6, 7, 7, 6, 6, 6, 6, 6, 6, 7, 6, 5, 6, 5, 6, 6, 5, 5, 6, 5, 6, 5, 5, 6, 6, 6, 5, 6, 6, 6, 6, 6, 6, 6, 6, 6, 6, 6, 6, 6, 6, 6, 6, 6, 6, 6, 6, 6, 5, 6, 6, 6, 6, 6, 6, 5, 6, 6, 6, 6, 6, 5, 6, 7, 7, 7, 7, 6, 6, 6, 7, 7, 6, 6, 6, 5, 6, 6, 6, 6, 6, 6, 6, 6, 6, 6, 6, 6, 7, 7, 7, 6, 7, 5, 6, 6, 6, 6, 6, 6, 6, 6, 6, 6, 6, 5, 5, 6, 6, 6, 6, 6, 6, 6, 5, 6, 6, 7, 7, 6, 6, 6, 5, 5, 6, 6, 6, 6, 6, 6, 6, 6, 6, 6, 6, 5, 6, 6, 6, 6, 6, 6, 5, 5, 5, 6, 6, 6, 6, 6, 5, 6, 6, 6, 6, 6, 5, 6, 6, 6, 6, 6, 6, 6, 5, 6, 6, 6, 5, 6, 6, 6, 6, 6, 6, 6, 6, 6, 5, 5, 6, 6, 6, 6, 6, 5, 5, 5, 6, 6, 5, 5, 6, 6, 6, 6, 5, 6, 6, 6, 6, 6, 5, 6, 6, 6, 6, 5, 6, 6, 6, 5, 6, 6, 6, 5, 6, 6, 6, 6, 6, 6, 6, 6, 6, 6, 6, 6, 6, 6, 6, 6, 6, 6, 7, 6, 6, 6, 6, 6, 6, 7, 7, 6, 5, 6, 6, 5, 6, 6, 5, 6, 6, 6, 6, 6, 6, 6, 6, 5, 6, 6, 6, 6, 7, 6, 6, 6, 6, 6, 6, 6, 6, 6, 5, 6, 6, 6, 5, 5, 5, 6, 6, 6, 6, 6, 6, 6, 6, 6, 6, 5, 6, 5, 6, 6, 6, 6, 6, 5, 6, 5, 6, 6, 6, 6, 6, 6, 6, 6, 5, 6, 5, 6, 5, 5, 6, 6, 6, 6, 6, 6, 6, 6, 6, 6, 5, 6, 5, 6, 6, 6, 6, 6, 6, 6, 5, 6, 6, 6, 6, 6, 6, 6, 6, 6, 6, 6, 5, 5, 6, 5, 6, 6, 6, 7, 7, 6, 6, 6, 5, 6, 6, 6, 6, 6, 6, 6, 5, 6, 6, 5, 5, 5, 6, 6, 6, 6, 6, 6, 6, 5, 6, 5, 6, 6, 6, 6, 6, 5, 5, 6, 6, 6, 5, 6, 6, 6, 5, 5, 5, 6, 6, 6, 6, 6, 6, 6, 6, 6, 6, 6, 6, 6, 6, 6, 6, 6, 6, 6, 5, 6, 6, 6, 5, 6, 6, 6, 6, 6, 6, 6, 6, 6, 6, 6, 5, 5, 6, 5, 6, 6, 5, 6, 5, 6, 6, 6, 5, 6, 6, 6, 5, 6, 5, 6, 6, 6, 5, 6, 6, 6, 6, 6, 6, 5, 6, 5, 6, 7, 7, 6, 6, 6, 6, 6, 6, 6, 6, 6, 6, 6, 6, 6, 6, 6, 6, 6, 6, 6, 6, 6, 5, 6, 6, 7, 5, 6, 6, 6, 6, 6, 6, 6, 6, 6, 6, 6, 6, 6, 6, 6, 6, 6, 6, 6, 6, 6, 6, 5, 5, 7, 7, 7, 7, 6, 7, 7, 6, 6, 6, 6, 6, 6, 6, 6, 5, 6, 6, 6, 6, 6, 6, 6, 6, 6, 5, 6, 6, 6, 6, 6, 6, 5, 6, 6, 7, 7, 6, 6, 7, 6, 6, 7, 7, 7, 7, 7, 6, 6, 6, 6, 6, 6, 6, 5, 5, 7, 7, 6, 7, 7, 6, 6, 6, 7, 6, 6, 6, 6, 6, 6, 6, 6, 6, 6, 6, 5, 6, 6, 6, 7, 7, 6, 6, 5, 6, 6, 6, 6, 6, 6, 5, 5, 5]

################################################################
