Numero total de amostras 770

Tempo total de processamento: 0:12:40

############## TEMPOS DE PROCESSAMENTO DO EXERCICIO NO JAIL  ####################
Soma 4765 segundos
Media 6.188311688311688 segundos
Desvio padr達o 0.5015492947439848 segundos
Minimo 5 segundos
Maximo 7 segundos

95% 5.0 segundos
99% 5.0 segundos

############## TEMPOS DE PROCESSAMENTO DO EXERCICIO NO JAIL COM DOWNLOAD  ################
Soma 5315 segundos
Media 6.902597402597403 segundos
Desvio padr達o 0.6280197750989466 segundos
Minimo 6 segundos
Maximo 10 segundos

95% 6.0 segundos
99% 6.0 segundos

################### TEMPOS DE DOWNLOAD DO EXERCICIO NO JAIL #######################
Soma 550 segundos
Media 0.7142857142857143 segundos
Desvio padr達o 0.5186681960445678 segundos
Minimo 0 segundos
Maximo 3 segundos

95% 0.0 segundos
99% 0.0 segundos

############################ TEMPOS DE ESPERA NA FILA ############################
Soma 42468
Media 55.153246753246755 segundos
Desvio padr達o 27.54156049307407 segundos
Minimo 5 segundos
Maximo 108 segundos

95% 9.0 segundos
99% 9.0 segundos

################### queue_wait_time_list: ######################

[10, 9, 8, 8, 6, 6, 5, 13, 13, 12, 12, 9, 9, 8, 13, 14, 13, 12, 12, 12, 11, 15, 14, 14, 13, 13, 13, 12, 16, 15, 15, 15, 14, 14, 13, 16, 15, 16, 15, 15, 15, 12, 16, 16, 17, 18, 17, 17, 16, 17, 16, 18, 17, 17, 17, 17, 18, 16, 17, 18, 18, 18, 17, 18, 17, 19, 18, 18, 18, 18, 18, 18, 19, 19, 19, 18, 18, 19, 18, 19, 20, 19, 19, 18, 19, 18, 20, 21, 21, 20, 19, 19, 19, 20, 21, 22, 21, 19, 20, 20, 21, 21, 22, 22, 21, 20, 20, 22, 22, 23, 23, 23, 22, 20, 22, 22, 24, 23, 24, 23, 22, 23, 22, 24, 24, 25, 24, 23, 24, 24, 25, 25, 25, 25, 24, 24, 24, 24, 24, 26, 26, 25, 25, 25, 25, 25, 26, 27, 26, 27, 27, 26, 25, 26, 28, 27, 28, 28, 28, 26, 26, 28, 28, 29, 29, 29, 28, 28, 26, 27, 30, 30, 30, 29, 28, 28, 29, 31, 31, 31, 30, 30, 30, 30, 32, 32, 32, 31, 30, 31, 30, 32, 31, 32, 32, 31, 31, 31, 31, 32, 32, 32, 32, 32, 31, 33, 33, 34, 33, 32, 32, 32, 34, 34, 35, 35, 34, 33, 32, 35, 35, 36, 36, 35, 34, 33, 36, 36, 35, 36, 36, 35, 34, 37, 36, 37, 37, 36, 36, 36, 38, 39, 38, 38, 37, 35, 36, 40, 39, 39, 38, 38, 37, 37, 40, 41, 40, 39, 39, 38, 38, 41, 41, 41, 40, 39, 39, 38, 41, 41, 42, 41, 40, 40, 39, 42, 42, 43, 43, 42, 41, 40, 43, 43, 45, 44, 44, 43, 42, 43, 44, 43, 44, 44, 44, 43, 44, 45, 45, 45, 45, 45, 44, 44, 46, 45, 46, 46, 46, 45, 45, 46, 46, 46, 44, 46, 46, 46, 47, 47, 47, 47, 48, 47, 46, 47, 48, 48, 48, 49, 48, 47, 48, 49, 48, 48, 50, 49, 48, 48, 49, 49, 49, 50, 50, 49, 50, 49, 50, 49, 51, 51, 50, 51, 50, 51, 50, 52, 51, 51, 51, 50, 52, 51, 53, 52, 51, 52, 49, 52, 52, 54, 54, 53, 53, 53, 54, 53, 55, 55, 54, 54, 53, 54, 54, 55, 55, 55, 55, 54, 54, 54, 55, 56, 55, 54, 54, 55, 55, 56, 56, 56, 56, 55, 56, 55, 58, 58, 58, 58, 57, 57, 56, 58, 58, 59, 59, 58, 58, 57, 57, 58, 60, 60, 59, 59, 58, 59, 59, 60, 60, 60, 59, 59, 60, 60, 61, 62, 61, 60, 60, 61, 61, 61, 62, 61, 60, 60, 61, 61, 62, 64, 63, 61, 61, 61, 62, 62, 64, 61, 62, 61, 62, 62, 63, 65, 64, 63, 63, 62, 63, 63, 66, 65, 65, 64, 63, 64, 64, 66, 66, 65, 65, 64, 65, 65, 68, 66, 65, 66, 65, 66, 66, 68, 69, 68, 67, 66, 66, 67, 69, 69, 68, 68, 67, 67, 67, 69, 70, 69, 69, 68, 67, 68, 70, 71, 70, 70, 69, 68, 68, 71, 71, 71, 70, 70, 69, 69, 70, 71, 72, 72, 72, 71, 70, 73, 72, 71, 70, 70, 68, 66, 69, 69, 66, 66, 67, 67, 68, 69, 71, 71, 71, 73, 71, 70, 67, 68, 67, 68, 70, 70, 69, 71, 72, 70, 69, 72, 72, 72, 71, 74, 73, 72, 73, 73, 73, 73, 73, 74, 73, 74, 73, 73, 73, 74, 74, 72, 76, 75, 75, 76, 77, 77, 76, 80, 80, 79, 79, 80, 81, 80, 84, 83, 83, 83, 82, 84, 83, 85, 85, 85, 85, 84, 85, 84, 86, 86, 86, 87, 86, 86, 85, 87, 86, 87, 88, 87, 87, 86, 87, 87, 88, 89, 88, 87, 87, 88, 87, 88, 89, 89, 88, 87, 89, 89, 89, 91, 90, 90, 89, 90, 89, 90, 92, 91, 92, 91, 91, 90, 90, 94, 93, 93, 92, 92, 91, 91, 95, 94, 94, 93, 92, 92, 93, 96, 95, 95, 95, 94, 93, 91, 96, 96, 96, 96, 95, 95, 93, 97, 97, 97, 97, 96, 96, 95, 97, 97, 97, 98, 97, 97, 96, 99, 98, 97, 99, 98, 97, 96, 101, 99, 99, 101, 100, 99, 99, 102, 101, 100, 102, 101, 100, 99, 103, 102, 101, 103, 102, 101, 100, 102, 103, 102, 103, 102, 102, 101, 104, 104, 102, 104, 103, 102, 102, 105, 104, 103, 105, 104, 103, 103, 105, 105, 103, 106, 106, 105, 105, 105, 106, 103, 106, 107, 106, 105, 106, 107, 106, 108]

################################################################
################### jail_ex_download_list: ######################

[3, 3, 3, 3, 3, 3, 3, 1, 0, 1, 1, 1, 2, 2, 1, 0, 1, 1, 1, 1, 1, 0, 1, 1, 1, 1, 1, 1, 0, 1, 1, 1, 1, 1, 1, 1, 1, 1, 1, 1, 1, 1, 0, 1, 0, 0, 0, 0, 1, 1, 1, 0, 1, 1, 1, 0, 0, 0, 1, 0, 1, 0, 1, 1, 1, 0, 1, 0, 0, 0, 1, 0, 1, 1, 1, 1, 1, 0, 1, 1, 0, 0, 0, 1, 1, 1, 0, 0, 1, 1, 1, 1, 1, 1, 1, 1, 1, 1, 0, 0, 0, 1, 1, 1, 1, 1, 1, 0, 1, 1, 0, 1, 1, 1, 1, 0, 0, 1, 1, 1, 1, 0, 1, 1, 1, 0, 1, 1, 0, 0, 0, 0, 1, 1, 1, 1, 1, 1, 0, 0, 1, 1, 1, 1, 0, 1, 1, 0, 1, 0, 0, 1, 1, 1, 0, 1, 1, 1, 1, 1, 1, 1, 0, 0, 1, 0, 1, 1, 1, 1, 0, 0, 0, 1, 1, 1, 1, 0, 0, 1, 1, 1, 1, 1, 0, 0, 0, 0, 1, 0, 1, 1, 1, 0, 0, 1, 1, 0, 1, 0, 1, 1, 0, 0, 0, 1, 1, 1, 1, 1, 1, 1, 1, 1, 0, 1, 1, 1, 1, 1, 1, 0, 0, 1, 1, 1, 1, 1, 1, 1, 0, 1, 1, 1, 1, 0, 0, 1, 1, 1, 1, 0, 0, 1, 1, 1, 0, 0, 1, 1, 1, 1, 0, 1, 1, 0, 1, 1, 0, 1, 0, 1, 1, 1, 1, 1, 1, 1, 1, 0, 1, 1, 1, 1, 1, 0, 1, 1, 1, 1, 1, 1, 0, 1, 0, 1, 0, 1, 1, 1, 0, 1, 1, 1, 1, 1, 0, 0, 1, 1, 1, 1, 1, 1, 0, 1, 1, 0, 1, 1, 1, 1, 0, 1, 1, 1, 1, 1, 0, 1, 1, 1, 1, 1, 1, 1, 0, 0, 0, 1, 1, 1, 1, 0, 1, 1, 1, 1, 1, 0, 1, 1, 0, 1, 1, 1, 0, 0, 0, 1, 1, 1, 1, 0, 1, 0, 0, 1, 1, 1, 1, 1, 0, 0, 1, 1, 1, 1, 1, 1, 1, 1, 1, 1, 1, 1, 0, 1, 0, 0, 1, 1, 1, 0, 0, 1, 0, 0, 0, 1, 1, 1, 1, 0, 1, 1, 0, 0, 0, 1, 1, 1, 2, 2, 1, 1, 0, 0, 1, 1, 1, 1, 1, 1, 1, 1, 1, 1, 1, 1, 0, 0, 0, 1, 1, 0, 1, 1, 1, 1, 1, 1, 1, 0, 1, 1, 0, 1, 1, 0, 0, 0, 0, 1, 0, 0, 1, 1, 0, 1, 0, 0, 0, 1, 1, 1, 0, 1, 1, 1, 0, 0, 1, 1, 0, 0, 1, 1, 1, 1, 1, 1, 0, 1, 0, 1, 1, 1, 1, 0, 1, 1, 1, 1, 0, 1, 0, 1, 1, 1, 1, 0, 1, 1, 0, 0, 1, 1, 1, 0, 0, 1, 1, 1, 1, 0, 1, 1, 1, 1, 0, 0, 1, 1, 1, 0, 0, 0, 0, 1, 1, 0, 0, 1, 1, 1, 1, 0, 1, 1, 0, 0, 1, 1, 1, 0, 1, 0, 1, 1, 1, 1, 0, 1, 1, 1, 1, 1, 1, 1, 1, 1, 1, 1, 1, 1, 0, 1, 1, 0, 1, 1, 1, 1, 1, 1, 0, 1, 1, 1, 1, 1, 1, 1, 0, 1, 0, 0, 1, 1, 1, 0, 0, 1, 1, 1, 1, 1, 1, 1, 1, 0, 0, 1, 1, 1, 1, 1, 1, 1, 1, 1, 1, 1, 1, 1, 1, 1, 1, 1, 1, 1, 1, 1, 1, 1, 0, 0, 1, 0, 0, 0, 0, 0, 1, 0, 0, 0, 0, 0, 1, 0, 0, 0, 0, 1, 0, 1, 1, 0, 1, 1, 1, 1, 1, 0, 0, 0, 1, 1, 1, 0, 1, 0, 0, 0, 0, 0, 1, 1, 1, 1, 1, 1, 1, 0, 1, 0, 1, 1, 1, 1, 1, 0, 0, 0, 0, 1, 1, 1, 1, 1, 1, 0, 1, 1, 1, 1, 1, 0, 0, 0, 1, 1, 0, 0, 1, 1, 0, 0, 0, 0, 0, 1, 1, 0, 1, 1, 1, 1, 0, 0, 0, 0, 0, 1, 1, 1, 1, 1, 0, 0, 1, 1, 0, 1, 1, 0, 0, 1, 1, 1, 0, 0, 1, 1, 0, 1, 0, 0, 0, 1, 1, 1, 1, 0, 1, 1, 1, 1, 1, 1, 1, 1, 1, 1, 1, 1, 1, 1, 1, 1, 1, 1, 1, 1, 1, 1, 1, 1]

################################################################
################################################################
################### process_jail_download_list: ######################

[9, 10, 10, 10, 10, 10, 10, 7, 7, 7, 7, 7, 8, 8, 7, 6, 7, 7, 7, 7, 7, 7, 7, 7, 7, 7, 7, 7, 6, 6, 7, 7, 7, 7, 7, 7, 7, 7, 8, 8, 8, 8, 6, 6, 7, 6, 6, 6, 7, 7, 7, 6, 7, 7, 7, 6, 6, 6, 7, 6, 7, 6, 7, 6, 7, 6, 6, 6, 6, 6, 7, 6, 6, 7, 7, 7, 6, 6, 6, 7, 7, 7, 7, 7, 6, 7, 6, 6, 7, 7, 7, 7, 7, 7, 6, 6, 7, 7, 6, 6, 7, 7, 7, 7, 8, 8, 7, 6, 7, 7, 6, 7, 7, 7, 7, 6, 6, 7, 7, 7, 7, 7, 7, 7, 6, 6, 7, 7, 6, 6, 6, 6, 7, 7, 7, 7, 7, 7, 6, 6, 7, 7, 8, 8, 7, 7, 6, 7, 7, 7, 7, 7, 7, 7, 6, 7, 7, 7, 7, 7, 7, 6, 6, 7, 7, 7, 7, 7, 7, 7, 6, 7, 7, 7, 7, 7, 7, 7, 7, 7, 7, 6, 7, 6, 6, 6, 7, 7, 7, 6, 7, 6, 7, 6, 6, 7, 7, 6, 7, 6, 7, 7, 6, 6, 7, 7, 7, 7, 8, 8, 7, 6, 7, 7, 7, 7, 7, 7, 7, 7, 7, 6, 6, 7, 7, 7, 7, 7, 7, 7, 7, 7, 8, 8, 7, 7, 7, 6, 7, 7, 8, 7, 7, 6, 7, 7, 6, 6, 7, 7, 7, 7, 6, 7, 7, 6, 7, 7, 6, 7, 6, 6, 7, 7, 7, 7, 7, 7, 7, 6, 7, 8, 8, 7, 7, 7, 7, 8, 8, 7, 8, 8, 6, 7, 6, 7, 6, 7, 7, 7, 7, 7, 6, 7, 7, 7, 6, 7, 6, 7, 7, 7, 7, 7, 6, 7, 6, 6, 7, 7, 7, 7, 6, 7, 7, 7, 7, 6, 6, 7, 7, 7, 7, 7, 7, 7, 7, 6, 6, 7, 7, 7, 7, 6, 7, 7, 6, 7, 7, 7, 7, 7, 6, 7, 7, 7, 7, 6, 7, 7, 7, 6, 7, 6, 7, 7, 7, 7, 7, 6, 7, 6, 7, 7, 7, 8, 8, 7, 8, 7, 7, 7, 7, 7, 7, 6, 6, 7, 6, 6, 7, 7, 7, 6, 6, 6, 7, 6, 6, 7, 7, 7, 7, 6, 7, 7, 6, 7, 6, 8, 8, 8, 8, 8, 7, 7, 6, 6, 7, 7, 7, 7, 7, 7, 7, 7, 7, 7, 7, 7, 6, 6, 6, 7, 7, 6, 7, 7, 7, 7, 7, 7, 8, 7, 7, 7, 6, 7, 7, 6, 6, 6, 6, 7, 7, 7, 7, 7, 6, 7, 6, 6, 6, 7, 7, 7, 6, 7, 7, 7, 7, 7, 6, 7, 6, 7, 7, 7, 7, 7, 7, 7, 7, 7, 6, 7, 7, 7, 7, 6, 7, 7, 7, 7, 7, 7, 6, 8, 8, 7, 7, 6, 7, 7, 6, 6, 7, 7, 7, 6, 6, 7, 7, 7, 7, 6, 7, 7, 7, 7, 7, 7, 7, 6, 7, 6, 7, 7, 6, 7, 8, 7, 7, 7, 8, 8, 8, 6, 7, 7, 7, 6, 7, 7, 7, 7, 7, 6, 7, 7, 7, 8, 6, 7, 7, 7, 7, 7, 6, 7, 7, 7, 7, 7, 7, 7, 7, 7, 7, 7, 8, 8, 8, 6, 7, 7, 6, 7, 7, 8, 8, 6, 7, 7, 7, 7, 6, 6, 7, 7, 7, 7, 7, 7, 8, 8, 8, 8, 8, 8, 8, 7, 6, 7, 7, 7, 7, 8, 8, 7, 8, 8, 7, 8, 8, 8, 8, 7, 7, 7, 7, 8, 8, 7, 7, 7, 7, 6, 7, 7, 7, 7, 7, 6, 7, 7, 7, 7, 6, 7, 7, 6, 6, 7, 7, 7, 6, 7, 8, 7, 8, 8, 8, 8, 7, 6, 7, 7, 7, 8, 8, 7, 7, 6, 7, 7, 7, 7, 7, 7, 7, 7, 7, 7, 7, 6, 7, 7, 7, 7, 8, 7, 8, 7, 6, 7, 7, 7, 7, 8, 7, 8, 7, 7, 7, 7, 7, 7, 7, 6, 6, 6, 7, 7, 7, 7, 7, 7, 7, 7, 7, 6, 6, 8, 8, 7, 8, 8, 8, 8, 7, 7, 7, 7, 7, 7, 7, 7, 7, 7, 7, 7, 7, 7, 6, 7, 7, 6, 6, 7, 7, 7, 7, 7, 7, 7, 6, 6, 7, 6, 6, 7, 7, 7, 7, 6, 7, 7, 8, 7, 8, 8, 6, 7, 7, 7, 7, 7, 7, 7, 7, 7, 7, 7, 7, 7, 7, 7, 7, 6]

################################################################
################################################################
################### process_jail_list: ######################

[6, 7, 7, 7, 7, 7, 7, 6, 7, 6, 6, 6, 6, 6, 6, 6, 6, 6, 6, 6, 6, 7, 6, 6, 6, 6, 6, 6, 6, 5, 6, 6, 6, 6, 6, 6, 6, 6, 7, 7, 7, 7, 6, 5, 7, 6, 6, 6, 6, 6, 6, 6, 6, 6, 6, 6, 6, 6, 6, 6, 6, 6, 6, 5, 6, 6, 5, 6, 6, 6, 6, 6, 5, 6, 6, 6, 5, 6, 5, 6, 7, 7, 7, 6, 5, 6, 6, 6, 6, 6, 6, 6, 6, 6, 5, 5, 6, 6, 6, 6, 7, 6, 6, 6, 7, 7, 6, 6, 6, 6, 6, 6, 6, 6, 6, 6, 6, 6, 6, 6, 6, 7, 6, 6, 5, 6, 6, 6, 6, 6, 6, 6, 6, 6, 6, 6, 6, 6, 6, 6, 6, 6, 7, 7, 7, 6, 5, 7, 6, 7, 7, 6, 6, 6, 6, 6, 6, 6, 6, 6, 6, 5, 6, 7, 6, 7, 6, 6, 6, 6, 6, 7, 7, 6, 6, 6, 6, 7, 7, 6, 6, 5, 6, 5, 6, 6, 7, 7, 6, 6, 6, 5, 6, 6, 6, 6, 6, 6, 6, 6, 6, 6, 6, 6, 7, 6, 6, 6, 7, 7, 6, 5, 6, 6, 7, 6, 6, 6, 6, 6, 6, 6, 6, 6, 6, 6, 6, 6, 6, 6, 7, 6, 7, 7, 6, 7, 7, 5, 6, 6, 7, 7, 7, 5, 6, 6, 6, 6, 6, 6, 6, 6, 6, 6, 6, 6, 6, 6, 6, 6, 6, 5, 6, 6, 6, 6, 6, 6, 6, 6, 6, 7, 7, 6, 6, 7, 6, 7, 7, 6, 7, 7, 6, 6, 6, 6, 6, 6, 6, 6, 7, 6, 5, 6, 6, 6, 6, 7, 5, 6, 6, 6, 6, 6, 6, 6, 5, 6, 6, 6, 6, 6, 6, 6, 6, 6, 6, 5, 6, 6, 6, 6, 6, 6, 6, 6, 7, 6, 6, 6, 6, 6, 6, 6, 6, 6, 5, 6, 6, 7, 6, 6, 6, 6, 6, 6, 7, 6, 7, 6, 6, 5, 6, 6, 6, 7, 7, 6, 6, 5, 6, 5, 7, 7, 6, 7, 7, 6, 7, 6, 6, 6, 6, 6, 6, 5, 6, 6, 6, 6, 6, 6, 6, 6, 6, 5, 7, 6, 6, 6, 6, 6, 6, 6, 6, 6, 6, 7, 6, 7, 7, 7, 6, 6, 6, 6, 6, 6, 6, 6, 6, 6, 6, 6, 6, 6, 6, 6, 6, 6, 6, 6, 6, 6, 6, 6, 6, 6, 6, 6, 6, 6, 7, 7, 6, 6, 6, 6, 6, 6, 6, 6, 6, 6, 7, 7, 6, 6, 6, 6, 6, 6, 6, 6, 6, 6, 6, 6, 6, 6, 7, 7, 5, 6, 6, 7, 6, 6, 6, 6, 6, 6, 7, 6, 6, 6, 6, 6, 6, 6, 6, 6, 6, 6, 7, 6, 6, 7, 7, 6, 6, 6, 6, 6, 6, 6, 6, 6, 6, 6, 6, 6, 6, 6, 6, 6, 6, 6, 6, 6, 7, 7, 6, 5, 6, 6, 7, 7, 6, 6, 7, 7, 7, 6, 7, 7, 7, 6, 6, 6, 7, 6, 6, 6, 6, 7, 6, 6, 6, 6, 6, 7, 6, 6, 6, 6, 6, 6, 5, 6, 6, 6, 6, 6, 6, 6, 7, 6, 6, 7, 7, 7, 7, 5, 6, 6, 6, 6, 6, 7, 7, 5, 6, 6, 7, 6, 6, 6, 6, 6, 6, 7, 7, 6, 7, 7, 7, 7, 7, 7, 7, 7, 6, 6, 6, 6, 6, 7, 7, 6, 7, 7, 6, 7, 7, 7, 7, 6, 6, 6, 6, 7, 7, 6, 6, 6, 7, 6, 6, 7, 7, 7, 7, 6, 6, 7, 7, 7, 6, 7, 6, 6, 6, 7, 7, 6, 6, 6, 7, 7, 7, 7, 7, 7, 6, 6, 7, 7, 6, 7, 7, 7, 6, 6, 7, 7, 7, 7, 6, 6, 6, 6, 6, 6, 6, 6, 6, 7, 6, 6, 7, 6, 7, 7, 6, 7, 7, 6, 6, 7, 6, 7, 6, 7, 6, 6, 6, 6, 6, 6, 6, 6, 6, 6, 7, 7, 6, 6, 7, 7, 7, 6, 6, 7, 7, 7, 7, 7, 7, 7, 7, 7, 7, 7, 7, 6, 6, 6, 6, 6, 7, 7, 6, 6, 6, 6, 6, 6, 6, 6, 6, 6, 7, 7, 6, 6, 6, 5, 7, 6, 6, 6, 6, 6, 6, 6, 6, 6, 7, 6, 7, 7, 5, 6, 6, 6, 6, 6, 6, 6, 6, 6, 6, 6, 6, 6, 6, 6, 6, 5]

################################################################
