Numero total de amostras 769

Tempo total de processamento: 0:17:40

############## TEMPOS DE PROCESSAMENTO DO EXERCICIO NO JAIL  ####################
Soma 4762 segundos
Media 6.192457737321196 segundos
Desvio padr達o 0.6028931707956389 segundos
Minimo 5 segundos
Maximo 9 segundos

95% 5.0 segundos
99% 5.0 segundos

############## TEMPOS DE PROCESSAMENTO DO EXERCICIO NO JAIL COM DOWNLOAD  ################
Soma 5285 segundos
Media 6.872561768530559 segundos
Desvio padr達o 0.7403572164524225 segundos
Minimo 6 segundos
Maximo 10 segundos

95% 6.0 segundos
99% 6.0 segundos

################### TEMPOS DE DOWNLOAD DO EXERCICIO NO JAIL #######################
Soma 523 segundos
Media 0.6801040312093628 segundos
Desvio padr達o 0.5141756335683371 segundos
Minimo 0 segundos
Maximo 3 segundos

95% 0.0 segundos
99% 0.0 segundos

############################ TEMPOS DE ESPERA NA FILA ############################
Soma 156496
Media 203.50585175552666 segundos
Desvio padr達o 116.83305987575267 segundos
Minimo 2 segundos
Maximo 402 segundos

95% 8.296 segundos
99% 8.6032 segundos

################### queue_wait_time_list: ######################

[3, 3, 2, 4, 8, 8, 8, 7, 9, 12, 11, 10, 9, 12, 15, 14, 14, 13, 14, 16, 17, 17, 15, 16, 19, 19, 17, 17, 17, 21, 21, 21, 20, 21, 23, 23, 22, 22, 23, 25, 26, 26, 25, 24, 27, 27, 28, 28, 28, 30, 29, 29, 29, 29, 32, 32, 32, 32, 32, 33, 33, 33, 34, 34, 35, 35, 35, 35, 37, 38, 38, 38, 36, 38, 39, 39, 40, 39, 41, 41, 40, 42, 41, 43, 45, 44, 44, 44, 46, 46, 46, 47, 46, 47, 49, 48, 50, 49, 50, 52, 51, 51, 51, 52, 55, 54, 54, 52, 54, 57, 57, 57, 55, 56, 60, 59, 58, 59, 59, 62, 61, 60, 60, 60, 64, 65, 64, 63, 62, 67, 68, 67, 66, 66, 70, 70, 70, 70, 69, 73, 70, 72, 72, 71, 76, 74, 75, 75, 74, 77, 75, 77, 77, 76, 80, 79, 79, 80, 79, 82, 82, 82, 81, 81, 83, 82, 84, 83, 84, 86, 86, 86, 87, 85, 88, 89, 89, 88, 88, 91, 91, 91, 92, 91, 93, 93, 93, 94, 93, 96, 96, 96, 96, 95, 98, 97, 98, 99, 98, 100, 100, 100, 101, 101, 103, 103, 103, 104, 103, 105, 105, 105, 107, 106, 107, 107, 108, 109, 108, 109, 109, 110, 110, 110, 111, 110, 112, 114, 114, 114, 114, 114, 116, 115, 116, 115, 118, 122, 121, 122, 121, 121, 126, 125, 126, 126, 126, 130, 130, 132, 131, 131, 134, 134, 136, 136, 135, 137, 137, 141, 141, 140, 143, 142, 145, 145, 145, 148, 147, 149, 149, 149, 153, 152, 154, 153, 152, 157, 157, 158, 157, 157, 160, 159, 159, 160, 159, 162, 161, 161, 161, 160, 165, 164, 164, 164, 164, 167, 166, 167, 166, 166, 170, 169, 168, 168, 169, 172, 172, 171, 171, 171, 175, 174, 174, 173, 173, 176, 176, 175, 176, 176, 179, 179, 178, 178, 178, 181, 181, 181, 180, 180, 184, 183, 183, 183, 182, 186, 186, 185, 185, 184, 189, 188, 188, 186, 187, 190, 190, 190, 190, 189, 193, 193, 193, 192, 191, 196, 196, 196, 195, 194, 197, 197, 199, 198, 197, 200, 200, 200, 200, 200, 203, 202, 203, 203, 202, 204, 205, 206, 205, 205, 207, 207, 209, 208, 207, 210, 209, 210, 209, 209, 213, 212, 213, 212, 212, 216, 215, 215, 215, 214, 218, 217, 218, 217, 217, 221, 220, 220, 219, 219, 223, 222, 222, 222, 221, 225, 225, 224, 224, 223, 228, 227, 226, 225, 225, 230, 230, 229, 229, 228, 232, 233, 232, 232, 231, 235, 235, 234, 235, 234, 237, 238, 237, 237, 236, 240, 241, 240, 239, 238, 241, 244, 243, 242, 241, 244, 245, 245, 245, 244, 246, 248, 247, 246, 247, 248, 251, 251, 250, 249, 250, 254, 253, 253, 252, 253, 256, 255, 256, 255, 255, 259, 258, 258, 257, 258, 262, 261, 261, 260, 260, 264, 264, 264, 263, 263, 267, 266, 266, 266, 266, 269, 268, 269, 268, 268, 272, 271, 272, 271, 269, 274, 273, 274, 273, 273, 277, 276, 276, 275, 275, 279, 278, 279, 278, 277, 281, 281, 282, 281, 280, 284, 283, 284, 285, 284, 287, 286, 287, 287, 286, 290, 289, 290, 290, 289, 292, 291, 292, 293, 292, 295, 294, 294, 295, 295, 297, 297, 296, 298, 297, 299, 300, 299, 301, 300, 302, 301, 301, 303, 303, 304, 304, 303, 306, 305, 307, 306, 306, 309, 308, 309, 308, 308, 311, 310, 311, 311, 310, 313, 313, 314, 314, 313, 316, 315, 315, 316, 315, 318, 317, 318, 318, 317, 321, 320, 320, 321, 320, 323, 322, 323, 324, 323, 326, 325, 325, 325, 325, 329, 328, 327, 328, 327, 330, 330, 330, 331, 330, 333, 332, 332, 334, 333, 336, 335, 334, 336, 335, 338, 338, 337, 338, 337, 340, 340, 340, 341, 340, 343, 343, 342, 343, 343, 346, 346, 345, 346, 345, 348, 349, 348, 349, 348, 351, 351, 350, 353, 352, 354, 354, 353, 354, 355, 356, 357, 356, 357, 356, 358, 359, 359, 359, 359, 361, 362, 361, 361, 362, 363, 365, 363, 364, 364, 365, 368, 367, 366, 366, 368, 370, 370, 369, 369, 371, 373, 373, 372, 372, 373, 376, 376, 375, 374, 375, 378, 379, 378, 377, 378, 381, 380, 381, 381, 381, 383, 383, 383, 382, 383, 386, 385, 386, 385, 384, 388, 388, 389, 388, 387, 390, 390, 391, 390, 390, 393, 393, 393, 393, 392, 394, 395, 396, 396, 395, 397, 397, 399, 399, 398, 400, 399, 400, 400, 399, 402, 402]

################################################################
################### jail_ex_download_list: ######################

[3, 3, 3, 1, 1, 1, 1, 1, 1, 0, 1, 1, 1, 1, 0, 1, 1, 1, 0, 1, 0, 0, 0, 1, 0, 1, 1, 1, 1, 0, 0, 0, 0, 1, 1, 1, 1, 0, 0, 0, 0, 0, 1, 1, 1, 1, 1, 0, 0, 0, 1, 1, 1, 1, 1, 0, 0, 0, 0, 1, 1, 0, 0, 1, 1, 1, 1, 1, 0, 0, 0, 0, 1, 1, 1, 1, 1, 0, 0, 1, 1, 0, 1, 1, 0, 1, 1, 0, 0, 1, 1, 1, 1, 1, 1, 1, 0, 1, 1, 1, 1, 1, 0, 0, 1, 1, 1, 1, 1, 0, 0, 0, 1, 1, 0, 0, 1, 0, 0, 1, 1, 1, 1, 0, 1, 1, 1, 1, 1, 1, 1, 2, 2, 1, 1, 0, 1, 1, 1, 1, 1, 0, 1, 1, 0, 0, 1, 0, 1, 1, 1, 0, 1, 1, 0, 1, 1, 0, 0, 1, 1, 1, 1, 1, 1, 1, 0, 1, 0, 0, 1, 1, 1, 1, 1, 0, 0, 1, 0, 1, 1, 1, 0, 0, 1, 1, 1, 0, 0, 1, 0, 1, 1, 1, 0, 1, 1, 1, 1, 1, 0, 0, 1, 1, 0, 0, 0, 1, 1, 1, 1, 1, 0, 0, 0, 1, 1, 1, 1, 1, 0, 0, 1, 1, 1, 1, 1, 0, 0, 1, 0, 0, 1, 1, 1, 1, 0, 1, 1, 1, 1, 2, 1, 1, 2, 1, 1, 1, 1, 1, 1, 1, 1, 0, 1, 1, 1, 2, 1, 1, 1, 2, 1, 1, 1, 1, 2, 1, 1, 1, 0, 2, 1, 1, 1, 1, 1, 1, 1, 0, 1, 0, 0, 0, 0, 0, 1, 1, 1, 1, 1, 1, 1, 1, 1, 0, 0, 1, 1, 0, 1, 1, 0, 0, 1, 1, 1, 1, 0, 1, 0, 0, 1, 1, 0, 0, 1, 1, 1, 1, 1, 0, 1, 1, 1, 0, 0, 0, 0, 1, 1, 1, 0, 1, 0, 1, 1, 1, 0, 1, 0, 1, 0, 1, 1, 1, 0, 1, 1, 1, 1, 1, 0, 0, 1, 1, 1, 0, 0, 1, 1, 1, 1, 1, 0, 1, 1, 0, 0, 1, 1, 1, 0, 1, 1, 1, 1, 1, 0, 1, 1, 1, 1, 0, 0, 1, 1, 1, 1, 1, 1, 1, 1, 1, 0, 1, 0, 0, 0, 1, 0, 1, 0, 0, 0, 1, 1, 0, 0, 0, 0, 1, 1, 1, 1, 0, 0, 1, 1, 1, 1, 1, 0, 0, 0, 1, 1, 0, 1, 1, 0, 1, 1, 1, 1, 0, 0, 0, 1, 0, 0, 0, 1, 0, 0, 1, 1, 0, 0, 0, 1, 1, 1, 0, 0, 1, 1, 0, 1, 1, 0, 1, 1, 2, 1, 1, 1, 1, 1, 0, 1, 1, 1, 1, 1, 1, 1, 0, 1, 1, 1, 1, 1, 0, 0, 1, 1, 1, 0, 0, 1, 1, 1, 0, 0, 1, 1, 1, 0, 0, 1, 1, 1, 1, 1, 1, 1, 0, 1, 1, 0, 0, 1, 0, 0, 1, 1, 1, 0, 0, 1, 1, 1, 1, 1, 1, 1, 1, 1, 1, 0, 1, 1, 1, 1, 0, 0, 0, 1, 1, 0, 0, 0, 1, 1, 0, 0, 0, 1, 1, 1, 0, 0, 1, 1, 0, 0, 0, 1, 0, 1, 1, 1, 1, 0, 1, 1, 1, 1, 1, 0, 1, 1, 1, 0, 1, 0, 0, 1, 1, 0, 0, 0, 0, 1, 1, 1, 1, 1, 0, 0, 1, 1, 0, 0, 0, 0, 0, 1, 1, 1, 1, 1, 0, 1, 1, 1, 1, 1, 0, 0, 1, 1, 1, 0, 0, 0, 1, 0, 1, 1, 0, 0, 1, 1, 1, 1, 1, 0, 1, 1, 1, 1, 0, 1, 1, 1, 1, 1, 0, 0, 1, 0, 0, 1, 1, 1, 0, 0, 1, 1, 0, 1, 1, 1, 1, 0, 1, 1, 1, 1, 0, 0, 0, 1, 1, 1, 1, 1, 0, 0, 0, 1, 1, 1, 0, 1, 1, 1, 1, 1, 0, 1, 1, 1, 1, 0, 1, 1, 1, 1, 1, 0, 0, 1, 0, 1, 0, 0, 1, 1, 0, 1, 1, 1, 1, 0, 1, 0, 0, 1, 1, 0, 0, 0, 1, 1, 1, 0, 1, 1, 0, 0, 1, 0, 0, 0, 1, 1, 1, 1, 0, 1, 1, 1, 1, 1, 0, 1, 1, 1, 1, 1, 1, 0, 1, 1, 0, 0, 1, 1, 1, 1, 1, 1, 1, 1, 1, 1, 0, 0, 0, 0, 1, 1, 1, 1, 1, 0]

################################################################
################################################################
################### process_jail_download_list: ######################

[10, 10, 10, 7, 7, 7, 7, 7, 7, 7, 7, 8, 8, 7, 6, 7, 7, 7, 6, 7, 6, 6, 6, 6, 6, 7, 7, 7, 7, 6, 6, 6, 7, 7, 7, 7, 7, 6, 6, 6, 6, 6, 7, 7, 7, 6, 6, 6, 6, 6, 7, 7, 7, 7, 6, 6, 6, 6, 6, 6, 6, 6, 6, 7, 7, 7, 7, 6, 6, 6, 6, 6, 7, 7, 7, 6, 7, 6, 6, 7, 7, 6, 7, 7, 6, 6, 7, 6, 6, 7, 7, 7, 7, 7, 7, 7, 6, 7, 7, 7, 7, 7, 6, 6, 7, 7, 7, 7, 6, 7, 7, 6, 7, 7, 6, 6, 6, 6, 6, 7, 8, 8, 7, 6, 7, 7, 7, 7, 8, 7, 7, 8, 8, 7, 7, 6, 7, 7, 7, 7, 7, 6, 7, 7, 6, 6, 7, 6, 6, 7, 7, 6, 8, 8, 6, 7, 7, 6, 6, 6, 6, 7, 6, 7, 7, 7, 6, 7, 6, 6, 7, 7, 6, 7, 7, 6, 6, 8, 7, 7, 7, 7, 7, 7, 7, 7, 7, 6, 6, 7, 6, 6, 7, 7, 6, 7, 7, 7, 7, 7, 7, 7, 7, 7, 6, 6, 6, 7, 7, 7, 6, 7, 6, 6, 6, 7, 7, 7, 7, 7, 6, 6, 7, 7, 6, 7, 6, 6, 6, 7, 6, 7, 10, 10, 10, 10, 8, 9, 9, 9, 9, 9, 8, 9, 10, 10, 9, 8, 8, 8, 9, 9, 8, 8, 9, 9, 9, 10, 9, 9, 8, 9, 9, 9, 8, 9, 8, 9, 9, 9, 8, 8, 9, 9, 8, 8, 9, 7, 7, 6, 7, 6, 6, 6, 6, 6, 6, 7, 7, 7, 7, 8, 7, 7, 7, 6, 6, 7, 7, 6, 7, 7, 6, 7, 7, 7, 7, 7, 6, 7, 7, 6, 6, 7, 6, 6, 7, 7, 7, 7, 7, 7, 7, 7, 7, 6, 6, 7, 6, 7, 7, 6, 6, 7, 6, 7, 7, 7, 6, 7, 6, 7, 6, 7, 7, 7, 6, 7, 7, 7, 7, 7, 7, 7, 7, 7, 7, 6, 6, 7, 7, 7, 7, 7, 6, 7, 7, 7, 6, 7, 7, 7, 6, 7, 7, 6, 7, 7, 7, 7, 7, 6, 7, 6, 6, 6, 7, 7, 7, 7, 7, 7, 7, 7, 6, 7, 6, 7, 7, 7, 6, 7, 7, 6, 7, 7, 6, 6, 6, 6, 7, 7, 7, 7, 6, 6, 6, 7, 7, 7, 6, 7, 7, 7, 7, 8, 7, 6, 7, 7, 7, 7, 7, 7, 7, 7, 7, 6, 7, 7, 6, 6, 7, 7, 7, 7, 7, 6, 7, 7, 7, 7, 7, 6, 6, 7, 7, 6, 7, 7, 6, 7, 6, 8, 7, 8, 7, 7, 7, 6, 7, 7, 7, 7, 7, 7, 7, 6, 7, 7, 7, 7, 7, 7, 7, 7, 7, 7, 7, 7, 7, 7, 7, 7, 7, 7, 7, 7, 6, 6, 7, 7, 7, 7, 7, 7, 7, 6, 7, 7, 6, 6, 7, 7, 7, 7, 7, 6, 6, 6, 7, 7, 7, 7, 7, 7, 7, 7, 7, 7, 7, 8, 8, 7, 7, 7, 7, 7, 7, 7, 7, 7, 7, 7, 7, 6, 7, 7, 7, 7, 7, 7, 7, 6, 7, 6, 7, 7, 7, 7, 7, 7, 7, 7, 6, 7, 7, 7, 6, 7, 6, 7, 7, 7, 6, 7, 7, 7, 7, 7, 6, 6, 6, 6, 7, 7, 7, 7, 7, 7, 7, 7, 7, 6, 6, 6, 6, 6, 7, 7, 7, 7, 7, 6, 7, 7, 7, 7, 7, 7, 7, 7, 7, 7, 6, 6, 7, 7, 6, 7, 7, 6, 6, 7, 7, 7, 7, 7, 6, 7, 7, 7, 7, 6, 7, 7, 6, 7, 7, 6, 6, 7, 7, 7, 7, 7, 7, 7, 7, 7, 7, 7, 7, 7, 7, 7, 7, 7, 7, 7, 7, 7, 7, 7, 8, 8, 7, 7, 7, 6, 7, 6, 7, 7, 7, 6, 7, 7, 7, 6, 7, 6, 7, 7, 7, 7, 6, 7, 7, 7, 7, 7, 7, 7, 6, 6, 7, 7, 7, 7, 7, 7, 7, 8, 8, 7, 6, 7, 7, 7, 7, 7, 7, 7, 7, 7, 7, 7, 6, 8, 8, 7, 6, 7, 6, 6, 6, 7, 6, 7, 7, 6, 7, 7, 7, 7, 7, 6, 7, 7, 7, 7, 7, 7, 6, 7, 7, 6, 6, 7, 7, 7, 7, 7, 7, 7, 7, 7, 6, 6, 6, 6, 6, 7, 7, 7, 7, 7, 6]

################################################################
################################################################
################### process_jail_list: ######################

[7, 7, 7, 6, 6, 6, 6, 6, 6, 7, 6, 7, 7, 6, 6, 6, 6, 6, 6, 6, 6, 6, 6, 5, 6, 6, 6, 6, 6, 6, 6, 6, 7, 6, 6, 6, 6, 6, 6, 6, 6, 6, 6, 6, 6, 5, 5, 6, 6, 6, 6, 6, 6, 6, 5, 6, 6, 6, 6, 5, 5, 6, 6, 6, 6, 6, 6, 5, 6, 6, 6, 6, 6, 6, 6, 5, 6, 6, 6, 6, 6, 6, 6, 6, 6, 5, 6, 6, 6, 6, 6, 6, 6, 6, 6, 6, 6, 6, 6, 6, 6, 6, 6, 6, 6, 6, 6, 6, 5, 7, 7, 6, 6, 6, 6, 6, 5, 6, 6, 6, 7, 7, 6, 6, 6, 6, 6, 6, 7, 6, 6, 6, 6, 6, 6, 6, 6, 6, 6, 6, 6, 6, 6, 6, 6, 6, 6, 6, 5, 6, 6, 6, 7, 7, 6, 6, 6, 6, 6, 5, 5, 6, 5, 6, 6, 6, 6, 6, 6, 6, 6, 6, 5, 6, 6, 6, 6, 7, 7, 6, 6, 6, 7, 7, 6, 6, 6, 6, 6, 6, 6, 5, 6, 6, 6, 6, 6, 6, 6, 6, 7, 7, 6, 6, 6, 6, 6, 6, 6, 6, 5, 6, 6, 6, 6, 6, 6, 6, 6, 6, 6, 6, 6, 6, 5, 6, 5, 6, 6, 6, 6, 7, 9, 9, 9, 9, 8, 8, 8, 8, 8, 7, 7, 8, 8, 9, 8, 7, 7, 7, 8, 8, 7, 8, 8, 8, 8, 8, 8, 8, 7, 7, 8, 8, 7, 8, 6, 8, 8, 8, 8, 6, 8, 8, 7, 7, 8, 6, 6, 6, 6, 6, 6, 6, 6, 6, 5, 6, 6, 6, 6, 7, 6, 6, 6, 6, 6, 6, 6, 6, 6, 6, 6, 7, 6, 6, 6, 6, 6, 6, 7, 6, 5, 6, 6, 6, 6, 6, 6, 6, 6, 7, 6, 6, 6, 6, 6, 7, 6, 6, 6, 5, 6, 6, 6, 6, 6, 6, 6, 6, 6, 6, 6, 6, 6, 6, 6, 6, 6, 6, 6, 6, 7, 7, 6, 6, 6, 6, 6, 6, 6, 6, 6, 6, 6, 6, 6, 7, 6, 6, 6, 6, 6, 6, 6, 5, 6, 6, 7, 6, 6, 5, 6, 6, 6, 5, 6, 6, 6, 6, 6, 6, 6, 6, 6, 6, 6, 7, 7, 6, 6, 6, 7, 6, 7, 6, 5, 6, 6, 6, 7, 6, 6, 6, 5, 6, 6, 6, 6, 6, 5, 6, 7, 7, 7, 7, 6, 6, 6, 6, 7, 6, 6, 6, 6, 7, 7, 6, 6, 7, 6, 6, 6, 7, 7, 6, 6, 6, 7, 7, 6, 6, 6, 6, 6, 6, 6, 6, 6, 6, 6, 6, 5, 6, 6, 7, 6, 6, 6, 6, 6, 6, 6, 6, 6, 6, 6, 6, 6, 6, 6, 6, 6, 7, 7, 6, 6, 6, 7, 7, 6, 6, 6, 7, 7, 6, 6, 6, 6, 6, 6, 6, 6, 6, 6, 6, 6, 6, 6, 6, 6, 6, 6, 7, 7, 6, 6, 5, 6, 6, 6, 6, 6, 6, 6, 6, 6, 6, 6, 6, 7, 7, 7, 6, 6, 7, 7, 7, 6, 6, 7, 7, 7, 6, 6, 6, 7, 7, 6, 6, 6, 7, 7, 5, 6, 6, 7, 7, 6, 7, 6, 6, 6, 6, 6, 6, 6, 6, 5, 6, 6, 6, 6, 6, 6, 6, 7, 7, 6, 6, 6, 6, 6, 6, 6, 6, 6, 6, 6, 7, 7, 6, 6, 6, 6, 6, 6, 6, 6, 6, 6, 6, 6, 6, 6, 6, 6, 6, 6, 7, 7, 6, 6, 6, 6, 6, 7, 6, 6, 6, 6, 6, 6, 6, 6, 6, 6, 6, 6, 6, 6, 6, 6, 6, 6, 6, 5, 6, 6, 6, 6, 6, 7, 7, 6, 6, 6, 7, 7, 6, 6, 7, 6, 6, 6, 6, 7, 6, 6, 6, 6, 7, 7, 7, 7, 7, 6, 6, 6, 6, 7, 6, 6, 6, 6, 6, 6, 6, 6, 5, 6, 6, 6, 6, 6, 6, 6, 6, 6, 6, 6, 6, 7, 7, 5, 6, 6, 7, 7, 6, 6, 7, 6, 7, 7, 6, 6, 6, 7, 7, 6, 6, 7, 7, 7, 6, 6, 6, 6, 7, 7, 7, 6, 6, 6, 6, 6, 6, 5, 6, 6, 6, 6, 6, 6, 6, 6, 6, 6, 6, 6, 6, 6, 6, 6, 6, 6, 6, 6, 6, 6, 6, 6, 6, 6, 6, 6, 6, 5, 6, 6, 6, 6, 6, 6, 6, 6, 6, 6]

################################################################
