Numero total de amostras 770

Tempo total de processamento: 0:12:40

############## TEMPOS DE PROCESSAMENTO DO EXERCICIO NO JAIL  ####################
Soma 4746 segundos
Media 6.163636363636364 segundos
Desvio padr達o 0.4959338798903947 segundos
Minimo 5 segundos
Maximo 8 segundos

95% 5.0 segundos
99% 5.0 segundos

############## TEMPOS DE PROCESSAMENTO DO EXERCICIO NO JAIL COM DOWNLOAD  ################
Soma 5325 segundos
Media 6.915584415584416 segundos
Desvio padr達o 0.6927387647019346 segundos
Minimo 6 segundos
Maximo 11 segundos

95% 6.0 segundos
99% 6.0 segundos

################### TEMPOS DE DOWNLOAD DO EXERCICIO NO JAIL #######################
Soma 579 segundos
Media 0.7519480519480519 segundos
Desvio padr達o 0.5437031250696384 segundos
Minimo 0 segundos
Maximo 4 segundos

95% 0.0 segundos
99% 0.0 segundos

############################ TEMPOS DE ESPERA NA FILA ############################
Soma 45231
Media 58.74155844155844 segundos
Desvio padr達o 27.9743289122499 segundos
Minimo 3 segundos
Maximo 107 segundos

95% 8.0 segundos
99% 8.0 segundos

################### queue_wait_time_list: ######################

[8, 7, 6, 5, 4, 3, 3, 12, 11, 11, 9, 9, 8, 8, 13, 13, 12, 11, 11, 10, 10, 15, 15, 14, 13, 13, 12, 12, 16, 16, 15, 14, 14, 13, 13, 17, 17, 17, 16, 15, 15, 14, 18, 18, 18, 17, 16, 16, 15, 18, 18, 18, 18, 16, 16, 16, 19, 19, 19, 19, 18, 17, 18, 19, 20, 19, 20, 19, 18, 18, 20, 21, 20, 21, 20, 19, 20, 20, 21, 21, 20, 20, 21, 20, 21, 22, 21, 22, 22, 21, 21, 21, 22, 22, 23, 22, 22, 23, 22, 23, 22, 23, 23, 23, 23, 22, 23, 23, 24, 24, 24, 24, 23, 24, 24, 25, 24, 25, 24, 24, 24, 24, 25, 25, 24, 25, 24, 24, 24, 26, 25, 26, 26, 26, 26, 25, 27, 26, 28, 28, 28, 27, 26, 28, 27, 29, 29, 29, 29, 28, 28, 28, 31, 32, 31, 31, 30, 31, 30, 32, 33, 33, 32, 32, 32, 32, 33, 34, 35, 34, 33, 34, 33, 33, 35, 36, 35, 35, 35, 34, 34, 35, 36, 36, 36, 36, 35, 35, 37, 38, 37, 37, 37, 36, 35, 37, 38, 37, 37, 38, 37, 36, 37, 38, 38, 38, 39, 39, 38, 37, 39, 39, 39, 40, 40, 39, 39, 40, 40, 39, 41, 40, 40, 40, 39, 40, 40, 41, 41, 41, 41, 41, 41, 39, 41, 40, 41, 41, 42, 41, 41, 42, 41, 42, 42, 42, 41, 41, 43, 42, 43, 43, 43, 42, 42, 43, 43, 44, 44, 43, 43, 42, 44, 43, 45, 45, 44, 43, 43, 44, 44, 46, 46, 45, 45, 44, 45, 45, 47, 47, 46, 46, 45, 46, 45, 48, 48, 48, 47, 46, 46, 46, 49, 49, 48, 48, 47, 47, 46, 50, 50, 49, 49, 48, 47, 47, 50, 51, 50, 49, 48, 48, 47, 51, 52, 51, 50, 49, 48, 48, 51, 52, 51, 51, 50, 49, 49, 52, 54, 53, 52, 52, 51, 50, 53, 54, 54, 53, 53, 52, 51, 53, 54, 55, 54, 53, 53, 52, 54, 56, 56, 55, 54, 54, 53, 54, 56, 56, 56, 55, 55, 54, 55, 57, 57, 57, 56, 56, 55, 55, 58, 58, 58, 57, 56, 55, 56, 58, 58, 59, 58, 58, 57, 56, 59, 58, 60, 59, 58, 57, 56, 59, 59, 61, 60, 59, 58, 58, 60, 60, 62, 62, 61, 61, 60, 61, 61, 63, 63, 63, 62, 61, 61, 61, 63, 64, 63, 63, 62, 62, 62, 64, 64, 64, 63, 63, 63, 62, 64, 65, 65, 64, 63, 63, 63, 64, 64, 66, 65, 64, 63, 63, 65, 66, 67, 66, 65, 66, 65, 65, 66, 68, 67, 67, 66, 66, 66, 67, 68, 67, 67, 68, 67, 67, 67, 69, 67, 68, 69, 69, 68, 68, 69, 69, 69, 69, 70, 69, 68, 70, 70, 69, 70, 71, 70, 69, 71, 71, 70, 71, 71, 71, 70, 71, 72, 71, 72, 72, 72, 71, 72, 72, 71, 71, 73, 73, 71, 72, 73, 72, 73, 74, 74, 73, 73, 73, 73, 74, 74, 75, 74, 73, 74, 73, 74, 75, 76, 75, 74, 75, 74, 75, 76, 76, 75, 75, 77, 76, 76, 77, 78, 77, 76, 78, 78, 78, 78, 81, 80, 79, 81, 80, 80, 80, 83, 82, 81, 82, 81, 81, 81, 84, 83, 82, 83, 83, 83, 82, 84, 84, 83, 84, 84, 84, 84, 85, 85, 84, 84, 84, 85, 84, 86, 86, 85, 85, 85, 85, 85, 86, 87, 86, 86, 86, 87, 86, 87, 88, 88, 87, 86, 87, 86, 88, 89, 88, 87, 87, 88, 87, 88, 89, 89, 88, 88, 88, 88, 89, 90, 90, 89, 89, 89, 88, 90, 91, 90, 91, 90, 90, 89, 90, 92, 91, 91, 91, 90, 90, 91, 92, 91, 92, 92, 92, 91, 91, 93, 92, 93, 92, 93, 92, 92, 94, 93, 93, 93, 93, 93, 93, 94, 93, 94, 93, 94, 93, 93, 95, 94, 94, 94, 95, 94, 94, 96, 95, 96, 95, 96, 95, 95, 97, 96, 97, 96, 97, 96, 96, 98, 97, 98, 97, 98, 97, 97, 99, 98, 99, 98, 99, 98, 97, 99, 98, 99, 98, 100, 99, 98, 100, 99, 100, 99, 100, 101, 100, 101, 100, 101, 100, 101, 102, 101, 103, 102, 102, 101, 102, 103, 102, 103, 102, 103, 102, 102, 104, 103, 104, 103, 104, 103, 103, 105, 104, 105, 104, 104, 103, 104, 105, 104, 105, 104, 105, 104, 104, 106, 104, 106, 105, 106, 105, 105, 107, 106, 107, 106, 106, 106, 106]

################################################################
################### jail_ex_download_list: ######################

[3, 3, 3, 3, 3, 4, 3, 1, 1, 0, 0, 1, 1, 1, 1, 1, 1, 1, 1, 1, 1, 1, 1, 1, 1, 1, 1, 1, 1, 1, 1, 1, 1, 2, 2, 1, 1, 1, 1, 1, 0, 0, 1, 1, 0, 1, 1, 0, 0, 1, 1, 1, 0, 0, 1, 0, 1, 1, 0, 0, 0, 1, 0, 1, 0, 1, 1, 1, 1, 1, 1, 0, 1, 1, 1, 1, 0, 1, 1, 0, 0, 1, 0, 0, 0, 0, 1, 1, 0, 1, 0, 1, 1, 1, 0, 1, 1, 0, 0, 0, 1, 1, 1, 1, 1, 1, 1, 1, 1, 0, 1, 1, 1, 0, 0, 0, 1, 0, 1, 1, 1, 1, 1, 0, 1, 1, 1, 0, 0, 1, 1, 1, 0, 2, 1, 1, 1, 1, 1, 1, 1, 1, 1, 0, 1, 1, 2, 1, 1, 1, 2, 1, 1, 1, 1, 1, 1, 1, 1, 1, 1, 2, 2, 1, 1, 1, 0, 0, 1, 1, 1, 1, 1, 1, 0, 1, 2, 1, 1, 1, 1, 1, 0, 0, 1, 1, 1, 1, 0, 0, 1, 0, 1, 1, 1, 1, 0, 1, 1, 1, 1, 1, 0, 1, 1, 1, 1, 0, 0, 1, 1, 1, 0, 1, 0, 1, 1, 1, 0, 1, 0, 1, 0, 0, 1, 1, 0, 1, 0, 0, 0, 0, 0, 1, 0, 1, 1, 1, 0, 1, 0, 1, 0, 1, 1, 1, 1, 0, 0, 1, 1, 1, 0, 1, 0, 1, 1, 1, 1, 1, 0, 1, 0, 1, 1, 1, 1, 1, 1, 1, 1, 0, 0, 1, 1, 1, 0, 0, 1, 1, 1, 0, 1, 0, 1, 1, 1, 0, 1, 1, 1, 0, 1, 1, 1, 1, 1, 0, 1, 0, 1, 1, 0, 1, 1, 1, 1, 0, 0, 1, 1, 0, 1, 0, 0, 0, 0, 1, 1, 1, 1, 1, 1, 0, 2, 2, 1, 1, 0, 1, 1, 0, 1, 1, 0, 0, 1, 1, 0, 1, 1, 1, 1, 1, 1, 1, 1, 1, 0, 0, 0, 1, 1, 1, 1, 1, 1, 1, 1, 1, 1, 1, 0, 0, 0, 1, 1, 1, 1, 1, 0, 0, 1, 1, 1, 1, 0, 1, 0, 1, 1, 0, 1, 1, 0, 1, 1, 1, 1, 1, 1, 1, 1, 0, 2, 2, 2, 1, 1, 1, 1, 1, 1, 1, 0, 1, 1, 0, 1, 1, 1, 1, 1, 1, 1, 0, 1, 0, 1, 1, 1, 0, 1, 1, 1, 0, 1, 1, 0, 0, 0, 0, 1, 1, 1, 1, 0, 1, 1, 1, 1, 1, 0, 0, 0, 2, 2, 1, 1, 1, 1, 0, 1, 1, 1, 1, 1, 0, 1, 1, 1, 1, 1, 0, 1, 0, 1, 1, 1, 0, 0, 1, 1, 1, 0, 0, 0, 0, 1, 1, 0, 0, 1, 0, 1, 1, 0, 0, 0, 1, 1, 1, 1, 0, 0, 0, 1, 1, 1, 1, 0, 1, 1, 1, 0, 1, 1, 1, 1, 1, 1, 0, 0, 0, 0, 1, 0, 1, 1, 0, 0, 1, 1, 1, 0, 0, 0, 0, 1, 1, 1, 1, 1, 1, 1, 1, 0, 1, 1, 0, 1, 1, 2, 1, 1, 1, 0, 1, 1, 1, 0, 1, 0, 1, 1, 1, 1, 1, 2, 2, 1, 0, 1, 1, 1, 0, 1, 1, 1, 1, 1, 0, 0, 1, 0, 1, 1, 1, 1, 1, 0, 1, 0, 1, 1, 0, 0, 1, 1, 1, 1, 1, 0, 0, 0, 1, 1, 1, 0, 0, 1, 1, 1, 0, 0, 1, 1, 1, 0, 1, 1, 1, 1, 1, 0, 1, 0, 1, 1, 0, 1, 0, 1, 1, 0, 0, 1, 1, 1, 1, 1, 1, 0, 0, 1, 1, 1, 1, 1, 1, 1, 0, 0, 1, 1, 1, 0, 0, 0, 1, 1, 1, 1, 0, 0, 1, 1, 1, 0, 0, 1, 1, 0, 1, 1, 1, 1, 1, 1, 1, 0, 1, 1, 1, 1, 1, 0, 0, 1, 1, 1, 1, 1, 0, 0, 1, 1, 1, 0, 0, 0, 0, 1, 1, 1, 0, 0, 0, 0, 1, 1, 1, 1, 1, 1, 1, 1, 1, 1, 1, 1, 1, 1, 0, 1, 1, 1, 1, 1, 1, 1, 1, 1, 0, 0, 1, 1, 1, 1, 1, 1, 1, 1, 1, 0, 1, 1, 1, 0, 0, 0, 1, 0, 0, 0, 0, 1, 1, 0, 1, 1, 1, 1, 1, 1, 1, 1, 1, 1, 1, 0, 1, 1, 1, 1, 1, 1, 1, 0, 0]

################################################################
################################################################
################### process_jail_download_list: ######################

[10, 10, 11, 11, 11, 11, 11, 8, 8, 7, 7, 8, 8, 8, 8, 7, 8, 8, 8, 8, 8, 7, 7, 7, 7, 7, 7, 7, 7, 7, 8, 8, 7, 8, 8, 7, 7, 7, 7, 7, 6, 6, 6, 6, 6, 7, 7, 6, 7, 7, 7, 7, 7, 7, 7, 7, 6, 7, 6, 7, 7, 7, 6, 7, 7, 7, 7, 7, 7, 8, 6, 6, 7, 7, 7, 8, 7, 7, 7, 6, 6, 7, 6, 7, 6, 6, 7, 7, 6, 7, 7, 7, 7, 6, 6, 7, 7, 6, 6, 6, 7, 7, 7, 7, 7, 7, 7, 7, 7, 6, 7, 7, 7, 6, 6, 6, 7, 6, 7, 7, 7, 7, 7, 6, 7, 7, 7, 7, 6, 7, 7, 8, 7, 8, 7, 7, 7, 7, 7, 7, 7, 8, 8, 6, 7, 8, 9, 8, 8, 8, 9, 8, 7, 8, 8, 7, 8, 8, 8, 7, 7, 8, 8, 7, 7, 7, 6, 7, 7, 7, 8, 7, 7, 7, 6, 7, 8, 7, 7, 7, 7, 7, 7, 6, 7, 7, 7, 6, 6, 6, 6, 6, 7, 7, 7, 7, 7, 7, 7, 7, 8, 8, 6, 6, 7, 7, 7, 7, 7, 7, 7, 7, 6, 7, 6, 7, 7, 6, 6, 7, 6, 7, 7, 7, 7, 7, 6, 7, 6, 6, 6, 7, 6, 7, 6, 7, 7, 7, 6, 6, 6, 7, 6, 7, 7, 7, 7, 7, 6, 7, 7, 7, 6, 7, 6, 7, 6, 7, 7, 7, 6, 7, 6, 7, 7, 7, 7, 8, 7, 7, 7, 7, 7, 7, 7, 7, 7, 6, 7, 7, 8, 7, 7, 6, 7, 7, 7, 6, 7, 7, 7, 6, 7, 7, 7, 7, 7, 6, 7, 6, 7, 7, 6, 6, 7, 6, 7, 7, 7, 7, 7, 6, 7, 6, 6, 6, 7, 7, 7, 7, 7, 8, 8, 7, 8, 8, 7, 7, 7, 7, 7, 7, 7, 7, 6, 6, 7, 7, 6, 7, 7, 7, 7, 7, 7, 7, 7, 7, 6, 6, 6, 7, 7, 7, 7, 7, 7, 7, 7, 7, 7, 7, 6, 7, 7, 7, 7, 7, 7, 7, 6, 6, 7, 7, 7, 7, 6, 7, 6, 7, 7, 6, 6, 6, 6, 7, 7, 7, 7, 7, 8, 7, 7, 7, 8, 9, 8, 8, 7, 7, 7, 8, 7, 7, 7, 6, 6, 6, 7, 7, 6, 7, 7, 7, 7, 6, 7, 6, 7, 7, 6, 6, 7, 7, 7, 6, 6, 7, 6, 6, 7, 7, 7, 7, 6, 7, 7, 7, 7, 7, 8, 8, 6, 6, 7, 8, 7, 7, 7, 7, 7, 6, 7, 6, 7, 7, 7, 6, 7, 6, 7, 8, 8, 6, 7, 6, 7, 7, 7, 7, 7, 6, 7, 7, 6, 7, 7, 7, 7, 7, 7, 7, 6, 6, 7, 7, 6, 7, 7, 7, 7, 7, 7, 7, 6, 6, 6, 7, 7, 7, 6, 7, 7, 7, 6, 7, 7, 7, 6, 7, 7, 6, 7, 7, 6, 7, 6, 7, 7, 7, 7, 7, 7, 7, 6, 7, 6, 6, 7, 8, 8, 7, 7, 8, 8, 7, 7, 8, 8, 6, 9, 9, 9, 8, 7, 7, 8, 8, 8, 8, 7, 7, 7, 7, 7, 7, 7, 7, 8, 8, 7, 6, 7, 7, 7, 7, 7, 8, 7, 7, 7, 6, 6, 7, 6, 7, 7, 7, 7, 7, 6, 7, 6, 7, 7, 7, 7, 8, 7, 7, 7, 8, 7, 6, 6, 6, 7, 7, 6, 6, 7, 7, 7, 6, 6, 7, 7, 7, 6, 7, 7, 7, 7, 7, 7, 7, 6, 7, 7, 6, 8, 7, 7, 7, 6, 7, 7, 6, 7, 7, 7, 7, 6, 6, 7, 7, 7, 7, 6, 7, 7, 7, 6, 7, 7, 7, 7, 7, 6, 7, 6, 7, 7, 6, 6, 7, 6, 7, 6, 6, 7, 7, 6, 7, 7, 7, 7, 7, 7, 8, 7, 7, 7, 7, 7, 7, 7, 7, 7, 7, 7, 7, 7, 7, 7, 7, 7, 7, 7, 7, 7, 7, 7, 7, 6, 6, 6, 6, 6, 7, 7, 7, 7, 7, 7, 7, 7, 8, 8, 7, 7, 7, 7, 6, 7, 7, 8, 8, 7, 7, 7, 7, 7, 6, 6, 7, 7, 6, 7, 7, 7, 7, 7, 7, 6, 7, 7, 7, 7, 6, 6, 7, 6, 6, 6, 6, 7, 7, 6, 7, 7, 7, 7, 7, 7, 7, 7, 7, 7, 7, 6, 7, 7, 7, 7, 7, 7, 7, 6, 6]

################################################################
################################################################
################### process_jail_list: ######################

[7, 7, 8, 8, 8, 7, 8, 7, 7, 7, 7, 7, 7, 7, 7, 6, 7, 7, 7, 7, 7, 6, 6, 6, 6, 6, 6, 6, 6, 6, 7, 7, 6, 6, 6, 6, 6, 6, 6, 6, 6, 6, 5, 5, 6, 6, 6, 6, 7, 6, 6, 6, 7, 7, 6, 7, 5, 6, 6, 7, 7, 6, 6, 6, 7, 6, 6, 6, 6, 7, 5, 6, 6, 6, 6, 7, 7, 6, 6, 6, 6, 6, 6, 7, 6, 6, 6, 6, 6, 6, 7, 6, 6, 5, 6, 6, 6, 6, 6, 6, 6, 6, 6, 6, 6, 6, 6, 6, 6, 6, 6, 6, 6, 6, 6, 6, 6, 6, 6, 6, 6, 6, 6, 6, 6, 6, 6, 7, 6, 6, 6, 7, 7, 6, 6, 6, 6, 6, 6, 6, 6, 7, 7, 6, 6, 7, 7, 7, 7, 7, 7, 7, 6, 7, 7, 6, 7, 7, 7, 6, 6, 6, 6, 6, 6, 6, 6, 7, 6, 6, 7, 6, 6, 6, 6, 6, 6, 6, 6, 6, 6, 6, 7, 6, 6, 6, 6, 5, 6, 6, 5, 6, 6, 6, 6, 6, 7, 6, 6, 6, 7, 7, 6, 5, 6, 6, 6, 7, 7, 6, 6, 6, 6, 6, 6, 6, 6, 5, 6, 6, 6, 6, 7, 7, 6, 6, 6, 6, 6, 6, 6, 7, 6, 6, 6, 6, 6, 6, 6, 5, 6, 6, 6, 6, 6, 6, 6, 7, 6, 6, 6, 6, 6, 6, 6, 6, 5, 6, 6, 6, 6, 6, 6, 6, 6, 6, 6, 7, 6, 6, 6, 7, 7, 6, 6, 6, 7, 6, 6, 6, 7, 7, 6, 6, 6, 6, 6, 6, 6, 6, 6, 6, 6, 6, 6, 6, 6, 6, 6, 6, 6, 6, 6, 5, 6, 5, 6, 7, 7, 6, 6, 6, 6, 6, 6, 6, 7, 6, 6, 6, 6, 7, 7, 7, 6, 6, 6, 6, 7, 6, 6, 7, 6, 6, 6, 6, 6, 6, 6, 6, 6, 6, 6, 6, 6, 6, 6, 6, 6, 6, 6, 6, 6, 6, 6, 6, 6, 6, 6, 6, 6, 6, 6, 7, 7, 6, 6, 6, 6, 6, 6, 6, 6, 6, 6, 6, 6, 6, 6, 6, 6, 6, 5, 5, 6, 6, 6, 6, 6, 6, 7, 6, 6, 7, 6, 7, 6, 7, 6, 6, 6, 7, 6, 6, 7, 5, 5, 6, 6, 6, 5, 6, 6, 6, 6, 6, 6, 6, 6, 6, 5, 6, 6, 6, 6, 6, 5, 6, 6, 6, 7, 7, 6, 6, 5, 6, 7, 6, 6, 6, 7, 7, 6, 6, 7, 6, 5, 6, 6, 6, 6, 6, 6, 5, 6, 6, 6, 6, 6, 5, 6, 7, 7, 6, 6, 6, 6, 6, 6, 7, 7, 5, 6, 6, 6, 7, 7, 7, 6, 6, 7, 7, 5, 6, 6, 6, 6, 7, 7, 6, 6, 6, 6, 7, 6, 6, 5, 6, 6, 6, 6, 6, 6, 6, 6, 6, 6, 6, 5, 6, 6, 6, 7, 7, 6, 6, 6, 6, 6, 7, 7, 6, 6, 6, 6, 7, 6, 6, 6, 7, 7, 6, 6, 7, 7, 6, 7, 7, 7, 6, 8, 8, 7, 7, 6, 6, 8, 7, 7, 7, 7, 6, 7, 6, 6, 6, 6, 6, 6, 6, 6, 6, 6, 6, 6, 7, 6, 7, 6, 6, 6, 6, 6, 6, 6, 6, 6, 6, 6, 6, 6, 6, 6, 6, 6, 7, 7, 7, 6, 6, 6, 7, 7, 6, 6, 5, 6, 6, 6, 6, 6, 6, 6, 6, 6, 6, 6, 6, 6, 6, 6, 6, 6, 6, 7, 6, 6, 6, 6, 6, 7, 7, 6, 6, 6, 7, 6, 5, 6, 6, 6, 6, 6, 6, 6, 6, 6, 6, 5, 6, 6, 7, 6, 6, 6, 6, 7, 7, 6, 6, 5, 6, 6, 6, 6, 6, 5, 6, 6, 6, 6, 6, 6, 6, 6, 6, 6, 6, 6, 7, 7, 6, 6, 6, 6, 6, 7, 7, 6, 6, 6, 6, 6, 7, 7, 6, 6, 6, 7, 7, 7, 7, 6, 6, 5, 6, 6, 6, 6, 6, 6, 6, 6, 6, 6, 6, 6, 7, 7, 6, 6, 6, 6, 6, 6, 6, 7, 7, 6, 6, 6, 6, 6, 6, 6, 6, 6, 5, 6, 6, 6, 6, 6, 6, 6, 6, 6, 6, 7, 6, 6, 6, 6, 6, 6, 6, 6, 6, 6, 6, 6, 6, 6, 6, 6, 6, 6, 6, 6, 6, 6, 6, 6, 6, 6, 6, 6, 6, 6, 6]

################################################################
