Numero total de amostras 770

Tempo total de processamento: 0:12:59

############## TEMPOS DE PROCESSAMENTO DO EXERCICIO NO JAIL  ####################
Soma 4861 segundos
Media 6.312987012987013 segundos
Desvio padr達o 0.514175837665608 segundos
Minimo 5 segundos
Maximo 8 segundos

95% 5.0 segundos
99% 5.0 segundos

############## TEMPOS DE PROCESSAMENTO DO EXERCICIO NO JAIL COM DOWNLOAD  ################
Soma 5442 segundos
Media 7.067532467532468 segundos
Desvio padr達o 0.6184273221987877 segundos
Minimo 6 segundos
Maximo 10 segundos

95% 6.0 segundos
99% 6.0 segundos

################### TEMPOS DE DOWNLOAD DO EXERCICIO NO JAIL #######################
Soma 581 segundos
Media 0.7545454545454545 segundos
Desvio padr達o 0.5078719172168517 segundos
Minimo 0 segundos
Maximo 3 segundos

95% 0.0 segundos
99% 0.0 segundos

############################ TEMPOS DE ESPERA NA FILA ############################
Soma 49300
Media 64.02597402597402 segundos
Desvio padr達o 32.10343430508866 segundos
Minimo 2 segundos
Maximo 123 segundos

95% 7.0 segundos
99% 7.0 segundos

################### queue_wait_time_list: ######################

[8, 7, 6, 5, 4, 3, 2, 11, 10, 9, 7, 8, 7, 6, 13, 12, 11, 10, 9, 8, 7, 14, 13, 12, 12, 11, 10, 9, 15, 14, 13, 13, 12, 11, 10, 16, 16, 15, 14, 14, 13, 12, 16, 16, 16, 14, 14, 15, 14, 16, 18, 17, 16, 16, 16, 15, 17, 19, 18, 17, 17, 17, 16, 18, 20, 19, 19, 18, 17, 17, 19, 20, 20, 20, 19, 18, 17, 19, 21, 21, 21, 20, 19, 18, 20, 22, 22, 22, 22, 21, 20, 21, 23, 22, 23, 24, 23, 22, 22, 24, 24, 24, 26, 25, 24, 24, 23, 25, 25, 27, 26, 26, 26, 25, 25, 25, 28, 27, 27, 27, 26, 26, 27, 29, 28, 29, 29, 28, 27, 27, 30, 29, 30, 29, 29, 28, 28, 31, 30, 30, 30, 30, 29, 28, 32, 31, 31, 31, 31, 30, 29, 33, 32, 32, 32, 32, 31, 30, 33, 33, 33, 32, 33, 33, 32, 34, 33, 34, 34, 34, 34, 33, 35, 34, 35, 35, 35, 35, 34, 35, 35, 36, 35, 36, 35, 35, 37, 36, 36, 37, 36, 36, 35, 37, 37, 37, 36, 37, 37, 36, 38, 37, 38, 38, 38, 37, 37, 39, 38, 39, 38, 40, 39, 38, 41, 40, 40, 39, 40, 39, 39, 42, 41, 40, 41, 42, 41, 40, 43, 42, 41, 42, 43, 42, 41, 44, 43, 42, 43, 44, 43, 42, 45, 44, 44, 44, 45, 44, 43, 46, 45, 45, 44, 45, 45, 44, 48, 47, 47, 46, 46, 46, 45, 49, 48, 48, 47, 47, 47, 47, 51, 50, 50, 50, 50, 49, 48, 52, 51, 51, 51, 52, 51, 50, 53, 52, 52, 52, 53, 53, 52, 53, 53, 53, 53, 53, 54, 53, 54, 53, 53, 53, 54, 55, 54, 54, 53, 54, 54, 54, 56, 55, 55, 54, 55, 55, 56, 56, 56, 55, 55, 55, 56, 55, 57, 57, 57, 56, 56, 57, 57, 57, 57, 58, 57, 57, 56, 57, 58, 58, 58, 58, 58, 58, 58, 59, 59, 59, 58, 58, 59, 59, 59, 60, 60, 59, 59, 59, 59, 60, 60, 61, 60, 60, 61, 60, 61, 61, 61, 61, 61, 61, 61, 62, 62, 62, 61, 61, 62, 61, 63, 63, 62, 62, 63, 62, 63, 64, 64, 63, 63, 64, 64, 64, 64, 65, 64, 64, 65, 65, 65, 65, 66, 65, 66, 66, 66, 66, 66, 68, 67, 66, 67, 67, 66, 67, 68, 68, 67, 69, 69, 68, 67, 69, 68, 68, 70, 70, 69, 69, 69, 69, 69, 72, 72, 71, 70, 70, 70, 70, 72, 72, 72, 71, 71, 71, 71, 73, 73, 73, 72, 72, 72, 72, 74, 74, 75, 74, 73, 72, 72, 74, 75, 76, 76, 75, 74, 73, 75, 76, 77, 77, 77, 76, 75, 76, 77, 78, 78, 78, 77, 76, 77, 77, 79, 79, 79, 78, 77, 78, 78, 79, 80, 79, 79, 78, 79, 79, 80, 80, 80, 81, 80, 79, 80, 82, 82, 81, 82, 81, 80, 81, 83, 83, 82, 83, 83, 82, 82, 83, 84, 83, 83, 84, 83, 83, 84, 85, 84, 84, 85, 84, 84, 85, 85, 85, 85, 85, 85, 85, 86, 86, 85, 85, 86, 85, 86, 86, 87, 86, 86, 87, 86, 87, 87, 87, 87, 86, 87, 87, 88, 88, 88, 88, 87, 89, 89, 89, 88, 89, 88, 89, 89, 91, 91, 90, 90, 90, 90, 90, 92, 92, 91, 91, 91, 91, 91, 93, 94, 93, 92, 92, 92, 92, 94, 96, 95, 94, 93, 92, 92, 95, 96, 96, 95, 94, 93, 93, 95, 97, 97, 96, 96, 95, 94, 96, 98, 98, 97, 96, 96, 95, 97, 99, 99, 98, 98, 97, 96, 97, 100, 100, 99, 98, 98, 97, 98, 101, 102, 101, 100, 99, 98, 99, 101, 104, 103, 102, 101, 100, 100, 102, 105, 105, 104, 104, 103, 102, 102, 105, 106, 105, 105, 104, 103, 103, 106, 106, 106, 105, 105, 104, 104, 106, 107, 107, 107, 106, 105, 105, 106, 108, 108, 108, 107, 107, 107, 108, 109, 109, 109, 108, 109, 108, 109, 110, 109, 111, 110, 110, 110, 110, 111, 111, 112, 111, 111, 110, 111, 112, 112, 114, 113, 113, 112, 111, 113, 113, 115, 114, 114, 114, 113, 114, 114, 117, 116, 116, 116, 115, 115, 114, 118, 117, 117, 117, 116, 117, 116, 119, 119, 118, 118, 117, 118, 117, 118, 120, 120, 118, 118, 119, 118, 120, 121, 121, 120, 119, 120, 119, 121, 122, 121, 122, 121, 121, 120, 121, 123, 122]

################################################################
################### jail_ex_download_list: ######################

[2, 3, 2, 3, 3, 3, 3, 1, 1, 1, 1, 1, 1, 1, 0, 0, 1, 1, 1, 2, 2, 0, 1, 1, 0, 0, 1, 1, 0, 1, 1, 1, 1, 1, 2, 0, 0, 0, 1, 1, 1, 1, 1, 1, 0, 1, 1, 0, 0, 1, 1, 1, 1, 1, 1, 1, 1, 1, 1, 1, 0, 1, 1, 1, 1, 1, 1, 1, 1, 0, 0, 0, 0, 0, 0, 1, 1, 1, 1, 1, 0, 1, 1, 1, 1, 1, 0, 0, 1, 1, 1, 1, 0, 0, 1, 1, 1, 1, 1, 0, 1, 1, 1, 1, 1, 1, 1, 0, 1, 1, 1, 0, 0, 1, 1, 1, 1, 1, 1, 1, 1, 1, 0, 1, 1, 1, 1, 1, 1, 1, 1, 1, 0, 0, 1, 1, 0, 1, 1, 1, 1, 0, 1, 1, 1, 1, 1, 1, 0, 1, 1, 0, 1, 1, 1, 1, 1, 1, 1, 0, 1, 1, 1, 0, 0, 1, 1, 1, 0, 1, 1, 1, 0, 1, 0, 1, 1, 0, 1, 1, 0, 0, 1, 0, 1, 1, 0, 0, 1, 0, 1, 1, 1, 1, 0, 1, 1, 1, 0, 1, 1, 1, 1, 1, 1, 1, 1, 1, 1, 1, 1, 0, 0, 1, 0, 0, 1, 1, 1, 1, 1, 1, 1, 1, 1, 0, 0, 1, 1, 1, 1, 1, 0, 1, 1, 1, 1, 1, 0, 0, 1, 1, 1, 1, 1, 1, 0, 1, 1, 1, 1, 1, 1, 1, 1, 1, 0, 1, 0, 0, 1, 1, 1, 1, 1, 2, 2, 2, 1, 1, 0, 0, 1, 1, 1, 1, 1, 0, 0, 1, 1, 0, 1, 1, 0, 1, 1, 1, 0, 0, 1, 1, 0, 1, 1, 1, 0, 0, 0, 1, 1, 0, 0, 0, 0, 1, 1, 1, 1, 0, 0, 1, 1, 1, 0, 0, 0, 1, 1, 1, 1, 1, 1, 1, 1, 0, 1, 1, 1, 1, 1, 1, 1, 0, 1, 1, 1, 1, 1, 1, 1, 0, 0, 1, 1, 0, 0, 1, 1, 1, 0, 0, 1, 0, 0, 1, 1, 0, 1, 1, 1, 0, 1, 1, 1, 1, 1, 1, 1, 0, 0, 1, 0, 1, 1, 1, 1, 1, 0, 1, 1, 1, 1, 1, 0, 0, 0, 0, 1, 1, 1, 0, 0, 0, 1, 1, 1, 1, 1, 0, 1, 1, 1, 1, 0, 1, 1, 0, 1, 0, 0, 1, 1, 1, 1, 0, 1, 0, 1, 1, 1, 1, 1, 0, 1, 1, 1, 2, 2, 1, 1, 1, 1, 0, 0, 1, 1, 1, 1, 1, 1, 1, 1, 1, 0, 0, 0, 1, 1, 1, 1, 0, 1, 0, 0, 1, 1, 1, 1, 1, 1, 1, 1, 1, 1, 1, 1, 1, 1, 1, 1, 1, 1, 1, 1, 1, 0, 1, 1, 1, 1, 1, 1, 0, 0, 1, 0, 1, 1, 1, 1, 1, 0, 1, 1, 1, 0, 0, 1, 1, 1, 1, 0, 1, 1, 0, 1, 1, 0, 1, 1, 1, 0, 0, 1, 0, 0, 0, 1, 1, 0, 0, 1, 0, 1, 1, 1, 0, 0, 1, 0, 0, 1, 1, 1, 0, 0, 1, 0, 1, 0, 1, 1, 1, 1, 1, 0, 1, 0, 1, 1, 0, 1, 0, 0, 1, 1, 1, 1, 1, 0, 0, 1, 1, 1, 0, 1, 1, 1, 0, 1, 0, 1, 1, 1, 1, 1, 1, 0, 0, 1, 1, 1, 1, 1, 1, 1, 1, 1, 1, 1, 0, 1, 0, 0, 1, 1, 1, 1, 1, 1, 1, 1, 1, 1, 1, 1, 1, 1, 1, 1, 1, 0, 0, 1, 0, 1, 1, 1, 1, 0, 1, 1, 1, 1, 1, 0, 1, 1, 1, 0, 1, 1, 1, 0, 1, 1, 0, 1, 1, 1, 1, 2, 1, 1, 0, 1, 1, 1, 2, 1, 0, 0, 1, 1, 1, 1, 1, 1, 1, 0, 1, 0, 1, 1, 1, 0, 1, 0, 1, 1, 1, 1, 1, 1, 0, 0, 0, 1, 1, 1, 1, 0, 0, 0, 1, 1, 0, 0, 0, 1, 1, 1, 1, 0, 1, 1, 0, 0, 1, 1, 0, 1, 1, 1, 1, 1, 1, 0, 1, 1, 0, 0, 0, 1, 1, 1, 0, 1, 2, 1, 1, 1, 1, 0, 0, 1, 0, 1, 1, 1, 1, 0, 1, 1, 1, 1, 0, 1, 0, 0, 1, 1, 1, 1, 0, 1, 0, 0, 1, 1, 1, 1, 1, 0, 0, 1, 1, 1, 1, 0, 0, 0, 1, 1, 1, 1, 1, 1, 1]

################################################################
################################################################
################### process_jail_download_list: ######################

[9, 9, 9, 9, 10, 10, 10, 8, 8, 8, 8, 7, 7, 7, 7, 7, 7, 8, 8, 8, 8, 7, 7, 7, 7, 7, 7, 7, 7, 8, 8, 7, 8, 8, 8, 6, 6, 7, 7, 7, 8, 8, 6, 8, 7, 7, 7, 7, 7, 7, 7, 7, 7, 7, 7, 7, 7, 7, 7, 8, 7, 6, 7, 7, 7, 7, 7, 7, 7, 6, 6, 6, 7, 7, 7, 7, 7, 7, 7, 7, 7, 8, 8, 8, 7, 7, 7, 7, 8, 8, 8, 7, 7, 7, 7, 8, 8, 8, 8, 6, 7, 7, 7, 7, 8, 8, 7, 6, 6, 7, 7, 7, 7, 7, 7, 8, 7, 7, 8, 8, 8, 7, 6, 7, 7, 7, 7, 7, 7, 7, 7, 7, 6, 6, 7, 7, 6, 7, 7, 7, 7, 7, 7, 7, 7, 7, 7, 7, 7, 7, 7, 6, 7, 7, 7, 7, 8, 8, 7, 6, 7, 8, 7, 7, 7, 7, 7, 7, 6, 7, 7, 7, 6, 7, 7, 7, 7, 6, 7, 8, 7, 6, 7, 6, 7, 6, 7, 6, 7, 6, 7, 7, 7, 7, 6, 7, 7, 7, 6, 7, 7, 7, 7, 7, 8, 8, 7, 8, 8, 7, 7, 6, 6, 7, 7, 7, 6, 7, 8, 8, 7, 7, 7, 7, 7, 7, 7, 7, 7, 7, 7, 7, 7, 7, 7, 7, 7, 8, 7, 7, 7, 7, 7, 7, 7, 7, 6, 7, 7, 8, 8, 8, 8, 7, 7, 7, 7, 7, 7, 7, 7, 7, 8, 8, 8, 8, 8, 9, 8, 7, 7, 7, 7, 7, 8, 8, 8, 7, 7, 7, 7, 7, 8, 8, 6, 7, 7, 7, 6, 7, 7, 7, 6, 6, 7, 7, 7, 7, 6, 6, 7, 6, 7, 7, 7, 7, 7, 7, 8, 7, 6, 7, 7, 7, 6, 6, 6, 7, 7, 7, 7, 7, 7, 7, 6, 6, 7, 7, 7, 6, 6, 7, 7, 6, 7, 7, 7, 7, 7, 7, 7, 6, 6, 7, 7, 6, 7, 7, 7, 7, 7, 6, 7, 6, 7, 7, 7, 7, 7, 7, 7, 6, 7, 7, 6, 7, 7, 7, 7, 6, 6, 7, 6, 7, 7, 6, 7, 8, 7, 8, 7, 7, 7, 7, 7, 7, 7, 6, 7, 7, 7, 7, 7, 7, 7, 7, 7, 8, 7, 7, 7, 7, 8, 8, 6, 7, 7, 6, 7, 6, 7, 7, 8, 8, 8, 6, 7, 6, 7, 7, 7, 7, 8, 6, 7, 7, 8, 8, 8, 7, 7, 7, 7, 6, 6, 7, 7, 7, 7, 7, 7, 7, 7, 7, 7, 7, 7, 7, 7, 8, 8, 7, 6, 6, 6, 7, 8, 7, 8, 8, 7, 7, 7, 7, 7, 8, 8, 8, 7, 7, 7, 7, 7, 7, 7, 7, 7, 7, 7, 7, 7, 7, 7, 6, 6, 7, 6, 7, 7, 7, 7, 7, 6, 7, 8, 8, 6, 7, 8, 8, 7, 7, 7, 7, 7, 7, 7, 7, 7, 8, 8, 7, 6, 7, 7, 6, 7, 7, 7, 7, 7, 7, 7, 7, 7, 7, 7, 6, 7, 7, 6, 7, 7, 7, 7, 6, 6, 7, 6, 7, 6, 7, 7, 7, 7, 7, 7, 7, 6, 7, 6, 6, 7, 7, 7, 7, 7, 7, 8, 8, 7, 6, 8, 7, 8, 6, 8, 8, 8, 6, 7, 7, 7, 7, 7, 7, 7, 7, 7, 7, 7, 8, 8, 7, 7, 7, 7, 7, 8, 8, 8, 7, 6, 6, 6, 6, 7, 7, 7, 7, 7, 7, 7, 7, 8, 7, 8, 7, 7, 7, 7, 7, 6, 7, 7, 7, 7, 7, 7, 8, 7, 7, 6, 7, 7, 7, 6, 7, 7, 7, 7, 8, 8, 8, 7, 7, 7, 6, 8, 8, 8, 8, 8, 7, 7, 7, 8, 9, 8, 9, 8, 6, 6, 7, 7, 7, 7, 7, 7, 7, 6, 7, 6, 7, 7, 7, 6, 7, 7, 8, 7, 7, 7, 7, 7, 7, 7, 7, 8, 8, 7, 7, 7, 7, 7, 7, 7, 7, 7, 6, 8, 8, 8, 8, 7, 7, 8, 7, 7, 7, 7, 7, 7, 7, 8, 8, 7, 7, 6, 7, 7, 7, 7, 8, 8, 8, 7, 7, 8, 8, 8, 8, 8, 7, 6, 7, 7, 6, 7, 7, 8, 8, 7, 8, 8, 7, 7, 7, 7, 6, 7, 7, 7, 7, 7, 7, 7, 7, 7, 7, 7, 7, 7, 7, 7, 7, 8, 8, 7, 7, 6, 7, 7, 7, 7, 7, 7, 7, 7, 7]

################################################################
################################################################
################### process_jail_list: ######################

[7, 6, 7, 6, 7, 7, 7, 7, 7, 7, 7, 6, 6, 6, 7, 7, 6, 7, 7, 6, 6, 7, 6, 6, 7, 7, 6, 6, 7, 7, 7, 6, 7, 7, 6, 6, 6, 7, 6, 6, 7, 7, 5, 7, 7, 6, 6, 7, 7, 6, 6, 6, 6, 6, 6, 6, 6, 6, 6, 7, 7, 5, 6, 6, 6, 6, 6, 6, 6, 6, 6, 6, 7, 7, 7, 6, 6, 6, 6, 6, 7, 7, 7, 7, 6, 6, 7, 7, 7, 7, 7, 6, 7, 7, 6, 7, 7, 7, 7, 6, 6, 6, 6, 6, 7, 7, 6, 6, 5, 6, 6, 7, 7, 6, 6, 7, 6, 6, 7, 7, 7, 6, 6, 6, 6, 6, 6, 6, 6, 6, 6, 6, 6, 6, 6, 6, 6, 6, 6, 6, 6, 7, 6, 6, 6, 6, 6, 6, 7, 6, 6, 6, 6, 6, 6, 6, 7, 7, 6, 6, 6, 7, 6, 7, 7, 6, 6, 6, 6, 6, 6, 6, 6, 6, 7, 6, 6, 6, 6, 7, 7, 6, 6, 6, 6, 5, 7, 6, 6, 6, 6, 6, 6, 6, 6, 6, 6, 6, 6, 6, 6, 6, 6, 6, 7, 7, 6, 7, 7, 6, 6, 6, 6, 6, 7, 7, 5, 6, 7, 7, 6, 6, 6, 6, 6, 7, 7, 6, 6, 6, 6, 6, 7, 6, 6, 6, 6, 7, 7, 7, 6, 6, 6, 6, 6, 6, 6, 6, 6, 7, 7, 7, 7, 6, 6, 6, 7, 6, 7, 7, 6, 6, 7, 7, 7, 6, 6, 7, 7, 6, 7, 7, 6, 6, 7, 7, 7, 7, 7, 6, 6, 7, 7, 7, 6, 6, 6, 6, 6, 7, 6, 6, 6, 5, 6, 6, 7, 7, 6, 5, 6, 6, 7, 7, 7, 6, 6, 6, 7, 7, 6, 6, 6, 6, 6, 6, 6, 6, 6, 6, 6, 6, 6, 6, 5, 6, 6, 6, 6, 5, 5, 6, 6, 6, 6, 6, 6, 6, 6, 6, 6, 6, 6, 6, 6, 6, 7, 6, 6, 6, 7, 6, 6, 6, 7, 6, 6, 7, 6, 6, 6, 6, 6, 6, 5, 6, 6, 6, 6, 6, 6, 6, 6, 6, 6, 5, 6, 7, 7, 7, 6, 6, 6, 6, 7, 7, 7, 6, 6, 6, 6, 7, 7, 7, 6, 6, 6, 7, 6, 7, 6, 6, 7, 7, 6, 6, 6, 6, 6, 6, 7, 6, 7, 7, 7, 6, 6, 6, 6, 6, 6, 6, 7, 6, 6, 6, 7, 6, 6, 6, 6, 6, 6, 6, 6, 6, 6, 6, 6, 6, 6, 6, 6, 6, 7, 7, 7, 6, 6, 7, 7, 7, 5, 6, 6, 6, 7, 6, 7, 7, 6, 6, 6, 6, 6, 7, 7, 7, 6, 6, 6, 6, 6, 6, 6, 6, 7, 6, 6, 6, 6, 6, 6, 6, 6, 6, 6, 6, 6, 6, 6, 6, 6, 6, 7, 7, 6, 7, 7, 7, 6, 6, 7, 6, 6, 7, 6, 6, 7, 7, 7, 6, 6, 7, 6, 6, 7, 7, 6, 6, 7, 7, 6, 7, 6, 6, 6, 6, 7, 6, 6, 7, 6, 6, 6, 6, 6, 6, 6, 6, 6, 6, 6, 6, 6, 6, 7, 6, 6, 6, 5, 6, 6, 7, 7, 6, 6, 6, 7, 7, 7, 6, 7, 6, 7, 6, 7, 7, 7, 6, 6, 7, 6, 6, 6, 6, 6, 6, 7, 7, 6, 7, 7, 6, 6, 6, 6, 6, 7, 7, 7, 7, 5, 6, 6, 5, 6, 6, 6, 6, 6, 6, 6, 6, 7, 6, 7, 6, 6, 6, 6, 6, 6, 7, 6, 7, 6, 6, 6, 7, 7, 6, 5, 6, 6, 6, 6, 6, 6, 6, 7, 7, 7, 7, 7, 6, 6, 6, 7, 7, 7, 7, 6, 6, 6, 7, 7, 8, 7, 7, 7, 6, 6, 6, 6, 6, 6, 6, 6, 6, 6, 6, 6, 6, 6, 6, 6, 6, 7, 7, 6, 6, 6, 6, 6, 7, 7, 7, 7, 7, 6, 6, 7, 7, 7, 6, 6, 7, 7, 6, 7, 7, 7, 7, 7, 6, 7, 7, 7, 6, 6, 7, 6, 6, 7, 7, 6, 6, 6, 6, 6, 7, 7, 8, 7, 7, 6, 7, 7, 6, 7, 7, 7, 6, 6, 7, 6, 6, 6, 6, 7, 7, 7, 7, 7, 6, 6, 7, 6, 6, 7, 6, 6, 6, 6, 7, 6, 7, 7, 6, 6, 6, 6, 6, 7, 7, 7, 7, 6, 6, 6, 7, 7, 6, 6, 6, 6, 6, 6, 6]

################################################################
