Numero total de amostras 770

Tempo total de processamento: 0:10:55

############## TEMPOS DE PROCESSAMENTO DO EXERCICIO NO JAIL  ####################
Soma 4628 segundos
Media 6.01038961038961 segundos
Desvio padr達o 0.4441786278047937 segundos
Minimo 5 segundos
Maximo 7 segundos

95% 5.0 segundos
99% 5.0 segundos

############## TEMPOS DE PROCESSAMENTO DO EXERCICIO NO JAIL COM DOWNLOAD  ################
Soma 5175 segundos
Media 6.720779220779221 segundos
Desvio padr達o 0.6334481317930617 segundos
Minimo 6 segundos
Maximo 10 segundos

95% 6.0 segundos
99% 6.0 segundos

################### TEMPOS DE DOWNLOAD DO EXERCICIO NO JAIL #######################
Soma 547 segundos
Media 0.7103896103896103 segundos
Desvio padr達o 0.556446148100795 segundos
Minimo 0 segundos
Maximo 4 segundos

95% 0.0 segundos
99% 0.0 segundos

############################ TEMPOS DE ESPERA NA FILA ############################
Soma 3816
Media 4.955844155844156 segundos
Desvio padr達o 3.245476112451272 segundos
Minimo 0 segundos
Maximo 13 segundos

95% 0.0 segundos
99% 0.0 segundos

################### queue_wait_time_list: ######################

[10, 9, 8, 8, 7, 6, 5, 4, 12, 11, 11, 11, 10, 8, 7, 7, 13, 13, 12, 11, 10, 9, 9, 8, 13, 13, 12, 12, 11, 10, 9, 8, 13, 12, 12, 12, 11, 10, 9, 9, 13, 13, 12, 11, 11, 11, 10, 9, 12, 12, 11, 11, 11, 10, 10, 9, 12, 12, 11, 11, 10, 10, 9, 8, 11, 12, 12, 11, 10, 10, 9, 8, 11, 13, 12, 11, 11, 10, 9, 8, 11, 12, 11, 10, 10, 9, 9, 9, 10, 11, 11, 10, 10, 9, 9, 8, 10, 10, 10, 9, 10, 10, 9, 8, 9, 10, 10, 9, 9, 10, 9, 8, 9, 9, 9, 9, 10, 10, 9, 8, 8, 9, 9, 8, 10, 10, 9, 9, 8, 9, 8, 8, 9, 9, 9, 8, 8, 9, 8, 7, 8, 9, 8, 9, 8, 9, 8, 7, 8, 9, 9, 9, 8, 9, 8, 7, 7, 9, 8, 9, 8, 8, 8, 7, 8, 9, 8, 9, 8, 8, 7, 7, 7, 9, 8, 9, 8, 7, 8, 7, 7, 8, 7, 8, 7, 8, 7, 7, 6, 8, 7, 7, 8, 7, 7, 6, 5, 8, 7, 7, 8, 7, 7, 6, 5, 7, 7, 8, 7, 6, 6, 6, 5, 8, 7, 7, 7, 6, 6, 5, 5, 8, 7, 8, 8, 7, 6, 6, 5, 8, 7, 7, 8, 7, 6, 7, 6, 7, 7, 6, 8, 8, 7, 7, 6, 7, 5, 6, 8, 8, 7, 7, 6, 7, 6, 7, 8, 7, 7, 6, 5, 7, 7, 6, 7, 6, 6, 6, 5, 7, 7, 6, 7, 6, 5, 6, 6, 7, 6, 5, 6, 5, 5, 6, 5, 6, 6, 5, 6, 5, 4, 5, 5, 6, 6, 5, 6, 6, 5, 6, 5, 5, 6, 5, 7, 6, 5, 5, 5, 4, 5, 5, 7, 6, 5, 5, 4, 4, 6, 5, 6, 5, 4, 5, 4, 3, 6, 5, 6, 5, 4, 4, 4, 4, 5, 4, 6, 5, 4, 5, 4, 4, 5, 4, 7, 6, 5, 5, 4, 4, 5, 4, 6, 7, 6, 5, 4, 4, 5, 4, 5, 6, 6, 5, 4, 3, 4, 3, 6, 7, 6, 6, 5, 4, 4, 4, 5, 7, 7, 6, 5, 4, 4, 4, 5, 6, 6, 5, 6, 5, 4, 3, 4, 6, 6, 5, 5, 5, 4, 3, 4, 5, 7, 6, 5, 5, 4, 3, 3, 6, 7, 6, 6, 6, 5, 4, 4, 5, 7, 6, 6, 6, 5, 5, 4, 4, 6, 5, 5, 5, 6, 5, 4, 4, 5, 5, 5, 5, 5, 4, 4, 3, 5, 4, 5, 5, 4, 4, 3, 3, 4, 5, 4, 4, 4, 4, 3, 2, 3, 4, 4, 3, 3, 4, 3, 2, 4, 4, 3, 3, 2, 3, 4, 3, 3, 3, 2, 2, 2, 4, 4, 3, 2, 3, 2, 2, 2, 3, 3, 2, 2, 2, 2, 2, 2, 2, 3, 2, 1, 2, 2, 2, 1, 2, 2, 2, 1, 0, 1, 1, 1, 1, 2, 2, 2, 1, 1, 0, 0, 0, 1, 2, 2, 1, 0, 0, 1, 2, 2, 3, 2, 1, 1, 1, 3, 2, 2, 3, 2, 1, 0, 0, 1, 2, 1, 2, 2, 1, 1, 1, 2, 1, 1, 1, 2, 1, 1, 0, 1, 1, 0, 1, 1, 2, 2, 1, 0, 0, 1, 3, 3, 3, 2, 1, 1, 2, 2, 3, 2, 2, 2, 1, 0, 1, 3, 2, 1, 2, 1, 0, 2, 3, 2, 2, 2, 2, 1, 3, 3, 2, 2, 1, 1, 1, 1, 3, 3, 2, 1, 1, 1, 2, 0, 2, 2, 2, 1, 0, 0, 0, 0, 1, 1, 1, 0, 0, 1, 1, 2, 2, 2, 1, 0, 1, 2, 3, 1, 2, 2, 1, 1, 1, 1, 2, 2, 2, 1, 2, 1, 0, 0, 2, 1, 2, 2, 2, 1, 0, 0, 2, 2, 2, 1, 2, 1, 0, 2, 1, 3, 2, 2, 2, 1, 3, 2, 3, 3, 2, 2, 2, 1, 4, 3, 2, 2, 1, 1, 2, 1, 3, 2, 2, 2, 1, 1, 2, 2, 2, 2, 1, 1, 0, 1, 2, 1, 4, 3, 2, 1, 1, 0, 2, 1, 3, 3, 2, 2, 2, 1, 1, 0, 4, 3, 3, 2, 2, 1, 0, 4, 4, 4, 3, 2, 1, 1, 4, 4, 4, 4, 3, 2, 1, 0, 3, 4, 4, 4, 3, 1, 1, 0, 3, 3, 4, 4, 3, 2, 2, 2, 3, 3, 3, 3, 2, 2, 3, 2, 2, 2, 3]

################################################################
################### jail_ex_download_list: ######################

[3, 3, 3, 4, 3, 4, 3, 4, 1, 1, 0, 1, 1, 1, 2, 1, 1, 1, 1, 1, 1, 2, 1, 1, 1, 1, 1, 0, 1, 1, 1, 1, 0, 1, 1, 1, 1, 1, 1, 1, 1, 0, 0, 1, 0, 0, 1, 1, 1, 1, 1, 0, 1, 1, 1, 0, 0, 1, 1, 1, 1, 1, 1, 1, 1, 1, 1, 1, 1, 1, 1, 1, 0, 0, 0, 1, 0, 0, 1, 1, 1, 0, 1, 0, 1, 1, 0, 0, 1, 1, 0, 1, 0, 0, 1, 1, 0, 1, 1, 0, 1, 1, 1, 1, 1, 0, 0, 0, 1, 1, 1, 1, 0, 1, 0, 1, 1, 1, 1, 2, 1, 0, 1, 1, 0, 1, 1, 0, 0, 1, 1, 0, 0, 1, 0, 1, 1, 1, 1, 1, 1, 0, 1, 1, 1, 1, 1, 1, 0, 0, 0, 1, 1, 1, 1, 1, 0, 0, 0, 1, 1, 1, 1, 1, 0, 0, 0, 1, 1, 0, 1, 1, 1, 0, 0, 0, 0, 1, 0, 1, 0, 1, 1, 1, 1, 0, 1, 0, 0, 1, 1, 1, 0, 0, 0, 0, 1, 0, 0, 1, 0, 0, 0, 0, 0, 1, 1, 0, 1, 1, 1, 0, 0, 1, 1, 1, 1, 1, 0, 1, 1, 1, 1, 0, 1, 1, 1, 1, 1, 1, 1, 1, 0, 1, 1, 1, 1, 0, 0, 1, 1, 1, 1, 1, 1, 1, 1, 0, 1, 0, 1, 1, 1, 1, 1, 0, 0, 0, 0, 1, 1, 0, 1, 1, 1, 1, 0, 1, 1, 1, 1, 1, 0, 0, 1, 0, 0, 0, 1, 1, 1, 1, 0, 1, 1, 0, 1, 1, 1, 1, 1, 1, 1, 0, 1, 1, 1, 1, 1, 0, 1, 0, 0, 0, 1, 1, 1, 1, 0, 1, 1, 1, 0, 0, 1, 1, 1, 0, 0, 0, 1, 1, 1, 0, 0, 1, 0, 0, 1, 1, 1, 1, 1, 1, 1, 1, 1, 1, 1, 2, 1, 1, 1, 1, 0, 0, 0, 1, 1, 1, 1, 1, 1, 1, 1, 1, 1, 1, 0, 1, 1, 1, 1, 1, 1, 1, 1, 1, 1, 1, 1, 1, 1, 1, 1, 1, 1, 1, 0, 0, 1, 1, 1, 0, 0, 1, 1, 1, 1, 1, 1, 1, 1, 0, 1, 1, 1, 0, 1, 1, 0, 1, 1, 1, 2, 1, 1, 1, 1, 0, 1, 1, 1, 1, 1, 1, 1, 1, 0, 0, 0, 0, 1, 1, 1, 1, 1, 1, 1, 0, 0, 0, 0, 0, 1, 1, 0, 1, 1, 1, 0, 1, 0, 1, 1, 0, 1, 1, 1, 0, 1, 0, 1, 0, 0, 1, 1, 1, 1, 1, 0, 1, 1, 0, 1, 1, 0, 0, 1, 0, 1, 0, 0, 0, 1, 1, 1, 1, 0, 0, 0, 0, 1, 0, 1, 0, 1, 1, 1, 1, 0, 0, 0, 0, 0, 1, 1, 1, 1, 1, 0, 0, 0, 0, 1, 1, 1, 1, 1, 0, 0, 1, 1, 0, 1, 1, 0, 1, 0, 1, 1, 1, 1, 1, 1, 1, 0, 0, 1, 1, 1, 1, 0, 1, 0, 1, 0, 0, 1, 1, 1, 1, 0, 0, 1, 1, 1, 1, 1, 1, 0, 0, 0, 1, 0, 1, 2, 2, 1, 0, 1, 1, 1, 1, 1, 1, 1, 1, 1, 0, 0, 0, 0, 0, 0, 1, 1, 0, 1, 1, 0, 0, 1, 1, 0, 1, 1, 0, 1, 1, 0, 0, 1, 0, 1, 0, 0, 1, 1, 1, 0, 1, 1, 1, 1, 0, 0, 1, 1, 0, 0, 0, 0, 1, 0, 0, 0, 1, 1, 1, 1, 1, 1, 1, 1, 0, 0, 1, 1, 0, 1, 1, 1, 1, 0, 0, 1, 1, 0, 1, 1, 1, 1, 1, 0, 0, 0, 0, 0, 1, 1, 0, 0, 0, 0, 1, 1, 1, 1, 0, 0, 1, 1, 1, 1, 1, 0, 1, 1, 1, 1, 1, 1, 0, 0, 0, 1, 1, 0, 1, 1, 0, 0, 1, 1, 1, 1, 1, 1, 1, 1, 0, 0, 0, 0, 0, 0, 1, 1, 1, 1, 1, 1, 1, 1, 1, 1, 1, 1, 1, 1, 0, 0, 1, 1, 1, 1, 1, 1, 1, 1, 0, 1, 1, 1, 1, 0, 1, 1, 0, 0, 1, 1, 1, 0, 0, 0, 0, 0, 0, 1, 1, 1, 1, 1, 1, 1, 1, 1, 1, 1, 0, 1, 1, 0, 1, 1, 1, 1, 1, 0, 1, 1, 1, 0, 0, 0, 1, 1, 1]

################################################################
################################################################
################### process_jail_download_list: ######################

[9, 9, 10, 10, 10, 10, 10, 10, 8, 8, 7, 7, 7, 8, 8, 7, 7, 7, 7, 8, 8, 8, 7, 7, 7, 7, 7, 7, 7, 7, 7, 7, 6, 7, 7, 6, 7, 7, 7, 7, 6, 6, 6, 7, 6, 6, 7, 7, 7, 7, 7, 6, 6, 7, 6, 6, 6, 7, 7, 7, 7, 7, 7, 7, 7, 7, 7, 7, 8, 7, 7, 7, 6, 6, 6, 7, 6, 6, 7, 7, 6, 6, 7, 6, 7, 7, 6, 6, 7, 6, 6, 7, 7, 7, 7, 7, 6, 7, 7, 6, 7, 6, 7, 7, 7, 6, 6, 6, 7, 7, 7, 7, 6, 7, 6, 6, 7, 7, 7, 8, 7, 6, 6, 7, 6, 6, 7, 6, 6, 7, 7, 6, 6, 7, 6, 7, 7, 7, 7, 7, 7, 7, 7, 7, 7, 7, 7, 7, 6, 6, 6, 7, 7, 6, 7, 7, 7, 7, 7, 7, 7, 7, 6, 6, 6, 7, 7, 7, 7, 6, 7, 7, 7, 6, 6, 6, 6, 7, 6, 7, 6, 7, 7, 6, 7, 6, 7, 6, 6, 7, 7, 7, 7, 7, 7, 7, 7, 6, 6, 7, 6, 6, 6, 7, 7, 7, 7, 6, 7, 7, 7, 6, 6, 7, 7, 8, 8, 8, 7, 7, 7, 7, 7, 6, 7, 7, 7, 8, 8, 7, 7, 6, 7, 7, 7, 7, 7, 6, 6, 7, 7, 6, 7, 7, 7, 7, 7, 6, 7, 6, 7, 6, 6, 7, 7, 6, 6, 6, 6, 7, 7, 6, 7, 7, 7, 7, 6, 7, 7, 7, 6, 6, 6, 6, 7, 6, 6, 6, 7, 7, 7, 7, 6, 7, 7, 7, 7, 7, 7, 7, 7, 7, 7, 6, 7, 7, 7, 7, 7, 6, 6, 6, 6, 6, 7, 7, 7, 7, 6, 7, 7, 7, 6, 6, 6, 7, 7, 6, 7, 7, 7, 7, 7, 6, 6, 7, 6, 6, 7, 7, 7, 7, 7, 7, 7, 7, 8, 8, 8, 7, 7, 7, 7, 7, 6, 7, 7, 7, 7, 7, 7, 7, 6, 7, 7, 7, 7, 6, 6, 6, 7, 8, 7, 7, 8, 8, 6, 7, 6, 7, 8, 7, 7, 7, 7, 7, 7, 6, 6, 6, 7, 7, 7, 6, 6, 7, 7, 7, 6, 7, 7, 7, 7, 6, 7, 7, 7, 7, 7, 7, 6, 7, 7, 7, 9, 7, 8, 8, 7, 6, 7, 7, 7, 7, 7, 7, 7, 6, 6, 6, 6, 6, 7, 7, 7, 7, 6, 7, 7, 6, 6, 7, 6, 6, 7, 6, 6, 7, 6, 7, 6, 7, 6, 7, 6, 6, 7, 7, 7, 6, 6, 6, 7, 6, 6, 7, 7, 7, 7, 7, 6, 7, 6, 6, 7, 7, 6, 6, 6, 6, 7, 7, 7, 7, 6, 7, 7, 7, 6, 6, 6, 6, 7, 6, 7, 6, 7, 6, 7, 7, 6, 6, 6, 7, 6, 7, 6, 7, 7, 6, 6, 6, 7, 6, 7, 7, 7, 7, 7, 6, 6, 6, 6, 6, 7, 7, 6, 7, 6, 7, 7, 6, 7, 7, 7, 7, 6, 6, 7, 7, 7, 7, 6, 6, 6, 7, 6, 6, 7, 7, 7, 7, 7, 6, 7, 6, 7, 7, 7, 6, 6, 7, 6, 7, 6, 7, 8, 8, 6, 6, 7, 6, 7, 7, 7, 7, 7, 7, 7, 6, 6, 7, 6, 7, 6, 6, 7, 6, 6, 7, 6, 6, 6, 7, 6, 6, 7, 6, 7, 7, 6, 6, 7, 6, 6, 6, 6, 7, 7, 7, 6, 7, 7, 7, 7, 6, 6, 7, 7, 6, 6, 6, 6, 6, 6, 6, 6, 7, 7, 7, 7, 7, 7, 7, 7, 6, 6, 7, 7, 6, 7, 7, 7, 7, 6, 6, 7, 7, 6, 7, 7, 6, 6, 7, 6, 7, 7, 7, 7, 7, 7, 7, 7, 6, 6, 7, 7, 7, 7, 6, 6, 7, 7, 6, 7, 7, 7, 7, 7, 7, 7, 7, 7, 7, 7, 6, 6, 6, 6, 7, 7, 6, 6, 7, 7, 7, 7, 7, 7, 7, 7, 6, 6, 6, 6, 6, 6, 8, 8, 8, 7, 7, 7, 7, 7, 7, 7, 7, 8, 8, 7, 6, 6, 7, 7, 7, 7, 7, 6, 6, 7, 6, 7, 7, 7, 6, 6, 7, 6, 7, 7, 7, 7, 7, 6, 6, 6, 6, 7, 7, 7, 7, 7, 7, 6, 7, 7, 7, 7, 8, 8, 6, 7, 6, 6, 6, 7, 7, 7, 6, 6, 7, 6, 7, 6, 7, 7, 7, 6, 6]

################################################################
################################################################
################### process_jail_list: ######################

[6, 6, 7, 6, 7, 6, 7, 6, 7, 7, 7, 6, 6, 7, 6, 6, 6, 6, 6, 7, 7, 6, 6, 6, 6, 6, 6, 7, 6, 6, 6, 6, 6, 6, 6, 5, 6, 6, 6, 6, 5, 6, 6, 6, 6, 6, 6, 6, 6, 6, 6, 6, 5, 6, 5, 6, 6, 6, 6, 6, 6, 6, 6, 6, 6, 6, 6, 6, 7, 6, 6, 6, 6, 6, 6, 6, 6, 6, 6, 6, 5, 6, 6, 6, 6, 6, 6, 6, 6, 5, 6, 6, 7, 7, 6, 6, 6, 6, 6, 6, 6, 5, 6, 6, 6, 6, 6, 6, 6, 6, 6, 6, 6, 6, 6, 5, 6, 6, 6, 6, 6, 6, 5, 6, 6, 5, 6, 6, 6, 6, 6, 6, 6, 6, 6, 6, 6, 6, 6, 6, 6, 7, 6, 6, 6, 6, 6, 6, 6, 6, 6, 6, 6, 5, 6, 6, 7, 7, 7, 6, 6, 6, 5, 5, 6, 7, 7, 6, 6, 6, 6, 6, 6, 6, 6, 6, 6, 6, 6, 6, 6, 6, 6, 5, 6, 6, 6, 6, 6, 6, 6, 6, 7, 7, 7, 7, 6, 6, 6, 6, 6, 6, 6, 7, 7, 6, 6, 6, 6, 6, 6, 6, 6, 6, 6, 7, 7, 7, 7, 6, 6, 6, 6, 6, 6, 6, 6, 7, 7, 6, 6, 5, 7, 6, 6, 6, 6, 6, 6, 6, 6, 5, 6, 6, 6, 6, 6, 6, 6, 6, 6, 5, 5, 6, 6, 6, 6, 6, 6, 6, 6, 6, 6, 6, 6, 6, 6, 6, 6, 6, 5, 5, 6, 6, 6, 6, 6, 6, 6, 6, 6, 6, 6, 6, 6, 7, 6, 6, 6, 6, 6, 6, 6, 6, 6, 6, 6, 6, 6, 6, 5, 6, 6, 6, 6, 6, 6, 6, 6, 6, 6, 6, 6, 6, 5, 6, 6, 6, 7, 7, 6, 6, 6, 6, 6, 6, 6, 6, 6, 6, 6, 6, 6, 6, 6, 6, 7, 7, 7, 5, 6, 6, 6, 6, 6, 7, 7, 6, 6, 6, 6, 6, 5, 6, 6, 6, 6, 5, 6, 5, 6, 7, 6, 6, 7, 7, 5, 6, 5, 6, 7, 6, 6, 6, 6, 6, 6, 5, 6, 6, 6, 6, 6, 6, 6, 6, 6, 6, 5, 6, 6, 6, 6, 6, 6, 6, 6, 7, 6, 6, 6, 6, 6, 6, 7, 6, 7, 7, 6, 6, 6, 6, 6, 6, 6, 6, 6, 5, 6, 6, 6, 6, 6, 6, 6, 6, 5, 6, 6, 6, 6, 7, 6, 6, 6, 5, 6, 6, 5, 6, 6, 6, 6, 6, 5, 6, 6, 6, 6, 6, 5, 6, 6, 6, 6, 6, 6, 6, 6, 6, 6, 6, 5, 6, 6, 6, 6, 6, 5, 6, 6, 7, 7, 7, 5, 6, 6, 6, 6, 6, 6, 6, 6, 6, 6, 6, 6, 5, 6, 6, 6, 6, 6, 7, 6, 6, 5, 6, 6, 5, 6, 6, 7, 6, 6, 6, 6, 6, 6, 6, 6, 5, 5, 6, 6, 6, 6, 6, 6, 6, 6, 5, 6, 6, 6, 6, 6, 6, 6, 6, 6, 6, 6, 5, 6, 6, 6, 6, 6, 6, 6, 6, 7, 6, 6, 5, 6, 6, 6, 5, 6, 7, 6, 6, 6, 6, 6, 6, 5, 6, 6, 5, 6, 6, 6, 6, 6, 6, 6, 6, 6, 7, 6, 7, 6, 5, 6, 6, 5, 6, 6, 6, 5, 6, 6, 5, 6, 6, 6, 6, 6, 6, 6, 6, 5, 6, 6, 6, 6, 6, 6, 6, 6, 6, 6, 6, 6, 6, 6, 6, 6, 6, 6, 5, 6, 6, 6, 6, 6, 6, 6, 6, 6, 6, 6, 6, 6, 6, 6, 6, 6, 6, 6, 6, 6, 6, 6, 6, 6, 6, 6, 5, 5, 6, 6, 7, 7, 7, 7, 6, 6, 7, 7, 6, 6, 6, 6, 6, 6, 6, 6, 6, 6, 5, 6, 6, 7, 6, 6, 6, 6, 6, 6, 7, 7, 6, 5, 5, 6, 6, 6, 6, 6, 6, 6, 6, 6, 6, 6, 6, 6, 6, 6, 6, 6, 6, 6, 7, 7, 7, 6, 6, 6, 6, 6, 6, 6, 6, 7, 7, 6, 6, 6, 6, 6, 6, 6, 6, 5, 5, 6, 6, 6, 6, 6, 5, 6, 6, 5, 7, 7, 6, 6, 6, 6, 6, 6, 6, 7, 7, 6, 6, 6, 6, 5, 6, 6, 6, 6, 7, 7, 6, 6, 5, 6, 5, 6, 6, 6, 5, 6, 6, 5, 6, 6, 7, 7, 6, 5, 5]

################################################################
