Numero total de amostras 770

Tempo total de processamento: 0:11:02

############## TEMPOS DE PROCESSAMENTO DO EXERCICIO NO JAIL  ####################
Soma 4581 segundos
Media 5.94935064935065 segundos
Desvio padr達o 0.49283789295603536 segundos
Minimo 5 segundos
Maximo 8 segundos

95% 5.0 segundos
99% 5.0 segundos

############## TEMPOS DE PROCESSAMENTO DO EXERCICIO NO JAIL COM DOWNLOAD  ################
Soma 5071 segundos
Media 6.585714285714285 segundos
Desvio padr達o 0.5661935527243027 segundos
Minimo 6 segundos
Maximo 9 segundos

95% 6.0 segundos
99% 6.0 segundos

################### TEMPOS DE DOWNLOAD DO EXERCICIO NO JAIL #######################
Soma 490 segundos
Media 0.6363636363636364 segundos
Desvio padr達o 0.504758934595822 segundos
Minimo 0 segundos
Maximo 2 segundos

95% 0.0 segundos
99% 0.0 segundos

############################ TEMPOS DE ESPERA NA FILA ############################
Soma 1714
Media 2.225974025974026 segundos
Desvio padr達o 1.6279540659624865 segundos
Minimo 0 segundos
Maximo 9 segundos

95% 0.0 segundos
99% 0.0 segundos

################### queue_wait_time_list: ######################

[5, 8, 9, 8, 7, 6, 5, 4, 6, 8, 9, 9, 8, 7, 6, 6, 6, 7, 7, 8, 8, 7, 7, 6, 5, 7, 8, 7, 7, 7, 7, 6, 5, 6, 7, 7, 7, 7, 6, 6, 5, 5, 6, 7, 7, 6, 6, 5, 4, 5, 7, 7, 6, 6, 5, 4, 3, 5, 6, 6, 5, 5, 4, 4, 4, 4, 5, 5, 4, 4, 4, 3, 3, 4, 5, 4, 4, 3, 4, 3, 2, 3, 4, 4, 3, 4, 3, 3, 2, 2, 3, 3, 3, 3, 2, 2, 1, 2, 3, 3, 3, 2, 2, 2, 1, 1, 3, 3, 2, 1, 1, 1, 0, 1, 2, 2, 2, 1, 1, 1, 1, 1, 2, 1, 1, 0, 0, 1, 1, 0, 2, 1, 0, 0, 0, 1, 0, 2, 2, 1, 1, 0, 2, 1, 3, 3, 2, 1, 1, 1, 1, 0, 2, 3, 2, 2, 1, 0, 0, 3, 3, 3, 3, 2, 1, 1, 3, 3, 2, 4, 3, 3, 2, 1, 2, 2, 3, 3, 3, 3, 2, 1, 3, 3, 3, 3, 2, 3, 2, 1, 4, 3, 3, 3, 2, 2, 2, 2, 4, 3, 3, 2, 2, 2, 3, 2, 4, 3, 2, 2, 2, 3, 3, 2, 4, 3, 2, 1, 2, 2, 3, 2, 3, 3, 3, 3, 2, 2, 3, 2, 3, 3, 4, 3, 2, 1, 2, 1, 3, 3, 3, 2, 1, 1, 2, 1, 3, 3, 3, 2, 1, 0, 2, 2, 2, 2, 2, 1, 1, 0, 3, 2, 2, 2, 1, 1, 0, 4, 3, 3, 3, 2, 1, 1, 4, 3, 2, 2, 2, 1, 1, 1, 2, 3, 2, 1, 1, 0, 1, 4, 3, 2, 2, 1, 0, 1, 4, 3, 3, 2, 1, 1, 0, 0, 3, 3, 2, 2, 2, 1, 1, 3, 3, 2, 2, 2, 1, 1, 3, 3, 2, 1, 2, 3, 2, 1, 3, 2, 2, 2, 3, 3, 2, 1, 3, 2, 2, 2, 2, 3, 2, 1, 2, 1, 1, 1, 2, 2, 1, 1, 1, 2, 1, 1, 1, 1, 1, 1, 2, 2, 1, 0, 0, 1, 0, 2, 2, 2, 1, 1, 1, 0, 2, 3, 2, 2, 1, 1, 1, 1, 2, 1, 2, 2, 1, 1, 1, 1, 1, 1, 1, 1, 1, 1, 1, 1, 1, 2, 2, 2, 1, 1, 1, 2, 2, 1, 2, 2, 1, 1, 1, 1, 2, 1, 2, 2, 1, 1, 1, 2, 1, 2, 2, 1, 2, 2, 2, 1, 2, 2, 2, 1, 1, 1, 2, 2, 1, 1, 2, 1, 1, 1, 2, 1, 0, 2, 1, 1, 1, 3, 2, 2, 3, 2, 1, 0, 1, 2, 1, 1, 2, 1, 1, 1, 1, 2, 1, 0, 1, 1, 1, 1, 3, 2, 1, 2, 1, 2, 1, 3, 2, 1, 1, 1, 1, 1, 3, 3, 2, 1, 2, 1, 1, 4, 3, 2, 1, 2, 2, 1, 1, 3, 2, 2, 1, 1, 2, 1, 3, 2, 2, 1, 2, 1, 1, 3, 3, 2, 2, 2, 1, 1, 0, 3, 2, 2, 2, 1, 1, 1, 0, 2, 2, 3, 2, 1, 0, 1, 0, 2, 2, 2, 2, 1, 0, 0, 2, 3, 3, 2, 2, 1, 1, 3, 3, 2, 2, 1, 2, 1, 1, 4, 3, 2, 2, 1, 2, 1, 0, 5, 4, 3, 2, 1, 2, 2, 1, 5, 4, 3, 2, 1, 3, 2, 1, 5, 4, 3, 4, 3, 3, 2, 1, 4, 3, 4, 3, 2, 2, 2, 1, 3, 3, 3, 3, 2, 2, 1, 0, 2, 3, 2, 2, 1, 1, 1, 0, 3, 3, 2, 2, 1, 1, 0, 0, 3, 2, 1, 2, 1, 0, 1, 3, 2, 1, 2, 1, 1, 1, 3, 2, 1, 1, 1, 0, 0, 0, 2, 1, 1, 0, 1, 1, 1, 2, 2, 1, 0, 1, 1, 1, 3, 2, 1, 0, 1, 1, 0, 0, 2, 1, 1, 1, 1, 1, 0, 3, 3, 2, 1, 1, 1, 1, 1, 2, 3, 3, 2, 1, 0, 1, 0, 1, 4, 3, 3, 2, 1, 0, 1, 5, 4, 4, 3, 2, 1, 2, 3, 4, 3, 4, 3, 2, 1, 2, 2, 3, 3, 4, 3, 2, 2, 2, 2, 3, 3, 3, 3, 2, 2, 1, 2, 3, 2, 3, 3, 3, 2, 1, 1, 2, 1, 4, 3, 2, 2, 1, 1, 1, 2, 3, 3, 2, 1, 0, 0, 2, 1, 2, 2, 1, 1, 0, 1, 2, 3, 3, 2, 2, 2]

################################################################
################### jail_ex_download_list: ######################

[1, 1, 1, 2, 2, 2, 2, 2, 0, 1, 1, 0, 1, 1, 1, 1, 0, 1, 1, 0, 0, 1, 1, 1, 1, 0, 0, 1, 1, 1, 1, 1, 1, 0, 1, 0, 1, 0, 1, 0, 1, 1, 1, 1, 0, 1, 0, 0, 1, 0, 0, 0, 0, 0, 0, 1, 1, 1, 1, 0, 1, 0, 1, 0, 0, 1, 1, 1, 1, 0, 0, 0, 0, 0, 0, 1, 0, 1, 0, 1, 1, 1, 0, 0, 0, 0, 1, 0, 0, 1, 1, 1, 1, 1, 1, 1, 1, 0, 0, 1, 0, 1, 0, 0, 0, 0, 0, 0, 1, 1, 1, 1, 1, 1, 1, 1, 0, 0, 0, 0, 0, 0, 1, 1, 1, 1, 1, 1, 0, 1, 1, 1, 1, 1, 1, 1, 1, 1, 0, 0, 0, 0, 0, 1, 0, 1, 0, 0, 1, 1, 1, 1, 1, 0, 1, 1, 1, 1, 1, 1, 1, 1, 1, 1, 1, 1, 1, 0, 1, 0, 0, 0, 1, 1, 1, 1, 0, 1, 0, 1, 1, 1, 0, 0, 1, 1, 1, 1, 1, 1, 0, 0, 0, 0, 1, 1, 1, 1, 0, 0, 0, 1, 1, 1, 1, 1, 0, 0, 1, 1, 0, 0, 1, 1, 1, 1, 1, 1, 1, 1, 1, 1, 0, 1, 1, 0, 1, 1, 0, 0, 1, 1, 0, 0, 0, 1, 1, 1, 0, 1, 0, 1, 0, 1, 1, 1, 1, 0, 0, 1, 1, 1, 0, 0, 1, 1, 0, 1, 0, 0, 0, 0, 1, 1, 1, 1, 1, 0, 0, 0, 0, 0, 1, 0, 1, 1, 1, 1, 0, 1, 0, 1, 1, 0, 0, 1, 0, 1, 0, 0, 1, 1, 0, 1, 1, 1, 0, 1, 0, 1, 1, 1, 1, 1, 1, 0, 0, 0, 0, 1, 0, 1, 0, 1, 1, 1, 1, 1, 1, 0, 1, 0, 0, 1, 1, 1, 1, 1, 0, 1, 0, 1, 1, 1, 0, 0, 1, 0, 1, 0, 1, 1, 0, 1, 1, 1, 0, 1, 1, 0, 1, 0, 0, 0, 1, 1, 0, 1, 0, 0, 0, 1, 1, 0, 1, 0, 1, 0, 0, 1, 1, 1, 1, 0, 1, 0, 0, 0, 1, 1, 0, 0, 1, 0, 0, 1, 1, 0, 0, 1, 0, 1, 1, 0, 1, 1, 1, 0, 1, 1, 1, 1, 1, 0, 1, 1, 0, 1, 1, 0, 1, 1, 0, 0, 0, 0, 0, 1, 1, 0, 1, 1, 1, 1, 0, 0, 0, 1, 0, 0, 1, 1, 1, 1, 0, 0, 1, 0, 0, 0, 0, 0, 1, 1, 1, 1, 1, 0, 0, 0, 0, 0, 0, 0, 1, 1, 0, 1, 1, 1, 0, 1, 1, 0, 0, 1, 1, 1, 1, 0, 1, 0, 0, 0, 0, 0, 1, 0, 1, 1, 1, 1, 1, 1, 1, 1, 1, 0, 1, 1, 1, 0, 1, 0, 1, 1, 1, 0, 0, 0, 0, 0, 1, 0, 0, 1, 0, 0, 1, 1, 1, 1, 0, 0, 0, 1, 0, 1, 0, 1, 1, 1, 1, 0, 1, 1, 1, 1, 0, 1, 1, 1, 0, 1, 1, 1, 1, 0, 0, 1, 1, 1, 0, 1, 1, 1, 1, 0, 0, 1, 1, 1, 0, 1, 1, 1, 1, 1, 0, 0, 1, 1, 1, 1, 1, 1, 1, 1, 1, 1, 1, 1, 1, 1, 1, 1, 1, 1, 1, 1, 1, 2, 1, 1, 1, 0, 1, 1, 0, 0, 0, 1, 1, 0, 1, 0, 1, 1, 1, 0, 0, 1, 0, 1, 0, 0, 0, 1, 1, 1, 1, 1, 1, 1, 1, 0, 0, 1, 0, 1, 1, 1, 0, 1, 1, 0, 0, 1, 0, 0, 1, 1, 0, 1, 1, 0, 1, 1, 1, 0, 1, 1, 1, 0, 1, 1, 1, 1, 1, 0, 1, 1, 1, 0, 1, 0, 1, 1, 1, 1, 0, 0, 0, 1, 1, 0, 0, 1, 1, 1, 1, 0, 0, 0, 0, 1, 0, 1, 1, 1, 1, 1, 1, 0, 1, 0, 0, 1, 1, 1, 0, 1, 1, 0, 0, 1, 1, 1, 1, 1, 1, 1, 1, 1, 1, 1, 0, 0, 1, 1, 1, 1, 2, 2, 1, 1, 1, 1, 0, 1, 1, 0, 0, 1, 1, 0, 1, 0, 0, 1, 1, 1, 0, 1, 1, 1, 0, 1, 1, 1, 1, 1, 0, 0, 0, 0, 0, 0, 1, 1, 1, 0, 0, 1, 1, 1, 1, 1, 1, 1, 1, 1, 1, 1, 0, 0, 1, 1, 2, 1]

################################################################
################################################################
################### process_jail_download_list: ######################

[7, 7, 7, 8, 8, 8, 8, 9, 7, 6, 6, 6, 7, 7, 7, 6, 6, 7, 7, 6, 6, 6, 7, 7, 7, 6, 6, 7, 6, 7, 6, 7, 7, 6, 6, 6, 7, 6, 7, 6, 6, 7, 7, 7, 6, 7, 6, 6, 6, 6, 6, 6, 6, 6, 6, 7, 7, 6, 6, 6, 6, 6, 7, 6, 6, 7, 7, 6, 7, 6, 6, 6, 6, 6, 6, 7, 6, 7, 6, 7, 7, 6, 6, 6, 6, 6, 6, 6, 6, 7, 7, 6, 7, 6, 7, 7, 7, 6, 6, 7, 6, 6, 6, 6, 6, 6, 6, 6, 7, 7, 7, 7, 7, 7, 7, 6, 6, 6, 6, 6, 7, 6, 7, 7, 6, 7, 6, 7, 6, 7, 6, 7, 7, 7, 7, 7, 7, 7, 7, 7, 6, 7, 6, 6, 6, 7, 7, 7, 7, 6, 6, 7, 7, 6, 7, 7, 7, 7, 7, 6, 6, 7, 7, 8, 8, 7, 6, 6, 7, 6, 7, 7, 7, 7, 8, 7, 7, 7, 6, 7, 7, 7, 7, 7, 7, 7, 7, 6, 7, 7, 7, 7, 7, 6, 7, 7, 7, 7, 7, 7, 6, 7, 7, 7, 7, 7, 7, 7, 7, 6, 6, 6, 7, 7, 7, 8, 8, 7, 7, 7, 7, 7, 6, 7, 7, 7, 7, 6, 6, 6, 7, 6, 6, 6, 7, 7, 7, 7, 6, 7, 7, 7, 6, 6, 7, 7, 6, 6, 6, 6, 7, 7, 7, 7, 7, 7, 6, 7, 6, 6, 7, 7, 7, 7, 7, 6, 7, 6, 6, 6, 6, 6, 7, 6, 7, 6, 7, 6, 6, 6, 6, 6, 7, 6, 6, 7, 6, 6, 6, 6, 7, 7, 6, 6, 7, 6, 6, 7, 6, 7, 7, 7, 6, 7, 6, 6, 6, 6, 7, 7, 6, 7, 6, 7, 7, 7, 7, 7, 7, 6, 7, 6, 7, 7, 7, 7, 7, 7, 6, 7, 6, 7, 7, 7, 6, 6, 6, 6, 7, 6, 6, 7, 6, 7, 7, 7, 6, 6, 7, 6, 7, 7, 7, 6, 6, 7, 6, 6, 6, 6, 7, 7, 7, 6, 6, 6, 7, 6, 6, 7, 7, 7, 7, 6, 7, 7, 7, 6, 6, 7, 6, 6, 7, 6, 6, 7, 7, 6, 6, 6, 6, 7, 7, 6, 6, 6, 7, 6, 7, 7, 7, 7, 7, 6, 7, 7, 6, 7, 7, 6, 6, 6, 6, 6, 6, 6, 6, 7, 7, 6, 7, 7, 7, 7, 6, 6, 7, 7, 6, 6, 7, 7, 7, 7, 6, 6, 6, 6, 6, 6, 6, 6, 7, 7, 7, 7, 7, 6, 6, 6, 6, 6, 6, 6, 6, 7, 7, 7, 7, 6, 6, 7, 7, 7, 6, 7, 7, 7, 7, 6, 7, 6, 6, 6, 6, 6, 6, 6, 6, 6, 7, 7, 6, 6, 7, 6, 7, 6, 6, 7, 7, 6, 7, 6, 6, 7, 7, 6, 7, 7, 6, 6, 6, 6, 6, 7, 6, 6, 6, 7, 7, 7, 6, 6, 6, 7, 6, 7, 6, 6, 7, 7, 7, 6, 7, 7, 7, 7, 6, 7, 7, 7, 6, 6, 7, 7, 7, 6, 6, 6, 7, 7, 6, 7, 7, 7, 7, 6, 6, 6, 7, 7, 6, 7, 7, 7, 7, 7, 7, 7, 7, 8, 8, 8, 7, 7, 7, 7, 7, 7, 7, 7, 7, 7, 7, 7, 7, 7, 7, 7, 8, 8, 7, 7, 7, 6, 6, 7, 6, 6, 6, 7, 7, 6, 7, 6, 7, 7, 7, 6, 6, 6, 6, 6, 6, 6, 6, 7, 7, 7, 7, 7, 7, 7, 7, 6, 6, 7, 6, 6, 7, 7, 6, 7, 7, 6, 6, 6, 6, 6, 6, 6, 6, 6, 6, 6, 6, 6, 6, 6, 6, 7, 6, 6, 7, 7, 7, 6, 7, 6, 6, 6, 6, 6, 7, 6, 6, 7, 7, 6, 6, 6, 6, 7, 7, 6, 6, 7, 6, 7, 8, 7, 7, 6, 6, 7, 6, 7, 7, 7, 7, 6, 7, 6, 6, 7, 7, 8, 8, 8, 6, 7, 6, 7, 7, 7, 7, 7, 7, 7, 6, 6, 7, 7, 7, 7, 6, 6, 7, 7, 7, 7, 7, 8, 7, 6, 7, 6, 6, 7, 7, 6, 6, 7, 7, 6, 7, 7, 6, 7, 7, 6, 6, 6, 7, 7, 6, 7, 6, 7, 6, 7, 6, 7, 7, 6, 6, 6, 7, 6, 6, 6, 6, 7, 7, 7, 6, 7, 7, 7, 7, 7, 8, 9, 8, 8, 8, 8, 7, 7]

################################################################
################################################################
################### process_jail_list: ######################

[6, 6, 6, 6, 6, 6, 6, 7, 7, 5, 5, 6, 6, 6, 6, 5, 6, 6, 6, 6, 6, 5, 6, 6, 6, 6, 6, 6, 5, 6, 5, 6, 6, 6, 5, 6, 6, 6, 6, 6, 5, 6, 6, 6, 6, 6, 6, 6, 5, 6, 6, 6, 6, 6, 6, 6, 6, 5, 5, 6, 5, 6, 6, 6, 6, 6, 6, 5, 6, 6, 6, 6, 6, 6, 6, 6, 6, 6, 6, 6, 6, 5, 6, 6, 6, 6, 5, 6, 6, 6, 6, 5, 6, 5, 6, 6, 6, 6, 6, 6, 6, 5, 6, 6, 6, 6, 6, 6, 6, 6, 6, 6, 6, 6, 6, 5, 6, 6, 6, 6, 7, 6, 6, 6, 5, 6, 5, 6, 6, 6, 5, 6, 6, 6, 6, 6, 6, 6, 7, 7, 6, 7, 6, 5, 6, 6, 7, 7, 6, 5, 5, 6, 6, 6, 6, 6, 6, 6, 6, 5, 5, 6, 6, 7, 7, 6, 5, 6, 6, 6, 7, 7, 6, 6, 7, 6, 7, 6, 6, 6, 6, 6, 7, 7, 6, 6, 6, 5, 6, 6, 7, 7, 7, 6, 6, 6, 6, 6, 7, 7, 6, 6, 6, 6, 6, 6, 7, 7, 6, 5, 6, 6, 6, 6, 6, 7, 7, 6, 6, 6, 6, 6, 6, 6, 6, 7, 6, 5, 6, 6, 6, 5, 6, 6, 7, 6, 6, 6, 6, 6, 7, 6, 6, 5, 6, 6, 5, 6, 6, 5, 6, 6, 7, 7, 6, 6, 6, 6, 6, 6, 7, 7, 6, 6, 6, 5, 6, 6, 6, 6, 6, 6, 6, 6, 6, 5, 6, 5, 6, 5, 6, 5, 6, 6, 6, 6, 6, 5, 6, 6, 6, 6, 6, 5, 6, 5, 6, 6, 6, 6, 6, 6, 5, 6, 5, 6, 6, 6, 7, 6, 6, 6, 6, 6, 6, 6, 6, 6, 6, 6, 6, 6, 7, 6, 6, 6, 6, 6, 6, 6, 6, 6, 6, 6, 6, 6, 5, 6, 6, 6, 5, 6, 6, 6, 6, 6, 6, 5, 6, 6, 6, 7, 7, 6, 5, 6, 6, 5, 6, 6, 7, 6, 6, 6, 5, 6, 6, 6, 6, 6, 6, 6, 6, 6, 6, 7, 7, 6, 5, 6, 6, 6, 6, 6, 6, 6, 6, 6, 6, 5, 6, 6, 6, 6, 5, 5, 6, 6, 6, 6, 6, 6, 6, 6, 6, 6, 6, 6, 6, 6, 5, 5, 6, 6, 6, 6, 6, 6, 6, 6, 6, 6, 6, 6, 6, 6, 7, 6, 6, 6, 6, 6, 6, 6, 6, 6, 5, 6, 6, 6, 6, 6, 6, 6, 6, 6, 6, 6, 6, 6, 6, 6, 6, 6, 5, 6, 7, 6, 6, 5, 6, 6, 6, 7, 6, 6, 6, 6, 6, 6, 6, 6, 6, 6, 6, 6, 5, 6, 5, 5, 6, 6, 5, 5, 6, 5, 6, 6, 5, 6, 6, 6, 6, 6, 5, 6, 6, 6, 7, 7, 6, 6, 5, 6, 6, 6, 6, 6, 5, 6, 6, 6, 6, 6, 6, 6, 6, 6, 6, 5, 6, 6, 6, 6, 6, 6, 6, 6, 6, 6, 6, 6, 6, 5, 6, 6, 6, 6, 6, 5, 6, 6, 6, 6, 6, 6, 6, 6, 6, 5, 6, 6, 6, 6, 6, 6, 6, 6, 7, 7, 6, 7, 7, 7, 6, 6, 6, 6, 6, 6, 6, 6, 6, 6, 6, 6, 6, 6, 6, 6, 7, 6, 6, 6, 6, 6, 5, 6, 6, 6, 6, 6, 6, 6, 6, 6, 6, 6, 6, 6, 6, 5, 6, 5, 6, 6, 6, 6, 6, 6, 6, 6, 6, 6, 6, 6, 6, 6, 6, 5, 6, 6, 6, 6, 6, 6, 6, 5, 6, 6, 5, 5, 6, 5, 5, 6, 5, 5, 5, 6, 5, 6, 5, 6, 6, 6, 6, 5, 6, 6, 5, 5, 5, 6, 6, 6, 5, 6, 6, 5, 6, 6, 6, 6, 6, 6, 6, 6, 5, 6, 7, 7, 7, 6, 6, 6, 6, 6, 6, 6, 6, 5, 6, 6, 5, 7, 7, 7, 7, 7, 6, 6, 5, 7, 7, 6, 6, 6, 6, 6, 5, 5, 6, 6, 6, 6, 6, 6, 6, 6, 6, 6, 5, 6, 6, 5, 6, 5, 6, 6, 6, 6, 6, 6, 6, 6, 6, 7, 6, 6, 6, 5, 6, 5, 6, 6, 6, 6, 5, 6, 5, 6, 6, 7, 7, 6, 6, 6, 6, 5, 5, 6, 6, 6, 6, 6, 5, 6, 6, 6, 6, 6, 7, 8, 8, 8, 7, 7, 5, 6]

################################################################
