Numero total de amostras 770

Tempo total de processamento: 0:12:08

############## TEMPOS DE PROCESSAMENTO DO EXERCICIO NO JAIL  ####################
Soma 4554 segundos
Media 5.914285714285715 segundos
Desvio padr達o 0.4730981847284145 segundos
Minimo 5 segundos
Maximo 7 segundos

95% 5.0 segundos
99% 5.0 segundos

############## TEMPOS DE PROCESSAMENTO DO EXERCICIO NO JAIL COM DOWNLOAD  ################
Soma 5099 segundos
Media 6.6220779220779225 segundos
Desvio padr達o 0.6904023627563701 segundos
Minimo 6 segundos
Maximo 11 segundos

95% 6.0 segundos
99% 6.0 segundos

################### TEMPOS DE DOWNLOAD DO EXERCICIO NO JAIL #######################
Soma 545 segundos
Media 0.7077922077922078 segundos
Desvio padr達o 0.5802521247276651 segundos
Minimo 0 segundos
Maximo 4 segundos

95% 0.0 segundos
99% 0.0 segundos

############################ TEMPOS DE ESPERA NA FILA ############################
Soma 30006
Media 38.968831168831166 segundos
Desvio padr達o 18.23302455294018 segundos
Minimo 0 segundos
Maximo 73 segundos

95% 6.0 segundos
99% 6.0 segundos

################### queue_wait_time_list: ######################

[6, 5, 4, 3, 3, 2, 1, 0, 9, 8, 8, 8, 8, 7, 6, 10, 9, 10, 10, 10, 9, 8, 10, 9, 11, 11, 10, 10, 9, 11, 10, 10, 11, 11, 10, 9, 12, 11, 11, 11, 11, 11, 10, 13, 12, 13, 12, 11, 12, 11, 13, 12, 12, 13, 12, 13, 12, 14, 13, 13, 14, 13, 13, 13, 14, 13, 14, 14, 13, 14, 13, 15, 14, 14, 15, 14, 14, 13, 15, 14, 15, 15, 14, 15, 14, 15, 15, 15, 16, 15, 15, 14, 16, 15, 15, 16, 15, 16, 15, 16, 15, 16, 16, 16, 17, 16, 16, 16, 16, 17, 16, 17, 16, 17, 16, 17, 17, 17, 18, 17, 17, 17, 17, 17, 17, 19, 18, 17, 17, 17, 18, 17, 19, 19, 18, 18, 18, 19, 18, 20, 20, 19, 18, 20, 20, 19, 20, 21, 20, 19, 20, 21, 20, 20, 22, 21, 20, 20, 22, 21, 21, 23, 22, 21, 21, 23, 22, 21, 23, 22, 21, 22, 23, 22, 20, 24, 23, 22, 22, 24, 23, 22, 24, 23, 23, 22, 24, 23, 22, 25, 24, 23, 23, 25, 24, 23, 25, 24, 24, 23, 25, 25, 24, 26, 25, 24, 23, 26, 25, 24, 26, 26, 25, 25, 26, 26, 25, 26, 27, 27, 27, 27, 27, 26, 27, 28, 27, 26, 27, 27, 26, 27, 28, 28, 27, 27, 27, 26, 27, 28, 28, 28, 28, 28, 27, 28, 28, 29, 28, 28, 28, 27, 28, 28, 29, 29, 29, 28, 28, 28, 29, 30, 29, 29, 29, 28, 29, 28, 31, 31, 30, 29, 29, 29, 29, 31, 31, 31, 30, 29, 29, 29, 31, 31, 31, 31, 30, 29, 30, 32, 31, 32, 32, 31, 30, 30, 32, 31, 32, 32, 31, 30, 30, 32, 33, 33, 32, 31, 31, 31, 33, 32, 33, 32, 31, 31, 31, 33, 33, 35, 34, 33, 32, 32, 34, 34, 35, 35, 34, 33, 32, 34, 34, 36, 35, 35, 34, 33, 35, 35, 37, 36, 35, 35, 34, 35, 34, 38, 37, 36, 35, 34, 36, 36, 38, 38, 37, 36, 35, 37, 36, 39, 38, 38, 37, 36, 38, 37, 39, 39, 38, 38, 37, 38, 38, 39, 39, 39, 38, 38, 39, 38, 40, 39, 39, 39, 38, 39, 39, 40, 39, 40, 39, 38, 40, 40, 40, 40, 40, 40, 39, 41, 41, 41, 40, 41, 41, 40, 41, 41, 41, 41, 41, 41, 40, 41, 41, 41, 41, 41, 42, 41, 42, 42, 42, 41, 41, 42, 41, 42, 43, 42, 42, 42, 43, 42, 43, 43, 43, 42, 42, 44, 43, 43, 44, 43, 42, 43, 45, 44, 43, 44, 43, 42, 43, 45, 44, 43, 44, 43, 43, 43, 46, 45, 44, 43, 44, 43, 44, 46, 46, 45, 45, 44, 44, 44, 47, 47, 47, 46, 46, 45, 44, 47, 48, 47, 48, 48, 47, 46, 47, 49, 48, 47, 49, 48, 47, 48, 49, 48, 49, 49, 48, 47, 48, 50, 49, 49, 49, 49, 48, 48, 51, 50, 50, 49, 51, 50, 49, 51, 50, 51, 50, 52, 51, 50, 52, 51, 51, 51, 53, 52, 51, 53, 52, 52, 51, 53, 52, 51, 53, 52, 52, 52, 54, 53, 52, 53, 53, 53, 52, 54, 54, 53, 54, 54, 55, 54, 54, 54, 53, 55, 54, 55, 54, 55, 54, 54, 55, 55, 56, 55, 55, 55, 54, 55, 55, 56, 55, 55, 55, 54, 56, 55, 56, 56, 56, 55, 55, 56, 56, 58, 57, 56, 55, 55, 57, 56, 58, 58, 57, 56, 56, 57, 57, 59, 58, 57, 56, 56, 57, 57, 60, 59, 58, 57, 56, 57, 57, 60, 60, 59, 58, 57, 58, 58, 60, 60, 60, 59, 58, 58, 58, 61, 60, 60, 59, 59, 59, 59, 61, 61, 61, 60, 59, 59, 59, 61, 61, 61, 61, 60, 59, 59, 62, 61, 62, 62, 61, 60, 60, 62, 61, 62, 62, 62, 61, 60, 63, 62, 63, 63, 63, 62, 61, 63, 62, 63, 63, 63, 63, 62, 63, 63, 63, 63, 64, 63, 62, 65, 64, 64, 64, 64, 64, 63, 65, 64, 64, 65, 65, 64, 63, 66, 65, 65, 65, 65, 64, 64, 67, 66, 65, 65, 66, 65, 64, 68, 67, 66, 66, 66, 66, 66, 69, 68, 67, 66, 67, 67, 66, 70, 69, 69, 68, 67, 67, 66, 70, 70, 69, 68, 67, 68, 67, 71, 70, 70, 69, 68, 68, 67, 72, 71, 71, 70, 69, 69, 68, 72, 71, 71, 71, 70, 70, 69, 73, 72, 72, 72]

################################################################
################### jail_ex_download_list: ######################

[3, 3, 4, 4, 4, 4, 4, 4, 1, 1, 1, 2, 2, 2, 2, 0, 0, 0, 1, 1, 1, 1, 1, 1, 0, 0, 1, 0, 0, 1, 1, 1, 1, 0, 1, 1, 0, 0, 1, 1, 1, 1, 1, 0, 0, 1, 1, 1, 1, 1, 1, 1, 1, 1, 1, 1, 1, 1, 1, 1, 0, 0, 1, 0, 1, 1, 0, 1, 1, 0, 0, 0, 1, 1, 0, 0, 1, 1, 1, 1, 1, 1, 1, 0, 0, 1, 0, 0, 0, 0, 1, 1, 0, 1, 1, 1, 1, 1, 1, 1, 1, 0, 1, 0, 0, 0, 1, 1, 1, 1, 1, 1, 1, 0, 1, 0, 1, 0, 1, 1, 0, 0, 0, 1, 0, 0, 0, 1, 1, 1, 1, 1, 1, 0, 0, 0, 1, 1, 1, 0, 0, 0, 1, 1, 1, 1, 0, 1, 1, 1, 1, 1, 1, 1, 0, 1, 0, 0, 0, 0, 0, 0, 1, 0, 1, 0, 0, 1, 1, 1, 1, 0, 1, 1, 1, 0, 1, 1, 1, 0, 0, 1, 1, 1, 1, 1, 1, 1, 1, 0, 0, 1, 0, 1, 1, 1, 1, 1, 0, 1, 1, 0, 1, 1, 1, 1, 1, 0, 1, 1, 1, 1, 1, 1, 1, 1, 1, 1, 1, 0, 0, 0, 0, 0, 0, 0, 1, 1, 1, 0, 1, 1, 0, 0, 0, 1, 1, 1, 1, 1, 1, 1, 0, 0, 0, 0, 1, 0, 0, 1, 1, 1, 1, 1, 1, 1, 0, 1, 1, 1, 0, 1, 1, 1, 1, 1, 0, 1, 0, 1, 1, 1, 0, 0, 1, 1, 1, 1, 1, 1, 1, 1, 1, 0, 1, 0, 0, 1, 0, 0, 1, 1, 0, 0, 1, 1, 1, 1, 1, 0, 1, 1, 1, 1, 0, 0, 1, 1, 0, 0, 1, 1, 1, 1, 1, 1, 1, 1, 1, 1, 1, 1, 1, 1, 0, 0, 1, 0, 1, 1, 1, 1, 1, 1, 1, 1, 1, 1, 0, 0, 0, 1, 1, 0, 1, 1, 1, 1, 1, 1, 1, 1, 1, 1, 1, 0, 1, 1, 1, 1, 1, 0, 1, 1, 1, 1, 0, 0, 0, 0, 1, 1, 1, 1, 1, 1, 0, 0, 1, 0, 0, 0, 0, 1, 1, 1, 1, 1, 1, 1, 1, 0, 1, 1, 1, 1, 1, 0, 0, 0, 0, 0, 1, 0, 1, 0, 0, 0, 1, 1, 1, 0, 0, 1, 1, 1, 0, 1, 0, 0, 1, 1, 0, 1, 0, 1, 1, 1, 1, 0, 0, 0, 0, 1, 1, 1, 0, 1, 0, 1, 1, 1, 1, 0, 0, 1, 1, 0, 0, 0, 1, 0, 1, 1, 1, 1, 1, 1, 1, 1, 0, 1, 1, 1, 1, 1, 1, 1, 0, 1, 1, 2, 2, 2, 1, 1, 0, 1, 0, 1, 1, 1, 2, 1, 1, 1, 0, 1, 1, 1, 1, 0, 0, 1, 0, 0, 0, 0, 1, 1, 0, 0, 1, 1, 0, 1, 1, 1, 1, 1, 1, 0, 0, 1, 1, 1, 0, 0, 0, 1, 1, 0, 1, 1, 1, 1, 0, 0, 1, 0, 0, 1, 1, 0, 0, 0, 1, 1, 1, 1, 1, 1, 1, 0, 0, 1, 1, 1, 1, 1, 1, 1, 0, 1, 1, 1, 0, 0, 1, 1, 1, 0, 1, 1, 1, 0, 1, 0, 0, 0, 0, 0, 1, 0, 1, 1, 1, 1, 1, 1, 0, 1, 0, 1, 1, 1, 0, 1, 0, 1, 0, 1, 1, 1, 1, 1, 0, 1, 1, 0, 1, 1, 0, 0, 0, 0, 0, 1, 1, 1, 1, 0, 1, 1, 1, 1, 1, 1, 1, 1, 0, 1, 1, 1, 0, 0, 1, 1, 0, 1, 1, 1, 1, 0, 1, 1, 1, 0, 0, 0, 1, 0, 1, 1, 1, 0, 0, 1, 1, 1, 1, 1, 1, 1, 0, 1, 1, 1, 1, 1, 0, 1, 1, 1, 1, 1, 1, 1, 0, 0, 0, 0, 0, 1, 1, 1, 1, 1, 1, 1, 0, 1, 1, 1, 1, 1, 0, 1, 1, 0, 0, 0, 1, 1, 0, 1, 1, 1, 1, 0, 0, 0, 1, 1, 1, 1, 1, 1, 1, 0, 0, 0, 1, 1, 0, 1, 1, 0, 0, 0, 1, 1, 0, 0, 1, 1, 1, 1, 0, 0, 0, 1, 1, 0, 0, 1, 1, 1, 0, 0, 1, 1, 1, 0, 0, 1, 1, 1, 1, 1, 1, 1, 0, 0, 1, 1, 1, 1, 1, 1, 1, 1, 1, 1, 1, 1, 0, 0, 0, 0]

################################################################
################################################################
################### process_jail_download_list: ######################

[10, 10, 11, 11, 11, 11, 11, 11, 7, 7, 8, 8, 8, 7, 8, 6, 6, 6, 7, 6, 7, 7, 7, 7, 6, 6, 7, 6, 6, 7, 7, 7, 6, 6, 7, 7, 7, 7, 7, 7, 6, 7, 7, 6, 6, 7, 6, 7, 7, 7, 7, 7, 7, 7, 7, 7, 6, 6, 6, 7, 6, 6, 7, 6, 7, 7, 6, 7, 7, 6, 6, 6, 6, 6, 6, 6, 7, 7, 6, 7, 7, 7, 7, 6, 6, 7, 6, 6, 6, 6, 7, 7, 6, 6, 7, 6, 7, 7, 7, 6, 7, 6, 7, 6, 6, 6, 7, 6, 7, 6, 7, 7, 7, 6, 7, 6, 6, 6, 7, 7, 6, 6, 6, 7, 6, 6, 7, 7, 7, 7, 7, 7, 7, 7, 7, 6, 7, 7, 7, 6, 7, 7, 7, 6, 7, 7, 6, 7, 7, 7, 7, 7, 7, 7, 7, 7, 7, 6, 7, 7, 6, 6, 6, 6, 7, 6, 6, 6, 7, 7, 7, 6, 7, 7, 7, 6, 6, 7, 7, 6, 6, 6, 7, 7, 6, 7, 7, 7, 7, 6, 6, 7, 6, 6, 7, 7, 7, 7, 6, 6, 7, 6, 6, 6, 7, 7, 7, 6, 7, 7, 6, 7, 8, 8, 7, 7, 7, 7, 7, 6, 6, 6, 6, 6, 6, 6, 7, 7, 6, 6, 6, 6, 6, 6, 6, 7, 7, 7, 7, 6, 7, 7, 6, 6, 6, 6, 6, 6, 6, 7, 6, 7, 6, 7, 7, 7, 6, 7, 6, 7, 6, 7, 7, 7, 6, 7, 6, 6, 6, 6, 7, 7, 6, 6, 6, 6, 7, 6, 7, 7, 6, 7, 7, 6, 7, 7, 7, 7, 6, 6, 6, 6, 6, 6, 6, 6, 6, 7, 7, 6, 6, 7, 7, 7, 6, 6, 6, 6, 6, 6, 6, 6, 8, 8, 8, 7, 7, 7, 7, 7, 6, 7, 7, 6, 6, 6, 7, 6, 7, 7, 7, 7, 7, 7, 7, 6, 7, 7, 6, 6, 7, 7, 7, 6, 6, 7, 7, 6, 7, 7, 7, 7, 7, 7, 7, 6, 7, 7, 7, 7, 7, 6, 7, 6, 7, 7, 6, 6, 6, 6, 7, 6, 7, 7, 7, 7, 6, 6, 7, 6, 6, 6, 6, 6, 7, 6, 6, 7, 7, 6, 7, 6, 7, 7, 7, 7, 7, 6, 7, 7, 7, 6, 6, 6, 7, 6, 6, 6, 6, 7, 6, 6, 6, 7, 7, 7, 6, 7, 6, 6, 6, 6, 6, 7, 6, 7, 7, 7, 7, 7, 6, 7, 6, 6, 7, 7, 6, 7, 6, 6, 7, 7, 7, 6, 6, 6, 6, 6, 6, 6, 6, 6, 6, 7, 6, 7, 7, 7, 6, 7, 6, 7, 6, 7, 7, 7, 6, 7, 6, 7, 7, 8, 8, 8, 7, 6, 6, 7, 6, 7, 8, 8, 8, 6, 7, 7, 6, 7, 7, 7, 7, 6, 6, 7, 6, 6, 6, 6, 7, 7, 6, 6, 7, 7, 6, 7, 7, 7, 6, 8, 8, 7, 6, 6, 7, 7, 7, 7, 7, 7, 7, 6, 7, 7, 7, 7, 7, 7, 7, 6, 6, 6, 6, 6, 6, 6, 7, 7, 7, 7, 6, 7, 7, 6, 6, 7, 7, 7, 7, 8, 8, 6, 6, 6, 7, 6, 6, 6, 7, 6, 7, 6, 7, 7, 7, 6, 7, 6, 6, 6, 6, 6, 6, 6, 6, 7, 6, 7, 7, 7, 6, 7, 6, 7, 7, 7, 6, 6, 6, 6, 6, 7, 6, 7, 7, 6, 6, 7, 7, 6, 6, 6, 6, 6, 6, 7, 7, 7, 7, 6, 6, 6, 7, 6, 7, 7, 7, 7, 7, 6, 6, 7, 7, 7, 6, 6, 7, 6, 6, 6, 7, 7, 7, 6, 7, 7, 7, 6, 6, 6, 6, 6, 6, 7, 7, 6, 6, 7, 6, 7, 7, 7, 7, 7, 6, 6, 6, 6, 7, 7, 6, 7, 7, 7, 7, 7, 7, 7, 6, 6, 6, 6, 6, 7, 7, 7, 7, 6, 6, 7, 6, 6, 7, 7, 7, 7, 6, 7, 7, 6, 6, 6, 7, 7, 6, 6, 7, 7, 7, 6, 6, 6, 7, 7, 7, 6, 6, 7, 7, 6, 7, 7, 7, 7, 6, 7, 7, 7, 7, 7, 6, 7, 7, 7, 8, 7, 7, 8, 6, 6, 6, 7, 7, 6, 6, 6, 7, 7, 6, 6, 7, 7, 7, 6, 6, 7, 7, 7, 7, 7, 7, 7, 6, 6, 6, 7, 7, 7, 7, 7, 7, 7, 7, 7, 6, 6, 6, 6, 6, 6]

################################################################
################################################################
################### process_jail_list: ######################

[7, 7, 7, 7, 7, 7, 7, 7, 6, 6, 7, 6, 6, 5, 6, 6, 6, 6, 6, 5, 6, 6, 6, 6, 6, 6, 6, 6, 6, 6, 6, 6, 5, 6, 6, 6, 7, 7, 6, 6, 5, 6, 6, 6, 6, 6, 5, 6, 6, 6, 6, 6, 6, 6, 6, 6, 5, 5, 5, 6, 6, 6, 6, 6, 6, 6, 6, 6, 6, 6, 6, 6, 5, 5, 6, 6, 6, 6, 5, 6, 6, 6, 6, 6, 6, 6, 6, 6, 6, 6, 6, 6, 6, 5, 6, 5, 6, 6, 6, 5, 6, 6, 6, 6, 6, 6, 6, 5, 6, 5, 6, 6, 6, 6, 6, 6, 5, 6, 6, 6, 6, 6, 6, 6, 6, 6, 7, 6, 6, 6, 6, 6, 6, 7, 7, 6, 6, 6, 6, 6, 7, 7, 6, 5, 6, 6, 6, 6, 6, 6, 6, 6, 6, 6, 7, 6, 7, 6, 7, 7, 6, 6, 5, 6, 6, 6, 6, 5, 6, 6, 6, 6, 6, 6, 6, 6, 5, 6, 6, 6, 6, 5, 6, 6, 5, 6, 6, 6, 6, 6, 6, 6, 6, 5, 6, 6, 6, 6, 6, 5, 6, 6, 5, 5, 6, 6, 6, 6, 6, 6, 5, 6, 7, 7, 6, 6, 6, 6, 6, 6, 6, 6, 6, 6, 6, 6, 6, 6, 5, 6, 5, 5, 6, 6, 6, 6, 6, 6, 6, 5, 6, 6, 6, 6, 6, 6, 5, 6, 6, 6, 5, 6, 5, 6, 6, 6, 6, 6, 5, 6, 6, 6, 6, 6, 5, 6, 6, 5, 6, 5, 6, 6, 6, 6, 5, 5, 6, 5, 6, 6, 5, 6, 6, 6, 6, 7, 7, 6, 6, 6, 5, 5, 6, 6, 5, 5, 5, 6, 6, 6, 5, 6, 6, 6, 6, 6, 5, 5, 6, 6, 5, 5, 7, 7, 7, 6, 6, 6, 6, 6, 5, 6, 6, 5, 6, 6, 6, 6, 6, 6, 6, 6, 6, 6, 6, 5, 6, 6, 6, 6, 7, 6, 6, 6, 5, 6, 6, 5, 6, 6, 6, 6, 6, 6, 6, 6, 6, 6, 6, 6, 6, 6, 6, 5, 6, 6, 6, 6, 6, 6, 6, 5, 6, 6, 6, 6, 6, 6, 6, 6, 6, 6, 6, 5, 6, 5, 5, 6, 6, 5, 6, 6, 6, 6, 6, 6, 6, 6, 7, 7, 7, 6, 5, 6, 6, 6, 6, 6, 5, 6, 5, 6, 6, 6, 6, 6, 6, 6, 6, 6, 5, 5, 6, 6, 6, 6, 6, 6, 6, 7, 6, 7, 6, 5, 6, 6, 6, 6, 6, 5, 6, 6, 6, 6, 6, 5, 5, 6, 6, 6, 5, 6, 5, 6, 5, 6, 6, 6, 5, 6, 6, 6, 5, 6, 6, 6, 5, 6, 6, 6, 6, 6, 6, 6, 6, 5, 6, 6, 6, 6, 7, 7, 6, 5, 6, 6, 6, 6, 6, 6, 6, 6, 6, 6, 6, 6, 6, 6, 6, 6, 6, 6, 6, 6, 6, 6, 6, 6, 5, 7, 7, 7, 6, 5, 6, 6, 7, 7, 7, 6, 6, 6, 6, 6, 6, 6, 7, 7, 6, 6, 6, 5, 5, 6, 6, 6, 6, 6, 6, 6, 5, 6, 6, 6, 6, 6, 6, 6, 6, 7, 7, 5, 6, 5, 6, 5, 6, 6, 6, 5, 6, 6, 6, 6, 6, 6, 6, 6, 6, 6, 6, 6, 5, 6, 5, 6, 5, 6, 6, 6, 6, 6, 6, 6, 6, 6, 6, 5, 6, 5, 6, 6, 5, 6, 6, 5, 6, 6, 6, 6, 5, 5, 6, 6, 6, 7, 7, 6, 6, 5, 5, 6, 6, 5, 6, 6, 6, 6, 6, 5, 6, 6, 6, 6, 6, 6, 6, 5, 6, 5, 6, 6, 6, 6, 6, 6, 6, 6, 6, 6, 5, 6, 5, 6, 6, 6, 6, 6, 5, 6, 6, 6, 6, 6, 6, 5, 5, 5, 6, 6, 6, 6, 6, 6, 6, 6, 6, 6, 6, 6, 6, 6, 6, 6, 6, 6, 6, 5, 5, 6, 6, 5, 6, 6, 6, 6, 6, 6, 6, 6, 6, 6, 6, 6, 6, 5, 6, 6, 6, 6, 6, 6, 6, 6, 6, 5, 5, 6, 6, 6, 7, 7, 6, 6, 6, 6, 6, 7, 7, 7, 5, 6, 7, 7, 7, 6, 6, 7, 6, 6, 6, 6, 6, 6, 6, 5, 6, 6, 6, 6, 6, 6, 6, 6, 6, 6, 6, 6, 6, 6, 6, 6, 6, 6, 5, 6, 6, 6, 6, 6, 6, 6, 6, 6, 5, 5, 6, 6, 6, 6]

################################################################
