Numero total de amostras 770

Tempo total de processamento: 0:10:54

############## TEMPOS DE PROCESSAMENTO DO EXERCICIO NO JAIL  ####################
Soma 4592 segundos
Media 5.963636363636364 segundos
Desvio padr達o 0.465681762722389 segundos
Minimo 5 segundos
Maximo 8 segundos

95% 5.0 segundos
99% 5.0 segundos

############## TEMPOS DE PROCESSAMENTO DO EXERCICIO NO JAIL COM DOWNLOAD  ################
Soma 5139 segundos
Media 6.674025974025974 segundos
Desvio padr達o 0.7839133594789068 segundos
Minimo 6 segundos
Maximo 12 segundos

95% 6.0 segundos
99% 6.0 segundos

################### TEMPOS DE DOWNLOAD DO EXERCICIO NO JAIL #######################
Soma 547 segundos
Media 0.7103896103896103 segundos
Desvio padr達o 0.6369742630908316 segundos
Minimo 0 segundos
Maximo 5 segundos

95% 0.0 segundos
99% 0.0 segundos

############################ TEMPOS DE ESPERA NA FILA ############################
Soma 1318
Media 1.7116883116883117 segundos
Desvio padr達o 1.8959953713827844 segundos
Minimo 0 segundos
Maximo 10 segundos

95% 0.0 segundos
99% 0.0 segundos

################### queue_wait_time_list: ######################

[7, 6, 5, 4, 3, 2, 1, 1, 8, 9, 8, 8, 8, 7, 7, 6, 4, 9, 10, 10, 9, 9, 8, 7, 6, 6, 8, 9, 8, 9, 6, 6, 7, 6, 6, 8, 7, 8, 8, 8, 6, 6, 6, 5, 6, 7, 6, 7, 7, 6, 6, 5, 4, 6, 5, 5, 7, 6, 5, 5, 4, 3, 4, 5, 5, 5, 4, 4, 3, 3, 3, 3, 3, 3, 4, 3, 3, 3, 3, 2, 1, 2, 1, 2, 1, 2, 1, 1, 0, 1, 1, 1, 2, 1, 1, 1, 3, 3, 6, 5, 5, 5, 6, 4, 3, 4, 3, 7, 6, 5, 4, 4, 5, 4, 3, 2, 6, 5, 4, 4, 4, 4, 3, 3, 2, 6, 5, 4, 4, 3, 3, 2, 3, 2, 4, 5, 5, 4, 3, 3, 2, 1, 0, 4, 6, 5, 4, 2, 1, 1, 1, 3, 5, 5, 4, 4, 3, 2, 1, 4, 3, 4, 4, 3, 3, 2, 1, 1, 1, 0, 3, 2, 3, 3, 2, 2, 1, 1, 0, 1, 1, 1, 2, 1, 1, 2, 1, 0, 2, 2, 1, 3, 4, 4, 3, 4, 3, 3, 2, 1, 2, 3, 2, 2, 2, 1, 1, 0, 0, 1, 1, 1, 0, 1, 1, 1, 1, 0, 0, 0, 1, 1, 0, 1, 0, 0, 0, 1, 1, 1, 1, 0, 1, 1, 1, 1, 1, 1, 0, 1, 1, 1, 1, 1, 0, 0, 1, 1, 2, 1, 1, 1, 1, 2, 1, 2, 2, 1, 1, 0, 0, 1, 1, 1, 2, 1, 1, 0, 0, 1, 1, 0, 1, 0, 0, 1, 2, 1, 0, 1, 1, 0, 1, 2, 1, 1, 0, 0, 0, 0, 1, 2, 1, 1, 1, 0, 0, 1, 2, 1, 0, 0, 0, 0, 1, 1, 3, 2, 1, 0, 0, 1, 1, 3, 2, 1, 0, 0, 1, 0, 1, 2, 2, 1, 0, 1, 1, 1, 3, 2, 1, 1, 1, 1, 1, 1, 2, 1, 1, 2, 1, 1, 1, 1, 0, 0, 1, 0, 1, 1, 1, 0, 0, 1, 1, 0, 0, 0, 0, 0, 1, 1, 1, 0, 1, 1, 0, 1, 1, 2, 1, 0, 0, 0, 1, 1, 2, 1, 1, 1, 0, 1, 1, 3, 2, 1, 1, 0, 1, 1, 1, 2, 1, 1, 1, 1, 1, 1, 1, 2, 2, 1, 1, 1, 1, 1, 1, 0, 0, 1, 0, 0, 0, 1, 1, 0, 1, 1, 0, 1, 1, 1, 0, 1, 2, 1, 1, 2, 1, 1, 1, 3, 2, 1, 1, 1, 1, 1, 3, 2, 1, 1, 1, 0, 1, 0, 3, 2, 1, 0, 0, 1, 1, 0, 3, 2, 2, 1, 1, 1, 0, 0, 2, 1, 2, 2, 1, 0, 0, 1, 1, 1, 2, 2, 1, 0, 2, 2, 1, 2, 1, 1, 0, 0, 1, 1, 1, 0, 0, 0, 0, 1, 1, 2, 1, 0, 1, 1, 2, 1, 1, 1, 0, 0, 0, 0, 1, 1, 0, 1, 1, 1, 0, 0, 2, 1, 0, 0, 0, 0, 0, 0, 2, 1, 0, 0, 1, 0, 1, 2, 2, 1, 0, 1, 0, 1, 1, 1, 2, 1, 0, 0, 1, 1, 0, 1, 1, 1, 0, 1, 0, 0, 1, 2, 2, 1, 1, 0, 0, 1, 2, 2, 2, 2, 1, 1, 2, 2, 1, 2, 1, 1, 0, 2, 2, 2, 1, 1, 1, 1, 0, 2, 2, 2, 1, 1, 0, 1, 2, 3, 2, 2, 2, 1, 1, 2, 2, 3, 3, 2, 1, 1, 0, 0, 1, 1, 1, 2, 1, 0, 0, 0, 1, 1, 1, 2, 1, 0, 0, 1, 1, 1, 0, 1, 1, 0, 2, 1, 1, 0, 0, 1, 1, 1, 1, 1, 0, 0, 1, 2, 1, 1, 1, 1, 1, 2, 2, 1, 1, 0, 0, 0, 0, 2, 2, 1, 0, 1, 1, 1, 2, 2, 1, 0, 1, 1, 1, 2, 1, 1, 1, 1, 1, 2, 2, 1, 1, 1, 0, 0, 1, 2, 1, 0, 0, 0, 0, 0, 1, 1, 1, 1, 1, 0, 0, 1, 2, 1, 1, 1, 0, 0, 1, 1, 1, 0, 0, 0, 0, 0, 1, 2, 1, 1, 0, 0, 1, 2, 1, 2, 1, 0, 0, 0, 1, 1, 0, 2, 1, 0, 1, 1, 1, 1, 2, 2, 1, 1, 0, 1, 1, 1, 1, 1, 1, 1, 1, 1, 1, 1, 1, 1, 1, 0, 0, 0, 0, 0, 1, 1, 1, 1, 1, 0, 0, 1, 1, 1, 1, 0]

################################################################
################### jail_ex_download_list: ######################

[4, 4, 4, 4, 4, 5, 5, 5, 1, 2, 3, 2, 2, 2, 2, 2, 2, 0, 1, 0, 1, 1, 1, 1, 1, 1, 1, 0, 1, 1, 1, 1, 1, 1, 1, 0, 0, 0, 1, 1, 1, 0, 1, 1, 1, 0, 1, 0, 1, 2, 1, 1, 1, 1, 1, 1, 0, 1, 1, 0, 1, 1, 0, 0, 0, 1, 1, 1, 1, 1, 1, 1, 1, 1, 0, 0, 0, 0, 0, 0, 1, 1, 1, 1, 1, 1, 1, 1, 1, 0, 1, 0, 1, 1, 0, 0, 1, 0, 1, 1, 1, 1, 1, 1, 1, 1, 1, 1, 1, 1, 1, 1, 1, 1, 1, 1, 1, 1, 1, 1, 1, 1, 1, 0, 0, 1, 1, 2, 1, 2, 1, 1, 1, 1, 1, 1, 0, 1, 1, 1, 1, 1, 1, 0, 1, 1, 1, 2, 2, 2, 1, 1, 0, 1, 1, 1, 1, 1, 2, 0, 0, 1, 0, 1, 1, 1, 0, 0, 1, 1, 0, 0, 0, 1, 1, 1, 1, 1, 1, 1, 0, 1, 1, 1, 0, 0, 1, 0, 1, 1, 1, 0, 1, 0, 1, 0, 1, 1, 1, 1, 0, 0, 1, 0, 1, 0, 1, 1, 1, 1, 1, 0, 1, 0, 1, 1, 0, 1, 0, 0, 0, 1, 1, 0, 1, 1, 1, 0, 1, 0, 0, 1, 0, 0, 1, 1, 0, 1, 1, 1, 1, 1, 1, 0, 1, 1, 1, 0, 0, 0, 1, 0, 0, 0, 1, 1, 0, 0, 0, 1, 1, 1, 1, 0, 0, 0, 0, 0, 0, 1, 0, 1, 1, 1, 0, 0, 0, 0, 1, 1, 0, 1, 0, 1, 1, 0, 1, 1, 1, 1, 0, 0, 0, 0, 0, 1, 1, 1, 1, 1, 1, 1, 1, 1, 0, 1, 0, 0, 0, 1, 1, 1, 1, 1, 1, 1, 1, 0, 0, 1, 0, 1, 0, 1, 1, 0, 0, 0, 0, 0, 1, 0, 1, 1, 1, 1, 0, 1, 0, 0, 0, 1, 1, 0, 1, 1, 1, 1, 0, 0, 0, 1, 0, 1, 1, 1, 1, 1, 1, 0, 0, 0, 1, 1, 0, 0, 1, 1, 0, 0, 0, 1, 1, 1, 0, 0, 1, 1, 0, 0, 1, 0, 1, 0, 0, 1, 0, 1, 0, 0, 0, 1, 1, 0, 0, 1, 1, 1, 1, 1, 0, 0, 1, 0, 0, 1, 1, 1, 1, 1, 1, 1, 1, 1, 0, 1, 0, 1, 1, 0, 1, 1, 1, 0, 0, 0, 0, 0, 1, 0, 0, 0, 0, 1, 1, 1, 1, 1, 1, 1, 1, 1, 0, 1, 1, 1, 1, 1, 1, 1, 1, 1, 0, 1, 0, 0, 1, 1, 1, 1, 1, 1, 0, 1, 0, 1, 1, 1, 1, 1, 1, 0, 0, 0, 0, 1, 0, 0, 1, 0, 1, 1, 1, 1, 1, 0, 1, 1, 1, 1, 1, 1, 1, 0, 0, 1, 0, 0, 0, 0, 1, 0, 1, 0, 1, 1, 1, 1, 1, 0, 0, 0, 1, 1, 1, 1, 1, 1, 0, 1, 1, 1, 0, 1, 1, 1, 0, 1, 0, 0, 1, 1, 1, 1, 1, 1, 0, 1, 0, 1, 1, 1, 1, 0, 1, 0, 1, 1, 1, 1, 1, 1, 0, 0, 0, 1, 1, 1, 1, 1, 1, 0, 0, 0, 0, 0, 0, 1, 1, 0, 1, 1, 1, 0, 0, 0, 1, 1, 0, 1, 1, 0, 1, 1, 1, 1, 1, 0, 0, 1, 1, 1, 1, 1, 1, 1, 0, 0, 1, 1, 1, 1, 1, 1, 0, 1, 1, 1, 1, 1, 0, 0, 1, 0, 0, 1, 1, 1, 0, 1, 0, 0, 0, 1, 1, 1, 0, 1, 1, 1, 1, 0, 1, 0, 0, 0, 1, 1, 1, 1, 1, 1, 1, 0, 0, 0, 1, 1, 0, 1, 1, 1, 1, 0, 0, 1, 1, 0, 0, 0, 1, 1, 1, 1, 0, 1, 1, 0, 1, 1, 1, 1, 1, 0, 0, 1, 1, 1, 1, 1, 0, 0, 1, 1, 1, 1, 0, 0, 1, 1, 0, 0, 0, 1, 1, 1, 0, 0, 0, 0, 1, 1, 0, 1, 1, 1, 1, 1, 0, 0, 1, 1, 1, 0, 1, 1, 1, 0, 0, 1, 1, 1, 1, 1, 0, 1, 1, 0, 1, 1, 0, 0, 1, 0, 1, 0, 1, 1, 1, 1, 1, 1, 1, 1, 1, 0, 0, 0, 0, 0, 1, 1, 1, 1, 1, 1, 0, 0, 1, 0, 0, 0, 0, 1, 1, 1, 1, 1, 0, 1]

################################################################
################################################################
################### process_jail_download_list: ######################

[11, 11, 11, 12, 12, 12, 12, 12, 8, 9, 9, 8, 8, 9, 9, 9, 8, 6, 7, 6, 7, 7, 7, 7, 7, 7, 7, 6, 7, 7, 7, 7, 7, 7, 7, 6, 7, 6, 7, 7, 7, 7, 7, 7, 7, 6, 7, 7, 7, 7, 7, 7, 7, 7, 7, 7, 6, 6, 7, 6, 7, 7, 6, 6, 6, 7, 7, 7, 7, 7, 7, 6, 7, 6, 6, 6, 6, 6, 6, 6, 7, 6, 7, 7, 7, 6, 7, 7, 7, 6, 7, 6, 6, 7, 6, 6, 7, 6, 8, 8, 8, 7, 7, 8, 8, 7, 7, 7, 7, 7, 7, 7, 7, 7, 8, 8, 8, 7, 8, 8, 7, 7, 7, 7, 7, 7, 8, 8, 7, 8, 7, 7, 7, 7, 7, 8, 7, 7, 7, 7, 7, 7, 7, 6, 7, 7, 7, 8, 8, 8, 7, 7, 6, 7, 6, 7, 7, 8, 8, 6, 6, 7, 6, 7, 7, 7, 7, 7, 7, 7, 6, 7, 6, 7, 7, 7, 7, 8, 8, 7, 6, 7, 7, 7, 6, 6, 6, 6, 6, 7, 7, 7, 7, 6, 7, 6, 7, 7, 7, 7, 6, 6, 7, 6, 7, 6, 6, 7, 7, 7, 7, 6, 7, 6, 6, 7, 6, 6, 6, 6, 6, 6, 7, 6, 6, 7, 7, 6, 7, 6, 6, 6, 6, 6, 6, 7, 6, 6, 7, 6, 7, 7, 7, 6, 7, 7, 7, 6, 6, 7, 7, 6, 6, 6, 7, 8, 7, 7, 7, 7, 7, 6, 7, 6, 6, 6, 6, 6, 7, 7, 6, 6, 6, 7, 6, 6, 6, 6, 7, 6, 6, 6, 6, 7, 7, 6, 7, 7, 6, 6, 6, 6, 6, 6, 6, 7, 7, 7, 8, 8, 8, 7, 6, 6, 6, 6, 6, 6, 6, 7, 7, 6, 7, 6, 7, 7, 7, 6, 6, 7, 6, 7, 6, 6, 7, 6, 6, 6, 6, 6, 7, 7, 7, 7, 7, 7, 6, 7, 6, 7, 7, 7, 7, 6, 7, 7, 7, 7, 6, 6, 6, 7, 6, 7, 7, 7, 7, 7, 7, 6, 6, 6, 7, 7, 6, 6, 7, 7, 6, 6, 6, 7, 7, 6, 6, 6, 7, 7, 6, 6, 7, 7, 7, 6, 6, 7, 7, 7, 6, 6, 6, 7, 8, 7, 6, 7, 7, 7, 7, 6, 6, 6, 7, 7, 6, 7, 7, 7, 7, 7, 7, 7, 7, 6, 6, 6, 6, 7, 7, 6, 7, 6, 7, 6, 7, 7, 6, 6, 7, 6, 6, 6, 6, 6, 7, 6, 6, 6, 7, 7, 7, 6, 6, 7, 7, 7, 7, 7, 8, 8, 7, 6, 6, 6, 6, 6, 7, 7, 7, 6, 7, 7, 6, 7, 6, 6, 6, 7, 6, 7, 7, 6, 6, 6, 6, 7, 6, 6, 6, 6, 7, 6, 7, 6, 6, 6, 7, 7, 6, 7, 7, 7, 6, 6, 6, 7, 6, 6, 6, 6, 6, 6, 7, 7, 7, 6, 7, 7, 7, 6, 6, 6, 7, 6, 7, 7, 7, 7, 6, 7, 6, 7, 6, 7, 7, 7, 6, 6, 6, 6, 7, 7, 7, 6, 7, 7, 6, 7, 6, 7, 7, 7, 6, 6, 7, 6, 7, 7, 7, 6, 7, 6, 6, 6, 6, 7, 7, 7, 7, 7, 6, 6, 6, 6, 6, 6, 6, 7, 7, 6, 7, 7, 7, 7, 7, 6, 7, 7, 6, 7, 7, 6, 7, 7, 7, 7, 7, 6, 7, 7, 7, 7, 7, 7, 7, 7, 6, 6, 7, 7, 7, 7, 7, 7, 6, 7, 7, 7, 7, 7, 7, 6, 6, 6, 6, 6, 7, 7, 6, 7, 6, 6, 6, 7, 6, 7, 6, 7, 6, 6, 6, 6, 7, 6, 6, 6, 7, 7, 7, 6, 7, 7, 6, 6, 6, 7, 7, 7, 6, 7, 7, 7, 7, 6, 6, 6, 7, 6, 6, 6, 6, 6, 7, 7, 6, 6, 7, 6, 7, 7, 6, 6, 7, 6, 6, 6, 6, 6, 7, 7, 6, 6, 7, 7, 7, 7, 6, 6, 6, 7, 6, 6, 6, 6, 6, 7, 6, 6, 7, 6, 7, 7, 6, 6, 7, 7, 7, 6, 6, 6, 7, 7, 7, 6, 7, 6, 7, 6, 6, 7, 7, 7, 7, 7, 6, 7, 7, 6, 7, 7, 6, 6, 6, 6, 6, 6, 6, 7, 7, 7, 7, 7, 7, 6, 7, 6, 6, 6, 6, 6, 6, 7, 7, 7, 7, 7, 6, 6, 7, 6, 6, 6, 6, 7, 7, 6, 6, 6, 6, 6]

################################################################
################################################################
################### process_jail_list: ######################

[7, 7, 7, 8, 8, 7, 7, 7, 7, 7, 6, 6, 6, 7, 7, 7, 6, 6, 6, 6, 6, 6, 6, 6, 6, 6, 6, 6, 6, 6, 6, 6, 6, 6, 6, 6, 7, 6, 6, 6, 6, 7, 6, 6, 6, 6, 6, 7, 6, 5, 6, 6, 6, 6, 6, 6, 6, 5, 6, 6, 6, 6, 6, 6, 6, 6, 6, 6, 6, 6, 6, 5, 6, 5, 6, 6, 6, 6, 6, 6, 6, 5, 6, 6, 6, 5, 6, 6, 6, 6, 6, 6, 5, 6, 6, 6, 6, 6, 7, 7, 7, 6, 6, 7, 7, 6, 6, 6, 6, 6, 6, 6, 6, 6, 7, 7, 7, 6, 7, 7, 6, 6, 6, 7, 7, 6, 7, 6, 6, 6, 6, 6, 6, 6, 6, 7, 7, 6, 6, 6, 6, 6, 6, 6, 6, 6, 6, 6, 6, 6, 6, 6, 6, 6, 5, 6, 6, 7, 6, 6, 6, 6, 6, 6, 6, 6, 7, 7, 6, 6, 6, 7, 6, 6, 6, 6, 6, 7, 7, 6, 6, 6, 6, 6, 6, 6, 5, 6, 5, 6, 6, 7, 6, 6, 6, 6, 6, 6, 6, 6, 6, 6, 6, 6, 6, 6, 5, 6, 6, 6, 6, 6, 6, 6, 5, 6, 6, 5, 6, 6, 6, 5, 6, 6, 5, 6, 6, 6, 6, 6, 6, 5, 6, 6, 5, 6, 6, 5, 6, 5, 6, 6, 6, 6, 6, 6, 6, 6, 6, 7, 6, 6, 6, 6, 6, 7, 7, 7, 7, 6, 6, 5, 6, 6, 6, 6, 6, 6, 7, 6, 6, 5, 5, 6, 6, 6, 6, 6, 6, 5, 6, 5, 6, 6, 6, 6, 6, 6, 5, 5, 6, 6, 6, 6, 6, 6, 6, 6, 7, 7, 7, 6, 5, 5, 6, 5, 6, 6, 6, 6, 6, 5, 6, 5, 6, 6, 6, 6, 6, 6, 6, 6, 6, 5, 6, 6, 6, 6, 6, 6, 6, 7, 6, 6, 6, 6, 6, 6, 6, 7, 7, 6, 6, 6, 6, 6, 6, 6, 6, 6, 6, 6, 6, 6, 6, 6, 6, 6, 6, 6, 6, 6, 6, 6, 6, 6, 6, 6, 6, 6, 6, 6, 6, 5, 6, 6, 6, 6, 6, 6, 6, 7, 6, 6, 6, 6, 7, 6, 6, 6, 6, 6, 7, 7, 6, 6, 6, 6, 6, 5, 6, 6, 6, 7, 6, 6, 6, 6, 6, 6, 6, 6, 6, 5, 6, 5, 6, 6, 6, 6, 6, 5, 6, 6, 7, 7, 6, 6, 6, 6, 6, 6, 6, 5, 6, 5, 5, 5, 6, 6, 6, 5, 6, 6, 6, 6, 6, 6, 7, 7, 6, 5, 6, 5, 6, 6, 6, 6, 6, 5, 6, 6, 6, 6, 6, 5, 5, 6, 5, 6, 6, 6, 6, 6, 6, 6, 6, 6, 5, 6, 6, 5, 6, 5, 5, 6, 6, 6, 5, 6, 6, 6, 5, 6, 6, 6, 6, 6, 6, 6, 5, 6, 6, 7, 6, 5, 6, 6, 6, 6, 6, 6, 6, 5, 6, 6, 6, 6, 6, 6, 5, 6, 6, 6, 6, 6, 6, 5, 6, 6, 6, 6, 6, 5, 6, 6, 6, 6, 6, 6, 6, 6, 5, 6, 6, 6, 6, 6, 6, 5, 6, 5, 6, 6, 6, 6, 6, 6, 6, 6, 5, 6, 6, 6, 6, 6, 6, 6, 6, 6, 6, 6, 6, 7, 7, 6, 6, 6, 6, 6, 6, 6, 6, 6, 6, 6, 6, 6, 7, 6, 6, 6, 6, 6, 6, 6, 6, 6, 6, 6, 6, 6, 6, 6, 6, 6, 6, 6, 6, 6, 7, 6, 5, 6, 6, 5, 6, 6, 6, 6, 6, 6, 6, 6, 5, 6, 6, 6, 5, 5, 5, 6, 6, 6, 6, 6, 6, 6, 6, 5, 6, 6, 5, 6, 6, 7, 6, 6, 6, 6, 6, 6, 6, 6, 6, 5, 6, 6, 6, 6, 5, 5, 6, 6, 6, 5, 6, 6, 6, 6, 5, 5, 6, 6, 6, 5, 5, 5, 6, 6, 6, 6, 6, 6, 6, 6, 6, 6, 5, 6, 6, 6, 6, 5, 5, 6, 6, 6, 7, 6, 6, 6, 6, 5, 6, 6, 6, 5, 6, 6, 6, 6, 6, 6, 6, 5, 6, 6, 6, 6, 6, 6, 6, 6, 6, 6, 6, 6, 6, 6, 6, 6, 5, 6, 5, 6, 5, 6, 6, 6, 6, 6, 6, 5, 6, 6, 6, 6, 6, 6, 5, 6, 6, 6, 6, 6, 6, 6, 6, 6, 6, 6, 6, 6, 6, 5, 5, 5, 6, 5]

################################################################
