Numero total de amostras 770

Tempo total de processamento: 0:10:59

############## TEMPOS DE PROCESSAMENTO DO EXERCICIO NO JAIL  ####################
Soma 4535 segundos
Media 5.8896103896103895 segundos
Desvio padr達o 0.4437398370767933 segundos
Minimo 5 segundos
Maximo 7 segundos

95% 5.0 segundos
99% 5.0 segundos

############## TEMPOS DE PROCESSAMENTO DO EXERCICIO NO JAIL COM DOWNLOAD  ################
Soma 5031 segundos
Media 6.533766233766234 segundos
Desvio padr達o 0.6132964770239361 segundos
Minimo 6 segundos
Maximo 10 segundos

95% 6.0 segundos
99% 6.0 segundos

################### TEMPOS DE DOWNLOAD DO EXERCICIO NO JAIL #######################
Soma 496 segundos
Media 0.6441558441558441 segundos
Desvio padr達o 0.5375493952521718 segundos
Minimo 0 segundos
Maximo 3 segundos

95% 0.0 segundos
99% 0.0 segundos

############################ TEMPOS DE ESPERA NA FILA ############################
Soma 999
Media 1.2974025974025973 segundos
Desvio padr達o 1.3507548660083373 segundos
Minimo 0 segundos
Maximo 8 segundos

95% 0.0 segundos
99% 0.0 segundos

################### queue_wait_time_list: ######################

[3, 2, 2, 1, 0, 8, 8, 7, 7, 6, 6, 5, 4, 3, 8, 8, 7, 5, 5, 6, 5, 5, 5, 8, 7, 7, 6, 5, 5, 5, 4, 3, 6, 6, 6, 5, 5, 5, 5, 4, 3, 5, 5, 5, 5, 5, 5, 4, 3, 2, 5, 4, 4, 4, 4, 4, 3, 3, 2, 3, 3, 2, 2, 2, 3, 2, 2, 1, 1, 1, 1, 1, 2, 2, 1, 0, 1, 0, 1, 1, 1, 1, 0, 1, 1, 2, 1, 0, 0, 0, 2, 1, 2, 2, 1, 1, 1, 2, 1, 2, 2, 1, 0, 0, 0, 1, 1, 1, 1, 0, 1, 0, 1, 2, 1, 1, 1, 1, 0, 1, 1, 0, 0, 0, 1, 0, 0, 2, 1, 1, 1, 1, 0, 0, 1, 2, 1, 0, 0, 1, 0, 1, 0, 2, 1, 1, 1, 1, 1, 1, 2, 1, 0, 0, 1, 1, 1, 2, 2, 1, 0, 1, 1, 1, 3, 2, 1, 1, 0, 0, 1, 0, 2, 2, 1, 0, 1, 1, 0, 1, 2, 1, 0, 0, 1, 0, 2, 3, 2, 1, 1, 2, 1, 2, 1, 2, 2, 2, 1, 1, 0, 1, 0, 0, 2, 1, 1, 1, 0, 0, 0, 2, 2, 1, 2, 1, 1, 1, 1, 2, 1, 0, 1, 1, 0, 1, 0, 1, 0, 0, 1, 0, 1, 1, 2, 1, 0, 2, 1, 1, 1, 3, 2, 1, 1, 0, 1, 0, 3, 2, 1, 1, 1, 2, 1, 4, 3, 2, 1, 1, 0, 1, 0, 3, 3, 2, 1, 1, 1, 1, 0, 0, 2, 3, 2, 1, 1, 1, 0, 2, 2, 2, 2, 1, 2, 1, 2, 1, 2, 2, 1, 0, 1, 0, 1, 1, 2, 2, 1, 0, 1, 0, 1, 0, 1, 0, 0, 0, 0, 2, 1, 1, 1, 1, 0, 0, 2, 1, 1, 0, 0, 0, 1, 2, 2, 1, 1, 0, 1, 2, 2, 1, 1, 0, 0, 0, 0, 1, 2, 1, 1, 0, 0, 0, 1, 0, 1, 1, 0, 0, 2, 2, 1, 1, 1, 0, 0, 1, 2, 2, 1, 1, 0, 1, 1, 2, 1, 1, 0, 0, 1, 2, 2, 2, 1, 0, 0, 1, 2, 3, 2, 1, 0, 1, 1, 2, 3, 2, 1, 1, 0, 0, 1, 2, 1, 1, 0, 0, 0, 2, 2, 1, 1, 0, 0, 0, 2, 2, 1, 0, 1, 1, 1, 2, 2, 1, 1, 1, 1, 1, 1, 1, 2, 1, 1, 1, 1, 1, 1, 2, 1, 1, 1, 1, 2, 1, 1, 1, 1, 0, 0, 1, 1, 1, 0, 1, 0, 1, 1, 1, 1, 0, 1, 0, 1, 1, 1, 1, 0, 1, 0, 1, 1, 2, 1, 1, 2, 1, 2, 2, 1, 1, 1, 0, 1, 0, 2, 1, 1, 0, 0, 1, 1, 1, 2, 1, 1, 1, 1, 1, 0, 1, 1, 0, 0, 0, 1, 1, 1, 1, 0, 0, 0, 1, 1, 1, 1, 1, 1, 1, 1, 0, 1, 0, 1, 1, 0, 0, 1, 1, 1, 1, 1, 1, 1, 0, 1, 1, 2, 1, 1, 0, 1, 1, 0, 1, 1, 1, 0, 0, 1, 1, 1, 1, 2, 1, 0, 1, 1, 1, 0, 0, 0, 1, 1, 1, 0, 1, 0, 0, 2, 1, 1, 1, 1, 1, 0, 1, 1, 0, 1, 0, 1, 0, 1, 1, 1, 1, 0, 1, 0, 1, 1, 1, 1, 0, 0, 1, 1, 0, 1, 1, 1, 0, 2, 2, 1, 1, 0, 0, 0, 0, 2, 2, 1, 0, 1, 0, 0, 2, 2, 2, 1, 0, 0, 0, 1, 1, 2, 1, 0, 0, 0, 1, 1, 3, 2, 1, 0, 1, 1, 2, 1, 0, 1, 0, 0, 1, 0, 1, 0, 2, 1, 0, 2, 2, 2, 1, 2, 1, 1, 1, 1, 1, 1, 0, 2, 1, 2, 1, 0, 1, 1, 0, 2, 2, 1, 0, 0, 0, 0, 1, 2, 1, 1, 1, 0, 1, 0, 1, 2, 1, 0, 0, 2, 1, 2, 2, 1, 1, 0, 0, 1, 0, 1, 0, 0, 1, 0, 1, 2, 1, 1, 1, 1, 0, 2, 2, 1, 1, 0, 2, 1, 2, 2, 2, 2, 1, 2, 1, 1, 2, 2, 1, 0, 0, 2, 1, 2, 2, 1, 1, 0, 2, 2, 2, 1, 1, 0, 0, 3, 2, 2, 2, 1, 1, 0, 3, 3, 3, 3, 2, 1, 0, 3, 3, 3, 3, 2, 2, 1, 0, 2, 3, 2, 2, 1, 1, 0, 0]

################################################################
################### jail_ex_download_list: ######################

[3, 3, 3, 3, 3, 1, 1, 1, 2, 1, 2, 2, 2, 2, 1, 1, 1, 1, 1, 1, 1, 0, 0, 0, 1, 0, 1, 1, 0, 2, 2, 2, 1, 1, 1, 1, 1, 1, 0, 1, 1, 1, 1, 1, 1, 1, 0, 0, 1, 1, 0, 1, 1, 0, 0, 0, 0, 1, 1, 1, 0, 1, 1, 1, 1, 1, 0, 0, 1, 0, 0, 1, 0, 0, 0, 1, 0, 1, 1, 0, 1, 0, 1, 1, 0, 1, 1, 1, 1, 1, 0, 0, 1, 0, 0, 0, 0, 1, 1, 1, 0, 0, 1, 1, 0, 0, 1, 0, 0, 1, 0, 1, 1, 0, 1, 0, 0, 0, 1, 1, 1, 1, 1, 1, 0, 1, 0, 0, 0, 0, 0, 1, 1, 1, 0, 1, 0, 1, 1, 1, 1, 1, 1, 0, 0, 0, 1, 0, 1, 0, 1, 1, 1, 1, 0, 1, 0, 1, 0, 1, 1, 0, 1, 1, 0, 1, 1, 0, 1, 1, 1, 1, 1, 0, 1, 1, 0, 0, 1, 1, 1, 1, 1, 1, 1, 1, 0, 1, 0, 1, 1, 0, 1, 0, 1, 1, 0, 1, 1, 1, 1, 0, 1, 0, 0, 1, 1, 1, 1, 1, 1, 1, 0, 1, 1, 0, 0, 0, 1, 1, 1, 1, 0, 0, 1, 0, 1, 1, 1, 1, 1, 1, 0, 0, 1, 1, 1, 0, 1, 1, 0, 0, 0, 1, 0, 1, 1, 1, 1, 1, 1, 0, 0, 0, 0, 0, 1, 1, 1, 1, 1, 1, 1, 1, 1, 1, 1, 1, 0, 1, 1, 1, 0, 0, 1, 1, 0, 1, 1, 1, 1, 1, 0, 1, 0, 0, 0, 1, 1, 1, 1, 1, 1, 1, 0, 0, 0, 0, 1, 1, 0, 0, 1, 1, 0, 1, 1, 0, 1, 0, 0, 0, 0, 0, 1, 1, 0, 1, 0, 1, 1, 1, 0, 1, 0, 1, 0, 1, 0, 0, 1, 1, 1, 1, 1, 0, 0, 1, 0, 0, 0, 0, 0, 1, 1, 1, 1, 0, 1, 0, 0, 0, 0, 1, 0, 1, 1, 1, 0, 0, 0, 0, 1, 0, 1, 1, 1, 1, 1, 1, 0, 0, 1, 0, 0, 1, 1, 1, 1, 0, 1, 1, 1, 0, 1, 0, 0, 0, 1, 0, 1, 0, 0, 0, 0, 0, 1, 1, 1, 1, 0, 1, 0, 1, 1, 1, 0, 0, 1, 1, 0, 1, 0, 1, 1, 1, 0, 1, 1, 1, 1, 1, 0, 1, 0, 0, 0, 1, 1, 0, 1, 0, 1, 0, 0, 1, 0, 1, 0, 1, 1, 0, 1, 0, 1, 0, 1, 0, 0, 1, 1, 1, 0, 1, 0, 1, 1, 1, 1, 1, 1, 1, 1, 0, 1, 0, 0, 0, 0, 0, 1, 1, 1, 1, 0, 1, 0, 1, 0, 1, 1, 1, 0, 0, 0, 0, 0, 0, 1, 0, 1, 1, 0, 1, 1, 1, 0, 0, 0, 0, 1, 1, 1, 1, 1, 1, 0, 0, 0, 0, 1, 1, 0, 1, 1, 0, 1, 1, 1, 0, 0, 1, 1, 0, 0, 1, 1, 1, 0, 1, 1, 1, 0, 0, 1, 0, 0, 1, 1, 0, 1, 0, 1, 1, 0, 0, 1, 1, 1, 1, 1, 1, 0, 0, 0, 0, 1, 1, 1, 1, 0, 0, 1, 0, 1, 0, 1, 0, 1, 1, 0, 1, 0, 0, 0, 1, 1, 1, 1, 1, 1, 1, 0, 0, 0, 1, 0, 1, 1, 1, 1, 0, 0, 1, 1, 0, 1, 1, 1, 1, 1, 1, 1, 0, 0, 1, 0, 1, 1, 1, 1, 1, 1, 1, 1, 1, 0, 0, 1, 1, 1, 1, 1, 1, 1, 0, 0, 1, 1, 0, 1, 0, 0, 1, 1, 1, 0, 1, 1, 1, 1, 0, 0, 1, 0, 0, 0, 0, 1, 1, 1, 0, 1, 1, 1, 1, 1, 1, 0, 0, 1, 0, 0, 0, 0, 1, 1, 1, 1, 1, 1, 0, 0, 1, 0, 0, 1, 1, 1, 1, 1, 1, 1, 1, 0, 0, 0, 1, 1, 1, 1, 1, 1, 1, 0, 1, 1, 0, 0, 1, 0, 1, 0, 0, 1, 1, 0, 1, 1, 1, 1, 1, 1, 1, 0, 1, 0, 0, 1, 1, 1, 1, 0, 1, 1, 1, 1, 1, 0, 0, 1, 0, 1, 1, 0, 1, 1, 0, 1, 1, 0, 1, 1, 1, 1, 0, 1, 1, 0, 1, 1, 1, 1, 1, 0, 0, 1, 0, 1, 0, 1, 1, 1, 0, 1, 1, 1, 1, 1, 0]

################################################################
################################################################
################### process_jail_download_list: ######################

[10, 10, 10, 10, 10, 7, 7, 7, 7, 7, 8, 8, 9, 9, 7, 7, 8, 8, 8, 7, 7, 6, 6, 6, 7, 7, 8, 7, 7, 8, 8, 8, 7, 7, 6, 7, 7, 8, 7, 7, 7, 7, 6, 7, 7, 7, 7, 7, 7, 7, 6, 7, 6, 6, 6, 6, 6, 7, 7, 6, 6, 7, 6, 7, 6, 7, 6, 6, 7, 6, 6, 7, 6, 6, 6, 7, 6, 7, 7, 6, 6, 6, 7, 7, 6, 6, 7, 7, 7, 7, 6, 6, 6, 6, 6, 6, 6, 6, 7, 7, 6, 6, 6, 7, 6, 6, 7, 6, 6, 7, 6, 6, 6, 6, 6, 6, 7, 6, 7, 7, 7, 7, 7, 7, 6, 6, 7, 7, 7, 6, 6, 7, 7, 7, 6, 7, 7, 7, 7, 6, 7, 6, 7, 6, 6, 6, 7, 6, 7, 6, 6, 7, 7, 6, 6, 6, 6, 7, 6, 6, 7, 6, 7, 6, 6, 7, 7, 6, 7, 7, 6, 7, 7, 6, 6, 7, 6, 6, 6, 7, 7, 7, 7, 6, 7, 7, 6, 7, 6, 7, 7, 6, 6, 6, 7, 7, 6, 7, 7, 7, 7, 6, 6, 6, 6, 7, 6, 7, 7, 7, 7, 7, 6, 7, 7, 7, 6, 6, 6, 6, 6, 7, 6, 6, 7, 7, 7, 7, 7, 6, 7, 7, 6, 6, 7, 7, 7, 6, 6, 7, 6, 6, 6, 6, 6, 7, 7, 7, 7, 7, 7, 6, 6, 6, 6, 6, 7, 7, 7, 7, 7, 7, 7, 7, 7, 7, 8, 7, 7, 7, 7, 6, 6, 6, 6, 7, 6, 7, 7, 6, 7, 7, 6, 6, 6, 6, 6, 7, 7, 7, 7, 7, 7, 7, 6, 7, 6, 6, 7, 7, 6, 6, 7, 7, 6, 7, 7, 6, 6, 6, 6, 6, 6, 6, 6, 7, 6, 7, 6, 7, 6, 7, 6, 6, 6, 6, 6, 7, 6, 6, 7, 7, 7, 7, 7, 6, 6, 6, 6, 7, 6, 6, 6, 7, 7, 7, 7, 6, 6, 6, 6, 7, 7, 7, 6, 6, 7, 6, 6, 6, 6, 6, 7, 6, 7, 7, 7, 6, 7, 6, 6, 6, 7, 6, 6, 7, 7, 6, 7, 6, 6, 7, 7, 6, 7, 6, 6, 6, 7, 6, 6, 6, 6, 6, 6, 6, 6, 6, 6, 7, 6, 6, 6, 7, 7, 7, 6, 6, 6, 7, 6, 6, 6, 7, 7, 8, 7, 7, 7, 6, 7, 6, 6, 6, 6, 6, 6, 7, 6, 6, 7, 6, 7, 6, 6, 7, 6, 7, 6, 6, 7, 6, 6, 6, 6, 6, 6, 6, 6, 6, 6, 7, 6, 6, 6, 6, 7, 7, 7, 7, 7, 7, 7, 6, 7, 6, 6, 6, 6, 7, 7, 6, 6, 7, 6, 7, 6, 7, 6, 7, 7, 6, 6, 6, 6, 6, 6, 6, 7, 6, 7, 7, 6, 6, 6, 6, 6, 6, 6, 6, 7, 7, 7, 6, 6, 6, 6, 6, 6, 6, 6, 7, 6, 7, 6, 6, 7, 7, 7, 6, 6, 7, 6, 6, 6, 7, 6, 7, 6, 7, 6, 7, 6, 6, 7, 6, 6, 7, 7, 6, 6, 6, 6, 7, 6, 6, 6, 7, 6, 7, 7, 7, 6, 7, 6, 6, 7, 7, 7, 7, 6, 6, 7, 6, 7, 6, 6, 6, 6, 7, 6, 6, 6, 6, 6, 7, 7, 7, 7, 7, 7, 6, 6, 6, 6, 7, 6, 7, 7, 7, 6, 6, 6, 6, 7, 6, 7, 6, 7, 7, 6, 6, 7, 7, 7, 7, 6, 7, 7, 7, 7, 7, 6, 7, 6, 6, 6, 6, 7, 7, 7, 6, 7, 6, 7, 6, 6, 7, 7, 6, 7, 6, 6, 7, 7, 7, 6, 7, 7, 7, 7, 6, 6, 7, 6, 6, 6, 6, 7, 7, 7, 6, 7, 7, 7, 7, 7, 7, 6, 6, 7, 6, 6, 6, 6, 6, 7, 7, 7, 6, 7, 6, 6, 7, 6, 6, 6, 7, 7, 7, 6, 7, 7, 7, 6, 6, 6, 6, 7, 7, 7, 6, 6, 7, 6, 7, 7, 6, 6, 7, 6, 7, 6, 6, 7, 7, 6, 7, 7, 7, 7, 6, 6, 7, 6, 6, 6, 6, 7, 7, 7, 7, 6, 7, 7, 6, 6, 7, 6, 6, 6, 6, 7, 7, 6, 7, 7, 7, 7, 6, 6, 7, 8, 7, 7, 6, 7, 7, 6, 7, 6, 7, 7, 7, 6, 6, 7, 6, 7, 6, 7, 7, 6, 6, 7, 6, 7, 6, 6, 6]

################################################################
################################################################
################### process_jail_list: ######################

[7, 7, 7, 7, 7, 6, 6, 6, 5, 6, 6, 6, 7, 7, 6, 6, 7, 7, 7, 6, 6, 6, 6, 6, 6, 7, 7, 6, 7, 6, 6, 6, 6, 6, 5, 6, 6, 7, 7, 6, 6, 6, 5, 6, 6, 6, 7, 7, 6, 6, 6, 6, 5, 6, 6, 6, 6, 6, 6, 5, 6, 6, 5, 6, 5, 6, 6, 6, 6, 6, 6, 6, 6, 6, 6, 6, 6, 6, 6, 6, 5, 6, 6, 6, 6, 5, 6, 6, 6, 6, 6, 6, 5, 6, 6, 6, 6, 5, 6, 6, 6, 6, 5, 6, 6, 6, 6, 6, 6, 6, 6, 5, 5, 6, 5, 6, 7, 6, 6, 6, 6, 6, 6, 6, 6, 5, 7, 7, 7, 6, 6, 6, 6, 6, 6, 6, 7, 6, 6, 5, 6, 5, 6, 6, 6, 6, 6, 6, 6, 6, 5, 6, 6, 5, 6, 5, 6, 6, 6, 5, 6, 6, 6, 5, 6, 6, 6, 6, 6, 6, 5, 6, 6, 6, 5, 6, 6, 6, 5, 6, 6, 6, 6, 5, 6, 6, 6, 6, 6, 6, 6, 6, 5, 6, 6, 6, 6, 6, 6, 6, 6, 6, 5, 6, 6, 6, 5, 6, 6, 6, 6, 6, 6, 6, 6, 7, 6, 6, 5, 5, 5, 6, 6, 6, 6, 7, 6, 6, 6, 5, 6, 6, 6, 6, 6, 6, 6, 6, 5, 6, 6, 6, 6, 5, 6, 6, 6, 6, 6, 6, 6, 6, 6, 6, 6, 6, 6, 6, 6, 6, 6, 6, 6, 6, 6, 6, 7, 6, 7, 6, 6, 5, 6, 6, 5, 6, 6, 6, 6, 5, 6, 6, 6, 5, 6, 6, 6, 6, 6, 6, 6, 6, 6, 6, 6, 7, 6, 6, 6, 6, 6, 6, 6, 6, 6, 6, 6, 6, 5, 6, 6, 6, 6, 6, 5, 6, 6, 6, 6, 6, 5, 6, 6, 5, 6, 5, 6, 6, 6, 6, 6, 6, 6, 6, 6, 6, 6, 5, 6, 7, 6, 6, 6, 6, 6, 6, 6, 6, 5, 6, 6, 7, 7, 6, 6, 5, 6, 5, 6, 6, 6, 6, 6, 6, 6, 6, 6, 5, 6, 5, 6, 6, 6, 6, 6, 6, 6, 5, 6, 6, 5, 6, 6, 6, 6, 6, 6, 6, 6, 6, 5, 6, 6, 6, 6, 6, 5, 5, 5, 6, 6, 5, 6, 6, 6, 6, 6, 6, 5, 6, 6, 5, 6, 6, 6, 7, 7, 6, 6, 5, 6, 5, 6, 5, 6, 6, 6, 6, 5, 6, 6, 6, 6, 6, 6, 6, 6, 6, 6, 5, 6, 6, 5, 6, 5, 6, 5, 6, 6, 5, 5, 6, 6, 5, 6, 5, 6, 6, 6, 6, 6, 6, 6, 6, 6, 6, 6, 6, 6, 7, 6, 5, 5, 6, 6, 6, 6, 6, 6, 6, 6, 5, 6, 6, 6, 6, 6, 6, 6, 6, 6, 6, 6, 5, 5, 5, 6, 6, 6, 6, 6, 6, 6, 5, 5, 5, 6, 6, 6, 6, 5, 6, 6, 6, 5, 6, 6, 6, 6, 6, 6, 6, 5, 6, 6, 6, 5, 6, 6, 6, 5, 6, 6, 6, 6, 6, 6, 6, 6, 6, 5, 6, 5, 6, 6, 6, 5, 6, 5, 6, 6, 6, 6, 7, 6, 6, 6, 6, 6, 6, 6, 6, 6, 6, 6, 6, 5, 6, 5, 6, 6, 5, 6, 6, 6, 6, 6, 6, 6, 6, 6, 5, 6, 6, 6, 6, 6, 6, 6, 6, 5, 6, 6, 5, 6, 6, 6, 5, 6, 6, 5, 5, 6, 7, 7, 6, 6, 6, 6, 6, 6, 6, 5, 6, 5, 5, 6, 6, 6, 6, 6, 5, 6, 5, 6, 6, 6, 6, 6, 6, 6, 6, 6, 6, 6, 6, 6, 6, 6, 6, 6, 6, 6, 6, 6, 6, 6, 6, 6, 6, 6, 6, 6, 6, 6, 6, 6, 6, 6, 6, 6, 6, 6, 6, 6, 5, 6, 6, 6, 5, 6, 6, 6, 6, 6, 6, 5, 6, 6, 6, 5, 6, 6, 6, 6, 6, 6, 5, 6, 6, 6, 5, 5, 6, 6, 6, 6, 6, 6, 6, 6, 6, 6, 6, 6, 6, 6, 6, 6, 6, 6, 5, 5, 6, 6, 5, 6, 6, 6, 6, 6, 6, 6, 6, 6, 5, 5, 6, 6, 6, 5, 6, 6, 6, 6, 6, 6, 7, 6, 5, 6, 6, 7, 6, 6, 6, 6, 6, 6, 6, 5, 6, 6, 6, 6, 6, 6, 6, 6, 6, 6, 6, 5, 6, 6, 5, 6, 5, 5, 6]

################################################################
