Numero total de amostras 770

Tempo total de processamento: 0:10:55

############## TEMPOS DE PROCESSAMENTO DO EXERCICIO NO JAIL  ####################
Soma 4569 segundos
Media 5.933766233766233 segundos
Desvio padr達o 0.4936243878319211 segundos
Minimo 5 segundos
Maximo 7 segundos

95% 5.0 segundos
99% 5.0 segundos

############## TEMPOS DE PROCESSAMENTO DO EXERCICIO NO JAIL COM DOWNLOAD  ################
Soma 5135 segundos
Media 6.6688311688311686 segundos
Desvio padr達o 0.7390340730348135 segundos
Minimo 6 segundos
Maximo 12 segundos

95% 6.0 segundos
99% 6.0 segundos

################### TEMPOS DE DOWNLOAD DO EXERCICIO NO JAIL #######################
Soma 566 segundos
Media 0.7350649350649351 segundos
Desvio padr達o 0.6093995839564501 segundos
Minimo 0 segundos
Maximo 5 segundos

95% 0.0 segundos
99% 0.0 segundos

############################ TEMPOS DE ESPERA NA FILA ############################
Soma 1425
Media 1.8506493506493507 segundos
Desvio padr達o 2.3242998318233097 segundos
Minimo 0 segundos
Maximo 12 segundos

95% 0.0 segundos
99% 0.0 segundos

################### queue_wait_time_list: ######################

[9, 8, 7, 7, 6, 5, 5, 4, 3, 12, 11, 10, 10, 9, 8, 7, 7, 6, 12, 11, 10, 10, 9, 8, 8, 7, 6, 12, 11, 10, 10, 9, 8, 7, 7, 6, 10, 10, 9, 9, 9, 8, 7, 7, 6, 10, 9, 8, 9, 9, 8, 8, 7, 6, 9, 9, 8, 7, 8, 7, 6, 6, 5, 9, 8, 7, 6, 7, 6, 5, 6, 5, 8, 7, 7, 6, 6, 5, 5, 5, 4, 7, 6, 6, 6, 5, 5, 4, 4, 3, 6, 5, 6, 6, 5, 4, 3, 3, 3, 4, 4, 5, 4, 4, 4, 3, 3, 2, 3, 2, 3, 3, 4, 3, 2, 1, 1, 1, 2, 2, 2, 2, 1, 1, 0, 0, 1, 2, 2, 2, 2, 1, 1, 1, 1, 1, 1, 1, 1, 1, 1, 0, 0, 1, 0, 1, 1, 1, 0, 1, 1, 1, 0, 1, 2, 1, 1, 1, 1, 0, 1, 0, 1, 0, 1, 1, 1, 0, 1, 2, 1, 1, 1, 1, 0, 1, 3, 2, 1, 0, 1, 0, 0, 0, 2, 1, 0, 1, 1, 1, 0, 0, 1, 0, 0, 1, 1, 0, 1, 0, 2, 1, 0, 0, 1, 0, 1, 2, 2, 1, 1, 1, 1, 0, 0, 2, 2, 1, 1, 0, 1, 0, 2, 2, 1, 1, 1, 1, 1, 1, 1, 1, 0, 0, 0, 1, 0, 1, 2, 1, 1, 1, 1, 0, 0, 1, 1, 0, 0, 0, 0, 0, 1, 2, 1, 0, 0, 1, 0, 2, 2, 2, 1, 0, 0, 2, 1, 1, 2, 1, 1, 0, 1, 2, 1, 0, 1, 0, 0, 0, 2, 1, 1, 2, 1, 1, 1, 0, 2, 2, 1, 0, 1, 1, 0, 0, 2, 1, 1, 0, 0, 0, 1, 3, 2, 1, 1, 0, 1, 1, 3, 2, 1, 1, 1, 1, 1, 0, 2, 1, 0, 1, 1, 0, 0, 2, 2, 1, 1, 1, 1, 0, 2, 2, 2, 2, 1, 1, 1, 3, 2, 2, 3, 2, 1, 1, 2, 1, 1, 1, 2, 1, 1, 1, 1, 1, 1, 1, 1, 1, 0, 0, 1, 1, 1, 0, 1, 0, 0, 1, 2, 1, 1, 1, 1, 0, 0, 2, 1, 1, 0, 0, 0, 0, 1, 1, 1, 0, 1, 0, 1, 1, 1, 0, 0, 0, 0, 0, 0, 1, 1, 0, 0, 0, 0, 1, 1, 1, 0, 1, 0, 0, 1, 1, 2, 1, 1, 1, 0, 2, 1, 0, 1, 0, 0, 0, 1, 1, 0, 1, 1, 1, 1, 1, 1, 0, 2, 1, 1, 1, 1, 2, 1, 2, 1, 1, 1, 0, 3, 2, 2, 1, 1, 1, 1, 1, 3, 2, 1, 1, 0, 1, 2, 1, 2, 1, 1, 0, 0, 2, 1, 3, 2, 1, 1, 0, 0, 1, 0, 1, 1, 1, 0, 1, 2, 1, 1, 2, 1, 1, 1, 3, 2, 1, 1, 0, 1, 0, 0, 3, 2, 1, 0, 0, 1, 1, 3, 3, 2, 1, 1, 1, 1, 2, 2, 3, 2, 1, 2, 1, 0, 1, 1, 1, 3, 2, 1, 1, 0, 0, 0, 1, 2, 1, 1, 0, 1, 1, 1, 1, 1, 1, 0, 1, 1, 2, 1, 0, 0, 0, 2, 2, 3, 2, 1, 0, 0, 2, 2, 3, 2, 2, 1, 0, 2, 2, 3, 2, 2, 1, 1, 0, 2, 3, 2, 1, 1, 0, 0, 0, 2, 2, 1, 1, 0, 0, 0, 3, 3, 2, 1, 0, 0, 0, 3, 2, 3, 2, 2, 1, 0, 0, 1, 1, 1, 2, 1, 1, 1, 0, 1, 1, 0, 1, 1, 2, 1, 0, 0, 0, 1, 0, 1, 1, 1, 0, 1, 1, 1, 1, 2, 1, 1, 0, 0, 0, 1, 1, 1, 0, 1, 0, 1, 2, 1, 1, 0, 1, 0, 0, 1, 2, 1, 0, 0, 1, 0, 1, 1, 3, 2, 1, 0, 0, 1, 1, 0, 2, 2, 1, 0, 1, 2, 1, 1, 2, 1, 1, 0, 1, 2, 1, 1, 2, 1, 1, 2, 2, 2, 1, 2, 2, 2, 2, 1, 2, 1, 0, 1, 2, 1, 1, 0, 1, 1, 0, 2, 2, 1, 0, 2, 1, 0, 2, 2, 2, 1, 2, 2, 1, 1, 1, 1, 1, 0, 2, 2, 2, 2, 1, 0, 0, 0, 1, 2, 1, 1, 1, 0, 0, 1, 3, 2, 2, 2, 1, 1, 2, 2, 2, 1, 0, 0, 0, 0, 2, 2, 1, 1, 0, 0, 0, 3, 2, 1, 1, 1, 0, 0, 3]

################################################################
################### jail_ex_download_list: ######################

[4, 4, 5, 4, 4, 4, 4, 4, 4, 1, 1, 1, 1, 2, 2, 2, 2, 2, 1, 1, 1, 1, 1, 1, 1, 1, 1, 0, 0, 1, 1, 1, 1, 1, 1, 2, 2, 1, 1, 1, 0, 1, 1, 2, 2, 1, 1, 1, 1, 1, 1, 1, 1, 1, 0, 0, 1, 1, 1, 1, 1, 1, 1, 1, 1, 1, 1, 0, 0, 1, 1, 1, 0, 1, 0, 0, 0, 1, 1, 0, 1, 0, 1, 1, 1, 1, 0, 2, 1, 1, 1, 1, 1, 0, 1, 0, 1, 0, 1, 1, 1, 0, 0, 0, 0, 1, 1, 1, 0, 1, 1, 0, 0, 0, 1, 1, 0, 1, 1, 1, 1, 1, 1, 0, 1, 1, 1, 0, 0, 1, 1, 1, 1, 1, 0, 0, 0, 1, 1, 1, 1, 1, 1, 0, 1, 0, 1, 1, 1, 0, 1, 0, 1, 0, 0, 1, 1, 1, 1, 1, 0, 1, 1, 1, 0, 0, 0, 0, 0, 1, 1, 1, 1, 1, 1, 1, 0, 0, 1, 1, 0, 1, 1, 1, 1, 1, 1, 1, 1, 1, 1, 1, 1, 1, 0, 0, 1, 1, 0, 1, 1, 1, 1, 1, 1, 1, 0, 1, 0, 1, 1, 1, 1, 1, 1, 0, 0, 1, 0, 1, 0, 1, 0, 1, 1, 1, 0, 1, 0, 0, 1, 1, 1, 1, 1, 0, 1, 1, 0, 0, 0, 0, 1, 1, 1, 0, 1, 1, 1, 1, 1, 0, 1, 1, 1, 1, 1, 1, 1, 0, 1, 0, 1, 1, 1, 1, 1, 1, 0, 1, 0, 0, 0, 0, 0, 1, 1, 1, 1, 1, 1, 1, 0, 1, 1, 1, 1, 1, 1, 1, 1, 1, 0, 0, 1, 1, 1, 1, 1, 1, 1, 1, 0, 0, 0, 1, 0, 1, 1, 1, 0, 0, 1, 0, 0, 0, 0, 1, 1, 1, 1, 1, 0, 1, 1, 1, 1, 1, 0, 0, 0, 1, 1, 0, 0, 0, 1, 1, 0, 0, 1, 1, 1, 0, 1, 1, 1, 1, 1, 0, 1, 1, 0, 0, 1, 0, 1, 0, 1, 1, 1, 0, 0, 1, 0, 1, 0, 1, 1, 1, 0, 1, 0, 1, 0, 1, 0, 0, 0, 0, 1, 1, 1, 1, 0, 1, 0, 1, 0, 1, 0, 0, 1, 1, 1, 1, 1, 0, 1, 1, 0, 1, 1, 1, 0, 1, 0, 1, 1, 0, 1, 0, 0, 0, 0, 0, 1, 1, 1, 0, 1, 1, 1, 1, 1, 1, 0, 1, 1, 1, 0, 0, 0, 0, 1, 1, 0, 1, 1, 0, 1, 1, 1, 0, 1, 1, 0, 1, 1, 1, 1, 1, 1, 1, 1, 0, 0, 0, 1, 1, 1, 0, 0, 0, 1, 1, 0, 1, 1, 1, 1, 0, 0, 1, 0, 1, 1, 1, 1, 0, 1, 0, 1, 0, 1, 1, 1, 0, 1, 1, 1, 1, 0, 1, 1, 1, 1, 1, 1, 1, 1, 1, 1, 1, 0, 0, 1, 1, 1, 1, 1, 0, 1, 0, 1, 1, 1, 1, 0, 0, 1, 1, 1, 0, 0, 0, 1, 0, 1, 1, 1, 1, 1, 1, 0, 1, 0, 0, 1, 0, 1, 0, 1, 1, 1, 1, 1, 1, 1, 1, 0, 0, 0, 1, 1, 1, 1, 1, 1, 0, 1, 1, 1, 1, 1, 1, 0, 0, 0, 1, 1, 1, 0, 0, 0, 1, 0, 1, 0, 0, 1, 1, 1, 0, 1, 1, 1, 0, 1, 1, 1, 1, 1, 1, 0, 1, 1, 1, 1, 1, 1, 1, 1, 1, 0, 0, 1, 1, 1, 1, 0, 0, 1, 1, 0, 1, 1, 1, 1, 1, 0, 1, 1, 1, 1, 1, 0, 1, 1, 1, 0, 0, 1, 1, 1, 1, 0, 0, 1, 1, 0, 0, 0, 1, 1, 1, 1, 0, 0, 0, 0, 1, 1, 1, 1, 0, 0, 0, 0, 1, 1, 0, 1, 1, 1, 1, 1, 1, 0, 1, 1, 0, 1, 1, 1, 1, 1, 0, 1, 1, 1, 1, 0, 0, 1, 1, 0, 1, 0, 1, 0, 0, 0, 0, 0, 0, 1, 1, 1, 1, 1, 1, 1, 1, 1, 1, 0, 1, 1, 1, 0, 1, 1, 1, 1, 1, 1, 1, 1, 1, 1, 0, 0, 0, 1, 0, 1, 1, 1, 1, 1, 1, 0, 0, 1, 1, 1, 1, 1, 1, 1, 1, 1, 0, 0, 0, 0, 0, 1, 0, 1, 1, 1, 1, 0, 1, 0, 1, 1, 1, 1, 1, 0, 0, 1, 0, 1, 1, 0, 0]

################################################################
################################################################
################### process_jail_download_list: ######################

[11, 11, 12, 11, 10, 11, 11, 11, 11, 8, 8, 8, 7, 7, 8, 7, 8, 8, 7, 7, 7, 8, 8, 8, 7, 7, 7, 6, 6, 7, 8, 7, 8, 8, 8, 8, 8, 7, 7, 7, 7, 7, 8, 8, 8, 7, 7, 7, 6, 7, 7, 6, 7, 7, 7, 7, 7, 7, 7, 7, 7, 7, 7, 7, 7, 8, 8, 7, 7, 7, 7, 7, 7, 7, 7, 7, 6, 7, 7, 7, 7, 6, 6, 8, 8, 7, 7, 8, 6, 7, 6, 7, 7, 6, 7, 7, 7, 7, 7, 7, 6, 6, 7, 7, 7, 7, 6, 7, 6, 7, 6, 6, 6, 6, 7, 7, 6, 6, 6, 7, 7, 7, 8, 7, 7, 7, 7, 7, 7, 7, 6, 7, 7, 6, 6, 7, 6, 7, 7, 7, 6, 7, 7, 6, 7, 6, 7, 7, 7, 6, 6, 6, 6, 6, 6, 6, 7, 7, 7, 7, 6, 7, 7, 7, 6, 6, 6, 6, 6, 7, 7, 6, 7, 6, 6, 6, 6, 6, 6, 6, 6, 7, 7, 6, 6, 6, 7, 7, 6, 6, 7, 7, 8, 8, 7, 6, 7, 7, 6, 7, 7, 7, 7, 7, 7, 7, 6, 7, 6, 7, 7, 6, 7, 7, 6, 6, 6, 6, 6, 7, 6, 7, 6, 6, 6, 6, 6, 7, 6, 6, 7, 7, 7, 7, 7, 6, 6, 7, 6, 6, 6, 6, 6, 7, 6, 6, 7, 7, 6, 6, 7, 6, 7, 7, 6, 7, 7, 7, 7, 6, 7, 6, 7, 7, 7, 7, 7, 6, 6, 6, 6, 6, 6, 6, 6, 7, 7, 7, 7, 6, 8, 8, 7, 7, 7, 6, 7, 7, 7, 6, 7, 7, 6, 6, 7, 7, 7, 7, 7, 7, 7, 7, 6, 6, 6, 7, 7, 7, 7, 6, 6, 6, 7, 7, 6, 6, 6, 7, 6, 7, 7, 7, 6, 7, 6, 7, 7, 7, 6, 6, 6, 7, 7, 6, 7, 6, 7, 6, 6, 6, 7, 7, 7, 6, 7, 7, 6, 7, 6, 6, 6, 7, 6, 6, 7, 6, 7, 6, 7, 6, 7, 6, 6, 7, 6, 7, 6, 7, 6, 7, 6, 7, 6, 6, 6, 7, 6, 6, 6, 6, 6, 7, 6, 7, 6, 6, 6, 7, 6, 7, 6, 6, 6, 7, 6, 6, 6, 6, 6, 7, 6, 7, 7, 7, 6, 7, 6, 7, 7, 6, 7, 6, 6, 6, 6, 6, 6, 6, 7, 6, 6, 7, 6, 7, 7, 7, 6, 6, 7, 7, 6, 6, 6, 6, 7, 7, 6, 6, 6, 6, 6, 7, 7, 6, 7, 7, 6, 7, 7, 7, 7, 7, 7, 8, 8, 7, 6, 6, 7, 6, 6, 6, 6, 6, 7, 7, 6, 7, 6, 6, 6, 6, 7, 7, 6, 7, 7, 7, 7, 6, 7, 6, 6, 6, 7, 7, 7, 6, 6, 7, 6, 7, 7, 7, 6, 6, 6, 7, 7, 7, 7, 7, 7, 7, 6, 6, 6, 7, 7, 7, 8, 7, 6, 6, 7, 7, 7, 7, 7, 7, 7, 6, 6, 6, 6, 6, 7, 6, 6, 7, 7, 6, 6, 7, 6, 7, 6, 6, 7, 6, 6, 6, 7, 7, 7, 7, 7, 7, 7, 7, 6, 6, 6, 7, 7, 7, 7, 6, 6, 6, 7, 6, 7, 7, 7, 7, 6, 7, 6, 7, 7, 7, 6, 6, 6, 7, 6, 7, 6, 6, 7, 7, 7, 6, 6, 6, 6, 6, 7, 7, 8, 8, 7, 7, 6, 7, 7, 7, 7, 7, 7, 7, 7, 7, 6, 6, 7, 7, 7, 7, 6, 6, 7, 6, 6, 6, 7, 7, 7, 7, 6, 7, 6, 7, 7, 7, 6, 6, 7, 7, 6, 6, 6, 7, 6, 7, 6, 6, 6, 6, 6, 6, 6, 7, 7, 7, 7, 7, 7, 7, 7, 7, 7, 7, 7, 6, 6, 6, 6, 7, 7, 6, 7, 7, 7, 7, 7, 7, 6, 7, 7, 6, 7, 7, 7, 7, 7, 6, 6, 7, 6, 7, 6, 6, 7, 7, 6, 7, 6, 6, 6, 6, 6, 6, 6, 6, 7, 7, 7, 7, 7, 6, 7, 7, 6, 6, 6, 6, 7, 7, 6, 7, 7, 7, 7, 6, 6, 7, 7, 7, 8, 7, 6, 6, 7, 6, 6, 7, 7, 7, 7, 7, 6, 6, 7, 7, 7, 7, 7, 7, 7, 6, 6, 6, 6, 6, 6, 6, 7, 6, 7, 7, 7, 6, 6, 7, 6, 7, 7, 7, 7, 6, 6, 6, 6, 6, 7, 6, 6, 6]

################################################################
################################################################
################### process_jail_list: ######################

[7, 7, 7, 7, 6, 7, 7, 7, 7, 7, 7, 7, 6, 5, 6, 5, 6, 6, 6, 6, 6, 7, 7, 7, 6, 6, 6, 6, 6, 6, 7, 6, 7, 7, 7, 6, 6, 6, 6, 6, 7, 6, 7, 6, 6, 6, 6, 6, 5, 6, 6, 5, 6, 6, 7, 7, 6, 6, 6, 6, 6, 6, 6, 6, 6, 7, 7, 7, 7, 6, 6, 6, 7, 6, 7, 7, 6, 6, 6, 7, 6, 6, 5, 7, 7, 6, 7, 6, 5, 6, 5, 6, 6, 6, 6, 7, 6, 7, 6, 6, 5, 6, 7, 7, 7, 6, 5, 6, 6, 6, 5, 6, 6, 6, 6, 6, 6, 5, 5, 6, 6, 6, 7, 7, 6, 6, 6, 7, 7, 6, 5, 6, 6, 5, 6, 7, 6, 6, 6, 6, 5, 6, 6, 6, 6, 6, 6, 6, 6, 6, 5, 6, 5, 6, 6, 5, 6, 6, 6, 6, 6, 6, 6, 6, 6, 6, 6, 6, 6, 6, 6, 5, 6, 5, 5, 5, 6, 6, 5, 5, 6, 6, 6, 5, 5, 5, 6, 6, 5, 5, 6, 6, 7, 7, 7, 6, 6, 6, 6, 6, 6, 6, 6, 6, 6, 6, 6, 6, 6, 6, 6, 5, 6, 6, 5, 6, 6, 5, 6, 6, 6, 6, 6, 5, 5, 5, 6, 6, 6, 6, 6, 6, 6, 6, 6, 6, 5, 6, 6, 6, 6, 6, 5, 6, 5, 6, 6, 6, 5, 5, 6, 6, 6, 6, 5, 6, 6, 6, 6, 6, 6, 6, 6, 6, 6, 6, 6, 5, 6, 5, 6, 6, 6, 6, 6, 6, 6, 6, 6, 5, 7, 7, 7, 6, 6, 5, 6, 6, 6, 5, 6, 6, 6, 6, 6, 6, 6, 6, 6, 6, 6, 6, 6, 6, 6, 6, 7, 6, 6, 5, 6, 6, 6, 7, 6, 6, 6, 6, 5, 6, 6, 6, 6, 6, 5, 6, 6, 6, 6, 6, 6, 6, 6, 6, 7, 6, 6, 5, 6, 6, 6, 6, 6, 6, 6, 6, 5, 6, 5, 6, 5, 6, 6, 6, 6, 6, 6, 6, 6, 5, 6, 6, 6, 6, 6, 6, 6, 6, 5, 6, 6, 6, 6, 5, 6, 6, 6, 6, 6, 6, 5, 6, 5, 6, 6, 5, 6, 6, 6, 6, 6, 6, 5, 6, 5, 5, 5, 6, 5, 6, 6, 6, 6, 6, 6, 6, 6, 6, 6, 6, 6, 6, 6, 6, 6, 6, 5, 5, 6, 6, 5, 6, 5, 6, 6, 6, 6, 5, 6, 6, 6, 6, 6, 6, 6, 6, 6, 5, 5, 6, 5, 6, 6, 6, 6, 6, 6, 6, 6, 6, 6, 6, 6, 7, 7, 7, 6, 6, 6, 5, 5, 6, 6, 6, 6, 6, 6, 6, 5, 5, 5, 6, 7, 6, 6, 6, 6, 6, 6, 6, 6, 6, 5, 6, 6, 6, 6, 6, 5, 6, 5, 6, 7, 6, 5, 5, 5, 6, 6, 6, 6, 6, 6, 6, 6, 6, 5, 6, 6, 6, 7, 7, 5, 6, 6, 6, 6, 6, 7, 7, 6, 5, 5, 6, 6, 6, 6, 6, 5, 6, 6, 5, 5, 6, 6, 6, 6, 6, 6, 6, 5, 6, 6, 6, 6, 6, 6, 6, 6, 6, 6, 6, 6, 6, 6, 6, 6, 5, 5, 6, 6, 5, 6, 6, 6, 6, 6, 7, 6, 6, 6, 6, 6, 6, 6, 6, 6, 6, 6, 6, 6, 6, 6, 6, 5, 5, 5, 6, 6, 6, 7, 7, 6, 6, 6, 6, 6, 6, 6, 6, 6, 6, 6, 6, 6, 6, 6, 6, 6, 6, 6, 6, 6, 5, 6, 5, 6, 6, 6, 6, 6, 6, 5, 6, 6, 6, 6, 5, 6, 6, 6, 6, 5, 6, 5, 6, 6, 6, 5, 5, 6, 6, 6, 6, 6, 6, 6, 7, 7, 7, 7, 6, 6, 6, 6, 6, 6, 6, 6, 6, 6, 6, 6, 6, 6, 6, 6, 6, 6, 6, 6, 6, 6, 6, 6, 6, 6, 6, 5, 6, 5, 6, 6, 6, 6, 6, 6, 6, 6, 5, 6, 6, 6, 6, 6, 6, 6, 6, 6, 6, 6, 5, 6, 6, 5, 5, 6, 5, 6, 6, 6, 6, 6, 6, 6, 5, 5, 6, 6, 6, 7, 7, 6, 6, 6, 6, 5, 6, 6, 6, 6, 6, 6, 6, 6, 6, 6, 6, 6, 6, 6, 5, 5, 6, 6, 6, 6, 6, 6, 6, 6, 6, 6, 5, 6, 6, 6, 6, 6, 6, 6, 5, 6, 6, 5, 6, 6, 5, 6, 6]

################################################################
