Numero total de amostras 770

Tempo total de processamento: 0:11:06

############## TEMPOS DE PROCESSAMENTO DO EXERCICIO NO JAIL  ####################
Soma 4573 segundos
Media 5.938961038961039 segundos
Desvio padr達o 0.42046845988107684 segundos
Minimo 5 segundos
Maximo 7 segundos

95% 5.0 segundos
99% 5.0 segundos

############## TEMPOS DE PROCESSAMENTO DO EXERCICIO NO JAIL COM DOWNLOAD  ################
Soma 5058 segundos
Media 6.568831168831169 segundos
Desvio padr達o 0.5952757170322373 segundos
Minimo 6 segundos
Maximo 10 segundos

95% 6.0 segundos
99% 6.0 segundos

################### TEMPOS DE DOWNLOAD DO EXERCICIO NO JAIL #######################
Soma 485 segundos
Media 0.6298701298701299 segundos
Desvio padr達o 0.5339305210564081 segundos
Minimo 0 segundos
Maximo 3 segundos

95% 0.0 segundos
99% 0.0 segundos

############################ TEMPOS DE ESPERA NA FILA ############################
Soma 1091
Media 1.4168831168831169 segundos
Desvio padr達o 1.350892210932877 segundos
Minimo 0 segundos
Maximo 8 segundos

95% 0.0 segundos
99% 0.0 segundos

################### queue_wait_time_list: ######################

[0, 5, 8, 7, 7, 6, 6, 5, 4, 3, 4, 7, 8, 8, 7, 7, 7, 6, 4, 4, 6, 6, 7, 7, 7, 6, 6, 6, 5, 5, 5, 6, 6, 6, 5, 5, 5, 4, 3, 3, 5, 5, 5, 5, 4, 3, 3, 2, 3, 4, 3, 4, 3, 3, 3, 2, 1, 1, 2, 2, 3, 3, 2, 1, 0, 1, 1, 1, 3, 2, 2, 1, 1, 1, 1, 1, 1, 2, 1, 1, 1, 0, 1, 1, 2, 2, 2, 2, 1, 2, 2, 2, 2, 1, 1, 1, 1, 1, 1, 2, 2, 1, 1, 0, 2, 1, 2, 1, 1, 1, 0, 1, 1, 1, 1, 1, 0, 1, 1, 1, 1, 2, 1, 0, 0, 2, 1, 1, 1, 0, 0, 0, 2, 2, 1, 2, 1, 0, 0, 2, 2, 1, 1, 0, 0, 0, 1, 2, 1, 0, 0, 0, 0, 1, 2, 1, 1, 0, 1, 0, 1, 1, 1, 1, 0, 0, 1, 0, 0, 0, 1, 0, 0, 1, 1, 1, 1, 1, 0, 1, 0, 1, 1, 0, 1, 0, 0, 1, 1, 0, 1, 1, 1, 1, 1, 1, 1, 1, 2, 1, 0, 0, 1, 2, 3, 2, 2, 1, 2, 4, 3, 2, 2, 1, 1, 0, 1, 2, 2, 2, 1, 1, 1, 2, 3, 4, 3, 2, 2, 3, 4, 3, 2, 2, 3, 2, 2, 2, 3, 2, 2, 1, 0, 3, 2, 1, 1, 2, 1, 2, 2, 1, 2, 1, 0, 0, 0, 1, 1, 1, 2, 1, 0, 0, 0, 2, 1, 2, 2, 1, 0, 0, 2, 1, 2, 1, 1, 1, 1, 2, 1, 2, 1, 1, 1, 2, 1, 2, 1, 0, 1, 1, 1, 1, 2, 2, 2, 2, 1, 2, 2, 2, 1, 1, 0, 0, 0, 1, 1, 2, 1, 1, 0, 0, 1, 1, 3, 2, 1, 0, 0, 0, 1, 1, 2, 1, 0, 0, 1, 1, 2, 2, 1, 1, 0, 0, 1, 1, 1, 0, 1, 1, 0, 1, 1, 1, 1, 1, 2, 1, 1, 1, 2, 1, 0, 2, 1, 0, 1, 1, 1, 0, 1, 1, 1, 1, 0, 0, 0, 0, 2, 1, 0, 0, 1, 1, 0, 2, 2, 1, 0, 1, 1, 1, 1, 1, 1, 1, 0, 1, 2, 1, 1, 0, 0, 0, 1, 3, 2, 1, 2, 1, 0, 0, 1, 2, 1, 1, 0, 1, 0, 3, 3, 2, 1, 1, 1, 0, 2, 3, 2, 2, 1, 0, 0, 1, 3, 2, 2, 1, 1, 0, 0, 2, 2, 2, 1, 1, 1, 1, 3, 2, 2, 1, 1, 0, 1, 0, 2, 2, 1, 0, 0, 1, 1, 2, 2, 2, 1, 0, 1, 1, 2, 1, 1, 0, 0, 1, 1, 2, 2, 2, 1, 1, 2, 1, 2, 1, 1, 0, 1, 1, 1, 1, 2, 1, 0, 1, 1, 1, 1, 2, 1, 1, 0, 1, 1, 1, 0, 1, 1, 0, 1, 1, 1, 1, 2, 1, 0, 0, 1, 0, 1, 0, 2, 1, 1, 1, 0, 1, 0, 2, 1, 1, 1, 0, 2, 1, 2, 2, 2, 2, 1, 2, 1, 1, 1, 3, 2, 1, 1, 2, 1, 1, 1, 0, 1, 1, 0, 2, 1, 1, 0, 2, 1, 1, 3, 2, 2, 1, 2, 1, 1, 1, 3, 3, 2, 1, 1, 1, 0, 0, 2, 2, 2, 1, 1, 0, 0, 1, 3, 2, 1, 1, 1, 0, 0, 4, 3, 2, 2, 1, 1, 1, 3, 3, 3, 2, 1, 1, 0, 0, 2, 3, 3, 2, 1, 1, 1, 2, 2, 2, 2, 2, 2, 1, 0, 2, 2, 1, 1, 2, 1, 1, 0, 1, 1, 1, 1, 1, 1, 1, 0, 0, 0, 1, 0, 1, 0, 1, 0, 0, 1, 2, 2, 2, 2, 1, 1, 2, 2, 2, 1, 1, 0, 0, 1, 1, 2, 1, 1, 0, 0, 1, 1, 0, 1, 0, 0, 0, 1, 1, 1, 2, 1, 1, 1, 2, 2, 1, 0, 2, 1, 1, 1, 1, 1, 1, 0, 1, 0, 1, 0, 1, 1, 1, 0, 1, 1, 1, 0, 0, 1, 1, 0, 1, 1, 1, 0, 1, 2, 1, 2, 1, 2, 1, 1, 2, 1, 2, 1, 0, 1, 0, 0, 2, 2, 1, 0, 2, 1, 1, 2, 2, 1, 1, 2, 1, 1, 0, 1, 2, 2, 1, 0, 1, 0, 1, 0, 2, 1, 1, 2, 1, 1, 1, 3, 2, 2, 1, 1, 1, 1, 0, 2, 2, 1, 0, 1, 2]

################################################################
################### jail_ex_download_list: ######################

[1, 0, 1, 1, 3, 3, 3, 3, 3, 3, 1, 1, 0, 1, 1, 1, 1, 1, 2, 2, 0, 1, 1, 1, 1, 1, 1, 1, 1, 1, 1, 0, 0, 0, 0, 1, 0, 1, 1, 1, 1, 1, 1, 0, 0, 1, 0, 1, 0, 0, 1, 1, 1, 0, 0, 1, 1, 1, 0, 0, 0, 0, 1, 1, 1, 1, 1, 1, 1, 1, 1, 1, 0, 1, 1, 0, 1, 1, 1, 1, 0, 0, 0, 1, 0, 0, 0, 0, 0, 1, 0, 1, 1, 1, 1, 0, 1, 1, 1, 0, 0, 1, 0, 1, 0, 1, 1, 1, 1, 0, 1, 0, 0, 0, 1, 0, 1, 0, 1, 1, 0, 0, 0, 1, 0, 0, 1, 1, 1, 1, 1, 0, 0, 0, 1, 0, 1, 1, 1, 1, 0, 1, 0, 0, 0, 0, 0, 0, 1, 1, 1, 1, 0, 0, 0, 1, 0, 1, 0, 1, 1, 0, 1, 0, 0, 0, 1, 1, 1, 1, 0, 1, 0, 1, 0, 0, 0, 1, 1, 0, 1, 1, 0, 1, 1, 1, 1, 0, 0, 1, 0, 1, 0, 0, 1, 0, 0, 1, 0, 0, 1, 1, 1, 1, 0, 1, 0, 1, 1, 0, 1, 1, 1, 1, 0, 1, 0, 0, 0, 1, 1, 0, 1, 0, 1, 1, 1, 1, 1, 1, 0, 1, 1, 0, 0, 0, 1, 0, 1, 1, 1, 1, 1, 1, 1, 1, 1, 0, 1, 0, 1, 1, 1, 1, 1, 1, 1, 0, 1, 0, 0, 1, 1, 0, 0, 0, 0, 1, 0, 1, 1, 0, 1, 1, 0, 1, 1, 0, 0, 1, 1, 1, 1, 0, 0, 0, 0, 0, 1, 1, 1, 1, 1, 1, 1, 0, 0, 0, 1, 1, 0, 1, 1, 1, 1, 1, 0, 0, 0, 1, 1, 0, 0, 1, 1, 0, 0, 0, 1, 1, 1, 1, 0, 1, 0, 1, 1, 0, 1, 1, 0, 1, 1, 0, 1, 1, 0, 0, 0, 1, 0, 1, 1, 0, 1, 1, 0, 1, 0, 1, 1, 1, 0, 0, 0, 0, 1, 1, 0, 1, 1, 1, 1, 1, 0, 0, 0, 1, 1, 0, 0, 1, 1, 1, 0, 0, 0, 1, 0, 0, 1, 1, 1, 1, 1, 0, 0, 0, 0, 1, 1, 1, 1, 1, 1, 0, 1, 0, 1, 1, 1, 1, 1, 1, 1, 1, 0, 1, 1, 0, 0, 1, 1, 1, 1, 0, 1, 1, 1, 0, 1, 1, 1, 1, 1, 0, 0, 1, 0, 1, 1, 1, 0, 1, 0, 0, 1, 1, 0, 0, 0, 1, 1, 1, 0, 1, 1, 1, 0, 0, 1, 1, 0, 0, 0, 1, 1, 0, 0, 1, 0, 0, 0, 1, 1, 1, 1, 1, 1, 1, 0, 1, 1, 0, 0, 1, 1, 1, 0, 0, 0, 1, 0, 0, 0, 1, 1, 1, 1, 1, 1, 1, 1, 0, 0, 1, 0, 0, 1, 1, 0, 0, 0, 0, 0, 0, 1, 1, 1, 1, 0, 1, 0, 1, 0, 1, 1, 1, 1, 1, 1, 1, 1, 1, 1, 1, 1, 1, 0, 0, 0, 0, 0, 1, 1, 1, 0, 0, 0, 1, 0, 1, 1, 1, 1, 1, 1, 0, 1, 1, 1, 1, 1, 0, 0, 0, 1, 1, 1, 1, 1, 1, 0, 0, 0, 0, 1, 1, 1, 0, 1, 0, 1, 1, 1, 1, 0, 1, 0, 0, 1, 1, 1, 1, 0, 1, 0, 1, 1, 1, 1, 1, 0, 1, 0, 0, 1, 1, 1, 1, 1, 1, 0, 0, 0, 1, 1, 0, 0, 1, 1, 1, 1, 1, 1, 1, 1, 0, 0, 1, 0, 1, 1, 1, 1, 1, 0, 0, 0, 1, 1, 1, 1, 1, 1, 0, 1, 0, 1, 1, 1, 0, 0, 1, 0, 1, 0, 0, 0, 0, 1, 1, 1, 1, 1, 1, 1, 1, 0, 1, 0, 1, 0, 0, 1, 1, 1, 1, 1, 1, 1, 1, 0, 0, 0, 0, 0, 0, 0, 1, 1, 0, 0, 0, 1, 1, 1, 1, 1, 1, 1, 1, 1, 0, 0, 1, 1, 0, 1, 1, 1, 1, 0, 0, 0, 1, 0, 1, 1, 0, 0, 0, 0, 1, 0, 0, 1, 1, 1, 0, 1, 1, 0, 1, 1, 0, 1, 1, 1, 0, 0, 0, 1, 1, 1, 1, 1, 1, 1, 1, 0, 0, 1, 1, 1, 1, 1, 0, 1, 0, 0, 1, 1, 1, 1, 0, 0, 1, 1, 1, 0, 0, 1, 1, 0, 0, 1, 1, 1, 0]

################################################################
################################################################
################### process_jail_download_list: ######################

[7, 6, 7, 8, 9, 10, 9, 10, 10, 10, 8, 7, 6, 6, 7, 7, 7, 8, 8, 8, 6, 7, 7, 7, 7, 7, 6, 7, 7, 6, 6, 6, 6, 6, 7, 7, 6, 7, 7, 7, 7, 6, 7, 6, 7, 7, 6, 6, 6, 6, 7, 7, 7, 6, 6, 7, 7, 7, 6, 6, 6, 6, 7, 7, 7, 7, 7, 7, 7, 7, 7, 8, 7, 6, 7, 6, 7, 7, 7, 7, 7, 7, 6, 7, 6, 6, 6, 6, 6, 6, 6, 7, 7, 7, 7, 6, 6, 7, 6, 6, 6, 7, 6, 7, 6, 7, 7, 7, 7, 6, 6, 6, 6, 6, 7, 6, 6, 6, 7, 6, 6, 6, 6, 7, 6, 6, 7, 6, 7, 7, 6, 6, 6, 6, 7, 6, 7, 7, 7, 7, 6, 6, 6, 6, 6, 6, 6, 6, 6, 7, 6, 7, 6, 6, 6, 7, 6, 7, 6, 6, 6, 6, 7, 6, 6, 6, 6, 7, 7, 7, 6, 6, 6, 6, 6, 6, 6, 6, 6, 6, 7, 6, 6, 7, 6, 7, 7, 6, 6, 7, 6, 7, 6, 6, 6, 6, 6, 6, 6, 6, 7, 6, 6, 7, 6, 7, 6, 7, 7, 6, 7, 7, 7, 7, 6, 6, 6, 6, 6, 7, 7, 6, 6, 6, 7, 7, 7, 7, 7, 7, 6, 7, 7, 6, 7, 7, 7, 7, 7, 7, 8, 8, 8, 7, 7, 7, 7, 6, 7, 6, 7, 7, 7, 7, 7, 7, 7, 6, 7, 6, 6, 7, 7, 6, 6, 6, 6, 6, 6, 7, 7, 6, 6, 6, 6, 7, 7, 7, 7, 7, 7, 7, 7, 6, 6, 6, 6, 6, 7, 7, 7, 6, 6, 7, 7, 6, 6, 6, 7, 7, 6, 7, 7, 7, 7, 6, 6, 6, 6, 7, 7, 6, 6, 6, 7, 6, 6, 6, 6, 7, 6, 7, 6, 7, 6, 6, 7, 6, 7, 7, 6, 7, 7, 6, 7, 7, 6, 6, 6, 7, 6, 7, 7, 6, 6, 7, 6, 7, 6, 6, 7, 7, 6, 6, 6, 6, 6, 7, 6, 6, 6, 7, 7, 7, 6, 7, 6, 7, 7, 6, 6, 7, 7, 6, 6, 6, 6, 7, 7, 7, 7, 7, 7, 7, 7, 6, 6, 6, 6, 6, 7, 7, 8, 8, 7, 7, 7, 7, 7, 7, 7, 7, 7, 6, 7, 7, 6, 6, 7, 6, 6, 6, 7, 7, 7, 6, 6, 7, 6, 6, 7, 6, 7, 7, 7, 6, 6, 7, 6, 7, 7, 7, 6, 7, 6, 6, 7, 6, 6, 6, 6, 6, 6, 7, 6, 7, 6, 7, 6, 6, 7, 7, 6, 6, 6, 6, 6, 6, 6, 6, 6, 6, 6, 7, 7, 7, 7, 7, 6, 7, 6, 7, 7, 6, 6, 7, 7, 7, 6, 6, 6, 6, 6, 6, 6, 7, 7, 6, 7, 7, 6, 6, 7, 6, 6, 7, 6, 6, 7, 7, 6, 6, 6, 6, 6, 6, 7, 7, 7, 7, 6, 7, 6, 6, 6, 7, 7, 6, 6, 7, 7, 7, 7, 7, 7, 7, 6, 6, 6, 7, 7, 7, 6, 7, 7, 7, 6, 6, 7, 7, 6, 7, 7, 6, 6, 7, 7, 6, 7, 7, 7, 7, 7, 6, 6, 6, 7, 7, 7, 7, 6, 7, 6, 6, 6, 6, 7, 7, 7, 6, 7, 7, 7, 7, 7, 8, 7, 7, 7, 6, 7, 7, 7, 7, 6, 7, 6, 7, 7, 7, 7, 7, 6, 6, 6, 7, 7, 7, 7, 7, 7, 7, 6, 6, 6, 7, 7, 6, 6, 7, 7, 7, 7, 6, 7, 7, 7, 6, 6, 7, 6, 6, 7, 7, 7, 6, 6, 6, 6, 7, 6, 7, 7, 7, 7, 6, 7, 6, 7, 7, 7, 6, 6, 6, 6, 6, 6, 6, 6, 6, 7, 6, 7, 6, 7, 7, 7, 6, 6, 7, 6, 6, 6, 6, 6, 7, 7, 7, 7, 7, 7, 7, 6, 7, 7, 7, 6, 6, 6, 7, 7, 6, 6, 6, 7, 7, 7, 7, 7, 7, 7, 7, 7, 6, 7, 7, 7, 6, 7, 7, 7, 7, 6, 7, 7, 7, 6, 7, 7, 6, 6, 6, 6, 6, 6, 6, 6, 7, 7, 6, 6, 7, 7, 7, 7, 6, 7, 7, 7, 6, 6, 6, 7, 7, 7, 7, 7, 7, 7, 7, 6, 6, 7, 7, 7, 7, 7, 6, 7, 6, 7, 7, 7, 7, 7, 6, 6, 7, 6, 6, 6, 7, 7, 7, 6, 6, 7, 7, 7, 6]

################################################################
################################################################
################### process_jail_list: ######################

[6, 6, 6, 7, 6, 7, 6, 7, 7, 7, 7, 6, 6, 5, 6, 6, 6, 7, 6, 6, 6, 6, 6, 6, 6, 6, 5, 6, 6, 5, 5, 6, 6, 6, 7, 6, 6, 6, 6, 6, 6, 5, 6, 6, 7, 6, 6, 5, 6, 6, 6, 6, 6, 6, 6, 6, 6, 6, 6, 6, 6, 6, 6, 6, 6, 6, 6, 6, 6, 6, 6, 7, 7, 5, 6, 6, 6, 6, 6, 6, 7, 7, 6, 6, 6, 6, 6, 6, 6, 5, 6, 6, 6, 6, 6, 6, 5, 6, 5, 6, 6, 6, 6, 6, 6, 6, 6, 6, 6, 6, 5, 6, 6, 6, 6, 6, 5, 6, 6, 5, 6, 6, 6, 6, 6, 6, 6, 5, 6, 6, 5, 6, 6, 6, 6, 6, 6, 6, 6, 6, 6, 5, 6, 6, 6, 6, 6, 6, 5, 6, 5, 6, 6, 6, 6, 6, 6, 6, 6, 5, 5, 6, 6, 6, 6, 6, 5, 6, 6, 6, 6, 5, 6, 5, 6, 6, 6, 5, 5, 6, 6, 5, 6, 6, 5, 6, 6, 6, 6, 6, 6, 6, 6, 6, 5, 6, 6, 5, 6, 6, 6, 5, 5, 6, 6, 6, 6, 6, 6, 6, 6, 6, 6, 6, 6, 5, 6, 6, 6, 6, 6, 6, 5, 6, 6, 6, 6, 6, 6, 6, 6, 6, 6, 6, 7, 7, 6, 7, 6, 6, 7, 7, 7, 6, 6, 6, 6, 6, 6, 6, 6, 6, 6, 6, 6, 6, 6, 6, 6, 6, 6, 6, 6, 6, 6, 6, 6, 5, 6, 6, 6, 6, 5, 5, 6, 6, 6, 7, 7, 6, 6, 6, 6, 6, 6, 6, 6, 6, 6, 6, 6, 5, 5, 6, 6, 6, 6, 6, 6, 6, 6, 6, 6, 6, 6, 5, 6, 6, 6, 6, 6, 6, 6, 5, 6, 6, 6, 6, 5, 6, 5, 6, 6, 6, 6, 5, 6, 6, 6, 6, 6, 6, 6, 6, 6, 6, 6, 6, 6, 6, 6, 6, 6, 6, 5, 6, 6, 6, 6, 5, 6, 6, 6, 6, 6, 6, 5, 6, 6, 5, 5, 6, 6, 6, 6, 7, 6, 6, 6, 6, 6, 6, 6, 5, 6, 6, 6, 6, 7, 7, 6, 6, 6, 6, 6, 6, 6, 6, 6, 5, 6, 6, 7, 7, 6, 7, 6, 7, 6, 6, 6, 6, 6, 5, 6, 6, 6, 5, 6, 6, 6, 5, 6, 6, 6, 6, 5, 6, 5, 6, 6, 5, 6, 6, 6, 6, 6, 6, 6, 6, 6, 6, 6, 6, 6, 6, 6, 5, 6, 6, 6, 5, 5, 6, 6, 6, 5, 6, 6, 6, 6, 6, 6, 6, 6, 5, 5, 6, 6, 5, 6, 6, 6, 6, 6, 6, 6, 6, 5, 6, 6, 6, 6, 6, 6, 6, 6, 6, 6, 6, 6, 5, 6, 6, 6, 6, 6, 5, 6, 6, 5, 5, 6, 6, 6, 6, 6, 6, 6, 6, 6, 6, 6, 6, 6, 6, 6, 6, 6, 6, 6, 6, 6, 5, 6, 6, 6, 5, 5, 6, 6, 6, 6, 6, 6, 6, 5, 5, 6, 7, 7, 7, 6, 6, 6, 6, 6, 6, 7, 6, 6, 6, 6, 5, 5, 6, 6, 6, 6, 6, 6, 6, 6, 6, 6, 6, 6, 6, 6, 6, 5, 6, 6, 6, 6, 6, 6, 6, 6, 6, 6, 7, 6, 6, 6, 7, 7, 6, 7, 6, 6, 6, 6, 6, 6, 6, 6, 6, 6, 6, 6, 6, 6, 5, 6, 7, 6, 6, 6, 6, 6, 6, 6, 6, 6, 6, 6, 6, 6, 6, 6, 6, 6, 5, 6, 6, 6, 6, 6, 6, 6, 5, 6, 6, 6, 5, 6, 6, 6, 6, 5, 6, 6, 6, 6, 6, 6, 6, 6, 6, 6, 6, 6, 5, 6, 5, 6, 6, 6, 6, 6, 5, 6, 5, 6, 6, 6, 5, 6, 6, 6, 5, 6, 6, 5, 6, 6, 6, 6, 6, 6, 6, 6, 7, 7, 7, 6, 6, 6, 6, 6, 6, 6, 6, 6, 6, 6, 6, 6, 6, 6, 6, 6, 6, 7, 6, 6, 6, 6, 6, 6, 6, 6, 7, 7, 6, 6, 6, 6, 6, 6, 6, 6, 5, 6, 6, 5, 6, 6, 6, 5, 6, 7, 6, 6, 6, 6, 6, 6, 6, 6, 6, 6, 6, 6, 6, 6, 6, 6, 6, 6, 6, 6, 6, 6, 6, 6, 6, 6, 6, 7, 6, 6, 6, 6, 6, 6, 6, 5, 5, 6, 7, 6, 6, 6, 6, 6, 6, 6, 6]

################################################################
