Array para T1:
Array para T2:
Array para T3:
Array para T4:
Array para T5:
Media do array: 

[array([6.2, 6.2, 6.4, 6.2, 5.6, 6. , 6. , 5.8, 5.8, 5.6, 5.8, 5.6, 5.8,
       5.8, 6. , 6. , 5.8, 6. , 5.8, 6. , 5.6, 5.8, 6. , 5.8, 6. , 5.8,
       6. , 6. , 5.8, 6. , 5.6, 5.6, 5.8, 5.6, 5.8, 6. , 5.8, 5.8, 6.2,
       5.8, 6. , 6. , 6. , 6.2, 6. , 6.2, 6. , 6. , 5.8, 6. , 6. , 6. ,
       5.8, 6. , 6. , 6. , 5.6, 6. , 6. , 5.8, 6. , 5.8, 5.8, 5.8, 6.2,
       6.2, 6. , 6. , 5.8, 5.8, 5.6, 5.6, 5.6, 5.4, 5.8, 6. , 5.6, 5.8,
       5.8, 6. , 5.8, 6. , 5.8, 5.8, 6. , 5.6, 5.8, 5.6, 5.8, 5.8, 5.6,
       5.8, 5.8, 5.6, 5.8, 6.2, 6. , 5.6, 6. , 6. , 5.8, 5.6, 5.8, 6. ,
       5.6, 5.6, 5.8, 5.6, 5.8, 5.8, 5.8, 6. , 6. , 5.6, 6. , 6. , 5.6,
       5.8, 5.6, 5.6, 5.8, 5.8, 5.6, 6. , 6. , 5.6, 5.8, 5.8, 5.8, 5.8,
       6.2, 5.8, 6. , 6. , 6. , 6. , 5.8, 6. , 5.8, 6. , 5.6, 5.8, 5.8,
       5.6, 5.6, 5.8, 6. , 5.8, 6. , 5.8, 5.6, 5.6, 6. , 5.6, 5.8, 5.8,
       5.8, 5.8, 5.8, 6. , 6. , 6. , 5.8, 5.8, 5.6, 5.4, 5.6, 5.8, 5.8,
       5.8, 6. , 5.6, 6. , 5.8, 5.8, 6. , 5.8, 5.8, 5.8, 6. , 5.6, 5.6,
       5.8, 5.4, 6.2, 6. , 5.8, 5.6, 6. , 5.8, 6. , 5.6, 5.8, 5.8, 5.4,
       6.2, 5.8, 6. , 5.8, 6. , 6. , 6. , 5.8, 5.8, 5.6, 5.8, 6. , 5.6,
       5.8, 5.8, 5.8, 5.8, 6. , 5.8, 5.4, 5.6, 6. , 5.8, 5.8, 5.6, 5.4,
       5.8, 5.8, 5.8, 6. , 5.8, 5.8, 6. , 5.8, 5.8, 5.8, 6. , 5.6, 6. ,
       5.6, 5.6, 6. , 5.4, 6. , 5.6, 5.8, 5.8, 6. , 6. , 6. , 5.8, 5.8,
       5.8, 6. , 5.8, 5.6, 6. , 5.6, 5.6, 5.8, 5.8, 6. , 6. , 6. , 5.6,
       5.4, 5.6, 6. , 5.8, 6. , 5.4, 5.6, 6. , 6. , 5.8, 6. , 5.6, 5.8,
       5.8, 6. , 5.8, 5. , 5.8, 5.8, 5.8, 5.8, 6. , 5.6, 6. , 5.6, 5.4,
       5.6, 5.4, 6. , 5.8, 6. , 6. , 6. , 6.2, 6. , 6. , 5.8, 5.8, 5.8,
       5.8, 6. , 5.8, 5.6, 5.6, 5.8, 6. , 5.6, 5.6, 5.8, 5.8, 5.6, 6. ,
       5.6, 5.4, 5.8, 5.8, 6. , 6. , 5.8, 5.6, 5.4, 5.6, 6. , 5.8, 5.6,
       5.8, 5.8, 5.6, 5.8, 5.8, 5.6, 5.8, 6. , 5.8, 5.8, 5.8, 6. , 5.8,
       5.6, 5.4, 5.6, 5.6, 5.8, 5.8, 6. , 6. , 6. , 6. , 6. , 5.6, 5.8,
       6. , 5.4, 5.8, 6. , 5.8, 5.8, 6. , 5.4, 5.8, 6. , 5.8, 5.6, 5.8,
       6. , 6. , 5.8, 6. , 6. , 5.8, 6. , 5.8, 5.8, 5.6, 6. , 5.8, 6. ,
       6. , 6. , 5.8, 5.8, 6. , 6. , 5.6, 5.8, 5.6, 5.6, 5.8, 5.6, 5.6,
       5.6, 6. , 5.8, 5.8, 6. , 5.8, 5.8, 5.6, 6. , 5.6, 6. , 5.4, 5.8,
       5.8, 5.4, 5.8, 5.6, 5.8, 6. , 5.8, 6. , 6. , 6.2, 6.2, 6. , 5.8,
       5.6, 5.8, 5.6, 5.8, 6. , 5.8, 6. , 5.8, 6. , 6. , 5.8, 6. , 5.6,
       5.6, 6. , 6. , 6. , 5.4, 5.6, 5.6, 5.8, 5.8, 6. , 5.6, 6. , 6. ,
       5.8, 6. , 5.6, 6. , 5.8, 5.6, 5.8, 5.6, 5.8, 5.8, 5.6, 5.8, 5.8,
       5.6, 6.2, 6.2, 5.8, 6. , 5.8, 5.8, 6. , 6. , 5.8, 6. , 5.8, 6. ,
       5.8, 5.6, 5.8, 5.8, 6. , 5.6, 6. , 6. , 5.6, 5.8, 5.4, 5.8, 5.8,
       6. , 6. , 6. , 5.6, 5.8, 6. , 6. , 5.8, 6. , 6. , 5.6, 5.2, 5.8,
       5.8, 6. , 6. , 5.6, 5.8, 5.8, 5.8, 5.8, 5.6, 5.6, 5.8, 6. , 6. ,
       6. , 6. , 5.8, 6.2, 6.2, 6. , 5.8, 5.8, 5.8, 5.8, 6. , 5.4, 5.4,
       5.4, 5.8, 6. , 6. , 6. , 6. , 6. , 6. , 5.8, 5.6, 6.4, 6.4, 6. ,
       6. , 5.6, 5.8, 5.8, 5.8, 5.6, 5.8, 6. , 6. , 6. , 5.8, 5.8, 6. ,
       6. , 5.4, 5.8, 5.8, 5.8, 6. , 6. , 6. , 5.8, 6. , 6. , 6. , 6. ,
       5.8, 6. , 6. , 5.6, 5.8, 6. , 5.8, 5.6, 5.8, 5.8, 6.2, 6.2, 6. ,
       6. , 6.2, 5.8, 5.8, 5.8, 5.8, 5.6, 5.8, 6. , 5.8, 6. , 5.8, 5.6,
       5.8, 5.8, 5.8, 5.8, 5.6, 6. , 6. , 6.2, 5.8, 5.8, 6. , 5.6, 5.6,
       5.6, 5.6, 5.8, 5.8, 6. , 5.8, 5.8, 6.2, 6. , 5.8, 5.6, 6.2, 6.2,
       6. , 5.8, 6. , 6.2, 6.2, 5.8, 6. , 6. , 5.8, 5.8, 5.8, 5.6, 5.8,
       5.6, 5.8, 6. , 6. , 6. , 6. , 6.2, 5.8, 6. , 6. , 5.8, 6. , 5.6,
       5.6, 5.8, 6. , 5.4, 5.6, 5.4, 5.4, 5.8, 5.6, 6. , 5.8, 6. , 5.8,
       6. , 6.2, 6. , 5.4, 5.6, 6. , 5.2, 5.6, 5.6, 5.8, 5.6, 6. , 6. ,
       6. , 6.2, 5.6, 6. , 6.2, 6. , 6.2, 5.8, 6. , 5.8, 5.8, 6. , 6. ,
       5.8, 5.8, 6. , 6. , 6. , 6. , 6. , 6. , 6. , 5.6, 5.6, 5.8, 6. ,
       5.8, 5.8, 6. , 5.6, 5.6, 5.8, 5.8, 5.8, 6. , 6. , 5.8, 6. , 6. ,
       5.8, 5.8, 5.8, 5.4, 5.2, 5.8, 5.4, 6. , 5.6, 5.8, 6. , 6. , 5.8,
       5.6, 6. , 5.8, 5.8, 5.8, 5.6, 5.4, 5.8, 6. , 5.6, 6. , 5.8, 6. ,
       5.8, 5.8, 5.4, 5.6, 5.6, 5.8, 5.4, 5.8, 5.6, 5.8, 5.8, 5.4, 5.6,
       6.2, 6. , 5.8, 5.6, 5.8, 5.6, 5.4, 5.8, 5.8, 5.8, 6. , 6. , 5.8,
       6. , 6. , 6. , 5.6, 6. , 5.8, 6. , 5.4, 5.6, 5.6, 5.8, 5.8, 5.6,
       5.4, 5.2, 6. ])]

Valor minimo: 
5.0

Valor maximo: 
6.4

Valor medio: 
5.824935064935064

Desvio Padrao: 
0.19765260996251938

Valor da soma: 
4485.2

95 percentil: 
5.4

99 percentil: 
5.4

