Array para T1:
Array para T2:
Array para T3:
Array para T4:
Array para T5:
Media do array: 

[array([  5.8,   5.6,   4.8,   4. ,  10.2,   9.6,   9.2,   8.2,  13.4,
        13.6,  12.4,  11.2,  15.4,  15.4,  15.2,  14.4,  19.2,  19.2,
        19. ,  18.2,  21.8,  21.8,  21.6,  20.8,  24.6,  24.2,  24.4,
        23.4,  27.6,  27.4,  27.8,  26.6,  30.2,  30.6,  30. ,  29.4,
        33.2,  33.6,  33.8,  33.2,  36.8,  36.8,  37. ,  36.2,  39.8,
        40.2,  40.4,  39.6,  42.4,  43.2,  43.6,  42. ,  45. ,  45.6,
        46.2,  45.4,  48.8,  49.6,  50. ,  49. ,  51.6,  52.2,  52.8,
        52.2,  55. ,  55.8,  56. ,  55.2,  58. ,  58.2,  59. ,  58.2,
        60.8,  61.4,  62. ,  61.2,  63.2,  64. ,  65.4,  64.8,  66.4,
        67. ,  67.8,  67. ,  68.8,  69.4,  71.2,  70.2,  72.6,  72.8,
        74. ,  73.4,  75.4,  76.2,  76.6,  75.8,  77.8,  78.2,  79.8,
        79.2,  81.2,  81.6,  83. ,  82. ,  83.6,  84.2,  86.2,  86. ,
        87.2,  87.2,  89.2,  88. ,  89.4,  89.8,  91.4,  91.4,  92.6,
        92.6,  94.8,  94.6,  95.6,  96.2,  98. ,  98. ,  98.6,  98.8,
       100.4, 100.8, 102. , 101.4, 103.6, 103. , 104.2, 104.8, 107.4,
       107.2, 108. , 108. , 109.8, 110. , 110.2, 110.8, 113.4, 113. ,
       113.2, 113.6, 115.8, 115.8, 116.4, 116.8, 119. , 119. , 119.2,
       119.2, 121.4, 121.6, 122. , 122.2, 124.6, 124.8, 125.2, 125.4,
       127.6, 127.8, 128.2, 128.4, 130.4, 130.6, 131.2, 131.2, 133.4,
       133.8, 134.2, 134.2, 136. , 137. , 137.2, 137.4, 139. , 139.8,
       140. , 140. , 142. , 142.6, 143.4, 143. , 144.6, 145. , 146.4,
       146. , 147. , 147.8, 148.8, 148.6, 150.2, 150.8, 152.2, 152.2,
       153.2, 153.8, 155.2, 155.2, 156. , 156.4, 157.2, 157.4, 158.8,
       159.4, 161. , 160.8, 162. , 162.6, 164.2, 163.8, 164.6, 165. ,
       166.8, 166.6, 167.2, 167.8, 169.8, 169.2, 170.2, 170.6, 172.8,
       172.6, 173. , 173.2, 175.4, 175.4, 176.2, 177. , 178.6, 178.8,
       180. , 179.8, 181.2, 181.4, 182.6, 182.6, 185. , 185. , 185.6,
       185.6, 187.4, 187.6, 188.6, 188.6, 190.8, 190.8, 191.6, 191.2,
       193.8, 193.8, 194.2, 194. , 196. , 196.2, 197. , 196.6, 199.4,
       200. , 200.2, 199.6, 201.8, 202.4, 203.4, 202.8, 205. , 204.6,
       205.8, 205.6, 208.2, 208.4, 209.2, 208.6, 210.8, 210.4, 211.6,
       211.6, 213.4, 214. , 215. , 214.6, 216.8, 216.6, 217.6, 217.8,
       219.4, 220. , 220.2, 220.2, 222.6, 222.2, 222.8, 223. , 225.2,
       225.6, 226.4, 226.2, 228. , 228.6, 229.6, 229.2, 231.6, 231.4,
       232.4, 232.2, 234.2, 234.8, 235.4, 235. , 237. , 237.2, 238.2,
       238.2, 240.2, 240.4, 240.8, 240.4, 242.6, 242.8, 244. , 243.6,
       245.8, 246.2, 247.6, 246.8, 248.8, 248.8, 250.2, 249.4, 252. ,
       252.2, 252.8, 253. , 254.8, 254.8, 256. , 255.8, 258. , 257.8,
       258.8, 258.6, 260.4, 261. , 262.4, 261.8, 264. , 264. , 265.4,
       265. , 267. , 266.8, 268.4, 268.2, 269.6, 269.8, 271.6, 271.2,
       273. , 272.8, 274.4, 274. , 276.2, 275.8, 277.4, 277.2, 278.6,
       278.8, 280.2, 280.4, 282. , 281.8, 283.2, 282.8, 284.8, 284.6,
       286.4, 286. , 287.8, 287.8, 289.2, 289. , 290.6, 290.6, 292. ,
       292. , 293.6, 293.6, 295. , 294.8, 296.2, 296.4, 298.2, 298.2,
       299.2, 299.2, 301.2, 301. , 302.4, 302.6, 303.6, 303.4, 305. ,
       304.4, 307. , 307. , 308.6, 308.4, 309.6, 309.8, 311.6, 311.4,
       313. , 313.2, 315. , 314.6, 316.2, 316.4, 317.6, 317.4, 319.4,
       319.4, 321.2, 320.6, 322.4, 322.2, 323.8, 323.6, 325.4, 325.4,
       326.6, 326.2, 328.4, 328.2, 330.2, 329.8, 331. , 331.2, 333. ,
       332.4, 334.2, 334.2, 336.2, 335.8, 336.8, 337. , 338.8, 338.2,
       340.2, 340.4, 342.2, 341.4, 342.8, 342.8, 345. , 344.8, 346.2,
       346.2, 348.4, 348. , 348.8, 349. , 351.6, 350.8, 352.4, 352.2,
       354. , 353.8, 355.4, 355.6, 357.6, 356.8, 358.2, 358.2, 360.4,
       359.8, 361.8, 361.4, 363. , 362.6, 364. , 364.6, 366. , 366. ,
       367.8, 367.4, 368.8, 368.8, 370.4, 370.2, 372. , 372. , 373.4,
       373.2, 374.4, 374.4, 376.6, 376.6, 378.2, 377.6, 379.4, 379.2,
       380.8, 380.6, 382.4, 382.2, 383.8, 383.6, 385.4, 385.2, 386.8,
       387. , 388.8, 388.4, 389.6, 389.8, 391.8, 391.4, 393. , 393. ,
       394.2, 394. , 395.4, 395.6, 397.6, 397.6, 399.2, 399. , 400.6,
       400.2, 401.8, 402. , 404. , 403.4, 405. , 405.2, 406.4, 406.2,
       407.6, 408. , 410. , 409.4, 410.8, 411. , 413. , 412.2, 414.6,
       414.2, 415.6, 415. , 416.8, 417.2, 418.8, 419. , 420.6, 420.2,
       421.4, 421.4, 423.4, 423.2, 424.8, 424.2, 426.4, 426.2, 427.4,
       427.4, 429.4, 429.6, 430.6, 430.4, 432.4, 432.6, 433.6, 433.8,
       436. , 435.6, 435.8, 435.6, 438. , 438. , 438.8, 439.4, 441.2,
       441. , 442. , 442. , 444. , 444. , 445.4, 445.4, 447.6, 447.6,
       448. , 447.8, 449.8, 450.4, 451. , 451.2, 453.2, 453.4, 453.8,
       454.2, 456.2, 456.4, 457. , 457.2, 458.6, 459.4, 460.2, 460.6,
       462.4, 463. , 463.4, 462.8, 464.6, 465.6, 466.8, 466.8, 468. ,
       468.4, 469. , 469.2, 470.6, 471.6, 472.2, 472.8, 474. , 474.8,
       475.8, 476. , 477.2, 477.8, 478.6, 478.4, 479.8, 480.4, 481.4,
       482. , 482.8, 483.4, 484.6, 484.6, 485.8, 486.2, 488. , 488. ,
       488.8, 489.4, 490.8, 490.4, 491.4, 492. , 494. , 494.2, 494.4,
       494.6, 496.6, 496.8, 497.6, 498.2, 500. , 499.8, 500.2, 501.2,
       503. , 503.6, 503.8, 504. , 506. , 506.2, 507. , 507.8, 509.2,
       509.6, 509.8, 510.2, 512.2, 512.6, 512.6, 513.6, 515.6, 515.8,
       515.8, 516.2, 518.4, 518.6, 518.8, 519.2, 521.4, 521.6, 522.2,
       522.2, 524.4, 525. , 525. , 525. , 526.8, 527.2, 527.4, 527.2,
       529.4, 529.4, 529. , 529.6, 531.6, 532.6, 532.6, 533. , 534.4,
       535.2, 534.6, 536. , 537.6, 538.2, 538.6, 539. , 541. , 541.4,
       542. , 542.2, 544.2, 545. , 545. , 545.6, 546.4, 547.2, 547.8,
       548.6, 550.2, 550.8, 551.2, 551.6, 553. , 553.8, 554.4, 555. ,
       555.4, 556.2, 556.8, 557.6, 558.8, 559.2, 560. , 560.8, 561.6,
       562. , 562.6, 563.2, 564.4, 565.2, 565.8, 566.4, 567.2, 568. ,
       568.6, 569.2, 570.6, 571. , 571.2, 571.8, 573.4, 573.8, 574.8,
       575. , 576.2, 577. , 577. , 578. ])]

Valor minimo: 
4.0

Valor maximo: 
578.0

Valor medio: 
291.7646753246754

Desvio Padrao: 
165.58255726871667

Valor da soma: 
224658.80000000005

95 percentil: 
10.505499999999998

99 percentil: 
10.813099999999999

