Array para T1:
Array para T2:
Array para T3:
Array para T4:
Array para T5:
Media do array: 

[array([0.8, 1.2, 1. , 2.2, 1.2, 1.2, 1. , 0.4, 1.2, 0.6, 0.2, 2.6, 0.8,
       1.2, 0.8, 0.6, 2. , 0.8, 0.2, 1. , 1. , 1.2, 2.2, 0.6, 0.6, 1.4,
       3.8, 0.4, 5.8, 1.4, 0.2, 0.6, 2. , 1.8, 1. , 0.6, 4.6, 0. , 1.2,
       0.8, 2. , 0.8, 0.8, 1.6, 1. , 0.4, 1. , 0.2, 1. , 1.4, 3. , 0.6,
       0.2, 1.8, 1.8, 0.8, 0.2, 0.8, 2. , 0.4, 2.4, 1. , 3. , 1.2, 0.8,
       1.8, 0.6, 1. , 0.8, 0.8])]

Valor minimo: 
0.0

Valor maximo: 
5.8

Valor medio: 
1.2485714285714282

Valor da soma: 
87.39999999999998

95 percentil: 
0.1311

99 percentil: 
0.13662

