Array para T1:
Array para T2:
Array para T3:
Array para T4:
Array para T5:
Media do array: 

[array([ 6.6,  6.8,  5.6, 16. ,  8.2,  6.8,  6.6,  6.2,  8. ,  6.6,  5.8,
       11.4,  9.2,  6.4,  5.4,  6.4, 12.4,  6. ,  7.2,  9.4,  7.8,  6.2,
       11.2,  5.4,  6. ,  6.8, 13. ,  6. , 15. ,  7.8,  5.8,  5.6,  9.8,
        7.8,  7.6,  6.2, 16.4,  6.2,  7.4,  7.4, 10.8,  5.8,  7.6,  9. ,
        7.4,  7.4,  6.4,  6. ,  5.4,  9.8, 15.4,  5.6,  5.8,  9.8, 11.8,
        6.8,  5.8,  6. , 10.4,  7. , 11. ,  6.6, 13.4,  7.2,  6.2, 11. ,
        7.2,  7.4,  5.2,  7. ])]

Valor minimo: 
5.2

Valor maximo: 
16.4

Valor medio: 
8.065714285714286

Valor da soma: 
564.6

95 percentil: 
5.3311

99 percentil: 
5.33662

