Array para T1:
Array para T2:
Array para T3:
Array para T4:
Array para T5:
Media do array: 

[array([ 7.4,  8. ,  6.6, 18.2,  9.4,  8. ,  7.6,  6.6,  9.2,  7.2,  6. ,
       14. , 10. ,  7.6,  6.2,  7. , 14.4,  6.8,  7.4, 10.4,  8.8,  7.4,
       13.4,  6. ,  6.6,  8.2, 16.8,  6.4, 20.8,  9.2,  6. ,  6.2, 11.8,
        9.6,  8.6,  6.8, 21. ,  6.2,  8.6,  8.2, 12.8,  6.6,  8.4, 10.6,
        8.4,  7.8,  7.4,  6.2,  6.4, 11.2, 18.4,  6.2,  6. , 11.6, 13.6,
        7.6,  6. ,  6.8, 12.4,  7.4, 13.4,  7.6, 16.4,  8.4,  7. , 12.8,
        7.8,  8.4,  6. ,  7.8])]

Valor minimo: 
6.0

Valor maximo: 
21.0

Valor medio: 
9.314285714285713

Valor da soma: 
651.9999999999999

95 percentil: 
6.0

99 percentil: 
6.0

