Array para T1:
Array para T2:
Array para T3:
Array para T4:
Array para T5:
Media do array: 

[array([ 39.4,  11.8,  15. ,  11.4,  13.2,  25.4,  19. ,  25.2,  19.2,
        30.2,  38.4,  36.6,  57. ,  57.4,  63.6,  68.4,  63. ,  85.6,
        79. ,  83.4, 103.6,  95.4, 100.2, 134.6, 106. , 116.8, 115.2,
       135.8, 125.4, 141.8, 146.2, 156.4, 155.6, 178.2, 166.4, 178.6,
       170.2, 193.4, 181. , 196.8, 192. , 207.6, 211.2, 208. , 217.4,
       224.8, 231.6,  46. ,  56.2,  67.2,  78. ,  99.8, 115.2, 129. ,
       146. , 160.4, 176.4, 190.6, 203.8, 220.2, 229.6, 262.6, 246.6,
       235.4, 240.8, 239.2, 246.4, 249.6, 255.4, 258.6])]

Valor minimo: 
11.4

Valor maximo: 
262.6

Valor medio: 
134.0771428571429

Valor da soma: 
9385.400000000001

95 percentil: 
11.6622

99 percentil: 
11.67324

