Array para T1:
Array para T2:
Array para T3:
Array para T4:
Array para T5:
Media do array: 

[array([0.8, 0.6, 1.2, 0.8, 0.6, 0.8, 0.8, 0.8, 0.8, 0.4, 1. , 0.8, 0.4,
       0.6, 0.6, 1.2, 0.8, 0.8, 1.2, 0.8, 0.8, 1. , 0.6, 0.8, 2.2, 1. ,
       1.2, 1. , 1.2, 0.8, 0.8, 0.8, 0.8, 1.2, 1. , 0.8, 0.8, 0.6, 0.8,
       0.4, 0.8, 0.8, 0.8, 1. , 0.4, 0.8, 0.8, 1. , 0.6, 1. , 1. , 1. ,
       0.8, 1. , 1. , 0.8, 0.8, 0.8, 0.6, 0.6, 0.4, 0.6, 0.4, 0.4, 0.6,
       0.2, 0.6, 0.4, 0.6, 1. ])]

Valor minimo: 
0.2

Valor maximo: 
2.2

Valor medio: 
0.8000000000000002

Valor da soma: 
56.00000000000001

95 percentil: 
0.3311

99 percentil: 
0.33662000000000003

