Array para T1:
Array para T2:
Array para T3:
Array para T4:
Array para T5:
Media do array: 

[array([7.6, 7. , 6.6, 7. , 7.4, 6.6, 6.8, 6.8, 7.6, 7. , 7.4, 7.8, 6.8,
       6.6, 6.4, 6.4, 6.6, 6.6, 7.8, 6.4, 6.4, 6.8, 6.8, 9.2, 8. , 6.8,
       6.4, 7.6, 6.8, 6.6, 6.4, 6.4, 6.2, 6.6, 6.8, 6.6, 6.8, 6.8, 6.2,
       7.8, 6.8, 7. , 6.8, 7.6, 7.2, 6.8, 7. , 7.8, 7.2, 6.6, 6.6, 8.4,
       6.8, 6.4, 6.2, 6.4, 6.2, 6.2, 6.8, 6.2, 6.4, 6.6, 6.8, 7. , 7. ,
       6.8, 6.8, 6.6, 7. , 6.8])]

Valor minimo: 
6.2

Valor maximo: 
9.2

Valor medio: 
6.885714285714286

Valor da soma: 
482.00000000000006

95 percentil: 
6.2

99 percentil: 
6.2

