Array para T1:
Array para T2:
Array para T3:
Array para T4:
Array para T5:
Media do array: 

[array([ 8.4,  7.6,  7.8,  7.8,  8. ,  7.4,  7.6,  7.6,  8.4,  7.4,  8.4,
        8.6,  7.2,  7.2,  7. ,  7.6,  7.4,  7.4,  9. ,  7.2,  7.2,  7.8,
        7.4, 10. , 10.2,  7.8,  7.6,  8.6,  8. ,  7.4,  7.2,  7.2,  7. ,
        7.8,  7.8,  7.4,  7.6,  7.4,  7. ,  8.2,  7.6,  7.8,  7.6,  8.6,
        7.6,  7.6,  7.8,  8.8,  7.8,  7.6,  7.6,  9.4,  7.6,  7.4,  7.2,
        7.2,  7. ,  7. ,  7.4,  6.8,  6.8,  7.2,  7.2,  7.4,  7.6,  7. ,
        7.4,  7. ,  7.6,  7.8])]

Valor minimo: 
6.8

Valor maximo: 
10.2

Valor medio: 
7.685714285714286

Valor da soma: 
538.0

95 percentil: 
6.8

99 percentil: 
6.8

