Array para T1:
Array para T2:
Array para T3:
Array para T4:
Array para T5:
Media do array: 

[array([ 30.8,  38.2,   4.2,  27.2,  21.2,  19.4,  52.4,  62. ,  48.8,
        68. ,  77.2,  86.4,  94. , 105.6, 116.2, 123.4, 132.6, 138.8,
       152.4, 160.6, 167.2, 178.4, 185.2, 191.6, 206. , 215.8, 227.6,
       234.2, 242. , 253.8, 259.8, 266.2, 277.8, 285.8, 295. , 306.2,
       312.6, 324.6, 332.8, 338.8, 351.2, 359.4, 366.6, 379.8, 387.6,
       399.2, 407.4, 105.8, 134.4, 159. , 183. , 209.4, 240.6, 276.2,
       280.8, 315.6, 322.2, 338.4, 371. , 379. , 409. , 430.2, 421.6,
       437.6, 432.8, 449.6, 444.4, 451. , 465.4, 472.2])]

Valor minimo: 
4.2

Valor maximo: 
472.2

Valor medio: 
243.4457142857143

Valor da soma: 
17041.2

95 percentil: 
14.163599999999997

99 percentil: 
14.583119999999997

