Array para T1:
Array para T2:
Array para T3:
Array para T4:
Array para T5:
Media do array: 

[array([5.4, 5.4, 5.4, 5.6, 5.8, 5.8, 5.6, 5.8, 5.8, 5.8, 5.8, 5.4, 5.2,
       5.2, 5.2, 5.2, 5.4, 5.4, 5.4, 5.4, 5.4, 5.8, 5.4, 5.4, 5.4, 5.4,
       5.6, 5.6, 5.6, 5.4, 5.4, 5.2, 5.2, 5.2, 5.4, 5.2, 5.2, 5.2, 5.2,
       5.4, 5.4, 5.4, 5.6, 5.6, 5.6, 5.6, 5.8, 5.8, 5.8, 5.8, 5.6, 5.8,
       5.8, 5.8, 5.6, 5.8, 5.8, 5.8, 5.8, 5.8, 5.6, 5.8, 5.6, 5.4, 5.4,
       5.2, 5.2, 5.2, 5.2, 5.2, 5. , 5.2, 5.4, 5.6, 5.6, 5.6, 5.6, 5.6,
       6. , 6. , 6. , 6. , 5.6, 5.4, 5.4, 5.2, 5.2, 5.2, 5. , 5. , 5.2,
       5.2, 5.2, 5.2, 5.2, 5.2, 5.2, 5.2, 5.2, 5.4, 5.4, 5.4, 5.4, 5.4,
       5.8, 6. , 5.8, 5.6, 5.6, 5.6, 5.6, 5.6, 5.6, 5.8, 5.8, 6. , 6. ,
       6. , 6. , 5.8, 5.8, 5.6, 5.6, 5.6, 5.4, 5.2, 5.2, 5.2, 5.2, 5. ,
       5.2, 5.2, 5.2, 5.2, 5.2, 5.2, 5.2, 5.2, 5.4, 5.4, 5.6, 5.8, 5.8,
       5.8, 5.8, 5.8, 5.8, 5.8, 5.8, 5.8, 5.8, 5.8, 5.8, 5.6, 5.6, 5.4,
       5.4, 5.2, 5.2, 5.2, 5.4, 5.4, 5.4, 5.4, 5.4, 5.6, 5.6, 5.6, 5.6,
       5.6, 5.4, 5.4, 5.6, 5.6, 5.6, 5.6, 5.8, 5.8, 6. , 6. , 6. , 6. ,
       6. , 6. , 6. , 6. , 5.8, 5.6, 5.6, 5.4, 5.4, 5.4, 5.2, 5.2, 5.2,
       5.2, 5.2, 5.2, 5.2, 5.4, 5.6, 5.6, 5.6, 5.6, 5.8, 5.8, 5.6, 5.6,
       5.6, 5.6, 5.6, 5.6, 5.8, 5.8, 5.6, 5.8, 5.6, 5.6, 5.6, 5.6, 5.6,
       5.4, 5.2, 5.4, 5.4, 5.4, 5.6, 5.8, 5.8, 5.8, 5.8, 5.8, 5.8, 5.4,
       5.4, 5. , 5.2, 5.2, 5.2, 5.2, 5.2, 5.4, 5.4, 5.6, 5.6, 5.6, 5.6,
       5.6, 5.6, 5.4, 5.4, 5.4, 5.2, 5.2, 5. , 5. , 5.2, 5.2, 5.2, 5.4,
       5.4, 5.6, 5.6, 5.6, 5.6, 5.6, 5.6, 5.4, 5.2, 5.2, 5.2, 5.6, 5.6,
       5.6, 5.6, 5.6, 5.2, 5.2, 5.2, 5.2, 5.4, 5.4, 5.4, 5.6, 5.6, 5.8,
       5.8, 5.8, 5.8, 5.8, 5.6, 5.6, 5.6, 5.4, 5.4, 5.4, 5.4, 5.2, 5.2,
       5.2, 5.4, 5.6, 5.6, 5.6, 5.6, 5.8, 5.8, 5.8, 5.8, 5.8, 5.8, 5.8,
       5.8, 5.8, 5.6, 5.6, 5.6, 5.6, 5.6, 5.6, 5.6, 5.8, 5.8, 5.8, 5.8,
       5.6, 5.8, 5.4, 5.6, 5.6, 5.4, 5.4, 5.4, 5.4, 5.4, 5.6, 5.6, 5.6,
       5.4, 5.4, 5.4, 5.6, 5.6, 5.6, 5.6, 5.6, 5.4, 5.6, 5.6, 5.6, 5.6,
       5.6, 5.4, 5.6, 5.6, 5.6, 5.6, 5.6, 5.6, 5.6, 5.6, 5.8, 5.8, 5.8,
       5.8, 5.8, 5.6, 5.4, 5.6, 5.6, 5.6, 5.4, 5.4, 5.4, 5.4, 5.4, 5.4,
       5.4, 5.4, 5.4, 5.4, 5.2, 5.2, 5.2, 5.4, 5.4, 5.6, 5.6, 5.4, 5.6,
       5.6, 5.6, 5.6, 5.8, 5.8, 5.8, 5.8, 5.8, 5.6, 5.4, 5.2, 5.2, 5.2,
       5.2, 5. , 5.4, 5.6, 5.6, 5.8, 5.8, 5.8, 5.8, 5.8, 5.8, 5.8, 6. ,
       5.8, 5.8, 5.6, 5.6, 5.2, 5.2, 5.2, 5.2, 5.2, 5.2, 5.2, 5.8, 5.8,
       5.6, 5.8, 5.8, 5.6, 5.6, 5.6, 5.4, 5.2, 5.2, 5.2, 5.2, 5.2, 5. ,
       5.4, 5.4, 5.4, 5.6, 5.6, 5.8, 5.8, 5.8, 5.6, 5.6, 5.6, 5.8, 5.8,
       5.8, 6. , 6. , 6. , 6. , 6. , 6. , 5.6, 5.2, 5.2, 5.2, 5.2, 5. ,
       5. , 5.2, 5.4, 5.4, 5.6, 5.6, 5.6, 5.4, 5.4, 5.6, 5.8, 5.8, 6. ,
       5.8, 5.8, 6. , 5.8, 5.8, 5.6, 5.6, 5.4, 5.4, 5.4, 5.4, 5.4, 5.4,
       5.4, 5.6, 5.6, 5.6, 5.8, 5.6, 5.6, 5.6, 5.6, 5.8, 5.8, 5.8, 5.8,
       5.8, 5.8, 5.6, 5.6, 5.6, 5.6, 5.6, 5.6, 6. , 5.8, 5.8, 5.8, 5.6,
       5.4, 5.4, 5.2, 5.2, 5.2, 5.4, 5.6, 5.6, 5.8, 5.8, 5.6, 5.6, 5.6,
       5.8, 5.6, 5.6, 5.6, 5.4, 5.4, 5.4, 5.4, 5.6, 6. , 6. , 5.8, 5.8,
       5.6, 5.6, 5.6, 5.6, 5.6, 5.2, 5. , 5. , 5. , 5. , 5.4, 5.4, 5.4,
       5.4, 5.4, 5.6, 5.6, 5.4, 5.4, 5.2, 5.2, 5.2, 5. , 5.4, 5.6, 5.6,
       5.6, 5.6, 5.6, 5.4, 5.2, 5.4, 5.4, 5.6, 5.6, 5.8, 6. , 6. , 6. ,
       5.8, 5.8, 5.6, 5.6, 5.6, 5.6, 5.6, 5.8, 5.8, 5.6, 5.6, 5.4, 5.4,
       5.4, 5.4, 5.2, 5.4, 5.4, 5.4, 5.4, 5.4, 5.4, 5.4, 5.4, 5.6, 5.6,
       5.6, 5.6, 5.8, 5.8, 5.8, 5.8, 5.8, 5.8, 5.8, 5.8, 5.8, 5.6, 5.8,
       5.8, 5.8, 5.8, 5.8, 5.8, 5.4, 5.4, 5.2, 5.2, 5.2, 5.2, 5.2, 5.2,
       5.2, 5.2, 5.2, 5. , 5. , 5. , 5. , 5. , 5. , 5.2, 5.2, 5.4, 5.2,
       5.4, 5.6, 5.8, 6. , 6. , 6. , 6. , 6. , 5.8, 5.8, 5.8, 5.8, 5.8,
       5.8, 6. , 6. , 5.8, 5.4, 5.4, 5.4, 5.4, 5.4, 5.4, 5.2, 5.2, 5.2,
       5.2, 5. , 5. , 5. , 5.2, 5.2, 5.4, 5.4, 5.4, 5.4, 5.4, 5.6, 5.8,
       5.8, 5.8, 6. , 6. , 5.8, 5.8, 5.8, 5.8, 5.6, 5.4, 5.4, 5.4, 5.4,
       5.6, 5.6, 5.8, 5.6, 5.6, 5.6, 5.8, 5.8, 5.8, 5.8, 5.8, 5.8, 5.8,
       5.4, 5. , 5.2, 5.4, 5.2, 5.2, 5.2, 5.2, 5.2, 5.4, 5.4, 5.4, 5.4,
       5.4, 5.8, 5.8, 5.6, 5.6, 5.6, 5.4, 5.4, 5.2, 5.2, 5.2, 5.2, 5.2,
       5.2, 5.2, 5. , 5.2, 5.2, 5.4, 5.4, 5.6, 5.8, 5.8, 5.8, 5.8, 5.8,
       5.8, 5.6, 5.6, 5.4, 5.2, 5.2, 5.2, 5.4, 5.4, 5.4, 5.4, 5.6, 5.6,
       5.6, 5.6, 5.4])]

Valor minimo: 
5.0

Valor maximo: 
6.0

Valor medio: 
5.5262337662337675

Desvio Padrao: 
0.25104994567511413

Valor da soma: 
4255.200000000001

95 percentil: 
5.0

99 percentil: 
5.0

