Array para T1:
Array para T2:
Array para T3:
Array para T4:
Array para T5:
Media do array: 

[array([   1. ,    7. ,   12.2,   17.4,   22.8,   28.2,   33.4,   37.8,
         43.4,   48.4,   53.8,   58.8,   63.8,   69.4,   74.6,   79.6,
         84.8,   90.2,   95.6,  100.4,  105.8,  110.8,  116. ,  121.4,
        126.6,  131.6,  136.8,  142.4,  147.4,  152.4,  157.2,  162.2,
        166.2,  171.4,  176.6,  182.4,  187.8,  192.8,  198.2,  203.4,
        208.8,  214.2,  219.4,  225. ,  230.2,  235.4,  240.6,  245.8,
        251. ,  256. ,  261. ,  266.6,  272. ,  277. ,  282.4,  287.4,
        292.6,  297.8,  302.8,  308.2,  313.2,  318.2,  323.6,  328.6,
        334. ,  339.2,  344.4,  349.2,  354.4,  359.4,  364.6,  370. ,
        375.4,  380.6,  386. ,  391. ,  396.4,  401. ,  406.4,  412. ,
        417. ,  422.4,  427.8,  432.8,  437.8,  443. ,  448. ,  453.2,
        458.4,  463.6,  468.8,  474. ,  479.2,  484.2,  489.4,  494.6,
        499.8,  504.8,  510. ,  515.2,  520.2,  525.4,  530.6,  536. ,
        541.2,  546.4,  552. ,  557.2,  562.2,  567.4,  572.6,  577.8,
        582.8,  588. ,  593.2,  598.4,  603.6,  609. ,  614.2,  619.2,
        624.4,  629.6,  634.8,  639.8,  645. ,  650.2,  655.2,  660.4,
        665.6,  670.8,  675.2,  680.8,  686. ,  691.4,  696.4,  701.6,
        706.6,  711.6,  716.8,  722.4,  727.6,  732.8,  738.4,  743.8,
        748.4,  753.6,  759. ,  764.2,  769.4,  774.6,  779.6,  784.8,
        790.2,  795.4,  800.2,  805.4,  810.6,  815.8,  821. ,  826. ,
        831.2,  836.6,  841.8,  846.8,  852. ,  857.2,  862.8,  867.8,
        872.8,  878.2,  883.2,  888.4,  893.8,  899.2,  904.2,  909.2,
        914.4,  919.8,  924.8,  930.4,  935.2,  940.4,  945.6,  950.8,
        956. ,  961. ,  966.2,  971.4,  976.6,  981.6,  986.4,  991.4,
        996.8, 1002.2, 1007.2, 1012.2, 1017.4, 1022.8, 1028. , 1032.6,
       1038.2, 1043.4, 1048.4, 1054. , 1059. , 1063.2, 1067.8, 1073.2,
       1078.6, 1083.6, 1088.8, 1094.2, 1099.6, 1104.8, 1110.2, 1115.6,
       1121. , 1126. , 1131.2, 1136.6, 1141.8, 1147.2, 1152.4, 1157.6,
       1162.6, 1168. , 1173. , 1178.4, 1183.8, 1189. , 1194.2, 1199. ,
       1204.4, 1209.4, 1214.6, 1220. , 1225.2, 1230.6, 1235.8, 1240.8,
       1246. , 1251.2, 1256.6, 1261.8, 1267. , 1272.2, 1277.2, 1282.4,
       1287.6, 1292.4, 1297.8, 1302.6, 1308. , 1313. , 1318.4, 1323.4,
       1328.6, 1334. , 1339. , 1344.4, 1349.4, 1354.6, 1359.8, 1365.2,
       1370.4, 1375.8, 1381. , 1386. , 1391. , 1396.2, 1401.4, 1406.4,
       1412. , 1416.8, 1422. , 1427.4, 1432.2, 1437.6, 1443. , 1447.8,
       1452.8, 1458.2, 1463.6, 1468.6, 1474.4, 1479.6, 1484.6, 1489.6,
       1495. , 1500.2, 1504.4, 1509.8, 1514.8, 1520.2, 1525.8, 1531. ,
       1536. , 1541.4, 1546.4, 1551.2, 1556.6, 1562. , 1567.4, 1572.6,
       1577.8, 1583. , 1588.4, 1593.6, 1598.2, 1603.2, 1609. , 1614.2,
       1619.2, 1624.6, 1629.8, 1634.6, 1639.8, 1644.8, 1650.2, 1655.4,
       1660.6, 1664.8, 1670.2, 1675.4, 1680.6, 1686. , 1691.4, 1696.8,
       1701.8, 1706. , 1711.4, 1716.6, 1722. , 1727.4, 1732.6, 1738. ,
       1743.4, 1748.4, 1753.6, 1759. , 1764. , 1769.4, 1774.4, 1779.8,
       1785. , 1790. , 1795.2, 1800. , 1805.6, 1810. , 1815.2, 1820.2,
       1825.8, 1831. , 1836.4, 1841.6, 1846.8, 1851. , 1856. , 1861.2,
       1866.6, 1871.8, 1877.6, 1882.8, 1888.4, 1893.4, 1898.8, 1903.2,
       1908.8, 1914. , 1919.2, 1924.6, 1930. , 1935. , 1940.2, 1945.4,
       1950. , 1955.2, 1960.8, 1965.8, 1971.2, 1976.4, 1981.4, 1986.6,
       1991.6, 1996.6, 2001.6, 2007.4, 2012.2, 2017.8, 2023.2, 2028.4,
       2033.4, 2038.8, 2044. , 2048.4, 2053.8, 2059.2, 2064.4, 2069.8,
       2075. , 2080.2, 2085.4, 2089.6, 2094.8, 2099.8, 2105.6, 2111.2,
       2116.6, 2120.6, 2123.6, 2127.4, 2132.6, 2138. , 2143.2, 2148.4,
       2154.2, 2159.8, 2165. , 2170. , 2175.2, 2180.2, 2185.4, 2190.8,
       2196.2, 2201.6, 2207. , 2212.2, 2218. , 2223.4, 2228.6, 2233.8,
       2239.2, 2244.4, 2250. , 2255. , 2260.2, 2265.8, 2270.8, 2276. ,
       2281.2, 2286.8, 2292. , 2297.4, 2302.6, 2307.8, 2313.4, 2318.6,
       2324.4, 2329.6, 2335.2, 2340.2, 2345. , 2350.6, 2355.8, 2361. ,
       2366. , 2371.6, 2376.6, 2381.8, 2386.4, 2391.6, 2397. , 2402. ,
       2407.2, 2412.4, 2416.4, 2421.6, 2426.8, 2432.2, 2437.6, 2443. ,
       2448.4, 2454. , 2459.4, 2464.6, 2469.8, 2475. , 2480. , 2485.4,
       2490.2, 2495.8, 2500.8, 2506.4, 2511.6, 2517. , 2521.8, 2527.2,
       2530.8, 2535. , 2540.4, 2545.6, 2551. , 2556.4, 2561.6, 2566.8,
       2572.4, 2577.8, 2583. , 2588.6, 2593.8, 2598.8, 2604.6, 2609.6,
       2615.2, 2620.2, 2625.4, 2630.6, 2635.8, 2641.2, 2646.6, 2651.6,
       2656.6, 2662. , 2667.2, 2672.2, 2677.8, 2682.8, 2688. , 2693. ,
       2698.2, 2703.4, 2708.6, 2713.6, 2718.8, 2723.8, 2728.8, 2734.4,
       2739.6, 2745.2, 2750.4, 2755.2, 2760.6, 2765.6, 2770.8, 2776. ,
       2781.2, 2786.4, 2791.4, 2796.6, 2801.8, 2807. , 2812.4, 2817.8,
       2823.2, 2828.2, 2833.2, 2838.4, 2843.6, 2849. , 2854.2, 2859.2,
       2864.4, 2869.6, 2874.6, 2879.8, 2885. , 2890.6, 2895.8, 2900.8,
       2906. , 2911. , 2916.4, 2921.6, 2926.8, 2932. , 2936.8, 2942.2,
       2947.2, 2952.6, 2958. , 2963.2, 2968.6, 2973.6, 2978.4, 2983.4,
       2988.8, 2994. , 2999.4, 3004.4, 3009.8, 3015. , 3020.2, 3025.6,
       3030.8, 3035.8, 3041.2, 3046.4, 3051.2, 3056.4, 3061.6, 3066.8,
       3072. , 3077.4, 3082.6, 3087.6, 3092.6, 3097.8, 3103. , 3108.2,
       3113.4, 3118.4, 3123.8, 3128.8, 3134.4, 3139.4, 3144.6, 3149.6,
       3154.8, 3160. , 3165.2, 3170.4, 3175.6, 3180.8, 3186. , 3191.4,
       3196.6, 3201.6, 3206.4, 3212. , 3217. , 3222.4, 3227.6, 3232.6,
       3237.6, 3243. , 3248.2, 3253.4, 3258.6, 3263.8, 3268.6, 3274. ,
       3279.4, 3284.4, 3289.4, 3294.8, 3300. , 3305. , 3310. , 3315.2,
       3320.4, 3325.6, 3330.6, 3335.8, 3341. , 3346. , 3351.4, 3356.6,
       3361.8, 3366.8, 3372.4, 3377.2, 3382.6, 3388.2, 3393.2, 3398.4,
       3403.8, 3409. , 3413.8, 3419. , 3424.4, 3429.4, 3434.6, 3439.6,
       3445.2, 3450.2, 3455. , 3460.4, 3465.4, 3470.4, 3476. , 3481.2,
       3486.2, 3491.2, 3496.4, 3501.6, 3506.8, 3512. , 3517. , 3522.2,
       3527.2, 3532.6, 3537.8, 3543.2, 3548.2, 3553.6, 3558.6, 3563.4,
       3569.4, 3574.4, 3579.4, 3584.8, 3590.2, 3595.2, 3600.2, 3605.6,
       3610.6, 3615.6, 3621. , 3626. , 3631.2, 3636.2, 3641.4, 3646.6,
       3652. , 3657.4, 3662.6, 3667.6, 3672.8, 3678.2, 3683.2, 3688.4,
       3693.6, 3698.6, 3703.8, 3708.8, 3714. , 3719.2, 3724.4, 3729.6,
       3735. , 3740. , 3745. , 3750.4, 3755.4, 3760.8, 3766. , 3771.2,
       3776.2, 3781.2, 3787. , 3792. , 3797.2, 3802.4, 3807.6, 3812.8,
       3817.8, 3823. , 3828.2, 3833.2, 3838.6, 3843.6, 3848.8, 3853.8,
       3859.2, 3864.4, 3869.6, 3875. , 3880. , 3885.4, 3890.6, 3896. ,
       3901. , 3906.2, 3911.4, 3916.8, 3921.8, 3926.6, 3932.2, 3937.2,
       3942.4, 3947.4, 3952.8, 3958. , 3963. , 3968.4, 3973.6, 3978.8,
       3983.8, 3989. ])]

Valor minimo: 
1.0

Valor maximo: 
3989.0

Valor medio: 
1995.1397402597404

Desvio Padrao: 
1152.5781018829884

Valor da soma: 
1536257.6

95 percentil: 
39.510799999999996

99 percentil: 
41.23335999999999

