Array para T1:
Array para T2:
Array para T3:
Array para T4:
Array para T5:
Media do array: 

[array([1.2, 1.6, 1.2, 1. , 0.8, 1.4, 1. , 1. , 0.6, 0.6, 1. , 1. , 1.2,
       0.8, 0.6, 1. , 1. , 1.2, 0.4, 0.8, 0.8, 1.4, 0.8, 1.2, 1. , 0.8,
       0.8, 0.8, 0.8, 1. , 1. , 1.8, 1. , 0.6, 0.4, 1. , 1.8, 0.6, 0.8,
       1. , 0.6, 0.6, 1. , 0.4, 0.6, 1.4, 0.8, 0.8, 1. , 0.6, 0.4, 0.8,
       1.2, 1. , 1. , 0.8, 0.2, 0.8, 1.2, 1.2, 0.6, 0.2, 1. , 0.8, 1.2,
       1.2, 1.2, 1.2, 0.8, 0.6])]

Valor minimo: 
0.2

Valor maximo: 
1.8

Valor medio: 
0.9142857142857143

Valor da soma: 
64.0

95 percentil: 
0.2

99 percentil: 
0.2

