Array para T1:
Array para T2:
Array para T3:
Array para T4:
Array para T5:
Media do array: 

[array([ 8.2,  7.8,  7.6,  8.2, 10.2,  7.2,  7.6,  7.4,  7.2,  7.2,  7.2,
        7. ,  6.6,  7.4,  7.8, 10.8,  9.2,  8. ,  9. ,  8.2,  9. ,  9.4,
        9.4,  7.4,  8. ,  7.2,  6.6,  7.2,  6. ,  7. ,  6.8,  7. ,  7. ,
        6.8,  7. ,  8.6,  9.6,  7.4,  8. ,  7.8,  7.4,  7.8,  6.8,  6.8,
        7.8,  8.2,  7.8,  9. ,  7.4,  7.6,  8.2,  8.6,  8. ,  7.2,  6.4,
        6.8,  7.8,  7. ,  9. ,  7. ,  6.8,  7.6,  7.6,  8.4,  9. ,  8.6,
        7.6,  7.2,  7. ,  7.8])]

Valor minimo: 
6.0

Valor maximo: 
10.8

Valor medio: 
7.759999999999999

Valor da soma: 
543.1999999999999

95 percentil: 
6.2622

99 percentil: 
6.27324

