Array para T1:
Array para T2:
Array para T3:
Array para T4:
Array para T5:
Media do array: 

[array([ 9.4,  9.4,  8.8,  9.2, 11. ,  8.6,  8.6,  8.4,  7.8,  7.8,  8.2,
        8. ,  7.8,  8.2,  8.4, 11.8, 10.2,  9.2,  9.4,  9. ,  9.8, 10.8,
       10.2,  8.6,  9. ,  8. ,  7.4,  8. ,  6.8,  8. ,  7.8,  8.8,  8. ,
        7.4,  7.4,  9.6, 11.4,  8. ,  8.8,  8.8,  8. ,  8.4,  7.8,  7.2,
        8.4,  9.6,  8.6,  9.8,  8.4,  8.2,  8.6,  9.4,  9.2,  8.2,  7.4,
        7.6,  8. ,  7.8, 10.2,  8.2,  7.4,  7.8,  8.6,  9.2, 10.2,  9.8,
        8.8,  8.4,  7.8,  8.4])]

Valor minimo: 
6.8

Valor maximo: 
11.8

Valor medio: 
8.67428571428571

Valor da soma: 
607.1999999999998

95 percentil: 
7.0622

99 percentil: 
7.07324

