Array para T1:
Array para T2:
Array para T3:
Array para T4:
Array para T5:
Media do array: 

[array([ 30.4,  14.8,  35.2,  19.4,  14.2,  29.4,  50.4,  53.4,  49.6,
        54.2,  67.4,  75.2,  79.4,  84.4, 103. , 107.2, 113.4, 125.6,
       135.2, 149.4, 150. , 162.8, 167.4, 181.6, 187.8, 198. , 202.2,
       210. , 214.6, 224.8, 225.4, 235. , 241.6, 247. , 254. , 261.4,
       269.2, 284.8, 283.2, 294.4, 305. , 308.2, 317.8, 323.8, 329.4,
       335.8, 264.4,  56.4,  79.4,  99.2, 115.8, 143.4, 168. , 195.2,
       212.2, 229.8, 249.8, 264.8, 288.6, 313.6, 335.2, 345.8, 349.6,
       358.8, 364.8, 370.4, 374. , 378. , 385.4, 388. ])]

Valor minimo: 
14.2

Valor maximo: 
388.0

Valor medio: 
201.95714285714286

Valor da soma: 
14137.0

95 percentil: 
14.5933

99 percentil: 
14.60986

