Array para T1:
Array para T2:
Array para T3:
Array para T4:
Array para T5:
Media do array: 

[array([  0.4,   3. ,   6.4,   5.8,   7.8,   7.2,   7.8,   9.6,   9.4,
        10.8,  10.4,  10.2,  12.4,  11.4,  13.4,  13.2,  12.4,  14.6,
        14.2,  15.8,  15.4,  14.8,  17.2,  16.2,  17.8,  18.2,  17.4,
        19.4,  18.6,  20. ,  20.2,  19.4,  22.2,  21.2,  22.6,  23.2,
        22.2,  23.8,  23. ,  24.2,  24.8,  24. ,  25.8,  24.8,  26. ,
        26.8,  25.8,  28.8,  28.2,  28.8,  29.8,  29. ,  31.4,  31.2,
        30.8,  31.8,  30.8,  33.6,  33. ,  32.8,  33.8,  33. ,  35.4,
        35. ,  34.4,  35.4,  35.4,  38.2,  37.8,  37.6,  38.6,  37.6,
        40.4,  40.2,  40.2,  41.2,  40.2,  43. ,  42.2,  42. ,  43. ,
        43. ,  45.2,  44.8,  44.4,  45.2,  44.4,  47.2,  47.4,  46.2,
        47.2,  46.6,  48.8,  48.4,  48.4,  49.4,  48.8,  51.2,  51. ,
        51.2,  51.6,  51.6,  54.4,  53.8,  52.8,  53.8,  53. ,  55.2,
        55.4,  55.6,  56.4,  55.8,  58.2,  58. ,  57.6,  58. ,  57.2,
        59.8,  60. ,  59.4,  60.4,  59.8,  62.2,  62.8,  62.6,  63.4,
        62.8,  63.4,  63.6,  62.6,  64. ,  63.6,  65.2,  66. ,  65.4,
        66. ,  65.6,  67.8,  68.6,  68.2,  69.2,  68.6,  69.8,  71.2,
        71. ,  71.6,  71.2,  72.6,  73.4,  71.8,  72.6,  72.6,  74. ,
        75. ,  75. ,  75.8,  74.4,  76. ,  77.4,  76. ,  77.4,  76.4,
        78.2,  79.4,  79. ,  80.4,  80.2,  81. ,  82.2,  82. ,  82.6,
        82. ,  83.6,  85. ,  84. ,  84.8,  84.2,  85.2,  86.4,  86.6,
        87. ,  87. ,  87.4,  89.4,  88.8,  89.8,  89.6,  90. ,  91.8,
        91.4,  92. ,  91. ,  92. ,  94.2,  93.6,  94.6,  94. ,  94.4,
        97. ,  96. ,  97. ,  97. ,  97.4,  99.4,  98.8,  98.2,  98. ,
        99.2, 100.8, 100.6, 101. , 101. , 101.4, 103.6, 103.2, 103.8,
       103.6, 104.2, 106.2, 105.6, 105.6, 105.6, 106.4, 108.4, 108. ,
       107.8, 107.4, 108.4, 110.4, 110. , 110.4, 110. , 110.4, 112. ,
       112. , 112.2, 112. , 112.8, 114.6, 114.2, 114. , 113.8, 114.4,
       116.2, 115.8, 116.2, 116.2, 116.2, 118. , 118.6, 119. , 118.6,
       118.2, 119.4, 119.4, 120. , 120.6, 121. , 122.4, 122.8, 123. ,
       123. , 123.4, 125. , 125.4, 125.6, 125.6, 125.8, 126.8, 127.6,
       128.6, 128.4, 128.6, 129.4, 129.8, 130.4, 130. , 130.6, 131.6,
       132.4, 132.8, 132.6, 132.4, 133.6, 134.4, 135.2, 135. , 134.6,
       135.6, 136.2, 137. , 137.2, 136.8, 137.6, 138.4, 139.4, 139. ,
       139.2, 139.8, 141.2, 141.8, 141.6, 141.4, 142. , 143. , 144. ,
       144. , 144. , 144.6, 145.6, 145.8, 145.8, 146.4, 146.8, 148. ,
       148.4, 148.2, 147.8, 148.6, 149.8, 150.2, 150.2, 150. , 150.4,
       151.6, 151.4, 149.6, 150. , 150.6, 152. , 152.6, 152.6, 152.8,
       153.4, 154.8, 155.4, 155.2, 155.8, 156.2, 157.6, 158.4, 158.8,
       159. , 159.2, 160.8, 161.2, 160. , 160.6, 161.2, 162.4, 162.4,
       162.6, 163. , 163.2, 164.8, 165.2, 165.8, 166.2, 166.4, 167.6,
       167.8, 168.4, 169. , 169. , 169.8, 170. , 170.6, 171.2, 171.4,
       172.2, 172.4, 172.8, 173. , 173.2, 173.8, 174.6, 175. , 175.6,
       175.2, 175.8, 176. , 176.6, 177.2, 177.8, 178. , 178.4, 178.6,
       179.8, 180. , 180.6, 181. , 181.2, 181.4, 182. , 182.4, 182.8,
       183.6, 183.8, 184. , 184.6, 185.4, 185.4, 185.8, 187. , 187. ,
       187.4, 187.8, 188.4, 189.2, 189.2, 189.6, 190. , 190.6, 191.2,
       191.2, 190.6, 190.4, 191.6, 192.4, 192. , 192. , 192.4, 192.6,
       193. , 194.2, 194.2, 194.6, 194.8, 195.4, 196. , 196.2, 197.2,
       197.6, 198.2, 198.6, 199.2, 199.6, 200.4, 201.4, 202. , 202.6,
       203. , 202.6, 203.6, 203.6, 204.4, 205.2, 205. , 205.4, 205.2,
       205.8, 206.6, 206.6, 207.4, 207.6, 208.8, 209.2, 209.4, 210.2,
       210.6, 211.2, 211.8, 211.4, 211.8, 212. , 213.4, 214. , 214.2,
       215. , 214.8, 215.8, 217. , 216.2, 216.4, 216.6, 217.6, 218. ,
       217.6, 217.8, 218. , 219.4, 220.2, 220.2, 220.2, 220.8, 221.8,
       223.2, 223.4, 223.6, 223.6, 224.2, 225.6, 225.6, 226. , 226.4,
       227.2, 228.2, 227.8, 228.2, 228. , 228.6, 230.4, 230.2, 230. ,
       230. , 230.8, 231.6, 231.8, 232.6, 232.8, 233. , 233.6, 233.2,
       233.8, 234.2, 234.8, 236. , 235.8, 236. , 236.8, 237.4, 238.6,
       239. , 239.4, 239.6, 239.8, 241.2, 241. , 240.8, 242.2, 242.4,
       243.4, 243.4, 243. , 244.2, 244.4, 245.8, 246.2, 245.4, 246.8,
       247. , 248. , 248. , 248.2, 249.2, 249.6, 250.4, 250.2, 249.8,
       251.2, 252. , 253. , 252.6, 252. , 253.2, 253.8, 255.4, 254.4,
       254.2, 252.8, 253.4, 254.4, 254.4, 254. , 255.4, 256. , 257.6,
       257.6, 257.4, 258.2, 258.8, 260.8, 260.8, 260.2, 261.6, 261.6,
       262.8, 263.8, 263. , 263.6, 263.8, 265.2, 265. , 264.2, 265. ,
       266. , 267. , 267.6, 267.4, 268. , 268.4, 269.8, 270.8, 269.4,
       270. , 270. , 271.4, 272.6, 272.2, 273. , 273.2, 274.4, 275. ,
       274.2, 275. , 275.2, 276.4, 277. , 276.6, 277.2, 277. , 278.4,
       280.2, 279. , 279.2, 279.2, 280.2, 282.2, 281.4, 282. , 281.8,
       282.6, 284.6, 283.6, 283.8, 283.8, 284.8, 286.6, 286. , 286. ,
       285.4, 286.6, 289. , 288.6, 288.8, 288.8, 289. , 291.2, 291. ,
       290.6, 290.6, 291.6, 293.8, 293.4, 293.2, 292.6, 293. , 295.8,
       295.8, 295.6, 295.2, 295.4, 297.6, 297.6, 297.4, 297.8, 298. ,
       299.8, 299.6, 299.4, 299.4, 299.8, 302.4, 302.6, 302.4, 301.8,
       302. , 304. , 304.2, 304.6, 304.4, 303.2, 305.6, 305.2, 305.8,
       306.2, 306.4, 308.8, 308.6, 308.4, 308.2, 308.2, 310.6, 311.2,
       311.4, 310.6, 310.2, 312.6, 312.8, 313.4, 312.8, 312.6, 314.6,
       315.2, 314.8, 315.4, 315. , 317.4, 317.6, 317.4, 317.2, 316.8,
       319. , 320. , 319.8, 320.4, 320. , 321.4, 322. , 322. , 322.4,
       322.6, 324.4, 324.6, 324.2, 324.8, 324.2, 326. , 327. , 327. ,
       327. , 326.8, 328. , 329. , 329. , 329.6, 329. , 330.4, 330.8,
       331.2, 331.6, 331.2, 332.6, 333.4, 333.2, 333.6, 333. , 334.2,
       335.4, 335.6, 336. , 335.6, 336.6, 337. , 337.6, 337.8, 337.8,
       338.6, 339.4, 339.4, 340.2, 339.8, 340.4, 341.6, 342. , 342.4,
       341.8, 343. , 343.4, 343.8, 344.6, 344.8, 345.2, 345.4, 345.6,
       346.6, 347.2, 348. , 348. , 348.4])]

Valor minimo: 
0.4

Valor maximo: 
348.4

Valor medio: 
177.77376623376622

Desvio Padrao: 
98.67485258447934

Valor da soma: 
136885.8

95 percentil: 
9.4611

99 percentil: 
9.52262

